65708.33333333328 66395.83333333328 32 20
121013.02083333327 121781.24999999994 32 28
198575.52083333314 198820.3124999998 32 27
205867.18749999983 206169.27083333317 32 48
24260.416666666668 24664.062500000004 34 37
52036.45833333332 52356.77083333333 34 47
106492.18749999994 106812.49999999993 34 37
162091.1458333332 162374.99999999985 34 26
192177.0833333331 192414.06249999977 34 27
217398.43749999968 217817.70833333302 34 97
9544.270833333334 9861.979166666668 36 59
77283.85416666667 77531.25 36 49
132562.4999999999 132830.7291666666 36 58
7916.666666666666 8197.916666666666 38 50
2786.458333333333 3075.520833333333 39 24
6265.624999999998 6502.604166666665 39 36
26125.0 26690.104166666664 39 52
54171.87499999999 54828.124999999985 39 36
67947.91666666663 68622.3958333333 39 24
83593.75000000004 84000.00000000003 39 69
108838.5416666666 109111.9791666666 39 29
123216.14583333328 123481.7708333333 39 21
138773.43749999977 139218.74999999977 39 73
164984.3749999999 165661.45833333326 39 23
168708.33333333326 169385.4166666666 39 20
172333.33333333317 172572.9166666665 39 29
175958.33333333317 176588.54166666648 39 19
179739.58333333305 180432.2916666664 39 19
194888.02083333314 195593.7499999998 39 21
202361.97916666648 202661.45833333317 39 24
209151.04166666648 209664.0624999998 39 90
231458.33333333305 232312.4999999997 39 24
234843.74999999965 235281.24999999965 39 26
242880.20833333296 247781.24999999965 39 17
71302.0833333333 71544.27083333328 40 64
72812.49999999997 73052.08333333331 40 68
126520.8333333333 126763.02083333328 40 72
127986.97916666664 128229.16666666666 40 83
12700.520833333334 12919.270833333334 41 44
14328.125 14934.895833333334 41 22
39434.89583333332 39710.937499999985 41 57
41156.24999999999 41471.35416666666 41 34
74265.62499999999 74489.58333333333 41 63
78812.50000000003 79036.45833333337 41 63
93765.62500000006 94369.79166666672 41 40
95533.85416666673 95809.89583333339 41 29
129455.72916666663 129692.70833333328 41 73
134023.43749999988 134270.83333333323 41 62
148778.64583333323 149499.99999999988 41 34
150677.08333333323 150932.29166666654 41 26
75666.66666666666 75932.29166666667 43 53
130947.91666666657 131247.39583333323 43 41
64091.1458333333 64531.249999999956 44 35
119265.62499999994 119643.2291666666 44 32
20614.58333333333 21135.416666666664 45 22
48341.14583333332 48867.18749999999 45 17
60549.47916666663 61080.72916666663 45 37
62195.31249999996 62731.7708333333 45 17
102692.7083333333 103231.7708333333 45 26
115677.08333333327 115945.31249999994 45 34
117333.33333333327 117864.58333333327 45 16
157770.8333333332 158348.95833333323 45 36
188062.49999999983 189083.33333333314 45 39
210658.85416666645 210872.39583333314 45 91
215653.64583333305 216054.68749999974 45 98
16010.416666666668 16281.25 46 40
22382.8125 22632.812499999996 46 17
43093.749999999985 43437.499999999985 46 28
50145.83333333332 50526.04166666666 46 23
57531.249999999985 58049.47916666665 46 28
59062.49999999997 59562.49999999997 46 43
97486.9791666667 97872.39583333336 46 24
104645.8333333333 105036.45833333328 46 19
112468.74999999994 113083.33333333327 46 17
114085.93749999993 114640.62499999994 46 24
152622.3958333332 152955.72916666654 46 16
159812.4999999999 160273.43749999988 46 28
190416.66666666642 191044.27083333308 46 24
211976.56249999974 212216.14583333308 46 91
217783.85416666634 218130.20833333302 46 89
232927.08333333302 233218.74999999968 46 23
234374.99999999965 234843.74999999965 46 20
235794.27083333294 236031.2499999996 46 18
237398.4374999996 238078.1249999996 46 23
242880.20833333296 247802.08333333296 46 15
17476.562500000004 17994.79166666667 47 49
44833.33333333333 45260.41666666666 47 24
99177.0833333333 99614.5833333333 47 34
154333.33333333317 154596.3541666665 47 34
213135.4166666664 213320.3124999997 47 95
11036.458333333336 11661.458333333338 48 39
19049.47916666667 19562.5 48 31
36013.02083333333 36364.58333333333 48 29
37591.14583333333 37820.31249999999 48 38
46645.83333333333 47184.89583333332 48 33
90455.72916666673 90692.70833333339 48 33
91958.33333333342 92177.08333333342 48 39
100981.77083333331 101552.08333333331 48 34
145424.47916666654 145893.22916666657 48 42
146927.08333333323 147333.33333333323 48 44
156122.39583333317 156700.52083333317 48 31
214239.58333333305 214489.58333333305 48 88
34453.125000000015 34809.89583333334 50 45
88924.47916666673 89229.16666666673 50 37
143874.99999999977 144242.18749999977 50 46
4583.333333333332 5169.270833333331 51 40
27747.395833333336 28252.604166666668 51 31
29617.187500000004 30161.45833333334 51 37
31171.875 31502.604166666664 51 29
32882.81250000001 33153.64583333334 51 31
55856.77083333332 56479.16666666666 51 35
64661.458333333285 64932.29166666663 51 32
66437.49999999996 66739.58333333328 51 17
69598.95833333328 70114.58333333328 51 24
85315.1041666667 85546.87500000006 51 54
87239.58333333337 87828.12500000003 51 31
110604.1666666666 111268.2291666666 51 32
119874.99999999993 120015.62499999993 51 16
121825.52083333328 122867.18749999996 51 19
124893.22916666663 125374.99999999997 51 35
140552.08333333308 140802.08333333308 51 54
142312.49999999974 142895.83333333308 51 32
166708.33333333328 167229.16666666663 51 29
170541.66666666654 171088.54166666654 51 27
174020.83333333317 174544.27083333317 51 30
177708.3333333331 178057.29166666642 51 23
181533.85416666645 182143.22916666645 51 34
183268.22916666648 183872.39583333314 51 26
184945.31249999983 185442.7083333331 51 26
186395.8333333331 187010.41666666648 51 35
196666.66666666645 197208.33333333314 51 24
199343.7499999998 199872.39583333314 51 20
201638.02083333314 201916.66666666648 51 33
204203.12499999983 204682.29166666648 51 4
206609.37499999983 207588.54166666645 51 28
207606.77083333314 208424.4791666665 51 29
208473.9583333332 208914.06249999983 51 63
233447.91666666634 233781.24999999965 51 15
236291.66666666628 236552.08333333294 51 17
238088.54166666628 238653.64583333294 51 17
71854.16666666663 71994.79166666663 52 65
73281.24999999999 73421.87499999999 52 51
127036.45833333328 127195.31249999996 52 48
128484.375 128604.16666666666 52 71
13226.562500000002 13367.187500000002 53 32
14958.333333333334 15143.229166666668 53 34
16513.020833333332 16963.541666666668 53 44
23091.145833333332 23330.729166666664 53 50
25013.020833333336 25177.083333333336 53 45
39997.39583333332 40203.124999999985 53 51
41729.16666666666 42414.06249999999 53 36
43708.33333333333 43802.08333333333 53 19
50867.18749999999 51101.56249999999 53 41
52809.89583333333 52888.02083333333 53 50
58059.895833333314 58554.68749999998 53 37
59565.104166666635 60046.87499999996 53 58
61101.56249999996 61640.62499999996 53 27
62734.37499999996 62958.3333333333 53 40
74716.14583333333 74890.625 53 69
79229.1666666667 79695.31250000003 53 59
82348.95833333337 82776.0416666667 53 81
94395.83333333339 94580.72916666672 53 36
96182.29166666672 96869.79166666673 53 17
98109.37500000003 98200.52083333336 53 24
105343.74999999994 105489.58333333327 53 28
107203.12499999991 107341.14583333326 53 38
113101.56249999994 113609.37499999994 53 31
114653.64583333327 115166.6666666666 53 44
116286.45833333327 116489.58333333327 53 18
117874.99999999994 118059.89583333327 53 26
129945.31249999994 130127.6041666666 53 68
134593.74999999988 135575.52083333323 53 50
137468.74999999977 138023.43749999974 53 89
149518.22916666654 149721.35416666654 53 44
151333.3333333332 151544.2708333332 53 31
153200.5208333332 153281.24999999985 53 32
160789.06249999988 161111.97916666654 53 42
162986.9791666665 163197.9166666665 53 30
183882.8124999998 184020.83333333314 53 29
185429.6874999998 185549.47916666642 53 51
189114.58333333314 189427.0833333331 53 34
191101.56249999974 191265.6249999997 53 34
192999.99999999977 193143.22916666645 53 22
211135.41666666642 211395.83333333308 53 75
212437.49999999977 212624.99999999977 53 91
216067.70833333305 216291.66666666637 53 73
218130.20833333302 218716.14583333302 53 103
21169.270833333332 21716.145833333332 54 14
48877.60416666666 49041.66666666666 54 31
103247.3958333333 103453.12499999997 54 16
158348.95833333323 159005.20833333326 54 25
3499.9999999999995 3703.1249999999995 55 31
6919.270833333332 7414.062499999999 55 22
8531.249999999998 8999.999999999998 55 31
10057.291666666668 10500.000000000002 55 52
11679.687500000004 12153.645833333336 55 41
18018.22916666667 18197.91666666667 55 22
19583.333333333332 19736.979166666668 55 8
26708.333333333332 27226.5625 55 18
28263.020833333336 28945.312500000004 55 26
30177.08333333334 30700.520833333336 55 25
33546.87500000001 34000.00000000001 55 29
35028.64583333334 35208.33333333334 55 27
36653.64583333333 36856.77083333333 55 21
38135.41666666666 38330.72916666666 55 34
45575.52083333333 45729.16666666666 55 21
47184.89583333332 47388.020833333314 55 29
54846.35416666665 55343.749999999985 55 26
56520.83333333332 57010.41666666666 55 21
68643.22916666663 68773.43749999996 55 26
70124.99999999996 70273.43749999996 55 34
76132.8125 76356.77083333334 55 52
77835.9375 78041.66666666667 55 37
81875.00000000003 82265.62500000003 55 72
84333.33333333337 84815.1041666667 55 52
87861.9791666667 88369.7916666667 55 22
89507.81250000006 89684.89583333339 55 33
90979.16666666673 91223.9583333334 55 28
92429.68750000007 92692.70833333339 55 30
99916.66666666663 100062.49999999997 55 10
101552.08333333331 101749.99999999999 55 15
109562.49999999994 109734.37499999994 55 22
111286.45833333327 111799.47916666661 55 19
123885.41666666663 124041.66666666663 55 27
125385.41666666664 125562.49999999997 55 41
131473.95833333323 131729.16666666657 55 40
133096.3541666666 133281.2499999999 55 43
136968.7499999998 137536.4583333331 55 78
139539.06249999977 140075.5208333331 55 45
142937.49999999974 143130.20833333308 55 28
144468.74999999977 144624.9999999998 55 47
145979.16666666657 146450.52083333326 55 34
147515.6249999999 147632.8124999999 55 36
155015.62499999983 155182.29166666648 55 20
156723.95833333317 157216.14583333317 55 25
165684.89583333326 165822.9166666666 55 19
167234.37499999997 167812.49999999997 55 21
172976.56249999983 173171.87499999983 55 30
174565.1041666665 174749.99999999985 55 13
180453.12499999974 180640.62499999974 55 11
182174.47916666645 182679.6874999998 55 20
187046.8749999998 187783.8541666665 55 27
195627.60416666645 196161.45833333314 55 7
197223.95833333314 197393.22916666645 55 23
203085.93749999985 203234.37499999985 55 17
204705.72916666648 204874.9999999998 55 17
209690.10416666645 210218.7499999998 55 73
213505.20833333302 213559.89583333302 55 69
214807.29166666637 215010.41666666637 55 73
242880.20833333296 247791.6666666663 55 24
5203.124999999998 5645.833333333331 56 23
15468.750000000002 15989.583333333334 56 29
31770.833333333332 32856.77083333334 56 16
42445.31249999999 43083.33333333332 56 24
65140.62499999997 65499.999999999956 56 26
66979.16666666663 67385.41666666663 56 15
81406.25000000003 81934.89583333336 56 65
85760.41666666672 86656.25000000004 56 33
96903.64583333339 97486.9791666667 56 17
120372.39583333326 120869.7916666666 56 19
122351.56249999994 122760.41666666663 56 13
136473.95833333317 137054.6874999998 56 60
140986.9791666664 141888.02083333305 56 42
151986.97916666654 152622.3958333332 56 20
169385.4166666666 170013.02083333323 56 19
171124.99999999985 171286.4583333332 56 19
176604.16666666648 176749.9999999998 56 17
178408.85416666642 178513.02083333308 56 15
199364.58333333314 199479.16666666648 56 4
199885.41666666648 200408.85416666648 56 33
201093.7499999998 201307.29166666645 56 23
201645.83333333314 201895.83333333314 56 23
206645.83333333314 206809.89583333314 56 3
207132.81249999983 207372.39583333314 56 18
207606.77083333314 207807.29166666648 56 43
208049.47916666648 208359.37499999983 56 48
208476.56249999985 208770.83333333317 56 76
218411.45833333302 219057.29166666637 56 84
80846.35416666672 81247.39583333337 57 35
135997.39583333317 136843.74999999983 57 52
4020.833333333333 4583.333333333332 58 19
7414.062499999999 7890.624999999999 58 20
9028.645833333332 9544.270833333334 58 22
10554.687500000002 10750.000000000002 58 15
13760.416666666668 14304.6875 58 21
16984.375000000004 17445.312500000004 58 33
23734.375 24247.395833333336 58 27
25463.541666666668 25802.083333333336 58 17
27236.979166666668 27747.395833333336 58 20
28968.750000000004 29606.770833333336 58 13
30700.520833333336 31171.875 58 21
34005.20833333334 34453.125000000015 58 24
35510.41666666667 35799.479166666664 58 21
37088.541666666664 37328.12499999999 58 25
40583.33333333332 41132.81249999999 58 27
44187.49999999999 44354.166666666664 58 17
51453.12499999999 52010.41666666666 58 26
53223.95833333333 53700.52083333333 58 23
55351.562499999985 55856.77083333332 58 20
57031.249999999985 57526.04166666665 58 25
58562.49999999998 59036.45833333331 58 30
60085.93749999996 60453.12499999996 58 25
69135.41666666663 69554.68749999996 58 24
70643.22916666663 71291.66666666663 58 29
72328.12499999997 72791.66666666664 58 37
73799.47916666666 74252.60416666666 58 40
76632.8125 77257.8125 58 49
80250.00000000004 80843.75000000004 58 29
82916.6666666667 83317.70833333337 58 55
84820.31250000003 85315.1041666667 58 41
86226.56250000003 87039.06250000004 58 26
88403.64583333337 88924.47916666673 58 18
89981.7708333334 90205.72916666673 58 23
91505.2083333334 91684.89583333342 58 24
94927.08333333339 95507.81250000006 58 22
98588.54166666666 98770.83333333331 58 21
105895.83333333328 106445.31249999994 58 26
107635.41666666658 108445.31249999993 58 23
110106.77083333327 110604.1666666666 58 10
111812.49999999994 112458.33333333327 58 18
113609.37499999994 114085.93749999993 58 18
115192.70833333327 115572.9166666666 58 25
124374.99999999996 124864.5833333333 58 22
125867.18749999997 126520.8333333333 58 34
127489.5833333333 127979.16666666664 58 36
128934.89583333331 129442.70833333328 58 43
131953.1249999999 132335.9374999999 58 21
135528.6458333332 135989.58333333317 58 52
138031.24999999974 138437.49999999977 58 60
140033.85416666642 140416.66666666642 58 36
141445.3124999997 142161.45833333305 58 28
143361.97916666642 143601.56249999977 58 23
144841.14583333314 145164.06249999985 58 32
146499.9999999999 146682.29166666657 58 21
150091.1458333332 150640.62499999988 58 24
153703.12499999985 153921.87499999985 58 22
161492.18749999985 161684.8958333332 58 18
163575.52083333317 164427.08333333323 58 15
166187.49999999994 166708.33333333328 58 12
167812.49999999997 168153.64583333328 58 17
173476.56249999983 174020.83333333317 58 20
175109.37499999985 175708.33333333317 58 11
180960.93749999974 181192.70833333308 58 23
182697.91666666645 183197.91666666648 58 27
184437.49999999983 184927.08333333317 58 24
185950.52083333308 186395.8333333331 58 29
187489.58333333317 187708.33333333317 58 26
191645.83333333305 192010.41666666642 58 21
193747.3958333331 194531.2499999998 58 4
196164.0624999998 196666.66666666645 58 9
197760.41666666645 198575.52083333314 58 17
203632.81249999985 204203.12499999983 58 15
205213.54166666648 205859.37499999983 58 22
210239.58333333314 210658.85416666645 58 57
212781.24999999974 212835.93749999974 58 50
219057.29166666637 219911.45833333305 58 78
232330.72916666637 232502.60416666637 58 18
233895.833333333 234302.083333333 58 15
235309.89583333296 235752.60416666628 58 19
236841.14583333296 237221.35416666628 58 13
238088.54166666628 238458.33333333294 58 12
5677.083333333331 6236.979166666665 59 24
32276.041666666664 32625.000000000007 59 34
66434.89583333328 66635.41666666661 59 17
66976.56249999996 67317.7083333333 59 5
121822.91666666661 122059.89583333328 59 21
122354.16666666661 122705.72916666663 59 13
169406.2499999999 169494.79166666657 59 6
170049.47916666654 170169.2708333332 59 11
171687.49999999985 172333.33333333317 59 25
176614.58333333314 176739.58333333314 59 2
177158.85416666645 177317.7083333331 59 20
178419.27083333308 178562.49999999974 59 8
178945.31249999974 179302.08333333305 59 13
199359.3749999998 199549.47916666648 59 24
200432.29166666648 200791.66666666648 59 27
201104.16666666645 201268.22916666645 59 17
201658.85416666648 201864.58333333314 59 20
206635.41666666648 206867.1874999998 59 31
207127.60416666648 207330.72916666648 59 13
207617.1874999998 207822.91666666648 59 46
208054.68749999983 208208.33333333317 59 40
208476.56249999985 208723.95833333317 59 89
12177.083333333336 12393.229166666668 60 28
14934.895833333334 15335.937500000002 60 24
20138.020833333332 20585.937499999996 60 18
21747.395833333332 22210.9375 60 11
38729.16666666666 39013.02083333332 60 22
41729.16666666666 41979.16666666666 60 39
42442.70833333333 42783.85416666666 60 10
47739.583333333314 48307.29166666666 60 20
49502.60416666666 49955.72916666665 60 18
61080.72916666663 61273.43749999996 60 17
61658.85416666663 62171.87499999996 60 21
62731.7708333333 63276.041666666635 60 10
63278.6458333333 63747.3958333333 60 27
64664.062499999956 64809.8958333333 60 31
65158.85416666663 65312.499999999956 60 13
73273.43749999999 73781.24999999999 60 60
73799.47916666666 73979.16666666666 60 47
75195.3125 75656.24999999999 60 64
78343.75000000001 78486.97916666669 60 52
79716.14583333337 79867.18750000004 60 39
82346.3541666667 82898.43750000004 60 45
92953.12500000006 93338.54166666672 60 28
96174.47916666672 96359.37500000006 60 24
96916.66666666672 97070.31250000004 60 2
102132.81249999997 102692.7083333333 60 19
103921.87499999997 104343.74999999997 60 24
116278.64583333327 116835.93749999994 60 16
116835.93749999994 116958.33333333327 60 26
117864.58333333327 118437.49999999994 60 16
118445.31249999994 118791.6666666666 60 14
119864.58333333326 120148.43749999993 60 25
120398.43749999993 120583.33333333326 60 8
128468.75 128906.25 60 70
128937.49999999997 129114.58333333328 60 60
130406.24999999991 130921.87499999991 60 47
133572.91666666657 133908.85416666657 60 52
135096.3541666665 135348.9583333332 60 33
137468.74999999977 138083.33333333308 60 53
148044.27083333326 148393.22916666654 60 21
151302.0833333332 151934.8958333332 60 21
151992.18749999988 152276.04166666654 60 9
157239.58333333317 157770.8333333332 60 19
159020.83333333326 159757.8124999999 60 16
189869.79166666645 190124.99999999977 60 20
211143.22916666642 211273.43749999974 60 50
211596.35416666642 211825.52083333308 60 63
215229.16666666637 215653.64583333305 60 70
216067.70833333305 216244.79166666637 60 59
216690.10416666637 217114.58333333302 60 85
13205.729166666668 13760.416666666668 61 33
13770.833333333334 13927.083333333334 61 23
39989.58333333332 40567.70833333332 61 49
40583.33333333332 40791.66666666666 61 29
71843.74999999996 72325.5208333333 61 58
72335.93749999997 72499.99999999997 61 51
94369.79166666672 94924.47916666672 61 30
94924.47916666672 95151.04166666673 61 30
127018.22916666661 127486.97916666663 61 62
127499.99999999997 127643.22916666664 61 48
149499.99999999988 150080.72916666654 61 31
150080.72916666654 150299.47916666654 61 29
5223.958333333331 5341.145833333331 62 27
5682.291666666664 5765.624999999998 62 9
16500.0 16617.1875 62 36
16981.770833333336 17054.687500000004 62 35
18552.083333333336 18640.625000000004 62 30
24997.395833333336 25197.916666666668 62 31
31786.458333333332 32013.020833333336 62 19
32263.020833333336 32479.166666666664 62 23
43695.31249999999 43789.06249999999 62 25
44174.47916666666 44257.8125 62 7
46104.16666666666 46244.79166666666 62 22
52791.666666666664 53036.45833333333 62 37
58049.47916666665 58187.49999999998 62 30
58554.68749999998 58835.93749999997 62 19
59562.49999999997 59749.99999999996 62 40
60088.54166666663 60276.04166666663 62 35
76117.1875 76268.22916666667 62 62
76640.625 76851.5625 62 55
80255.20833333337 80622.39583333337 62 38
85760.41666666672 86070.31250000003 62 43
86302.08333333336 86804.68750000004 62 14
98083.33333333336 98187.50000000003 62 28
98583.33333333333 98677.08333333331 62 10
100489.58333333331 100968.74999999999 62 18
107195.31249999991 107471.35416666658 62 30
107729.16666666658 108421.87499999993 62 28
113083.33333333327 113609.37499999994 62 12
113614.58333333327 113854.1666666666 62 19
114640.62499999994 114864.58333333327 62 28
115205.7291666666 115385.4166666666 62 33
131476.56249999988 131669.27083333323 62 32
131953.1249999999 132059.89583333323 62 42
135541.66666666654 135895.8333333332 62 55
141020.83333333305 141239.58333333305 62 36
141536.45833333305 142114.58333333305 62 19
153182.29166666654 153283.8541666665 62 30
153718.74999999985 153807.2916666665 62 24
155591.14583333314 156114.58333333317 62 16
162979.1666666665 163239.58333333317 62 9
163666.6666666665 164265.62499999988 62 19
183872.39583333314 184401.04166666648 62 31
185442.7083333331 185614.58333333308 62 22
192984.37499999977 193247.3958333331 62 19
193760.41666666645 194093.7499999998 62 8
213848.95833333302 214067.70833333302 62 72
218716.14583333302 219468.7499999997 62 89
3502.604166666666 4015.625 63 25
4026.041666666666 4335.937499999999 63 34
6893.229166666665 7414.062499999999 63 33
7437.499999999999 7526.041666666666 63 24
8528.645833333332 8726.562499999998 63 35
9049.479166666666 9200.520833333334 63 39
19562.5 20088.541666666668 63 28
20117.1875 20249.999999999996 63 20
21135.416666666664 21341.145833333332 63 22
21750.0 22052.083333333332 63 17
23052.083333333332 23716.145833333332 63 41
23744.791666666668 23877.604166666668 63 38
26690.104166666664 26960.9375 63 47
27255.208333333336 27401.04166666667 63 26
28252.604166666668 28622.395833333336 63 33
28966.145833333336 29187.500000000004 63 16
30161.45833333334 30500.000000000004 63 33
30729.166666666668 30947.916666666668 63 18
33520.83333333334 33731.77083333334 63 29
34026.04166666668 34184.89583333335 63 26
35015.62500000001 35333.33333333334 63 32
35546.87500000001 35671.875 63 32
47195.312499999985 47716.145833333314 63 18
47723.958333333314 47895.83333333332 63 21
48867.18749999999 49499.99999999999 63 28
49505.20833333332 49617.187499999985 63 18
50846.35416666666 51442.70833333333 63 34
51455.72916666666 51593.74999999999 63 39
54828.124999999985 54986.97916666665 63 30
55356.77083333332 55499.999999999985 63 18
56510.41666666666 56716.14583333332 63 25
57033.85416666665 57260.41666666665 63 20
65145.8333333333 65244.79166666663 63 22
66968.74999999996 67197.91666666663 63 18
68622.3958333333 69119.79166666663 63 34
69140.62499999996 69294.27083333328 63 27
70114.58333333328 70632.81249999996 63 39
70648.43749999996 70791.66666666663 63 28
74697.91666666666 74927.08333333333 63 56
75195.3125 75343.74999999999 63 62
77825.52083333333 78333.33333333334 63 64
78354.16666666669 78684.89583333336 63 53
79242.18750000003 79513.02083333337 63 62
79710.93750000004 80078.12500000004 63 53
80843.75000000004 81299.4791666667 63 54
82338.5416666667 82820.31250000004 63 70
84315.1041666667 84794.27083333337 63 72
84838.5416666667 84986.9791666667 63 44
87828.12500000003 88054.68750000003 63 22
88414.06250000004 88666.66666666673 63 26
89502.60416666673 89750.00000000006 63 30
90000.00000000007 90143.22916666673 63 41
101557.29166666664 102114.58333333331 63 21
102127.60416666664 102302.0833333333 63 13
103231.7708333333 103898.43749999997 63 24
103916.66666666664 104148.43749999997 63 23
105315.10416666661 105890.62499999994 63 38
105908.85416666661 106104.16666666661 63 29
109552.08333333327 110098.95833333327 63 24
110104.1666666666 110239.58333333327 63 10
111276.0416666666 111447.91666666661 63 25
111830.72916666661 112031.24999999994 63 17
120390.62499999993 120531.24999999993 63 11
122354.16666666661 122557.29166666663 63 23
123861.97916666663 124374.99999999996 63 18
124390.62499999996 124684.8958333333 63 25
125374.99999999997 125757.81249999997 63 42
125874.99999999997 126031.24999999997 63 42
129929.68749999994 130135.4166666666 63 54
130395.83333333326 130544.27083333326 63 61
133085.93749999994 133554.6874999999 63 62
133565.10416666657 133729.16666666657 63 65
134591.14583333323 134802.0833333332 63 50
135093.74999999985 135427.0833333332 63 29
135994.7916666665 136492.18749999983 63 60
137466.1458333331 138007.81249999974 63 72
139523.43749999977 140007.81249999977 63 60
140057.29166666642 140406.24999999977 63 44
142895.83333333308 143361.97916666642 63 31
143427.08333333308 143588.54166666642 63 19
144437.49999999977 144718.7499999998 63 50
144911.45833333314 145020.83333333317 63 38
156700.52083333317 156822.9166666665 63 30
157231.77083333317 157437.49999999985 63 22
158348.95833333323 158531.2499999999 63 34
159023.4374999999 159286.45833333323 63 5
160765.62499999988 161367.18749999988 63 37
161494.7916666665 161664.06249999985 63 22
165661.45833333326 166182.2916666666 63 16
166229.1666666666 166320.31249999994 63 14
167229.16666666663 167479.16666666663 63 33
167812.49999999997 167911.45833333328 63 11
169395.83333333326 169513.02083333323 63 27
170039.06249999988 170145.8333333332 63 15
171106.7708333332 171648.43749999985 63 28
172958.33333333317 173476.56249999983 63 25
173502.60416666648 173624.99999999983 63 19
174544.27083333317 175109.37499999985 63 18
175117.18749999985 175268.2291666665 63 16
176588.54166666648 177127.60416666645 63 22
177151.04166666645 177307.29166666645 63 16
178374.99999999977 178749.99999999974 63 20
178945.31249999974 179033.8541666664 63 12
180432.2916666664 180901.0416666664 63 32
180989.58333333308 181161.45833333308 63 15
182158.85416666645 182343.7499999998 63 36
182718.7499999998 182971.35416666648 63 27
187020.83333333314 187234.3749999998 63 32
187515.62499999983 187705.7291666665 63 32
189083.33333333314 189432.29166666645 63 36
189859.3749999998 190091.1458333331 63 23
191059.89583333308 191614.58333333305 63 36
191651.0416666664 191817.70833333308 63 24
195593.7499999998 195739.58333333314 63 18
196171.8749999998 196322.91666666645 63 12
197208.33333333314 197760.41666666645 63 29
197765.6249999998 197856.77083333314 63 19
199872.39583333314 200408.85416666648 63 33
201083.33333333314 201304.6874999998 63 35
203072.9166666665 203632.81249999985 63 21
203645.83333333317 203822.91666666648 63 13
204682.29166666648 205192.70833333314 63 29
205229.16666666648 205343.74999999983 63 20
207114.58333333314 207468.7499999998 63 48
208026.04166666648 208364.58333333317 63 79
209682.29166666645 209973.95833333314 63 87
210247.39583333314 210429.6874999998 63 67
211132.81249999977 211421.87499999974 63 75
211591.14583333308 211765.62499999974 63 61
212424.47916666642 212656.24999999977 63 75
212781.24999999974 213018.2291666664 63 38
214804.6874999997 215218.7499999997 63 78
215229.16666666637 215335.9374999997 63 72
216065.1041666664 216671.8749999997 63 85
216695.3124999997 216752.60416666637 63 79
240205.72916666628 241249.99999999962 63 26
242874.99999999962 247999.99999999962 63 34
10062.500000000002 10260.416666666668 64 35
10565.104166666668 10638.020833333334 64 39
11661.458333333338 11822.91666666667 64 57
12187.500000000002 12273.437500000002 64 25
13760.416666666668 13916.666666666668 64 29
36661.45833333333 36796.875 64 26
37098.95833333333 37177.08333333333 64 36
38117.18749999999 38374.99999999999 64 32
38739.58333333332 38864.58333333332 64 17
40567.70833333332 40749.99999999999 64 52
81408.8541666667 81760.4166666667 64 65
81869.7916666667 82179.68750000003 64 63
90981.7708333334 91125.00000000007 64 21
91500.00000000007 91565.10416666674 64 21
92424.47916666674 92703.12500000006 64 36
92971.35416666672 93111.97916666672 64 15
94924.47916666672 95117.18750000006 64 41
136471.3541666665 136893.22916666648 64 69
136966.14583333314 137458.3333333331 64 65
145984.3749999999 146208.33333333326 64 31
146497.39583333326 146570.3124999999 64 31
147510.41666666657 147757.8124999999 64 39
148054.6874999999 148390.62499999988 64 28
150083.3333333332 150268.22916666654 64 42
15492.187500000002 15776.041666666668 65 24
17994.79166666667 18500.000000000004 65 34
18554.687500000004 18744.79166666667 65 6
42447.91666666666 42632.81249999999 65 22
45554.68749999999 46078.12499999999 65 15
46109.37499999999 46216.14583333333 65 13
58562.49999999998 58708.33333333331 65 32
60072.91666666663 60153.64583333329 65 37
61640.62499999996 61843.74999999996 65 22
63276.041666666635 63453.12499999996 65 22
79708.33333333337 79950.52083333337 65 44
80250.00000000004 80687.50000000004 65 57
82338.5416666667 82721.3541666667 65 70
82908.8541666667 83312.50000000004 65 62
96924.47916666672 97278.64583333337 65 8
99908.85416666663 100442.7083333333 65 14
100486.97916666664 100585.93749999999 65 11
113614.58333333327 113778.64583333327 65 17
115208.33333333327 115281.24999999993 65 24
116835.93749999994 117312.49999999994 65 21
118437.49999999994 118645.83333333327 65 20
135088.5416666665 135312.49999999985 65 35
135536.4583333332 135903.6458333332 65 54
137460.93749999977 137872.39583333308 65 70
138028.64583333308 138320.31249999977 65 64
151979.16666666654 152153.6458333332 65 17
154999.99999999983 155570.31249999983 65 19
155580.72916666648 155692.70833333314 65 24
189848.9583333331 190072.91666666645 65 33
211583.33333333308 211757.81249999974 65 74
213499.99999999968 213562.49999999968 65 55
213843.74999999968 213916.66666666637 65 65
216682.29166666637 216739.58333333302 65 87
219468.7499999997 220028.64583333305 65 79
21716.145833333332 21968.75 66 9
49499.99999999999 49679.687499999985 66 17
80846.35416666672 81393.2291666667 66 55
103898.43749999997 104124.99999999997 66 14
135989.58333333317 136460.93749999985 66 63
159005.20833333326 159369.79166666657 66 20
4015.625 4197.916666666666 67 29
7427.083333333332 7611.979166666666 67 28
9028.645833333332 9138.020833333334 67 35
10554.687500000002 10653.645833333334 67 24
18528.645833333336 18630.208333333336 67 37
20088.541666666668 20585.937499999996 67 27
27226.5625 27531.250000000004 67 33
28966.145833333336 29117.187500000004 67 16
30716.145833333336 30903.645833333336 67 26
34000.00000000001 34125.000000000015 67 41
35531.25000000001 35622.395833333336 67 27
37096.354166666664 37229.166666666664 67 31
46096.35416666666 46226.56249999999 67 24
47716.145833333314 47843.749999999985 67 23
55343.749999999985 55624.999999999985 67 26
57020.83333333332 57132.812499999985 67 30
69119.79166666663 69234.37499999996 67 33
70632.81249999996 70791.66666666663 67 47
72325.5208333333 72468.74999999997 67 61
73781.24999999999 73950.52083333333 67 64
77260.41666666667 77825.52083333333 67 64
78333.33333333334 78476.56250000001 67 62
83312.50000000004 84315.1041666667 67 76
84828.12500000003 85093.75000000003 67 57
88395.83333333337 88601.56250000006 67 22
89981.7708333334 90091.1458333334 67 42
91486.97916666674 91593.75000000007 67 37
100476.56249999997 100609.37499999999 67 16
102114.58333333331 102270.8333333333 67 26
110098.95833333327 110393.2291666666 67 26
111822.91666666661 111927.08333333327 67 15
124374.99999999996 124596.35416666663 67 31
125867.18749999997 125937.49999999997 67 58
127486.97916666663 127640.62499999997 67 64
128916.66666666666 129075.52083333328 67 70
132562.4999999999 133302.08333333326 67 54
133554.6874999999 133713.54166666657 67 66
138437.49999999977 139453.12499999977 67 81
140057.29166666642 140309.8958333331 67 39
143393.22916666642 143492.18749999977 67 23
144947.91666666648 145096.3541666665 67 44
146479.1666666666 146648.4374999999 67 46
155570.31249999983 155697.91666666648 67 19
157216.14583333317 157385.4166666665 67 30
166182.2916666666 166374.99999999994 67 13
167815.10416666663 168096.35416666663 67 24
173479.16666666648 173770.83333333317 67 20
175114.5833333332 175393.2291666665 67 14
180968.74999999974 181161.45833333308 67 27
182703.1249999998 182929.6874999998 67 34
187526.04166666648 187677.08333333317 67 29
196161.45833333314 196406.2499999998 67 13
197760.41666666645 197960.9374999998 67 26
203635.4166666665 203744.79166666648 67 18
205213.54166666648 205424.47916666648 67 35
207372.39583333314 207606.77083333314 67 84
210242.1874999998 210388.02083333314 67 72
213841.14583333302 213903.64583333302 67 83
215218.7499999997 215315.10416666637 67 80
231460.9374999997 232492.1874999997 67 24
233427.083333333 233789.06249999965 67 13
234859.37499999965 235309.89583333296 67 19
236286.45833333294 236744.79166666628 67 11
238083.33333333294 239440.10416666628 67 15
5666.666666666664 5763.020833333331 68 33
16963.541666666668 17156.250000000004 68 44
23726.5625 23846.354166666668 68 37
25471.354166666668 25755.208333333336 68 38
32247.395833333336 32531.25 68 26
44166.66666666666 44281.25 68 31
51442.70833333333 51588.54166666666 68 43
53338.541666666664 53666.666666666664 68 26
82898.43750000004 83317.70833333337 68 78
86395.83333333336 86885.41666666672 68 31
98562.5 98658.85416666664 68 36
105893.22916666661 106015.62499999994 68 44
107859.37499999991 108309.89583333326 68 28
138031.24999999974 138494.79166666642 68 73
141653.64583333305 142028.64583333305 68 31
153677.0833333332 153815.1041666665 68 32
161479.16666666654 161580.7291666665 68 31
163802.0833333332 164395.83333333323 68 20
170013.02083333323 170518.22916666654 68 23
171679.68749999985 171854.1666666665 68 15
177127.60416666645 177708.3333333331 68 24
178929.68749999974 179031.24999999974 68 21
184437.49999999983 184692.70833333317 68 28
185934.89583333308 186177.0833333331 68 28
191614.58333333305 191721.3541666664 68 22
193705.72916666645 194278.64583333314 68 14
200408.85416666648 200682.29166666648 68 23
206570.31249999983 206932.29166666645 68 56
206989.5833333331 207070.3124999998 68 42
207132.81249999983 207382.8124999998 68 54
207588.54166666645 207815.10416666648 68 83
212778.64583333308 212835.93749999974 68 82
219911.45833333305 224513.02083333302 68 83
74260.41666666666 75184.89583333333 69 62
75184.89583333333 75330.72916666666 69 65
78783.8541666667 79169.27083333337 69 60
79229.1666666667 79541.6666666667 69 59
79697.9166666667 80031.25000000004 69 67
82341.14583333337 82809.89583333337 69 67
84815.1041666667 85315.1041666667 69 73
129447.91666666663 130385.4166666666 69 57
130385.4166666666 130544.27083333326 69 59
134015.62499999988 134575.52083333323 69 54
134575.52083333323 135083.3333333332 69 53
135085.93749999985 135528.6458333332 69 51
137458.3333333331 137937.49999999974 69 75
140007.81249999977 140552.08333333308 69 64
163239.58333333317 163424.4791666665 69 38
2000.0 2916.6666666666665 70 46
8999.999999999998 9830.729166666668 70 65
12161.458333333336 12281.250000000002 70 34
22328.125 23036.458333333332 70 62
28945.312500000004 29804.687500000007 70 42
38726.56249999999 38898.437499999985 70 32
50093.749999999985 50838.54166666666 70 64
69583.33333333328 69669.27083333328 70 55
75656.24999999999 76611.97916666667 70 68
76611.97916666667 76734.375 70 67
80236.97916666672 80684.89583333337 70 66
81856.77083333337 82338.5416666667 70 65
83414.06250000004 84619.7916666667 70 65
85093.75000000003 85533.85416666672 70 75
85546.87500000006 85885.41666666672 70 78
92958.33333333339 93101.56250000004 70 30
104591.1458333333 105291.66666666661 70 47
107861.97916666658 108117.18749999993 70 66
124864.5833333333 125867.18749999997 70 36
130921.87499999991 131937.4999999999 70 56
131937.4999999999 132151.04166666657 70 44
135531.24999999985 135916.6666666665 70 71
136955.72916666648 137664.06249999977 70 66
138554.68749999977 139523.43749999977 70 73
140309.8958333331 140656.24999999974 70 75
140786.45833333308 141231.77083333305 70 81
148070.3124999999 148270.83333333323 70 29
159791.66666666657 160072.91666666654 70 42
163424.4791666665 163552.08333333317 70 39
206867.1874999998 206989.5833333331 70 56
207070.3124999998 207221.35416666648 70 55
232312.4999999997 232901.04166666637 70 25
233864.583333333 234374.99999999965 70 22
235312.49999999962 235794.27083333294 70 25
236789.06249999962 237395.83333333294 70 24
240205.72916666628 241039.06249999962 70 20
10872.395833333334 10976.562500000002 71 81
36364.58333333333 36627.604166666664 71 71
80846.35416666672 81260.4166666667 71 85
81393.2291666667 81856.77083333337 71 91
85325.52083333337 85755.20833333339 71 89
90692.70833333339 90968.75000000006 71 63
107721.35416666658 108028.64583333326 71 70
135989.58333333317 136351.56249999985 71 87
136460.93749999985 136950.52083333314 71 89
140567.70833333308 140986.9791666664 71 91
145697.91666666657 145960.9374999999 71 75
163552.08333333317 163666.6666666665 71 55
207822.91666666648 208010.41666666648 71 94
10500.000000000002 10729.166666666668 72 61
10750.000000000002 10971.354166666668 72 60
10976.562500000002 11351.562500000004 72 75
20585.937499999996 22328.125 72 36
25466.145833333336 26111.979166666668 72 70
36627.604166666664 36799.479166666664 72 74
37104.166666666664 37255.20833333333 72 86
48322.91666666666 50093.749999999985 72 37
53354.166666666664 54148.43749999999 72 64
62171.87499999996 64044.2708333333 72 39
79229.1666666667 79708.33333333337 72 77
81856.77083333337 82187.50000000003 72 81
82338.5416666667 82828.12500000004 72 87
90968.75000000006 91138.0208333334 72 69
91468.75000000007 91635.41666666674 72 88
102697.91666666663 104591.1458333333 72 35
117312.49999999994 119231.77083333327 72 50
134580.72916666657 135281.24999999985 72 75
136950.52083333314 137330.72916666645 72 87
137458.3333333331 138127.60416666642 72 94
145960.9374999999 146156.2499999999 72 74
146450.52083333326 146580.72916666657 72 89
157776.04166666654 159791.66666666657 72 36
163687.49999999985 163934.8958333332 72 45
185406.2499999998 186070.31249999977 72 66
230122.39583333305 231432.2916666664 72 36
10653.645833333334 10872.395833333334 73 67
36856.77083333333 37104.166666666664 73 75
85755.20833333339 86226.56250000003 73 76
91223.9583333334 91500.00000000007 73 78
141002.6041666664 141445.3124999997 73 84
146208.33333333326 146479.1666666666 73 78
163809.8958333332 163960.93749999985 73 48
18500.000000000004 19239.583333333336 74 78
25755.208333333336 26380.208333333332 74 85
35333.33333333334 35648.4375 74 81
46078.12499999999 46851.56249999999 74 61
53700.52083333333 54372.39583333332 74 73
56479.16666666666 57096.35416666665 74 63
66395.83333333328 66968.74999999996 74 42
75664.06249999999 77518.22916666667 74 87
78781.25000000003 79229.1666666667 74 87
79695.31250000003 80236.97916666672 74 84
82903.64583333337 83414.06250000004 74 95
86020.83333333337 86523.43750000004 74 91
89750.00000000006 90052.0833333334 74 78
100442.7083333333 100979.16666666664 74 58
107593.74999999993 107721.35416666658 74 75
108028.64583333326 108294.27083333326 74 65
111268.2291666666 111906.24999999994 74 48
121781.24999999994 122351.56249999994 74 47
130924.47916666657 132539.0624999999 74 80
134013.02083333323 134716.1458333332 74 80
135083.3333333332 135710.93749999988 74 81
138023.43749999974 138554.68749999977 74 94
141239.58333333305 141825.52083333305 74 95
144718.7499999998 145005.20833333317 74 86
155570.31249999983 156356.77083333317 74 69
163960.93749999985 164158.85416666654 74 55
181291.66666666642 181380.2083333331 74 74
185921.87499999974 186671.8749999998 74 81
187593.74999999983 187854.1666666665 74 80
213830.72916666637 214104.16666666637 74 105
220710.93749999974 224395.83333333302 74 87
230736.9791666664 231583.33333333302 74 44
7890.624999999999 8682.291666666664 75 42
19018.22916666667 20825.52083333333 75 69
26111.979166666668 28411.458333333336 75 64
33489.58333333334 34906.25000000001 75 41
34968.75000000001 35028.64583333334 75 47
35093.750000000015 35510.41666666667 75 53
35562.50000000001 36013.02083333333 75 82
46656.24999999999 48546.87499999999 75 51
54151.04166666666 56638.02083333332 75 60
57010.41666666666 57765.624999999985 75 68
64044.2708333333 64609.374999999956 75 47
64609.374999999956 65091.1458333333 75 56
65091.1458333333 65684.89583333328 75 54
65684.89583333328 66622.39583333328 75 40
66739.58333333328 67124.99999999996 75 47
67723.9583333333 67921.87499999997 75 47
67921.87499999997 69583.33333333328 75 68
77257.8125 78781.25000000003 75 79
83526.04166666672 83854.1666666667 75 62
88369.7916666667 89281.25000000006 75 36
89354.16666666673 89437.50000000007 75 48
89497.3958333334 89971.35416666673 75 55
89971.35416666673 90455.72916666673 75 79
100968.74999999999 102947.91666666664 75 48
108632.81249999993 108838.5416666666 75 60
108843.74999999993 111429.68749999994 75 46
111799.47916666661 112710.93749999994 75 46
119231.77083333327 119749.99999999993 75 33
119749.99999999993 120018.2291666666 75 40
120148.43749999993 120372.39583333326 75 38
120583.33333333326 121013.02083333327 75 41
121059.89583333327 121979.16666666661 75 43
122059.89583333328 122427.08333333328 75 49
123062.49999999996 123216.14583333328 75 38
123242.18749999996 125374.99999999997 75 26
132539.0624999999 134013.02083333323 75 86
138677.0833333331 139104.16666666645 75 78
143492.18749999977 144289.06249999977 75 45
144322.91666666642 144408.85416666642 75 60
144468.74999999977 144841.14583333314 75 75
144927.08333333314 145419.2708333332 75 79
156114.58333333317 158101.56249999988 75 54
164656.24999999988 164940.10416666657 75 39
164940.10416666657 168687.49999999994 75 31
168687.49999999994 170661.4583333332 75 44
171088.54166666654 171768.2291666665 75 57
175927.08333333317 178374.99999999977 75 36
178458.33333333308 178929.68749999974 75 46
179007.81249999974 179330.7291666664 75 38
180901.0416666664 181093.74999999974 75 54
181161.45833333308 181335.93749999977 75 60
181380.2083333331 181773.4374999998 75 65
186403.6458333331 187046.8749999998 75 70
187278.64583333314 187330.72916666648 75 62
187401.04166666648 187624.99999999983 75 52
187854.1666666665 187981.77083333317 75 69
187981.77083333317 188427.08333333314 75 50
194877.60416666648 197981.77083333314 75 37
198601.5624999998 201072.91666666648 75 44
201072.91666666648 201471.35416666645 75 52
201476.5624999998 201729.16666666648 75 61
201916.66666666648 202138.02083333314 75 50
205859.37499999983 206609.37499999983 75 58
208010.41666666648 208208.33333333317 75 92
214239.58333333305 214489.58333333305 75 103
231432.2916666664 232885.41666666637 75 47
233385.41666666634 233864.583333333 75 34
234848.958333333 235291.6666666663 75 23
236270.83333333294 236789.06249999962 75 29
238078.1249999996 240205.72916666628 75 31
32013.020833333336 32406.25 76 70
37583.33333333333 37742.18749999999 76 86
44583.33333333333 44721.354166666664 76 67
91937.50000000009 92135.41666666674 76 84
98973.9583333333 99161.4583333333 76 68
146927.08333333323 147182.29166666657 76 84
154114.5833333332 154325.52083333317 76 63
5169.270833333331 6236.979166666665 77 78
6236.979166666665 8182.291666666666 77 79
15989.583333333334 17736.97916666667 77 83
31197.916666666668 31505.208333333332 77 65
31656.25 31723.958333333332 77 57
31770.833333333332 32247.395833333336 77 66
32265.625 32580.72916666667 77 67
32856.77083333334 33489.58333333334 77 50
34809.89583333334 34968.75000000001 77 60
35041.66666666668 35197.91666666668 77 69
35799.479166666664 36085.93749999999 77 81
37328.12499999999 37718.74999999999 77 93
43083.33333333332 43416.66666666665 77 52
43489.58333333332 43591.14583333332 77 31
43666.66666666666 43739.58333333333 77 44
43835.93749999999 43916.66666666666 77 45
43986.97916666666 44067.70833333332 77 57
44158.85416666666 44229.166666666664 77 58
44312.5 44372.39583333333 77 46
44466.14583333333 44583.33333333333 77 44
44721.354166666664 45138.02083333333 77 71
57531.249999999985 59197.916666666635 77 64
60046.87499999996 60549.47916666663 77 82
60552.08333333329 62348.9583333333 77 52
67104.16666666663 67723.9583333333 77 54
74252.60416666666 75916.66666666667 77 95
87039.06250000004 87210.93750000004 77 61
87210.93750000004 88552.08333333339 77 43
89229.16666666673 89354.16666666673 77 51
89437.50000000007 89656.25000000006 77 62
90205.72916666673 90656.25000000006 77 76
91684.89583333342 91958.33333333342 77 92
97523.43750000003 97802.08333333336 77 36
97906.25000000003 97994.79166666669 77 31
98059.89583333336 98135.4166666667 77 43
98229.16666666669 98312.50000000001 77 50
98401.04166666667 98468.75 77 53
98567.70833333333 98624.99999999999 77 42
98692.70833333331 98755.20833333331 77 57
98854.16666666664 98973.9583333333 77 59
99093.74999999997 99177.0833333333 77 68
107471.35416666658 107635.41666666658 77 70
108421.87499999993 108632.81249999993 77 61
112458.33333333327 114286.45833333327 77 47
115166.6666666666 115653.64583333327 77 77
115653.64583333327 117486.9791666666 77 56
122427.08333333328 123062.49999999996 77 50
129442.70833333328 131231.77083333323 77 91
142161.45833333305 142312.49999999974 77 74
142338.5416666664 143874.99999999977 77 67
144242.18749999977 144322.91666666642 77 54
144408.85416666642 144541.66666666645 77 51
145164.06249999985 145442.70833333323 77 87
146682.29166666657 147065.10416666657 77 94
152682.29166666654 152947.91666666654 77 39
153026.04166666654 153119.79166666654 77 45
153205.72916666654 153273.43749999985 77 41
153361.9791666665 153458.3333333332 77 54
153531.24999999985 153614.5833333332 77 61
153729.1666666665 153804.68749999985 77 44
153859.37499999985 153921.87499999985 77 51
153986.9791666665 154229.1666666665 77 52
154229.1666666665 154455.7291666665 77 59
164427.08333333323 164656.24999999988 77 42
170518.22916666654 171236.97916666654 77 63
171648.43749999985 172559.89583333317 77 58
178057.29166666642 178502.60416666642 77 41
178749.99999999974 179007.81249999974 77 48
179330.7291666664 179739.58333333305 77 34
181072.91666666642 181291.66666666642 77 66
187010.41666666648 187278.64583333314 77 71
187330.72916666648 187489.58333333317 77 63
194536.45833333314 194877.60416666648 77 30
200791.66666666648 201187.4999999998 77 56
201307.29166666645 201476.5624999998 77 63
201729.16666666648 201903.64583333314 77 55
202138.02083333314 202437.49999999983 77 51
216057.2916666664 216364.58333333302 77 101
2770.833333333333 5328.124999999998 79 81
5645.833333333331 6499.999999999998 79 94
9549.479166666668 10554.687500000002 79 84
12153.645833333336 12914.0625 79 92
15453.125000000002 16270.833333333332 79 85
17445.312500000004 19018.22916666667 79 91
24960.937500000004 25218.75 79 84
29606.770833333336 31244.791666666668 79 69
31505.208333333332 31656.25 79 73
31723.958333333332 31945.3125 79 79
32531.25 32877.60416666667 79 69
36085.93749999999 36302.08333333333 79 73
38091.14583333333 38322.91666666666 79 92
39013.02083333332 39703.124999999985 79 94
42414.06249999999 43153.64583333332 79 63
43359.374999999985 43489.58333333332 79 55
43591.14583333332 43666.66666666666 79 55
43739.58333333333 43835.93749999999 79 60
43916.66666666666 43986.97916666666 79 72
44067.70833333332 44158.85416666666 79 68
44229.166666666664 44312.5 79 73
44372.39583333333 44567.70833333333 79 80
44973.95833333333 45518.22916666666 79 69
45518.22916666666 46624.99999999999 79 72
52752.604166666664 52968.74999999999 79 86
59036.45833333331 60177.08333333329 79 81
73781.24999999999 74450.52083333333 79 95
83729.1666666667 84919.27083333337 79 97
86432.2916666667 87093.75000000004 79 72
90455.72916666673 90893.22916666673 79 67
92442.7083333334 92625.00000000006 79 94
93338.54166666672 94000.00000000006 79 91
96875.00000000006 97552.08333333336 79 42
97802.08333333336 97906.25000000003 79 42
97994.79166666669 98059.89583333336 79 41
98135.4166666667 98229.16666666669 79 59
98312.50000000001 98401.04166666667 79 72
98468.75 98562.5 79 72
98624.99999999999 98692.70833333331 79 70
98770.83333333331 98953.12499999997 79 78
99291.66666666664 99846.35416666663 79 72
99846.35416666663 100583.33333333331 79 70
108200.52083333326 108606.77083333326 79 71
114104.1666666666 115273.43749999993 79 73
128906.25 129682.29166666663 79 98
138916.66666666645 140281.24999999977 79 100
141653.64583333305 142260.4166666664 79 84
145419.2708333332 145697.91666666657 79 84
147486.97916666657 147671.8749999999 79 85
148390.62499999988 148567.70833333323 79 84
148567.70833333323 149124.99999999988 79 84
151934.8958333332 152682.29166666654 79 65
152955.72916666654 153091.1458333332 79 36
153119.79166666654 153200.5208333332 79 49
153283.8541666665 153361.9791666665 79 59
153458.3333333332 153531.24999999985 79 69
153614.5833333332 153677.0833333332 79 68
153768.2291666665 153859.37499999985 79 73
153921.87499999985 154114.5833333332 79 73
154455.7291666665 154999.99999999983 79 67
155002.60416666648 155703.12499999983 79 79
164158.85416666654 164398.43749999988 79 53
172343.74999999983 175927.08333333317 79 52
179742.1874999997 181072.91666666642 79 41
193268.22916666645 193697.91666666645 79 51
193697.91666666645 194536.45833333314 79 45
202458.33333333317 205213.54166666648 79 66
213489.58333333302 213825.52083333302 79 105
232901.04166666637 233385.41666666634 79 46
234374.99999999965 234742.18749999965 79 36
235804.6874999996 236270.83333333294 79 45
237395.83333333294 237838.54166666625 79 39
240210.93749999962 240945.31249999962 79 42
14304.6875 15453.125000000002 80 45
24664.062500000004 24960.937500000004 80 78
25218.75 25593.750000000004 80 83
37820.31249999999 38117.18749999999 80 89
41132.81249999999 42593.74999999999 80 69
52445.31249999999 52752.604166666664 80 81
53036.45833333333 53200.52083333333 80 84
53200.52083333333 53489.58333333333 80 65
92177.08333333342 92531.25000000006 80 88
95507.81250000006 96875.00000000006 80 54
107341.14583333326 107593.74999999993 80 65
147182.29166666657 147622.39583333326 80 85
150640.62499999988 152151.04166666654 80 58
162947.9166666665 163145.83333333317 80 27
184927.08333333317 185921.87499999974 80 75
192635.41666666642 192937.49999999977 80 59
192937.49999999977 193268.22916666645 80 50
208208.33333333317 208468.74999999985 80 94
213119.7916666664 213411.45833333302 80 105
229677.08333333305 230736.9791666664 80 44
72791.66666666664 73882.8125 81 89
107190.10416666658 107372.39583333326 81 54
127979.16666666664 128994.79166666663 81 83
162580.7291666665 162947.9166666665 81 20
184401.04166666648 185216.14583333314 81 75
191643.2291666664 192171.87499999977 81 70
192171.87499999977 192791.66666666642 81 66
212770.83333333308 213119.7916666664 81 102
12692.708333333334 14583.333333333334 82 69
24247.395833333336 24947.91666666667 82 75
39427.08333333332 41447.91666666666 82 69
52010.41666666666 52653.64583333333 82 79
71291.66666666663 73002.60416666664 82 86
93747.39583333339 95807.29166666672 82 70
106994.7916666666 107190.10416666658 82 71
126520.8333333333 128216.14583333331 82 89
148934.89583333323 150921.87499999988 82 67
162101.56249999985 162580.7291666665 82 65
183197.91666666648 184585.93749999983 82 69
191044.27083333308 191734.37499999974 82 73
212406.24999999977 212671.87499999977 82 99
220705.7291666664 222624.9999999997 82 86
229333.33333333305 230122.39583333305 82 42
106763.02083333327 107177.08333333326 83 94
161776.04166666654 162091.1458333332 83 99
190406.24999999977 191208.33333333305 83 99
211971.3541666664 212296.87499999977 83 121
217385.41666666634 220705.7291666664 83 114
11195.312500000004 12692.708333333334 84 94
23716.145833333332 24458.333333333336 84 95
38716.14583333333 39427.08333333332 84 90
51455.72916666666 52179.68749999999 84 95
93041.66666666672 93747.39583333339 84 91
106447.91666666661 106822.9166666666 84 74
148054.6874999999 148468.74999999988 84 84
161481.7708333332 161776.04166666654 84 78
182679.6874999998 183406.2499999998 84 94
190124.99999999977 190406.24999999977 84 89
211562.49999999974 211968.74999999974 84 106
216674.47916666637 217382.81249999968 84 106
229010.41666666637 229499.9999999997 84 53
38374.99999999999 38859.374999999985 85 92
92703.12500000006 93226.56250000004 85 90
105890.62499999994 106447.91666666661 85 80
147757.8124999999 148200.52083333323 85 86
161143.22916666654 161479.16666666654 85 78
23036.458333333332 23901.041666666668 86 89
50838.54166666666 51643.22916666666 86 89
105291.66666666661 105971.35416666661 86 86
160273.43749999988 161143.22916666654 86 72
182145.8333333331 182934.89583333314 86 79
189854.16666666645 190091.1458333331 86 89
211135.41666666642 211562.49999999974 86 105
213825.52083333302 214234.3749999997 86 107
228458.33333333305 229010.41666666637 86 48
181552.0833333331 182145.8333333331 87 83
189585.9374999998 189848.9583333331 87 85
208468.74999999985 208666.6666666665 87 95
209664.0624999998 210070.3124999998 87 94
210218.7499999998 211049.47916666645 87 97
214234.3749999997 214786.45833333305 87 101
214789.0624999997 215874.99999999974 87 100
228731.77083333305 229333.33333333305 87 39
240205.72916666628 242874.99999999962 87 39
189210.9374999998 189585.9374999998 89 73
208914.06249999983 209140.62499999983 89 106
216054.68749999974 216385.41666666637 89 107
228192.70833333305 228731.77083333305 89 47
188427.08333333314 189377.60416666645 91 72
209140.62499999983 209690.10416666645 91 106
213479.16666666637 213624.99999999968 91 106
227950.52083333305 228192.70833333305 91 57
213119.7916666664 213479.16666666637 92 98
227736.97916666637 228177.08333333305 92 51
212768.22916666642 213026.0416666664 93 106
223278.645833333 223575.520833333 93 65
223791.66666666634 223971.35416666634 93 54
224135.41666666634 224218.74999999968 93 61
224440.10416666637 224601.5624999997 93 81
224734.3749999997 224869.79166666637 93 73
224989.58333333302 225135.41666666637 93 81
225265.62499999968 225401.04166666634 93 73
225520.833333333 225666.6666666663 93 65
225791.6666666663 225864.583333333 93 58
226104.16666666634 226268.22916666634 93 39
226468.74999999968 226601.56249999968 93 47
227536.45833333305 227950.52083333305 93 52
212406.24999999977 212768.22916666642 94 96
220713.5416666664 222674.47916666637 94 86
222934.89583333302 223278.645833333 94 61
223575.520833333 223791.66666666634 94 43
223989.583333333 224135.41666666634 94 55
224291.66666666634 224440.10416666637 94 66
224601.5624999997 224734.3749999997 94 72
224869.79166666637 225052.08333333302 94 74
225135.41666666637 225265.62499999968 94 68
225401.04166666634 225520.833333333 94 66
225666.6666666663 225791.6666666663 94 53
225945.31249999965 226104.16666666634 94 47
226273.43749999968 226458.33333333302 94 39
226700.52083333302 227132.8124999997 94 52
227346.35416666637 227736.97916666637 94 44
211968.74999999974 212406.24999999977 95 108
217382.81249999968 222031.2499999997 95 106
222674.47916666637 223124.99999999968 95 73
223432.29166666634 223703.12499999965 95 63
223901.04166666634 223989.583333333 95 56
224218.74999999968 224367.18749999968 95 72
224513.02083333302 224674.47916666637 95 90
224796.8749999997 224947.91666666637 95 84
225065.10416666637 225200.52083333302 95 88
225328.12499999968 225468.74999999968 95 84
225593.74999999965 225739.583333333 95 74
225864.583333333 225945.31249999965 95 55
226174.47916666634 226273.43749999968 95 48
226601.56249999968 226700.52083333302 95 36
211567.70833333308 211851.56249999974 96 108
216671.8749999997 217164.06249999968 96 111
223124.99999999968 223432.29166666634 96 71
223703.12499999965 223901.04166666634 96 55
224072.91666666634 224208.33333333302 96 68
224367.18749999968 224497.39583333302 96 88
224674.47916666637 224796.8749999997 96 86
224947.91666666637 225065.10416666637 96 85
225200.52083333302 225328.12499999968 96 85
225468.74999999968 225593.74999999965 96 76
225739.583333333 225856.770833333 96 65
226020.833333333 226174.47916666634 96 61
226380.20833333302 226468.74999999968 96 45
227132.8124999997 227536.45833333305 96 59
211130.2083333331 211447.9166666664 98 114
226901.04166666637 227346.35416666637 98 63
210223.95833333314 211130.2083333331 99 103
214786.45833333305 215817.70833333305 99 106
