500.0 2000.0 47 0
500.0 2000.0 59 0
500.0 2000.0 47 0
500.0 2000.0 59 0
500.0 2000.0 47 0
500.0 2000.0 59 0
1000.0 2000.0 47 0
1000.0 2000.0 59 0
1017.7083333333333 1750.0 47 0
1750.0 1806.25 47 48
1806.25 1964.5833333333333 47 48
1964.5833333333333 2000.0 47 48
0.0 3250.0 51 0
1982.2916666666665 3250.0 52 0
911.4583333333334 1858.3333333333335 59 0
1858.3333333333335 1911.4583333333333 59 57
1911.4583333333333 3250.0 59 57
0.0 3250.0 63 0
0.0 3250.0 64 0
0.0 2000.0 47 0
0.0 2000.0 59 0
0.0 1750.0 47 0
0.0 1750.0 59 0
0.0 2000.0 47 0
0.0 1979.1666666666667 59 0
1979.1666666666667 2000.0 59 57
1033.3333333333333 1750.0 47 0
1750.0 1821.875 47 48
1821.875 1964.5833333333333 47 48
1964.5833333333333 2033.3333333333333 47 48
0.0 3250.0 51 0
1997.9166666666665 3250.0 52 0
927.0833333333334 1858.3333333333335 59 0
1858.3333333333335 1927.0833333333333 59 57
1927.0833333333333 3250.0 59 57
0.0 3250.0 63 0
0.0 3250.0 64 0
0.0 2500.0 47 0
0.0 2500.0 52 0
0.0 2500.0 59 0
500.0 2500.0 64 0
0.0 1750.0 47 0
0.0 1750.0 59 0
500.0 2000.0 47 0
500.0 2000.0 59 0
0.0 2000.0 47 0
1500.0 2000.0 59 57
0.0 2000.0 47 0
0.0 2000.0 59 0
0.0 2000.0 47 0
0.0 2000.0 59 0
0.0 9000.0 40 0
0.0 9000.0 45 0
0.0 9000.0 47 0
0.0 9000.0 49 0
0.0 9000.0 51 0
0.0 9000.0 52 0
0.0 9000.0 56 0
0.0 9000.0 57 0
0.0 9000.0 59 0
0.0 9000.0 61 0
0.0 9000.0 63 0
0.0 9000.0 64 0
0.0 9000.0 66 0
0.0 9000.0 68 0
