1739.128 1956.519 23 26
2608.6919999999996 2826.082999999999 23 29
3478.2559999999985 3695.6469999999986 23 32
4347.819999999999 4565.210999999999 23 28
5217.383999999999 5434.775000000001 23 33
6086.948000000001 6304.339000000003 23 29
8695.640000000007 8913.031000000008 23 31
9565.20400000001 9782.595000000012 23 29
10434.768000000013 10652.159000000014 23 33
11304.332000000015 11521.723000000016 23 30
12173.896000000017 12391.287000000018 23 32
13043.460000000021 13260.851000000022 23 30
29565.175999999974 29776.443499999976 23 30
30410.24599999998 30621.513499999983 23 30
31255.315999999984 31466.583499999986 23 33
32100.385999999988 32311.65349999998 23 30
32945.45599999998 33156.72349999997 23 33
33790.525999999954 34001.79349999995 23 29
36325.73599999992 36537.003499999904 23 32
37170.805999999895 37382.07349999988 23 28
38015.87599999989 38227.143499999875 23 33
38860.94599999988 39072.21349999987 23 27
39706.01599999987 39917.28349999986 23 30
43086.295999999806 43297.5634999998 23 48
125289.01699999938 125519.78599999937 23 100
42663.76099999981 43003.769632812306 25 34
6956.512000000003 7173.903000000005 26 33
7826.0760000000055 8260.858000000006 26 31
13913.024000000025 14130.415000000026 26 33
14782.588000000029 15217.37000000003 26 30
17391.280000000024 17608.67100000002 26 28
20869.536000000004 21086.927 26 30
24347.79199999999 24565.182999999986 26 27
27826.047999999973 28043.438999999966 26 29
34635.59599999993 34846.86349999993 26 32
35480.66599999992 35903.20099999992 26 28
42241.225999999806 42663.76099999981 26 33
41818.69099999982 42029.958499999804 28 32
2173.9100000000003 2391.301 30 40
3043.473999999999 3478.2559999999985 30 42
3913.0379999999986 4347.819999999999 30 38
4782.602 5217.383999999999 30 41
5652.166 5869.557000000002 30 39
6521.730000000002 6739.121000000004 30 42
9130.422000000008 9347.81300000001 30 38
9999.986000000012 10434.768000000013 30 41
10869.550000000014 11304.332000000015 30 39
11739.114000000016 12173.896000000017 30 41
12608.678000000018 12826.06900000002 30 41
13478.242000000024 13695.633000000023 30 38
15652.15200000003 15869.54300000003 30 36
16521.716000000026 16739.10700000002 30 31
18260.84400000002 18478.235000000015 30 34
19130.408000000018 19347.799000000014 30 31
19999.972000000005 20217.363 30 28
21739.100000000002 22165.3901640625 30 33
22608.664000000004 22826.055 30 32
23478.227999999996 23695.61899999999 30 28
25217.35599999999 25434.746999999985 30 34
26086.919999999984 26304.31099999998 30 32
26956.483999999975 27173.87499999997 30 31
28695.61199999997 29121.90216406247 30 33
29987.710999999978 30198.97849999998 30 38
30832.780999999984 31255.315999999984 30 41
31677.850999999988 32100.385999999988 30 40
32522.920999999977 32945.45599999998 30 38
33367.990999999965 33579.25849999996 30 42
34213.06099999994 34424.32849999994 30 38
36748.270999999906 36959.53849999989 30 41
37593.340999999884 38015.87599999989 30 38
38438.41099999988 38860.94599999988 30 42
39283.48099999987 39706.01599999987 30 42
41396.15599999983 41607.423499999815 30 37
115135.18099999982 115365.9499999998 30 97
118827.48499999971 119058.2539999997 30 97
40973.62099999984 41184.888499999826 31 30
7391.294000000004 7608.685000000006 33 40
8260.858000000006 8610.721640625006 33 41
14347.806000000028 14565.197000000027 33 39
15217.37000000003 15567.23364062503 33 39
17826.062000000016 18260.84400000002 33 38
21304.318 21739.100000000002 33 38
24782.573999999986 25217.35599999999 33 41
28260.829999999965 28695.61199999997 33 41
35058.13099999993 35269.398499999916 33 41
35903.20099999992 36243.20963281242 33 41
40551.08599999985 40762.35349999984 33 32
1739.128 1953.1222656249997 35 36
5217.383999999999 5431.378265625 35 33
29565.175999999974 29773.142445312475 35 28
32945.45599999998 33153.42244531247 35 34
40128.55099999986 40339.81849999985 35 43
43931.3659999998 44142.63349999979 35 40
44776.43599999979 44987.703499999785 35 41
45621.50599999978 45832.77349999978 35 41
46466.575999999775 46677.84349999977 35 41
47311.64599999977 47522.91349999976 35 39
49846.85599999975 50058.12349999975 35 39
50691.925999999745 50903.19349999974 35 39
51536.99599999974 51748.26349999973 35 42
52382.06599999973 52593.333499999724 35 40
53227.13599999972 53438.40349999972 35 42
54072.205999999715 54283.47349999971 35 40
70128.53599999972 70265.92820703097 35 60
70956.12199999974 71093.514207031 35 67
71783.70799999977 71921.10020703102 35 68
72611.29399999979 72748.68620703105 35 70
73438.87999999982 73576.27220703107 35 69
74266.46599999984 74403.8582070311 35 67
76749.22399999991 76883.83112890617 35 63
77560.03399999988 77694.64112890614 35 68
78370.84399999988 78505.45112890613 35 69
79181.65399999986 79316.26112890612 35 69
79992.46399999986 80125.27649999986 35 68
82772.94599999985 82930.84049999985 35 122
83404.52399999984 83562.41849999984 35 127
84036.10199999982 84193.99649999983 35 127
84667.67999999982 84825.57449999981 35 127
85299.25799999981 85457.15249999981 35 127
85930.8359999998 86088.7304999998 35 127
87825.56999999977 87983.46449999977 35 127
88457.14799999977 88615.04249999976 35 127
89088.72599999975 89246.62049999976 35 127
89720.30399999974 89878.19849999974 35 127
90351.88199999974 90509.77649999973 35 127
90983.45999999973 91141.35449999972 35 127
102983.44199999954 103133.44199999954 35 119
103583.44199999956 103733.44199999957 35 127
104183.44199999959 104333.44199999959 35 127
104783.44199999962 104933.44199999962 35 127
105383.44199999963 105533.44199999963 35 127
105983.44199999966 106133.44199999966 35 127
107783.44199999972 107916.06353124973 35 127
108368.80599999975 108515.14699999976 35 127
108954.16999999978 109086.7915312498 35 127
109539.53399999981 109672.15553124981 35 127
110124.89799999983 110257.51953124984 35 127
110710.26199999986 110853.11899999986 35 127
111275.04499999987 111411.40849999986 35 127
111820.49899999987 111956.86249999987 35 127
112365.95299999988 112596.72199999988 35 126
113289.02899999988 113519.79799999988 35 103
115596.71899999978 115827.48799999978 35 98
116058.25699999976 116289.02599999977 35 86
116981.33299999978 117212.10199999978 35 100
119289.02299999967 119519.79199999967 35 98
119750.56099999967 119981.32999999965 35 87
120673.63699999965 120904.40599999965 35 102
121596.71299999967 121827.48199999967 35 101
123904.40299999966 123962.09524999965 35 69
124019.78749999964 124077.47974999962 35 37
124135.17199999961 124192.8642499996 35 38
124250.55649999958 124308.24874999958 35 37
124365.94099999957 124423.63324999955 35 39
124481.32549999954 124539.01774999953 35 42
124596.70999999951 124654.4022499995 35 57
124712.0944999995 124769.78674999949 35 59
124827.47899999947 124885.17124999946 35 73
124942.86349999945 125000.55574999943 35 77
125058.24799999942 125115.94024999942 35 85
125173.6324999994 125231.32474999939 35 90
125289.01699999938 125519.78599999937 35 100
4565.210999999999 4782.602 36 32
32311.65349999998 32522.920999999977 36 31
1956.519 2173.9100000000003 37 36
3695.6469999999986 3913.0379999999986 37 29
5434.775000000001 5652.166 37 36
16086.934000000032 16304.325000000026 37 40
16956.49800000002 17391.280000000024 37 41
18695.626000000015 19130.408000000018 37 40
19565.190000000013 19782.58100000001 37 40
20434.754 20869.536000000004 37 38
22173.882 22608.664000000004 37 39
23043.446 23260.836999999996 37 41
23913.009999999987 24347.79199999999 37 41
25652.137999999984 26086.919999999984 37 42
26521.70199999998 26739.092999999975 37 42
27391.26599999997 27826.047999999973 37 39
29130.39399999997 29565.175999999974 37 43
29776.443499999976 29987.710999999978 37 35
31466.583499999986 31677.850999999988 37 30
33156.72349999997 33367.990999999965 37 36
82457.15699999985 82771.7124492186 37 120
2173.9100000000003 2387.904265625 38 39
2826.082999999999 3043.473999999999 38 29
5652.166 5866.160265625001 38 37
6304.339000000003 6521.730000000002 38 32
7391.294000000004 7605.288265625006 38 35
29987.710999999978 30195.677445312478 38 37
30621.513499999983 30832.780999999984 38 31
33367.990999999965 33575.95744531246 38 41
34001.79349999995 34213.06099999994 38 33
35058.13099999993 35266.09744531242 38 34
48156.71599999976 48367.983499999755 38 46
49001.78599999975 49424.320999999756 38 41
54917.27599999971 55128.5434999997 38 46
55762.3459999997 56184.8809999997 38 37
58297.555999999684 58508.82349999968 38 38
61677.83599999966 61889.10349999965 38 46
65058.115999999674 65269.383499999676 38 51
68438.39599999972 68649.66349999972 38 56
75094.05199999987 75231.44420703112 38 74
75921.63799999989 76059.03020703114 38 68
82141.36799999986 82457.15699999985 38 117
86562.41399999979 86720.3084999998 38 127
87193.99199999978 87351.88649999977 38 127
91615.03799999971 91772.93249999972 38 127
92246.6159999997 92404.5104999997 38 127
94141.34999999967 94296.77739843717 38 127
96667.66199999963 96825.55649999964 38 127
106583.44199999968 106733.44199999969 38 127
107183.4419999997 107333.4419999997 38 127
99193.9739999996 99349.4013984371 39 127
101720.28599999956 101878.18049999957 39 127
2391.301 2608.6919999999996 40 39
4347.819999999999 4561.814265624999 40 49
4782.602 5217.383999999999 40 38
5869.557000000002 6086.948000000001 40 38
30198.97849999998 30410.24599999998 40 37
32100.385999999988 32308.35244531248 40 51
32522.920999999977 32945.45599999998 40 37
33579.25849999996 33790.525999999954 40 36
81816.95649999985 82141.36799999986 40 115
3478.2559999999985 3692.2502656249985 41 50
3913.0379999999986 4347.819999999999 41 38
31255.315999999984 31463.282445312485 41 49
31677.850999999988 32100.385999999988 41 38
43614.464749999795 43720.098499999796 41 38
44459.53474999979 44561.867445312295 41 38
45304.60474999978 45406.93744531229 41 40
46149.67474999977 46252.00744531228 41 39
46994.744749999765 47100.37849999977 41 39
47839.81474999976 47945.448499999766 41 40
50375.02474999974 50480.65849999975 41 39
51220.09474999974 51322.42744531224 41 39
52065.164749999734 52167.497445312234 41 41
52910.23474999973 53012.56744531223 41 41
53755.30474999972 53860.93849999972 41 38
54600.37474999971 54706.00849999971 41 38
70265.92820703097 70403.32041406223 41 89
70679.72120703098 70817.11341406223 41 67
71093.514207031 71230.90641406225 41 89
71507.307207031 71644.69941406226 41 66
71921.10020703102 72058.49241406228 41 91
72334.89320703103 72472.28541406228 41 68
72748.68620703105 72886.0784140623 41 92
73162.47920703105 73299.8714140623 41 65
73576.27220703107 73713.66441406232 41 90
73990.06520703108 74127.45741406233 41 67
74403.8582070311 74541.25041406235 41 89
74817.6512070311 74955.04341406235 41 63
76883.83112890617 77018.4382578124 41 87
77289.23612890615 77423.84325781239 41 64
77694.64112890614 77829.24825781237 41 90
78100.04612890613 78234.65325781239 41 64
78505.45112890613 78640.05825781237 41 91
78910.85612890612 79045.46325781237 41 67
79316.26112890612 79450.86825781236 41 91
79721.6661289061 79856.27325781237 41 66
80125.27649999986 80256.66362499986 41 89
2608.6919999999996 2822.6862656249996 42 53
3043.473999999999 3478.2559999999985 42 37
6086.948000000001 6300.942265625002 42 42
6521.730000000002 6735.724265625003 42 42
7173.903000000005 7391.294000000004 42 29
7608.685000000006 7826.0760000000055 42 39
15652.15200000003 15866.14626562503 42 27
19130.408000000018 19344.402265625013 42 30
30410.24599999998 30618.21244531248 42 52
30832.780999999984 31255.315999999984 42 39
33790.525999999954 33998.49244531245 42 41
34213.06099999994 34421.02744531244 42 41
34846.86349999993 35058.13099999993 42 30
35269.398499999916 35480.66599999992 42 39
43508.830999999795 43612.814222656045 42 63
43720.098499999796 43931.3659999998 42 47
44353.90099999979 44459.53474999979 42 61
44565.168499999796 44776.43599999979 42 46
45198.97099999978 45304.60474999978 42 62
45410.23849999979 45621.50599999978 42 49
46044.04099999977 46149.67474999977 42 60
46255.30849999978 46466.575999999775 42 47
46889.110999999764 46993.09422265602 42 61
47100.37849999977 47311.64599999977 42 50
47734.18099999976 47838.164222656014 42 62
47945.448499999766 48156.71599999976 42 48
50269.39099999974 50373.374222656 42 63
50480.65849999975 50691.925999999745 42 46
51114.460999999734 51220.09474999974 42 62
51325.72849999974 51536.99599999974 42 49
51959.530999999726 52065.164749999734 42 61
52170.798499999735 52382.06599999973 42 49
52804.60099999972 52910.23474999973 42 62
53015.86849999973 53227.13599999972 42 50
53649.67099999971 53753.65422265597 42 61
53860.93849999972 54072.205999999715 42 48
54494.7409999997 54598.72422265596 42 61
54706.00849999971 54917.27599999971 42 47
56607.4159999997 56818.68349999969 42 46
57452.48599999969 57663.753499999686 42 41
59142.625999999684 59353.89349999967 42 43
59987.695999999676 60198.96349999966 42 50
60832.76599999967 61044.033499999656 42 44
62522.90599999965 62937.188363280904 42 49
63367.97599999966 63579.24349999965 42 52
64213.04599999967 64424.31349999967 42 54
65903.18599999968 66114.45349999968 42 54
66748.25599999969 66959.52349999969 42 59
67593.32599999971 67804.59349999971 42 59
69283.46599999972 69697.74836328096 42 57
70403.32041406223 70542.32899999972 42 86
70817.11341406223 70956.12199999974 42 80
71230.90641406225 71369.91499999975 42 83
71644.69941406226 71783.70799999977 42 80
72058.49241406228 72197.50099999977 42 87
72472.28541406228 72611.29399999979 42 79
72886.0784140623 73025.0869999998 42 86
73299.8714140623 73438.87999999982 42 79
73713.66441406232 73852.67299999982 42 84
74127.45741406233 74266.46599999984 42 81
74541.25041406235 74680.25899999985 42 84
74955.04341406235 75092.43562109361 42 82
77018.4382578124 77154.6289999999 42 84
77423.84325781239 77560.03399999988 42 80
77829.24825781237 77965.43899999988 42 87
78234.65325781239 78370.84399999988 42 80
78640.05825781237 78776.24899999987 42 86
79045.46325781237 79181.65399999986 42 80
79450.86825781236 79587.05899999985 42 84
79856.27325781237 79992.46399999986 42 80
80256.66362499986 80388.11999999986 42 87
81480.42599999985 81816.95649999985 42 93
83246.62949999984 83342.84646093733 42 104
83878.20749999983 83974.42446093733 42 103
84509.78549999982 84606.00246093732 42 105
85141.36349999982 85237.58046093732 42 106
85772.9414999998 85869.1584609373 42 104
86404.51949999979 86500.73646093729 42 103
88299.25349999976 88395.47046093726 42 103
88930.83149999975 89027.04846093725 42 104
89562.40949999975 89658.62646093724 42 105
90193.98749999974 90290.20446093724 42 104
90825.56549999972 90921.78246093722 42 102
91457.14349999971 91553.36046093721 42 106
92878.1939999997 93036.08849999969 42 127
93509.77199999969 93667.66649999969 42 127
94772.92799999967 94928.35539843717 42 127
95404.50599999966 95547.59789062466 42 127
96036.08399999965 96193.97849999965 42 127
97299.23999999963 97457.13449999962 42 127
97930.81799999962 98088.71249999962 42 127
98562.39599999962 98720.29049999961 42 127
99825.55199999959 99980.97939843709 42 127
100457.12999999958 100600.22189062458 42 127
101088.70799999958 101246.60249999957 42 127
102351.86399999955 102509.75849999955 42 127
103433.44199999956 103524.84824999956 42 106
104033.44199999959 104124.84824999959 42 104
104633.4419999996 104724.84824999962 42 105
105233.44199999963 105324.84824999963 42 105
105833.44199999965 105924.84824999966 42 102
106433.44199999968 106524.84824999968 42 106
108222.46499999975 108368.80599999975 42 103
108807.82899999977 108954.16999999978 42 104
109393.1929999998 109539.53399999981 42 104
109978.55699999983 110124.89799999983 42 105
110563.92099999986 110710.26199999986 42 106
111135.51049999987 111275.04499999987 42 106
111684.13549999987 111820.49899999987 42 105
112229.58949999987 112312.68600781237 42 103
114673.64299999985 114904.41199999984 42 99
115135.18099999982 115365.9499999998 42 94
118365.94699999975 118596.71599999972 42 101
118827.48499999971 119058.2539999997 42 95
81130.83499999985 81480.42599999985 43 87
83088.73499999984 83246.62949999984 43 104
83720.31299999983 83875.74039843732 43 107
84351.89099999983 84507.31839843732 43 107
84983.46899999981 85138.89639843731 43 107
85615.0469999998 85772.9414999998 43 107
86246.6249999998 86404.51949999979 43 106
88141.35899999976 88299.25349999976 43 106
88772.93699999976 88928.36439843725 43 106
89404.51499999975 89559.94239843724 43 107
90036.09299999973 90191.52039843723 43 105
90667.67099999973 90825.56549999972 43 106
91299.24899999972 91457.14349999971 43 105
103283.44199999956 103433.44199999956 43 107
103883.44199999957 104031.09824999959 43 109
104483.4419999996 104631.09824999962 43 109
105083.44199999962 105231.09824999963 43 108
105683.44199999965 105833.44199999965 43 107
106283.44199999966 106433.44199999968 43 107
108076.12399999973 108222.46499999975 43 107
108661.48799999976 108805.54242187478 43 107
109246.8519999998 109379.4735312498 43 108
109832.21599999981 109964.83753124982 43 108
110417.57999999984 110563.92099999986 43 108
110995.97599999986 111135.51049999987 43 106
111547.77199999987 111684.13549999987 43 106
112093.22599999988 112229.58949999987 43 108
114212.1049999999 114442.87399999988 43 97
117904.40899999978 118135.17799999977 43 96
15869.54300000003 16086.934000000032 44 36
19347.799000000014 19565.190000000013 44 35
48684.88474999975 48790.51849999976 44 39
49529.95474999976 49635.588499999765 44 38
55445.444749999704 55551.078499999705 44 37
56290.51474999971 56396.14849999971 44 38
75231.44420703112 75368.83641406237 44 93
75645.23720703112 75782.62941406238 44 65
76059.03020703114 76196.4224140624 44 89
76472.82320703115 76610.2154140624 44 65
6956.512000000003 7170.506265625004 45 34
7826.0760000000055 8695.640000000007 45 53
14782.588000000029 15652.15200000003 45 53
34635.59599999993 34843.562445312426 45 37
35480.66599999992 36325.73599999992 45 53
48579.25099999975 48683.23422265601 45 62
48790.51849999976 49001.78599999975 45 50
49424.320999999756 49529.95474999976 45 63
49635.588499999765 49764.32963281225 45 49
55339.810999999696 55443.79422265595 45 63
55551.078499999705 55762.3459999997 45 50
56184.8809999997 56290.51474999971 45 61
56396.14849999971 56524.88963281221 45 48
75368.83641406237 75507.84499999987 45 84
75782.62941406238 75921.63799999989 45 79
76196.4224140624 76335.4309999999 45 87
76610.2154140624 76749.22399999991 45 80
80767.12899999984 81130.83499999985 45 88
82930.84049999985 83088.73499999984 45 104
83562.41849999984 83720.31299999983 45 104
84193.99649999983 84351.89099999983 45 107
84825.57449999981 84983.46899999981 45 108
85457.15249999981 85615.0469999998 45 107
86088.7304999998 86246.6249999998 45 106
87036.09749999979 87132.31446093728 45 102
87667.67549999978 87763.89246093728 45 104
87983.46449999977 88141.35899999976 45 103
88615.04249999976 88772.93699999976 45 107
89246.62049999976 89404.51499999975 45 104
89878.19849999974 90036.09299999973 45 108
90509.77649999973 90667.67099999973 45 105
91141.35449999972 91299.24899999972 45 105
92088.72149999971 92184.9384609372 45 102
92720.2994999997 92816.5164609372 45 104
103133.44199999954 103283.44199999956 45 103
103733.44199999957 103883.44199999957 45 106
104333.44199999959 104483.4419999996 45 106
104933.44199999962 105083.44199999962 45 108
105533.44199999963 105683.44199999965 45 105
106133.44199999966 106283.44199999966 45 108
107033.44199999969 107124.8482499997 45 103
107633.44199999972 107724.84824999972 45 103
107929.78299999973 108076.12399999973 45 103
108515.14699999976 108661.48799999976 45 104
109100.51099999978 109233.1325312498 45 105
109685.87499999981 109818.49653124982 45 106
110271.23899999984 110417.57999999984 45 105
110853.11899999986 110995.97599999986 45 107
111411.40849999986 111547.77199999987 45 106
111956.86249999987 112093.22599999988 45 108
16086.934000000032 16300.928265625029 46 39
16739.10700000002 16956.49800000002 46 34
17608.67100000002 17826.062000000016 46 31
18478.235000000015 18695.626000000015 46 32
19565.190000000013 19779.18426562501 46 39
20217.363 20434.754 46 31
21086.927 21304.318 46 30
6739.121000000004 6956.512000000003 47 39
8695.640000000007 8909.634265625007 47 55
12173.896000000017 12387.890265625017 47 35
16304.325000000026 16521.716000000026 47 35
19782.58100000001 19999.972000000005 47 37
34424.32849999994 34635.59599999993 47 39
36325.73599999992 36533.70244531241 47 53
39706.01599999987 39913.982445312366 47 31
42241.225999999806 43086.295999999806 47 37
80388.11999999986 80767.12899999984 47 108
80767.12899999984 81130.83499999985 47 86
81130.83499999985 81480.42599999985 47 85
81480.42599999985 81816.95649999985 47 93
81816.95649999985 82141.36799999986 47 115
82141.36799999986 82457.15699999985 47 117
82457.15699999985 82771.7124492186 47 121
82772.94599999985 82930.84049999985 47 121
83404.52399999984 83562.41849999984 47 127
84036.10199999982 84193.99649999983 47 127
84667.67999999982 84825.57449999981 47 127
85299.25799999981 85457.15249999981 47 127
85930.8359999998 86088.7304999998 47 127
86878.20299999979 87036.09749999979 47 106
87509.78099999977 87667.67549999978 47 108
87825.56999999977 87983.46449999977 47 127
88457.14799999977 88615.04249999976 47 127
89088.72599999975 89246.62049999976 47 127
89720.30399999974 89878.19849999974 47 127
90351.88199999974 90509.77649999973 47 127
90983.45999999973 91141.35449999972 47 127
91930.82699999971 92088.72149999971 47 107
92562.4049999997 92720.2994999997 47 107
102983.44199999954 103133.44199999954 47 121
103583.44199999956 103733.44199999957 47 127
104183.44199999959 104333.44199999959 47 127
104783.44199999962 104933.44199999962 47 127
105383.44199999963 105533.44199999963 47 127
105983.44199999966 106133.44199999966 47 127
106883.44199999969 107033.44199999969 47 107
107483.44199999972 107633.44199999972 47 108
107783.44199999972 107916.06353124973 47 127
108368.80599999975 108515.14699999976 47 127
108954.16999999978 109086.7915312498 47 127
109539.53399999981 109672.15553124981 47 127
110124.89799999983 110257.51953124984 47 127
110710.26199999986 110853.11899999986 47 127
111275.04499999987 111411.40849999986 47 127
111820.49899999987 111956.86249999987 47 127
112365.95299999988 112596.72199999988 47 127
113289.02899999988 113519.79799999988 47 101
115596.71899999978 115827.48799999978 47 99
116058.25699999976 116289.02599999977 47 85
116981.33299999978 117212.10199999978 47 104
119289.02299999967 119519.79199999967 47 97
119750.56099999967 119981.32999999965 47 87
120673.63699999965 120904.40599999965 47 101
121596.71299999967 121827.48199999967 47 102
123962.09524999965 124019.78749999964 47 58
124077.47974999962 124135.17199999961 47 58
124192.8642499996 124250.55649999958 47 58
124308.24874999958 124365.94099999957 47 59
124423.63324999955 124481.32549999954 47 65
124539.01774999953 124596.70999999951 47 80
124654.4022499995 124712.0944999995 47 93
124769.78674999949 124827.47899999947 47 103
124885.17124999946 124942.86349999945 47 117
125000.55574999943 125058.24799999942 47 127
125115.94024999942 125173.6324999994 47 127
125231.32474999939 125289.01699999938 47 126
125519.78599999937 125728.01896484313 47 127
11521.723000000016 11739.114000000016 48 33
39072.21349999987 39283.48099999987 48 30
46044.04099999977 46149.67474999977 48 63
52804.60099999972 52910.23474999973 48 62
57135.584749999696 57241.2184999997 48 40
57980.65474999969 58082.98744531219 48 39
59670.79474999967 59773.12744531218 48 43
60515.864749999666 60621.49849999967 48 44
61360.93474999966 61463.267445312165 48 46
63051.07474999966 63156.70849999966 48 47
63896.14474999965 63998.47744531216 48 52
64741.21474999967 64843.54744531217 48 53
66431.35474999968 66533.68744531219 48 52
67276.4247499997 67378.7574453122 48 58
68121.4947499997 68223.82744531221 48 56
69811.6347499997 69917.26849999971 48 60
73025.0869999998 73162.47920703105 48 95
79587.05899999985 79721.6661289061 48 96
8913.031000000008 9130.422000000008 49 51
10652.159000000014 10869.550000000014 49 32
12391.287000000018 12608.678000000018 49 35
16521.716000000026 16735.710265625024 49 54
16956.49800000002 17391.280000000024 49 35
18260.84400000002 18474.838265625018 49 51
18695.626000000015 19130.408000000018 49 36
19999.972000000005 20213.966265625004 49 55
20434.754 20869.536000000004 49 36
21739.100000000002 22173.882 49 48
36537.003499999904 36748.270999999906 49 53
38227.143499999875 38438.41099999988 49 31
39917.28349999986 40128.55099999986 49 37
45198.97099999978 45304.60474999978 49 64
51959.530999999726 52065.164749999734 49 63
57029.95099999969 57133.934222655946 49 63
57241.2184999997 57411.22281640595 49 48
57875.02099999968 57980.65474999969 49 67
58086.28849999969 58256.29281640594 49 50
58825.72474999968 58928.05744531218 49 43
59565.16099999967 59670.79474999967 49 71
59776.428499999674 59946.432816405926 49 54
60410.230999999665 60514.214222655915 49 70
60621.49849999967 60791.50281640592 49 58
61255.30099999966 61360.93474999966 49 77
61466.56849999966 61636.57281640591 49 57
62206.00474999965 62308.33744531216 49 47
62945.44099999966 63051.07474999966 49 77
63156.70849999966 63326.71281640591 49 62
63790.51099999965 63894.4942226559 49 80
64001.77849999966 64213.04599999967 49 63
64635.58099999968 64741.21474999967 49 84
64846.848499999665 65058.115999999674 49 64
65586.28474999967 65688.61744531218 49 56
66325.72099999968 66431.35474999968 49 85
66536.98849999969 66748.25599999969 49 69
67170.79099999969 67274.77422265595 49 88
67382.05849999971 67593.32599999971 49 72
68015.86099999971 68121.4947499997 49 93
68227.1284999997 68438.39599999972 49 73
68966.56474999971 69068.89744531222 49 59
69706.00099999971 69811.6347499997 49 97
69917.26849999971 70087.27281640595 49 76
72197.50099999977 72334.89320703103 49 98
78776.24899999987 78910.85612890612 49 96
82457.15699999985 82771.7124492186 49 118
86720.3084999998 86878.20299999979 49 110
87351.88649999977 87509.78099999977 49 107
91772.93249999972 91930.82699999971 49 108
92404.5104999997 92562.4049999997 49 110
93351.87749999968 93448.09446093718 49 104
93983.45549999968 94110.51123046843 49 105
94299.24449999968 94457.13899999968 49 104
95246.61149999966 95373.66723046842 49 104
95878.18949999964 96036.08399999965 49 105
96509.76749999964 96667.66199999963 49 105
96825.55649999964 96983.45099999964 49 105
97772.92349999963 97869.14046093712 49 103
98404.5014999996 98500.7184609371 49 104
99036.0794999996 99163.13523046835 49 103
99351.8684999996 99509.7629999996 49 104
100299.23549999959 100426.29123046834 49 101
100930.81349999957 101088.70799999958 49 104
101562.39149999956 101720.28599999956 49 105
101878.18049999957 102036.07499999956 49 103
102825.54749999955 102921.76446093705 49 101
106733.44199999969 106883.44199999969 49 109
107333.4419999997 107483.44199999972 49 109
115365.9499999998 115596.71899999978 49 126
119058.2539999997 119289.02299999967 49 126
9130.422000000008 9344.416265625008 50 54
9782.595000000012 9999.986000000012 50 30
12608.678000000018 12822.67226562502 50 39
13260.851000000022 13478.242000000024 50 30
14347.806000000028 14561.800265625028 50 33
17391.280000000024 17605.27426562502 50 55
17826.062000000016 18260.84400000002 50 38
20869.536000000004 21083.530265625002 50 54
21304.318 21739.100000000002 50 39
36748.270999999906 36956.2374453124 50 53
37382.07349999988 37593.340999999884 50 33
40128.55099999986 40336.517445312355 50 41
40762.35349999984 40973.62099999984 50 31
41607.423499999815 41818.69099999982 50 31
43508.830999999795 43612.814222656045 50 64
44353.90099999979 44459.53474999979 50 61
46889.110999999764 46993.09422265602 50 61
47734.18099999976 47838.164222656014 50 63
50269.39099999974 50373.374222656 50 63
51114.460999999734 51220.09474999974 50 60
53649.67099999971 53753.65422265597 50 64
54494.7409999997 54598.72422265596 50 61
58720.09099999968 58825.72474999968 50 65
58931.35849999968 59101.362816405934 50 54
62100.37099999965 62206.00474999965 50 75
62311.63849999965 62481.6428164059 50 60
65480.650999999685 65586.28474999967 50 84
65691.91849999968 65903.18599999968 50 68
68860.93099999972 68966.56474999971 50 91
69072.19849999971 69283.46599999972 50 76
70542.32899999972 70679.72120703098 50 97
71369.91499999975 71507.307207031 50 98
73852.67299999982 73990.06520703108 50 99
74680.25899999985 74817.6512070311 50 99
77154.6289999999 77289.23612890615 50 98
77965.43899999988 78100.04612890613 50 100
82141.36799999986 82457.15699999985 50 118
86562.41399999979 86720.3084999998 50 127
87193.99199999978 87351.88649999977 50 127
91615.03799999971 91772.93249999972 50 127
92246.6159999997 92404.5104999997 50 127
93193.98299999969 93351.87749999968 50 108
93825.56099999968 93980.98839843717 50 108
94141.34999999967 94296.77739843717 50 127
94457.13899999968 94612.56639843716 50 120
95088.71699999965 95244.14439843716 50 107
95720.29499999965 95878.18949999964 50 108
96351.87299999964 96507.30039843713 50 108
96667.66199999963 96825.55649999964 50 127
96983.45099999964 97138.87839843713 50 116
97615.02899999962 97772.92349999963 50 107
106583.44199999968 106733.44199999969 50 127
107183.4419999997 107333.4419999997 50 127
112596.72199999988 112804.95496484364 50 127
113519.79799999988 113728.03096484364 50 127
114442.87399999988 114673.64299999985 50 93
114904.41199999984 115135.18099999982 50 106
115827.48799999978 116058.25699999976 50 127
116289.02599999977 116497.25896484352 50 126
117212.10199999978 117420.33496484354 50 125
118135.17799999977 118365.94699999975 50 93
118596.71599999972 118827.48499999971 50 104
119519.79199999967 119750.56099999967 50 127
119981.32999999965 120212.09899999965 50 126
120904.40599999965 121112.63896484341 50 126
121827.48199999967 121948.27514843715 50 46
122058.25099999965 122179.04414843715 50 36
122289.01999999965 122497.25296484341 50 34
122519.78899999966 122640.58214843716 50 37
122750.55799999966 122871.35114843716 50 65
122981.32699999966 123102.12014843716 50 91
123212.09599999964 123420.3289648434 50 121
125519.78599999937 125728.01896484313 50 127
98246.60699999961 98404.5014999996 51 106
98878.1849999996 99033.6123984371 51 109
99193.9739999996 99349.4013984371 51 127
99509.7629999996 99665.19039843709 51 119
100141.34099999958 100296.76839843708 51 105
100772.91899999957 100930.81349999957 51 107
101404.49699999957 101559.92439843706 51 109
101720.28599999956 101878.18049999957 51 127
102036.07499999956 102191.50239843705 51 121
102667.65299999954 102825.54749999955 51 108
9347.81300000001 9565.20400000001 52 51
11304.332000000015 11518.326265625015 52 49
11739.114000000016 12173.896000000017 52 39
12826.06900000002 13043.460000000021 52 35
36959.53849999989 37170.805999999895 52 51
38860.94599999988 39068.91244531237 52 50
39283.48099999987 39706.01599999987 52 36
40339.81849999985 40551.08599999985 52 35
81816.95649999985 82141.36799999986 52 114
93036.08849999969 93193.98299999969 52 107
93667.66649999969 93794.72223046844 52 106
94615.03349999967 94772.92799999967 52 119
94930.82249999966 95088.71699999965 52 103
95562.40049999965 95720.29499999965 52 107
96193.97849999965 96351.87299999964 52 106
97141.34549999963 97299.23999999963 52 116
97457.13449999962 97608.86124609337 52 105
10434.768000000013 10648.762265625013 53 47
10869.550000000014 11304.332000000015 53 40
38015.87599999989 38223.84244531238 53 49
38438.41099999988 38860.94599999988 53 38
98088.71249999962 98246.60699999961 53 109
98720.29049999961 98847.34623046836 53 106
99667.6574999996 99825.55199999959 53 117
99983.44649999958 100141.34099999958 53 108
100615.02449999958 100772.91899999957 53 108
101246.60249999957 101404.49699999957 53 108
102193.96949999956 102351.86399999955 53 117
102509.75849999955 102661.48524609329 53 105
112596.72199999988 112804.95496484364 53 127
116289.02599999977 116497.25896484352 53 126
119981.32999999965 120212.09899999965 53 126
120904.40599999965 121112.63896484341 53 125
121827.48199999967 121948.27514843715 53 43
122058.25099999965 122179.04414843715 53 37
122289.01999999965 122497.25296484341 53 37
122519.78899999966 122640.58214843716 53 37
122750.55799999966 122871.35114843716 53 62
122981.32699999966 123102.12014843716 53 95
123212.09599999964 123420.3289648434 53 123
9565.20400000001 9779.198265625011 54 55
9999.986000000012 10434.768000000013 54 38
13043.460000000021 13257.454265625021 54 40
13478.242000000024 13692.236265625024 54 41
14130.415000000026 14347.806000000028 54 33
14565.197000000027 14782.588000000029 54 38
22608.664000000004 22822.658265625003 54 42
26086.919999999984 26300.914265624982 54 31
37170.805999999895 37378.77244531239 54 56
37593.340999999884 38015.87599999989 54 37
40551.08599999985 40759.05244531234 54 41
40973.62099999984 41181.58744531233 54 42
41396.15599999983 41604.12244531232 54 33
41818.69099999982 42026.65744531231 54 40
43508.830999999795 43614.464749999795 54 56
44353.90099999979 44565.168499999796 54 51
45198.97099999978 45410.23849999979 54 53
46044.04099999977 46255.30849999978 54 50
46889.110999999764 46994.744749999765 54 52
48579.25099999975 48683.23422265601 54 64
49424.320999999756 49529.95474999976 54 64
55339.810999999696 55443.79422265595 54 64
56184.8809999997 56290.51474999971 54 62
70542.32899999972 70666.79017578097 54 86
71369.91499999975 71631.76838281225 54 89
72197.50099999977 72459.35438281228 54 86
73025.0869999998 73286.9403828123 54 87
73852.67299999982 73977.13417578107 54 88
75507.84499999987 75645.23720703112 54 100
76335.4309999999 76472.82320703115 54 100
81480.42599999985 81816.95649999985 54 92
92878.1939999997 93036.08849999969 54 127
93509.77199999969 93667.66649999969 54 127
94772.92799999967 94928.35539843717 54 127
95404.50599999966 95547.59789062466 54 127
96036.08399999965 96193.97849999965 54 127
97299.23999999963 97457.13449999962 54 127
97930.81799999962 98088.71249999962 54 127
98562.39599999962 98720.29049999961 54 127
99825.55199999959 99980.97939843709 54 127
100457.12999999958 100600.22189062458 54 127
101088.70799999958 101246.60249999957 54 127
102351.86399999955 102509.75849999955 54 127
113519.79799999988 113728.03096484364 54 127
114673.64299999985 114904.41199999984 54 102
114904.41199999984 115135.18099999982 54 106
115365.9499999998 115596.71899999978 54 126
115827.48799999978 116058.25699999976 54 127
117212.10199999978 117420.33496484354 54 127
118365.94699999975 118596.71599999972 54 99
118596.71599999972 118827.48499999971 54 107
119058.2539999997 119289.02299999967 54 127
119519.79199999967 119750.56099999967 54 126
125519.78599999937 125728.01896484313 54 127
81130.83499999985 81480.42599999985 55 86
114212.1049999999 114442.87399999988 55 97
114442.87399999988 114673.64299999985 55 92
117904.40899999978 118135.17799999977 55 98
118135.17799999977 118365.94699999975 55 92
22826.055 23043.446 56 36
26304.31099999998 26521.70199999998 56 34
112596.72199999988 112804.95496484364 56 125
116289.02599999977 116497.25896484352 56 127
119981.32999999965 120212.09899999965 56 127
120904.40599999965 121112.63896484341 56 126
121827.48199999967 121948.27514843715 56 46
122058.25099999965 122179.04414843715 56 34
122289.01999999965 122497.25296484341 56 34
122519.78899999966 122640.58214843716 56 37
122750.55799999966 122871.35114843716 56 65
122981.32699999966 123102.12014843716 56 93
123212.09599999964 123420.3289648434 56 124
13913.024000000025 14127.018265625025 57 38
14782.588000000029 15652.15200000003 57 52
48579.25099999975 48684.88474999975 57 43
75507.84499999987 75632.30617578112 57 71
76335.4309999999 76736.29296874991 57 83
80767.12899999984 81130.83499999985 57 86
23043.446 23257.440265624995 58 39
23695.61899999999 23913.009999999987 58 32
24565.182999999986 24782.573999999986 58 31
25434.746999999985 25652.137999999984 58 32
26521.70199999998 26735.696265624978 58 40
27173.87499999997 27391.26599999997 58 32
28043.438999999966 28260.829999999965 58 29
57029.95099999969 57133.934222655946 58 62
57875.02099999968 57980.65474999969 58 64
58720.09099999968 58825.72474999968 58 67
59565.16099999967 59670.79474999967 58 72
60410.230999999665 60514.214222655915 58 73
61255.30099999966 61360.93474999966 58 75
62100.37099999965 62206.00474999965 58 75
62945.44099999966 63051.07474999966 58 79
63790.51099999965 63894.4942226559 58 82
64635.58099999968 64741.21474999967 58 82
65480.650999999685 65586.28474999967 58 83
66325.72099999968 66431.35474999968 58 86
67170.79099999969 67274.77422265595 58 90
68015.86099999971 68121.4947499997 58 93
68860.93099999972 68966.56474999971 58 93
69706.00099999971 69811.6347499997 58 95
115365.9499999998 115596.71899999978 58 126
119058.2539999997 119289.02299999967 58 126
13695.633000000023 13913.024000000025 59 39
23260.836999999996 23478.227999999996 59 34
26739.092999999975 26956.483999999975 59 37
41184.888499999826 41396.15599999983 59 38
42029.958499999804 42241.225999999806 59 39
43086.295999999806 43294.2624453123 59 62
46466.575999999775 46674.54244531227 59 47
70128.53599999972 70252.99717578097 59 60
73438.87999999982 73563.34117578107 59 72
74680.25899999985 74804.7201757811 59 88
80388.11999999986 80767.12899999984 59 109
112596.72199999988 112804.95496484364 59 126
113519.79799999988 113728.03096484364 59 127
114442.87399999988 114673.64299999985 59 93
114904.41199999984 115135.18099999982 59 108
115827.48799999978 116058.25699999976 59 127
116289.02599999977 116497.25896484352 59 126
117212.10199999978 117420.33496484354 59 126
118135.17799999977 118365.94699999975 59 93
118596.71599999972 118827.48499999971 59 106
119519.79199999967 119750.56099999967 59 127
119981.32999999965 120212.09899999965 59 127
120904.40599999965 121112.63896484341 59 126
121827.48199999967 121948.27514843715 59 43
122058.25099999965 122179.04414843715 59 37
122289.01999999965 122497.25296484341 59 35
122519.78899999966 122640.58214843716 59 38
122750.55799999966 122871.35114843716 59 62
122981.32699999966 123102.12014843716 59 93
123212.09599999964 123420.3289648434 59 123
125519.78599999937 125728.01896484313 59 127
45832.77349999978 46044.04099999977 60 42
72818.1904999998 73012.1559687498 60 72
23478.227999999996 23692.22226562499 61 55
23913.009999999987 24347.79199999999 61 39
25217.35599999999 25431.350265624984 61 49
25652.137999999984 26086.919999999984 61 37
26956.483999999975 27170.478265624974 61 53
27391.26599999997 27826.047999999973 61 37
28695.61199999997 29130.39399999997 61 49
43297.5634999998 43508.830999999795 61 53
44987.703499999785 45198.97099999978 61 44
46677.84349999977 46889.110999999764 61 51
70335.43249999972 70529.39796874972 61 83
71990.60449999977 72184.56996874977 61 72
73645.77649999982 73839.74196874982 61 85
24347.79199999999 24561.78626562499 62 55
24782.573999999986 25217.35599999999 62 36
27826.047999999973 28040.04226562497 62 53
28260.829999999965 28695.61199999997 62 37
43508.830999999795 43614.464749999795 62 56
44142.63349999979 44353.90099999979 62 44
46889.110999999764 46994.744749999765 62 54
47522.91349999976 47734.18099999976 62 42
48579.25099999975 48684.88474999975 62 44
70542.32899999972 70666.79017578097 62 84
71163.01849999974 71356.98396874974 62 69
73852.67299999982 73977.13417578107 62 87
74473.36249999984 74667.32796874984 62 72
75507.84499999987 75632.30617578112 62 73
76335.4309999999 76736.29296874991 62 80
43720.098499999796 43931.3659999998 64 49
45621.50599999978 45829.472445312276 64 73
46044.04099999977 46255.30849999978 64 52
47100.37849999977 47311.64599999977 64 53
70749.22549999972 70943.19096874974 64 84
72611.29399999979 72735.75517578104 64 105
73025.0869999998 73286.9403828123 64 88
74059.56949999982 74253.53496874984 64 84
44776.43599999979 44984.402445312284 65 74
45198.97099999978 45410.23849999979 65 54
71783.70799999977 71908.16917578102 65 105
72197.50099999977 72459.35438281228 65 86
43931.3659999998 44139.33244531229 66 82
44353.90099999979 44565.168499999796 66 51
47311.64599999977 47519.61244531226 66 56
47734.18099999976 47839.81474999976 66 56
48367.983499999755 48579.25099999975 66 44
48790.51849999976 49001.78599999975 66 54
50269.39099999974 50375.02474999974 66 55
51114.460999999734 51325.72849999974 66 50
51959.530999999726 52170.798499999735 66 51
52804.60099999972 53015.86849999973 66 51
53649.67099999971 53755.30474999972 66 53
56607.4159999997 56815.38244531219 66 38
57029.95099999969 57452.48599999969 66 45
57875.02099999968 58297.555999999684 66 42
58720.09099999968 59142.625999999684 66 44
59565.16099999967 59987.695999999676 66 49
59987.695999999676 60195.66244531217 66 48
60410.230999999665 60832.76599999967 66 49
61255.30099999966 61677.83599999966 66 51
62100.37099999965 62522.90599999965 66 53
62945.44099999966 63367.97599999966 66 53
70956.12199999974 71080.583175781 66 113
71369.91499999975 71631.76838281225 66 86
74266.46599999984 74390.9271757811 66 87
74680.25899999985 74804.7201757811 66 88
75300.94849999987 75494.91396874987 66 74
75714.74149999987 75908.70696874989 66 86
77154.6289999999 77276.56722265616 66 87
77965.43899999988 78221.98435156238 66 87
78776.24899999987 79032.79435156238 66 87
79587.05899999985 79843.60435156236 66 88
80388.11999999986 80579.61749999986 66 90
56818.68349999969 57029.95099999969 68 49
60198.96349999966 60410.230999999665 68 55
48156.71599999976 48364.68244531225 69 50
49001.78599999975 49846.85599999975 69 53
55339.810999999696 55445.444749999704 69 46
75094.05199999987 75218.51317578112 69 79
75921.63799999989 76736.29296874991 69 90
57029.95099999969 57135.584749999696 70 54
57663.753499999686 57875.02099999968 70 46
57875.02099999968 58297.555999999684 70 45
58508.82349999968 58720.09099999968 70 48
58720.09099999968 59142.625999999684 70 45
59353.89349999967 59565.16099999967 70 51
59565.16099999967 59987.695999999676 70 47
60410.230999999665 60515.864749999666 70 63
61044.033499999656 61255.30099999966 70 53
61255.30099999966 61677.83599999966 70 53
61889.10349999965 62100.37099999965 70 51
62100.37099999965 62522.90599999965 70 52
62945.44099999966 63367.97599999966 70 55
47945.448499999766 48156.71599999976 71 56
49846.85599999975 50054.822445312246 71 55
53227.13599999972 53435.102445312215 71 47
57241.2184999997 57411.22281640595 71 49
60621.49849999967 60791.50281640592 71 58
74887.15549999985 75081.12096874986 71 89
76749.22399999991 76871.16222265617 71 89
79992.46399999986 80112.77649999985 71 74
81816.95649999985 82109.97239453111 71 108
82141.36799999986 82742.1072304686 71 96
114212.1049999999 114327.48949999988 71 76
52593.333499999724 52804.60099999972 72 41
79384.35649999986 79574.39009374985 72 71
50058.12349999975 50269.39099999974 73 51
51748.26349999973 51959.530999999726 73 43
53438.40349999972 53649.67099999971 73 50
57452.48599999969 57660.452445312185 73 84
57875.02099999968 58086.28849999969 73 55
59142.625999999684 59350.59244531218 73 80
59565.16099999967 59776.428499999674 73 58
60832.76599999967 61040.73244531216 73 91
61255.30099999966 61466.56849999966 73 64
62522.90599999965 62945.44099999966 73 86
76951.92649999991 77141.9600937499 73 84
78573.54649999988 78763.58009374987 73 72
80192.46399999986 80375.89149999985 73 84
114327.48949999988 114420.33796484362 73 83
50269.39099999974 50375.02474999974 74 55
50903.19349999974 51114.460999999734 74 43
53649.67099999971 53755.30474999972 74 52
54283.47349999971 54494.7409999997 74 42
55339.810999999696 55445.444749999704 74 47
58297.555999999684 58505.52244531218 74 82
58720.09099999968 58931.35849999968 74 58
61677.83599999966 61885.802445312154 74 89
62100.37099999965 62311.63849999965 74 64
77154.6289999999 77276.56722265616 74 89
77762.73649999988 77952.77009374987 74 71
80388.11999999986 80579.61749999986 74 92
80950.81699999985 81095.67523437485 74 79
81650.26249999985 81784.39907812486 74 84
81816.95649999985 82109.97239453111 74 109
114442.87399999988 114558.25849999987 74 93
114789.02749999985 114881.87596484358 74 83
50480.65849999975 50691.925999999745 76 50
52382.06599999973 52590.03244531222 76 72
52804.60099999972 53015.86849999973 76 52
53860.93849999972 54072.205999999715 76 50
77357.3314999999 77547.36509374989 76 85
79181.65399999986 79303.59222265612 76 106
79587.05899999985 79843.60435156236 76 87
80579.61749999986 80730.5056601561 76 90
114558.25849999987 114651.10696484361 76 94
51536.99599999974 51744.96244531223 77 74
51959.530999999726 52170.798499999735 77 51
78370.84399999988 78492.78222265613 77 103
78776.24899999987 79032.79435156238 77 87
50691.925999999745 50899.89244531224 78 80
51114.460999999734 51325.72849999974 78 51
54072.205999999715 54280.17244531221 78 54
54494.7409999997 54600.37474999971 78 56
55128.5434999997 55339.810999999696 78 42
55551.078499999705 55762.3459999997 78 51
63367.97599999966 63575.942445312154 78 73
63790.51099999965 64001.77849999966 78 55
64635.58099999968 64846.848499999665 78 57
65480.650999999685 65691.91849999968 78 59
66325.72099999968 66536.98849999969 78 62
66748.25599999969 66956.22244531219 78 59
67170.79099999969 67382.05849999971 78 62
68015.86099999971 68227.1284999997 78 65
68860.93099999972 69072.19849999971 78 66
69706.00099999971 70126.88547265595 78 67
77560.03399999988 77681.97222265614 78 115
77965.43899999988 78221.98435156238 78 87
80767.12899999984 80950.81699999985 78 97
81130.83499999985 81307.32599999984 78 100
81480.42599999985 81650.26249999985 78 88
81816.95649999985 81980.62249999987 78 111
114673.64299999985 114789.02749999985 78 97
114904.41199999984 115019.79649999982 78 107
115250.56549999981 115343.41396484355 78 93
63579.24349999965 63790.51099999965 80 66
66959.52349999969 67170.79099999969 80 73
54917.27599999971 55125.2424453122 81 48
55762.3459999997 56607.4159999997 81 52
86562.41399999979 87193.99199999978 81 124
87193.99199999978 87825.56999999977 81 126
91615.03799999971 92008.54069921846 81 124
91930.82699999971 92088.72149999971 81 99
92246.6159999997 92878.1939999997 81 113
106583.44199999968 107183.4419999997 81 123
107183.4419999997 107783.44199999972 81 114
63790.51099999965 63896.14474999965 82 68
64424.31349999967 64635.58099999968 82 57
64635.58099999968 64846.848499999665 82 57
65269.383499999676 65480.650999999685 82 58
65480.650999999685 65691.91849999968 82 59
66114.45349999968 66325.72099999968 82 63
66325.72099999968 66536.98849999969 82 62
67170.79099999969 67276.4247499997 82 77
67804.59349999971 68015.86099999971 82 67
68015.86099999971 68227.1284999997 82 66
68649.66349999972 68860.93099999972 82 64
68860.93099999972 69072.19849999971 82 66
69706.00099999971 70126.88547265595 82 68
115135.18099999982 115250.56549999981 82 99
115365.9499999998 115481.3344999998 82 119
54706.00849999971 54917.27599999971 83 56
64001.77849999966 64213.04599999967 83 65
67382.05849999971 67593.32599999971 83 74
81307.32599999984 81446.61740624986 83 103
81980.62249999987 82109.97239453111 83 112
82772.94599999985 82930.84049999985 83 127
83404.52399999984 84036.10199999982 83 127
84036.10199999982 84667.67999999982 83 113
84667.67999999982 85299.25799999981 83 111
85299.25799999981 85457.15249999981 83 113
85930.8359999998 86562.41399999979 83 112
87825.56999999977 87983.46449999977 83 103
88457.14799999977 89088.72599999975 83 111
89088.72599999975 89720.30399999974 83 114
89720.30399999974 90351.88199999974 83 112
90351.88199999974 90509.77649999973 83 114
90983.45999999973 91615.03799999971 83 111
102983.44199999954 103133.44199999954 83 93
103583.44199999956 104183.44199999959 83 108
104183.44199999959 104783.44199999962 83 116
104783.44199999962 105383.44199999963 83 111
105383.44199999963 105533.44199999963 83 114
105983.44199999966 106583.44199999968 83 110
107783.44199999972 107916.06353124973 83 105
107929.78299999973 108076.12399999973 83 107
108076.12399999973 108222.46499999975 83 113
108222.46499999975 108368.80599999975 83 111
108368.80599999975 108515.14699999976 83 115
108515.14699999976 108661.48799999976 83 110
108661.48799999976 108807.82899999977 83 110
108954.16999999978 109100.51099999978 83 113
109100.51099999978 109246.8519999998 83 111
109246.8519999998 109390.90642187481 83 112
109539.53399999981 109685.87499999981 83 103
109685.87499999981 109832.21599999981 83 110
109832.21599999981 109976.27042187483 83 115
110124.89799999983 110257.51953124984 83 103
110271.23899999984 110417.57999999984 83 107
110417.57999999984 110563.92099999986 83 115
110563.92099999986 110710.26199999986 83 112
110710.26199999986 110853.11899999986 83 113
110853.11899999986 110995.97599999986 83 109
110995.97599999986 111135.51049999987 83 115
111135.51049999987 111275.04499999987 83 112
111275.04499999987 111411.40849999986 83 114
111820.49899999987 112365.95299999988 83 93
115019.79649999982 115112.64496484357 83 110
115596.71899999978 116035.72096484352 83 120
117904.40899999978 118019.79349999978 83 74
84825.57449999981 84983.46899999981 84 97
89878.19849999974 90036.09299999973 84 98
104933.44199999962 105083.44199999962 84 99
109685.87499999981 109818.49653124982 84 99
64213.04599999967 64421.012445312175 85 99
64635.58099999968 64846.848499999665 85 70
65903.18599999968 66111.15244531218 85 93
66325.72099999968 66536.98849999969 85 71
67593.32599999971 67801.29244531221 85 106
68015.86099999971 68227.1284999997 85 79
69283.46599999972 69706.00099999971 85 100
82930.84049999985 83088.73499999984 85 123
84193.99649999983 84351.89099999983 85 99
85457.15249999981 85615.0469999998 85 116
87983.46449999977 88141.35899999976 85 111
89246.62049999976 89404.51499999975 85 99
90509.77649999973 90667.67099999973 85 118
93509.77199999969 93825.56099999968 85 108
93825.56099999968 94141.34999999967 85 111
94772.92799999967 94930.82249999966 85 101
95088.71699999965 95404.50599999966 85 108
96036.08399999965 96193.97849999965 85 113
96193.97849999965 96351.87299999964 85 113
96351.87299999964 96509.76749999964 85 111
97299.23999999963 97930.81799999962 85 110
98562.39599999962 98878.1849999996 85 111
98878.1849999996 99193.9739999996 85 112
99825.55199999959 99983.44649999958 85 98
100141.34099999958 100457.12999999958 85 108
101088.70799999958 101246.60249999957 85 114
101246.60249999957 101404.49699999957 85 111
101404.49699999957 101562.39149999956 85 111
102351.86399999955 102983.44199999954 85 111
103133.44199999954 103283.44199999956 85 111
104333.44199999959 104483.4419999996 85 100
105533.44199999963 105683.44199999965 85 117
107929.78299999973 108076.12399999973 85 111
109100.51099999978 109233.1325312498 85 98
110271.23899999984 110417.57999999984 85 116
115481.3344999998 115574.18296484352 85 121
118019.79349999978 118112.64196484353 85 86
65058.115999999674 65266.08244531218 86 98
65480.650999999685 65691.91849999968 86 72
68438.39599999972 68646.36244531222 86 105
68860.93099999972 69072.19849999971 86 77
83088.73499999984 83246.62949999984 86 121
83562.41849999984 83720.31299999983 86 97
85615.0469999998 85772.9414999998 86 119
86088.7304999998 86246.6249999998 86 98
86562.41399999979 86955.91669921853 86 123
86878.20299999979 87036.09749999979 86 98
87193.99199999978 87825.56999999977 86 125
88141.35899999976 88299.25349999976 86 118
88615.04249999976 88772.93699999976 86 97
90667.67099999973 90825.56549999972 86 118
91141.35449999972 91299.24899999972 86 101
91615.03799999971 92008.54069921846 86 124
91930.82699999971 92088.72149999971 86 100
92246.6159999997 92878.1939999997 86 112
94141.34999999967 94299.24449999968 86 115
96667.66199999963 96825.55649999964 86 115
96825.55649999964 96983.45099999964 86 113
96983.45099999964 97141.34549999963 86 111
103283.44199999956 103433.44199999956 86 119
103733.44199999957 103883.44199999957 86 99
105683.44199999965 105833.44199999965 86 120
106133.44199999966 106283.44199999966 86 99
106583.44199999968 106957.27012499969 86 122
106883.44199999969 107033.44199999969 86 99
107183.4419999997 107783.44199999972 86 113
108076.12399999973 108222.46499999975 86 117
108515.14699999976 108661.48799999976 86 100
110417.57999999984 110563.92099999986 86 121
110853.11899999986 110995.97599999986 86 99
111411.40849999986 111547.77199999987 86 98
112596.72199999988 112827.49099999988 86 116
113519.79799999988 113750.5669999999 86 117
116289.02599999977 116519.79499999978 86 118
117212.10199999978 117442.87099999978 86 117
118135.17799999977 118250.56249999975 86 92
118481.33149999974 118574.17996484348 86 84
119981.32999999965 120212.09899999965 86 116
120904.40599999965 121135.17499999967 86 115
121827.48199999967 122058.25099999965 86 36
122058.25099999965 122289.01999999965 86 36
122289.01999999965 122519.78899999966 86 35
122671.23115624966 122750.55799999966 86 35
122750.55799999966 122981.32699999966 86 67
122981.32699999966 123212.09599999964 86 96
123212.09599999964 123904.40299999966 86 126
125519.78599999937 125750.55499999938 86 127
99193.9739999996 99351.8684999996 87 115
101720.28599999956 101878.18049999957 87 114
101878.18049999957 102036.07499999956 87 113
102036.07499999956 102193.96949999956 87 112
83246.62949999984 83342.84646093733 88 118
84667.67999999982 84825.57449999981 88 123
84983.46899999981 85141.36349999982 88 123
85772.9414999998 85869.1584609373 88 120
88299.25349999976 88395.47046093726 88 118
89720.30399999974 89878.19849999974 88 125
90036.09299999973 90193.98749999974 88 120
90825.56549999972 90921.78246093722 88 118
103433.44199999956 103524.84824999956 88 120
104783.44199999962 104933.44199999962 88 124
105083.44199999962 105233.44199999963 88 121
105833.44199999965 105924.84824999966 88 117
108222.46499999975 108368.80599999975 88 119
109539.53399999981 109672.15553124981 88 124
109832.21599999981 109978.55699999983 88 122
110563.92099999986 110710.26199999986 88 120
118250.56249999975 118343.4109648435 88 92
84036.10199999982 84193.99649999983 89 125
84351.89099999983 84509.78549999982 89 123
89088.72599999975 89246.62049999976 89 124
89404.51499999975 89562.40949999975 89 119
104183.44199999959 104333.44199999959 89 126
104483.4419999996 104633.4419999996 89 121
108954.16999999978 109086.7915312498 89 126
109246.8519999998 109393.1929999998 89 121
83404.52399999984 83562.41849999984 90 127
83720.31299999983 83878.20749999983 90 122
85930.8359999998 86088.7304999998 90 122
86246.6249999998 86404.51949999979 90 125
86720.3084999998 86878.20299999979 90 99
87036.09749999979 87132.31446093728 90 122
88457.14799999977 88615.04249999976 90 127
88772.93699999976 88930.83149999975 90 119
90983.45999999973 91141.35449999972 90 123
91299.24899999972 91457.14349999971 90 122
91772.93249999972 91930.82699999971 90 102
92088.72149999971 92184.9384609372 90 119
92878.1939999997 93036.08849999969 90 94
93509.77199999969 93825.56099999968 90 108
93825.56099999968 94141.34999999967 90 111
94141.34999999967 94299.24449999968 90 116
94457.13899999968 94615.03349999967 90 122
94772.92799999967 94930.82249999966 90 98
95088.71699999965 95404.50599999966 90 111
95404.50599999966 95547.59789062466 90 114
95562.40049999965 95720.29499999965 90 113
95720.29499999965 95878.18949999964 90 113
95878.18949999964 96036.08399999965 90 110
96036.08399999965 96193.97849999965 90 113
96193.97849999965 96351.87299999964 90 112
96351.87299999964 96509.76749999964 90 112
96667.66199999963 96825.55649999964 90 113
96825.55649999964 96983.45099999964 90 111
96983.45099999964 97141.34549999963 90 111
97299.23999999963 97930.81799999962 90 109
97930.81799999962 98088.71249999962 90 115
98562.39599999962 98878.1849999996 90 111
98878.1849999996 99193.9739999996 90 113
99193.9739999996 99351.8684999996 90 113
99509.7629999996 99667.6574999996 90 123
99825.55199999959 99983.44649999958 90 99
100141.34099999958 100457.12999999958 90 107
100457.12999999958 100600.22189062458 90 116
100615.02449999958 100772.91899999957 90 112
100772.91899999957 100930.81349999957 90 113
100930.81349999957 101088.70799999958 90 111
101088.70799999958 101246.60249999957 90 116
101246.60249999957 101404.49699999957 90 112
101404.49699999957 101562.39149999956 90 110
101720.28599999956 101878.18049999957 90 115
101878.18049999957 102036.07499999956 90 109
102036.07499999956 102193.96949999956 90 109
102351.86399999955 102983.44199999954 90 112
103583.44199999956 103733.44199999957 90 127
103883.44199999957 104033.44199999959 90 121
105983.44199999966 106133.44199999966 90 119
106283.44199999966 106433.44199999968 90 123
106733.44199999969 106883.44199999969 90 100
107033.44199999969 107124.8482499997 90 121
108368.80599999975 108515.14699999976 90 127
108661.48799999976 108807.82899999977 90 122
110710.26199999986 110853.11899999986 90 122
110995.97599999986 111135.51049999987 90 123
111275.04499999987 111411.40849999986 90 101
111547.77199999987 111684.13549999987 90 122
118365.94699999975 118481.33149999974 90 98
118596.71599999972 118712.10049999972 90 105
118942.8694999997 119035.71796484344 90 92
93036.08849999969 93193.98299999969 92 111
95562.40049999965 95720.29499999965 92 113
98088.71249999962 98246.60699999961 92 113
100615.02449999958 100772.91899999957 92 113
112445.27984374987 112556.15713671863 92 98
113368.35584374989 113479.23313671863 92 101
116137.58384374977 116248.46113671851 92 101
117060.65984374977 117171.53713671853 92 99
119829.88784374966 119940.76513671842 92 101
120752.96384374966 120863.8411367184 92 99
121676.03984374966 121786.91713671842 92 31
121883.37136718717 122017.68613671842 92 33
122114.14036718717 122248.4551367184 92 30
122519.78899999966 122575.67836718717 92 32
122575.67836718717 122671.23115624966 92 60
122806.44736718717 122940.7621367184 92 85
123037.21636718715 123171.5311367184 92 109
125368.34384374938 125479.22113671813 92 114
86562.41399999979 86720.3084999998 93 108
87193.99199999978 87825.56999999977 93 125
91615.03799999971 91772.93249999972 93 111
92246.6159999997 92878.1939999997 93 122
106583.44199999968 106733.44199999969 93 111
107183.4419999997 107783.44199999972 93 121
112486.74614843738 112574.18596484362 93 115
113409.82214843738 113497.26196484364 93 115
116179.05014843727 116266.48996484351 93 113
117102.12614843728 117189.56596484352 93 115
119871.35414843717 119958.79396484341 93 115
120794.43014843715 120881.8699648434 93 115
121717.50614843717 121804.94596484341 93 38
121948.27514843715 122035.71496484341 93 35
122179.04414843715 122266.4839648434 93 34
122561.25530468716 122633.37061718717 93 34
122640.58214843716 122728.02196484341 93 64
122871.35114843716 122958.7909648434 93 96
123102.12014843716 123189.5599648434 93 123
125409.81014843688 125497.24996484313 93 127
93193.98299999969 93351.87749999968 94 119
93667.66649999969 93794.72223046844 94 100
94299.24449999968 94457.13899999968 94 99
94457.13899999968 94615.03349999967 94 122
94930.82249999966 95088.71699999965 94 99
95720.29499999965 95878.18949999964 94 119
96193.97849999965 96351.87299999964 94 103
96825.55649999964 96983.45099999964 94 101
98246.60699999961 98404.5014999996 94 119
98720.29049999961 98847.34623046836 94 101
99351.8684999996 99509.7629999996 94 97
99509.7629999996 99667.6574999996 94 123
99983.44649999958 100141.34099999958 94 99
100772.91899999957 100930.81349999957 94 121
101246.60249999957 101404.49699999957 94 102
101878.18049999957 102036.07499999956 94 99
112556.15713671863 112710.30361718738 94 115
113479.23313671863 113633.37961718738 94 116
116248.46113671851 116402.60761718727 94 115
117171.53713671853 117325.68361718729 94 116
118827.48499999971 118942.8694999997 94 101
119058.2539999997 119173.63849999968 94 117
119940.76513671842 120189.5629648434 94 116
120863.8411367184 121017.98761718716 94 115
121786.91713671842 121883.37136718717 94 37
122017.68613671842 122114.14036718717 94 34
122248.4551367184 122402.60161718716 94 35
122630.66629296841 122709.9931367184 94 34
122709.9931367184 122806.44736718717 94 66
122940.7621367184 123037.21636718715 94 95
123171.5311367184 123325.67761718716 94 126
125479.22113671813 125633.36761718687 94 126
86404.51949999979 86500.73646093729 95 127
91457.14349999971 91553.36046093721 95 127
93351.87749999968 93448.09446093718 95 117
95878.18949999964 96036.08399999965 95 116
98404.5014999996 98500.7184609371 95 117
100930.81349999957 101088.70799999958 95 115
106433.44199999968 106524.84824999968 95 127
111135.51049999987 111275.04499999987 95 127
111684.13549999987 111820.49899999987 95 125
112596.72199999988 112827.49099999988 95 116
113519.79799999988 113750.5669999999 95 115
116289.02599999977 116519.79499999978 95 119
117212.10199999978 117442.87099999978 95 116
118712.10049999972 118804.94896484347 95 113
119289.02299999967 119728.02496484341 95 119
119981.32999999965 120212.09899999965 95 118
120904.40599999965 121135.17499999967 95 115
121827.48199999967 122058.25099999965 95 36
122058.25099999965 122289.01999999965 95 35
122289.01999999965 122519.78899999966 95 36
122671.23115624966 122750.55799999966 95 37
122750.55799999966 122981.32699999966 95 65
122981.32699999966 123212.09599999964 95 96
123212.09599999964 123904.40299999966 95 125
125519.78599999937 125750.55499999938 95 126
93509.77199999969 93667.66649999969 97 127
93825.56099999968 93983.45549999968 97 117
94772.92799999967 94928.35539843717 97 126
95088.71699999965 95246.61149999966 97 118
96036.08399999965 96193.97849999965 97 127
96351.87299999964 96509.76749999964 97 120
97299.23999999963 97615.02899999962 97 123
98562.39599999962 98720.29049999961 97 127
98878.1849999996 99036.0794999996 97 121
99825.55199999959 99980.97939843709 97 124
100141.34099999958 100299.23549999959 97 119
101088.70799999958 101246.60249999957 97 127
101404.49699999957 101562.39149999956 97 117
102351.86399999955 102667.65299999954 97 122
119173.63849999968 119266.48696484343 97 122
94141.34999999967 94296.77739843717 98 127
94457.13899999968 94615.03349999967 98 122
96667.66199999963 96825.55649999964 98 127
96983.45099999964 97141.34549999963 98 120
99193.9739999996 99349.4013984371 99 127
99509.7629999996 99667.6574999996 99 124
101720.28599999956 101878.18049999957 99 127
102036.07499999956 102193.96949999956 99 123
