13090.895999999993 13636.349999999993 34 95
52363.58400000016 52909.03800000017 34 95
61090.84800000024 61636.30200000024 34 95
104727.16800000075 105272.62200000075 34 95
113454.43200000084 113999.88600000086 34 95
141818.0400000012 142363.4940000012 34 95
150545.30400000128 151090.7580000013 34 95
159272.5680000014 159818.0220000014 34 95
167999.8320000015 168545.2860000015 34 95
17454.527999999988 17999.98199999999 36 95
56727.2160000002 57272.6700000002 36 95
65454.48000000027 65999.93400000028 36 95
109090.8000000008 109636.2540000008 36 95
117818.0640000009 118363.51800000091 36 95
146181.67200000124 146727.12600000124 36 95
154908.93600000135 155454.39000000135 36 95
163636.20000000144 164181.65400000146 36 95
172363.46400000155 173363.46400000155 36 95
10909.079999999996 11454.533999999996 38 95
50181.76800000014 50727.22200000015 38 95
58909.03200000022 59454.48600000022 38 95
102545.35200000071 103090.80600000072 38 95
111272.61600000082 111818.07000000084 38 95
139636.22400000115 140181.67800000118 38 95
148363.48800000126 148908.94200000126 38 95
157090.75200000138 157636.20600000137 38 95
165818.0160000015 166363.4700000015 38 95
6545.447999999999 7090.901999999999 41 95
13363.622999999994 13909.076999999992 41 95
14727.257999999993 15818.16599999999 41 95
23999.975999999984 24545.429999999982 41 95
32727.23999999998 33272.69399999999 41 95
43636.32000000008 44181.77400000009 41 95
52636.31100000016 53181.76500000017 41 95
53999.94600000018 55090.85400000019 41 95
61363.57500000024 61909.02900000024 41 95
62727.210000000254 63818.118000000264 41 95
71999.92800000035 72545.38200000036 41 95
80727.19200000046 81272.64600000046 41 95
91636.2720000006 92181.72600000059 41 95
100363.53600000069 100772.6265000007 41 95
104999.89500000075 105545.34900000076 41 95
106363.53000000077 107454.43800000078 41 95
113727.15900000086 114272.61300000086 41 95
115090.79400000087 116181.70200000088 41 95
142090.7670000012 142636.2210000012 41 95
143454.40200000122 144545.31000000122 41 95
150818.0310000013 151363.4850000013 41 95
152181.6660000013 153272.57400000133 41 95
159545.2950000014 160090.7490000014 41 95
160908.93000000142 161999.83800000144 41 95
168272.55900000152 168818.01300000152 41 95
169636.19400000153 170727.10200000153 41 95
17727.25499999999 18272.708999999988 43 95
19090.88999999999 19909.070999999985 43 95
56999.9430000002 57545.39700000021 43 95
58363.57800000022 59181.75900000022 43 95
65727.20700000027 66272.66100000028 43 95
67090.8420000003 67909.0230000003 43 95
109363.5270000008 109908.9810000008 43 95
110727.16200000081 111545.34300000082 43 95
118090.7910000009 118636.24500000091 43 95
119454.42600000092 120272.60700000093 43 95
146454.39900000126 146999.85300000125 43 95
147818.03400000127 148636.21500000128 43 95
155181.66300000134 155727.11700000137 43 95
156545.29800000138 157363.4790000014 43 95
163908.92700000145 164454.38100000145 43 95
165272.56200000146 166090.74300000147 43 95
172863.46400000155 173863.46400000155 43 95
175363.46400000155 180363.46400000155 43 95
11181.806999999995 11727.260999999995 45 95
12545.441999999994 13363.622999999994 45 95
50454.49500000014 50999.94900000015 45 95
51818.13000000016 52636.31100000016 45 95
59181.75900000022 59727.21300000023 45 95
60545.39400000023 61363.57500000024 45 95
102818.07900000073 103363.53300000072 45 95
104181.71400000073 104999.89500000075 45 95
111545.34300000082 112090.79700000084 45 95
112908.97800000085 113727.15900000086 45 95
133090.7760000011 133636.2300000011 45 95
135272.5920000011 135818.0460000011 45 95
137454.40800000113 137999.86200000116 45 95
139908.95100000117 140454.40500000116 45 95
141272.58600000117 142090.7670000012 45 95
148636.21500000128 149181.66900000127 45 95
149999.8500000013 150818.0310000013 45 95
157363.4790000014 157908.9330000014 45 95
158727.1140000014 159545.2950000014 45 95
166090.74300000147 166636.1970000015 45 95
167454.3780000015 168272.55900000152 45 95
4363.6320000000005 4909.086 46 95
13090.895999999993 13636.349999999993 46 95
13636.349999999993 14454.530999999992 46 95
14454.530999999992 14999.984999999991 46 95
21818.159999999985 22363.613999999983 46 95
30545.423999999977 31090.877999999975 46 95
37090.87200000002 37636.32600000002 46 95
45818.1360000001 46363.590000000106 46 95
52363.58400000016 52909.03800000017 46 95
52909.03800000017 53454.49200000017 46 95
53727.21900000018 54545.400000000176 46 95
61090.84800000024 61636.30200000024 46 95
61636.30200000024 62181.75600000025 46 95
62454.483000000255 63272.66400000025 46 95
69818.11200000033 70363.56600000033 46 95
78545.37600000043 79090.83000000044 46 95
85090.8240000005 85636.27800000052 46 95
93818.08800000061 94363.54200000063 46 95
104727.16800000075 105272.62200000075 46 95
105272.62200000075 105818.07600000076 46 95
106090.80300000076 106908.98400000077 46 95
113454.43200000084 113999.88600000086 46 95
113999.88600000086 114545.34000000087 46 95
114818.06700000087 115636.24800000088 46 95
119999.88000000092 120545.33400000093 46 95
128727.14400000103 129272.59800000105 46 95
141818.0400000012 142363.4940000012 46 95
142363.4940000012 142908.9480000012 46 95
143181.6750000012 143999.85600000122 46 95
150545.30400000128 151090.7580000013 46 95
151090.7580000013 151636.2120000013 46 95
151908.93900000132 152727.12000000133 46 95
159272.5680000014 159818.0220000014 46 95
159818.0220000014 160363.47600000142 46 95
160636.2030000014 161454.38400000142 46 95
167999.8320000015 168545.2860000015 46 95
168545.2860000015 169090.7400000015 46 95
169363.46700000152 170181.64800000153 46 95
6818.174999999999 7363.628999999999 48 95
8181.809999999999 9272.717999999997 48 95
15545.438999999991 16090.892999999991 48 95
16909.07399999999 17999.98199999999 48 95
17999.98199999999 18818.16299999999 48 95
18818.16299999999 19363.616999999987 48 95
24272.702999999983 24818.15699999998 48 95
25636.33799999998 26727.24599999998 48 95
32999.96699999998 33545.42099999999 48 95
34363.60199999999 35454.51000000001 48 95
39272.688000000046 39681.77850000005 48 95
43909.047000000086 44454.50100000009 48 95
45272.682000000095 46090.86300000011 48 95
47999.95200000013 48409.042500000134 48 95
54818.12700000018 55363.58100000019 48 95
56181.7620000002 57272.6700000002 48 95
57272.6700000002 57818.12400000021 48 95
58090.85100000021 58909.03200000022 48 95
63545.39100000026 64090.845000000256 48 95
64909.02600000027 65999.93400000028 48 95
65999.93400000028 66545.38800000028 48 95
66818.1150000003 67636.2960000003 48 95
72272.65500000036 72818.10900000036 48 95
73636.29000000037 74727.19800000038 48 95
80999.91900000046 81545.37300000047 48 95
82363.55400000047 83454.4620000005 48 95
87272.64000000054 87681.73050000054 48 95
91908.9990000006 92454.45300000059 48 95
93272.6340000006 94090.81500000061 48 95
95999.90400000064 96408.99450000064 48 95
100636.26300000069 101181.7170000007 48 95
101999.89800000071 102818.07900000073 48 95
107181.71100000078 107727.16500000078 48 95
108545.34600000079 109636.2540000008 48 95
109636.2540000008 110181.70800000081 48 95
110454.43500000081 111272.61600000082 48 95
115908.97500000088 116454.42900000089 48 95
117272.61000000089 118363.51800000091 48 95
118363.51800000091 118908.97200000091 48 95
119181.69900000092 119999.88000000092 48 95
122181.69600000096 122727.15000000095 48 95
127636.23600000102 128181.69000000102 48 95
130908.96000000105 131454.41400000107 48 95
144272.5830000012 144818.03700000123 48 95
145636.21800000124 146727.12600000124 48 95
146727.12600000124 147272.58000000127 48 95
147545.30700000125 148363.48800000126 48 95
152999.84700000132 153545.30100000132 48 95
154363.48200000133 155454.39000000135 48 95
155454.39000000135 155999.84400000135 48 95
156272.57100000136 157090.75200000138 48 95
161727.11100000143 162272.56500000143 48 95
163090.74600000144 164181.65400000146 48 95
164181.65400000146 164999.83500000148 48 95
164999.83500000148 165818.0160000015 48 95
170454.37500000154 170999.82900000154 48 95
171818.01000000155 173363.46400000155 48 95
173363.46400000155 174863.46400000155 48 95
174863.46400000155 176363.46400000155 48 47
2181.816 2727.2700000000004 50 95
10909.079999999996 11454.533999999996 50 95
11454.533999999996 12272.714999999995 50 95
12272.714999999995 13090.895999999993 50 95
13909.076999999992 14727.257999999993 50 95
19636.343999999986 20181.797999999988 50 95
28363.60799999998 28909.061999999976 50 95
41454.504000000066 41999.95800000007 50 95
50181.76800000014 50727.22200000015 50 95
50727.22200000015 51272.67600000015 50 95
51545.40300000016 52363.58400000016 50 95
53181.76500000017 53999.94600000018 50 95
58909.03200000022 59454.48600000022 50 95
59454.48600000022 59999.94000000023 50 95
60272.667000000234 61090.84800000024 50 95
61909.02900000024 62727.210000000254 50 95
67636.2960000003 68181.7500000003 50 95
76363.5600000004 76909.01400000042 50 95
89454.45600000056 89999.91000000057 50 95
98181.72000000067 98727.17400000067 50 95
102545.35200000071 103090.80600000072 50 95
103090.80600000072 103636.26000000074 50 95
103908.98700000074 104727.16800000075 50 95
105545.34900000076 106363.53000000077 50 95
111272.61600000082 111818.07000000084 50 95
111818.07000000084 112363.52400000083 50 95
112636.25100000083 113454.43200000084 50 95
114272.61300000086 115090.79400000087 50 95
124363.51200000098 124908.96600000099 50 95
139636.22400000115 140181.67800000118 50 95
140181.67800000118 140727.13200000118 50 95
140999.8590000012 141818.0400000012 50 95
142636.2210000012 143454.40200000122 50 95
148363.48800000126 148908.94200000126 50 95
148908.94200000126 149454.3960000013 50 95
149727.12300000127 150545.30400000128 50 95
151363.4850000013 152181.6660000013 50 95
157090.75200000138 157636.20600000137 50 95
157636.20600000137 158181.6600000014 50 95
158454.38700000138 159272.5680000014 50 95
160090.7490000014 160908.93000000142 50 95
165818.0160000015 166363.4700000015 50 95
166363.4700000015 166908.92400000148 50 95
167181.6510000015 167999.8320000015 50 95
168818.01300000152 169636.19400000153 50 95
18272.708999999988 19090.88999999999 52 95
57545.39700000021 58363.57800000022 52 95
66272.66100000028 67090.8420000003 52 95
109908.9810000008 110727.16200000081 52 95
118636.24500000091 119454.42600000092 52 95
125454.42000000099 125999.874000001 52 95
133363.5030000011 133908.9570000011 52 95
134454.4110000011 134999.8650000011 52 95
134999.8650000011 135545.31900000112 52 95
135545.31900000112 136090.77300000112 52 95
136636.22700000112 137181.68100000115 52 95
137181.68100000115 137727.13500000114 52 95
137727.13500000114 138818.04300000114 52 95
138818.04300000114 139363.49700000117 52 95
139363.49700000117 139908.95100000117 52 95
146999.85300000125 147818.03400000127 52 95
155727.11700000137 156545.29800000138 52 95
164454.38100000145 165272.56200000146 52 95
173863.46400000155 175363.46400000155 52 95
4636.359 5181.813 53 95
5999.994 6818.174999999999 53 95
7090.901999999999 7909.082999999999 53 95
7909.082999999999 8727.263999999997 53 95
11727.260999999995 12545.441999999994 53 95
13363.622999999994 13909.076999999992 53 95
14727.257999999993 15818.16599999999 53 95
15818.16599999999 16636.34699999999 53 95
16636.34699999999 17454.527999999988 53 95
22090.886999999984 22636.340999999982 53 95
23454.521999999983 24272.702999999983 53 95
24545.429999999982 25363.610999999983 53 95
25363.610999999983 25909.06499999998 53 95
30818.150999999976 31363.604999999974 53 95
32181.785999999975 32999.96699999998 53 95
33272.69399999999 34090.87499999999 53 95
34090.87499999999 34636.329 53 95
37363.599000000024 37909.05300000003 53 95
38727.23400000004 39545.41500000005 53 95
44181.77400000009 44999.95500000009 53 95
44999.95500000009 45545.4090000001 53 95
46090.86300000011 46636.31700000011 53 95
47454.49800000012 48272.679000000135 53 95
50999.94900000015 51818.13000000016 53 95
52636.31100000016 53181.76500000017 53 95
53999.94600000018 55090.85400000019 53 95
55090.85400000019 55636.308000000194 53 95
55909.03500000019 56727.2160000002 53 95
59727.21300000023 60545.39400000023 53 95
61363.57500000024 61909.02900000024 53 95
62727.210000000254 63818.118000000264 53 95
63818.118000000264 64363.57200000026 53 95
64636.29900000026 65454.48000000027 53 95
70090.83900000033 70636.29300000034 53 95
71454.47400000035 72272.65500000036 53 95
72545.38200000036 73363.56300000037 53 95
73363.56300000037 73909.01700000037 53 95
78818.10300000044 79363.55700000044 53 95
80181.73800000045 80999.91900000046 53 95
81272.64600000046 82090.82700000047 53 95
82090.82700000047 82909.00800000048 53 95
85363.55100000052 85909.00500000051 53 95
86727.18600000053 87545.36700000054 53 95
92181.72600000059 92999.9070000006 53 95
92999.9070000006 93545.36100000062 53 95
94090.81500000061 94636.26900000063 53 95
95454.45000000064 96272.63100000065 53 95
100363.53600000069 100772.6265000007 53 95
100908.9900000007 101727.17100000072 53 95
101727.17100000072 102545.35200000071 53 95
103363.53300000072 104181.71400000073 53 95
104999.89500000075 105545.34900000076 53 95
106363.53000000077 107454.43800000078 53 95
107454.43800000078 107999.89200000078 53 95
108272.61900000079 109090.8000000008 53 95
112090.79700000084 112908.97800000085 53 95
113727.15900000086 114272.61300000086 53 95
115090.79400000087 116181.70200000088 53 95
116181.70200000088 116727.15600000089 53 95
116999.88300000089 117818.0640000009 53 95
120272.60700000093 120818.06100000093 53 95
121636.24200000094 122454.42300000096 53 95
126545.32800000101 127090.78200000101 53 95
128999.87100000103 129545.32500000104 53 95
130363.50600000106 131181.68700000105 53 95
140454.40500000116 141272.58600000117 53 95
142090.7670000012 142636.2210000012 53 95
143454.40200000122 144545.31000000122 53 95
144545.31000000122 145090.76400000122 53 95
145363.49100000123 146181.67200000124 53 95
149181.66900000127 149999.8500000013 53 95
150818.0310000013 151363.4850000013 53 95
152181.6660000013 153272.57400000133 53 95
153272.57400000133 153818.02800000133 53 95
154090.75500000134 154908.93600000135 53 95
157908.9330000014 158727.1140000014 53 95
159545.2950000014 160090.7490000014 53 95
160908.93000000142 161999.83800000144 53 95
161999.83800000144 162545.29200000144 53 95
162818.01900000146 163363.47300000145 53 95
166636.1970000015 167454.3780000015 53 95
168272.55900000152 168818.01300000152 53 95
169636.19400000153 170727.10200000153 53 95
170727.10200000153 171272.55600000155 53 95
171545.28300000154 172090.73700000157 53 95
8999.990999999998 9545.444999999998 55 95
10363.625999999997 11181.806999999995 55 95
17727.25499999999 18272.708999999988 55 95
19090.88999999999 19909.070999999985 55 95
26454.51899999998 26999.97299999998 55 95
27818.153999999977 28636.334999999977 55 95
35181.783 35727.23700000001 55 95
36545.41800000001 37363.599000000024 55 95
39545.41500000005 40090.86900000006 55 95
40909.050000000054 41727.231000000065 55 95
48272.679000000135 48818.13300000014 55 95
49636.314000000144 50454.49500000014 55 95
56999.9430000002 57545.39700000021 55 95
58363.57800000022 59181.75900000022 55 95
65727.20700000027 66272.66100000028 55 95
67090.8420000003 67909.0230000003 55 95
74454.47100000038 74999.92500000038 55 95
75818.10600000039 76636.2870000004 55 95
83181.73500000048 83727.1890000005 55 95
84545.3700000005 85363.55100000052 55 95
87545.36700000054 88090.82100000055 55 95
88909.00200000056 89727.18300000057 55 95
96272.63100000065 96818.08500000065 55 95
97636.26600000066 98454.44700000067 55 95
109363.5270000008 109908.9810000008 55 95
110727.16200000081 111545.34300000082 55 95
118090.7910000009 118636.24500000091 55 95
119454.42600000092 120272.60700000093 55 95
122454.42300000096 122999.87700000097 55 95
123818.05800000098 124636.23900000099 55 95
127908.96300000102 128454.41700000103 55 95
128454.41700000103 128999.87100000103 55 95
131181.68700000105 131727.14100000108 55 95
132545.3220000011 133363.5030000011 55 95
146454.39900000126 146999.85300000125 55 95
147818.03400000127 148636.21500000128 55 95
155181.66300000134 155727.11700000137 55 95
156545.29800000138 157363.4790000014 55 95
163908.92700000145 164454.38100000145 55 95
165272.56200000146 166090.74300000147 55 95
172863.46400000155 173863.46400000155 55 95
175363.46400000155 180363.46400000155 55 95
2454.543 2999.9970000000003 57 95
3818.1780000000003 4636.359 57 95
7363.628999999999 8181.809999999999 57 95
11181.806999999995 11727.260999999995 57 95
12545.441999999994 13363.622999999994 57 95
16090.892999999991 16909.07399999999 57 95
19909.070999999985 20454.524999999987 57 95
21272.705999999984 22090.886999999984 57 95
24818.15699999998 25636.33799999998 57 95
28636.334999999977 29181.78899999998 57 95
29999.969999999976 30818.150999999976 57 95
33545.42099999999 34363.60199999999 57 95
41727.231000000065 42272.68500000007 57 95
43090.866000000075 43909.047000000086 57 95
44454.50100000009 45272.682000000095 57 95
50454.49500000014 50999.94900000015 57 95
51818.13000000016 52636.31100000016 57 95
55363.58100000019 56181.7620000002 57 95
59181.75900000022 59727.21300000023 57 95
60545.39400000023 61363.57500000024 57 95
64090.845000000256 64909.02600000027 57 95
67909.0230000003 68454.4770000003 57 95
69272.65800000032 70090.83900000033 57 95
72818.10900000036 73636.29000000037 57 95
76636.2870000004 77181.74100000042 57 95
77999.92200000043 78818.10300000044 57 95
81545.37300000047 82363.55400000047 57 95
89727.18300000057 90272.63700000057 57 95
91090.81800000058 91908.9990000006 57 95
92454.45300000059 93272.6340000006 57 95
98454.44700000067 98999.90100000068 57 95
99818.0820000007 100636.26300000069 57 95
101181.7170000007 101999.89800000071 57 95
102818.07900000073 103363.53300000072 57 95
104181.71400000073 104999.89500000075 57 95
107727.16500000078 108545.34600000079 57 95
111545.34300000082 112090.79700000084 57 95
112908.97800000085 113727.15900000086 57 95
116454.42900000089 117272.61000000089 57 95
124636.23900000099 125181.69300000099 57 95
125181.69300000099 125727.147000001 57 95
133636.2300000011 134727.1380000011 57 95
134727.1380000011 135272.5920000011 57 95
135818.0460000011 136908.95400000113 57 95
136908.95400000113 137454.40800000113 57 95
137999.86200000116 139090.77000000115 57 95
139090.77000000115 139636.22400000115 57 95
139908.95100000117 140454.40500000116 57 95
141272.58600000117 142090.7670000012 57 95
144818.03700000123 145636.21800000124 57 95
148636.21500000128 149181.66900000127 57 95
149999.8500000013 150818.0310000013 57 95
153545.30100000132 154363.48200000133 57 95
157363.4790000014 157908.9330000014 57 95
158727.1140000014 159545.2950000014 57 95
162272.56500000143 163090.74600000144 57 95
166090.74300000147 166636.1970000015 57 95
167454.3780000015 168272.55900000152 57 95
170999.82900000154 171818.01000000155 57 95
4909.086 5727.267000000001 58 95
5727.267000000001 6272.721 58 95
13636.349999999993 14454.530999999992 58 95
14454.530999999992 14999.984999999991 58 95
22363.613999999983 23181.794999999984 58 95
23181.794999999984 23727.24899999998 58 95
31090.877999999975 31909.058999999976 58 95
31909.058999999976 32454.512999999977 58 95
37636.32600000002 38045.41650000003 58 95
38454.507000000034 38863.59750000004 58 95
46363.590000000106 46772.68050000011 58 95
47181.77100000012 47590.86150000012 58 95
52909.03800000017 53454.49200000017 58 95
53727.21900000018 54545.400000000176 58 95
61636.30200000024 62181.75600000025 58 95
62454.483000000255 63272.66400000025 58 95
70363.56600000033 71181.74700000034 58 95
71181.74700000034 71999.92800000035 58 95
79090.83000000044 79909.01100000045 58 95
79909.01100000045 80454.46500000045 58 95
85636.27800000052 86045.36850000052 58 95
86454.45900000053 86863.54950000053 58 95
94363.54200000063 94772.63250000063 58 95
95181.72300000062 95590.81350000063 58 95
105272.62200000075 105818.07600000076 58 95
106090.80300000076 106908.98400000077 58 95
113999.88600000086 114545.34000000087 58 95
114818.06700000087 115636.24800000088 58 95
120545.33400000093 121363.51500000095 58 95
121363.51500000095 121908.96900000096 58 95
129272.59800000105 130090.77900000104 58 95
130090.77900000104 130636.23300000106 58 95
142363.4940000012 142908.9480000012 58 95
143181.6750000012 143999.85600000122 58 95
151090.7580000013 151636.2120000013 58 95
151908.93900000132 152727.12000000133 58 95
159818.0220000014 160363.47600000142 58 95
160636.2030000014 161454.38400000142 58 95
168545.2860000015 169090.7400000015 58 95
169363.46700000152 170181.64800000153 58 95
9272.717999999997 10090.898999999998 60 95
10090.898999999998 10636.352999999996 60 95
15545.438999999991 16090.892999999991 60 95
16909.07399999999 17727.25499999999 60 95
17999.98199999999 18818.16299999999 60 95
18818.16299999999 19363.616999999987 60 95
26727.24599999998 27545.426999999978 60 95
27545.426999999978 28363.60799999998 60 95
35454.51000000001 36272.691000000006 60 95
36272.691000000006 36818.14500000002 60 95
39818.14200000005 40636.323000000055 60 95
40636.323000000055 41181.77700000006 60 95
48545.406000000134 49363.58700000014 60 95
49363.58700000014 50181.76800000014 60 95
51818.13000000016 52636.31100000016 60 95
54545.400000000176 55363.58100000019 60 95
56181.7620000002 56999.9430000002 60 95
57272.6700000002 57818.12400000021 60 95
58090.85100000021 58909.03200000022 60 95
60545.39400000023 61363.57500000024 60 95
63272.66400000025 64090.845000000256 60 95
64909.02600000027 65727.20700000027 60 95
65999.93400000028 66545.38800000028 60 95
66818.1150000003 67636.2960000003 60 95
74727.19800000038 75545.3790000004 60 95
75545.3790000004 76090.8330000004 60 95
83454.4620000005 84272.6430000005 60 95
84272.6430000005 84818.0970000005 60 95
87818.09400000054 88636.27500000055 60 95
88636.27500000055 89181.72900000056 60 95
96545.35800000065 97363.53900000066 60 95
97363.53900000066 97908.99300000066 60 95
100636.26300000069 101181.7170000007 60 95
101999.89800000071 102818.07900000073 60 95
104181.71400000073 104999.89500000075 60 95
106908.98400000077 107727.16500000078 60 95
108545.34600000079 109363.5270000008 60 95
109636.2540000008 110181.70800000081 60 95
110454.43500000081 111272.61600000082 60 95
112908.97800000085 113727.15900000086 60 95
115636.24800000088 116454.42900000089 60 95
117272.61000000089 118090.7910000009 60 95
118363.51800000091 118908.97200000091 60 95
119181.69900000092 119999.88000000092 60 95
122727.15000000095 123545.33100000097 60 95
123545.33100000097 124363.51200000098 60 95
125727.147000001 126272.601000001 60 95
126272.601000001 126818.05500000101 60 95
126818.05500000101 127363.50900000101 60 95
127363.50900000101 127908.96300000102 60 95
128181.69000000102 128727.14400000103 60 95
131454.41400000107 132272.59500000108 60 95
132272.59500000108 132818.04900000108 60 95
138818.04300000114 139908.95100000117 60 95
141272.58600000117 142090.7670000012 60 95
143999.85600000122 144818.03700000123 60 95
145636.21800000124 146454.39900000126 60 95
146727.12600000124 147272.58000000127 60 95
147545.30700000125 148363.48800000126 60 95
149999.8500000013 150818.0310000013 60 95
152727.12000000133 153545.30100000132 60 95
154363.48200000133 155181.66300000134 60 95
155454.39000000135 155999.84400000135 60 95
156272.57100000136 157090.75200000138 60 95
158727.1140000014 159545.2950000014 60 95
161454.38400000142 162272.56500000143 60 95
163090.74600000144 163908.92700000145 60 95
164181.65400000146 164999.83500000148 60 95
164999.83500000148 165818.0160000015 60 95
167454.3780000015 168272.55900000152 60 95
170181.64800000153 170999.82900000154 60 95
171818.01000000155 172863.46400000155 60 95
173363.46400000155 174863.46400000155 60 95
174863.46400000155 176363.46400000155 60 47
2727.2700000000004 3545.4510000000005 62 95
3545.4510000000005 4363.6320000000005 62 95
5181.813 5999.994 62 95
11454.533999999996 12272.714999999995 62 95
12272.714999999995 13090.895999999993 62 95
13909.076999999992 14727.257999999993 62 95
20181.797999999988 20727.251999999986 62 95
20999.978999999985 21545.432999999986 62 95
22636.340999999982 23454.521999999983 62 95
28909.061999999976 29454.515999999978 62 95
29727.242999999977 30272.696999999975 62 95
31363.604999999974 32181.785999999975 62 95
37909.05300000003 38590.870500000034 62 95
41999.95800000007 42818.139000000076 62 95
42818.139000000076 43363.59300000008 62 95
46636.31700000011 47318.13450000012 62 95
50181.76800000014 51272.67600000015 62 95
51272.67600000015 52363.58400000016 62 95
52363.58400000016 53999.94600000018 62 95
55090.85400000019 56727.2160000002 62 95
56727.2160000002 58909.03200000022 62 95
58909.03200000022 59999.94000000023 62 95
59999.94000000023 61090.84800000024 62 95
61090.84800000024 62727.210000000254 62 95
63818.118000000264 65454.48000000027 62 95
65454.48000000027 67636.2960000003 62 95
67636.2960000003 68727.20400000032 62 95
68999.93100000032 69545.38500000033 62 95
70636.29300000034 71454.47400000035 62 95
76909.01400000042 77454.46800000042 62 95
77727.19500000041 78272.64900000043 62 95
79363.55700000044 80181.73800000045 62 95
85909.00500000051 86590.82250000053 62 95
89999.91000000057 90818.09100000058 62 95
90818.09100000058 91363.54500000058 62 95
94636.26900000063 95318.08650000063 62 95
98727.17400000067 99545.35500000068 62 95
99545.35500000068 100090.80900000069 62 95
102545.35200000071 103636.26000000074 62 95
103636.26000000074 104727.16800000075 62 95
104727.16800000075 106363.53000000077 62 95
107454.43800000078 109090.8000000008 62 95
109090.8000000008 111272.61600000082 62 95
111272.61600000082 112363.52400000083 62 95
112363.52400000083 113454.43200000084 62 95
113454.43200000084 115090.79400000087 62 95
116181.70200000088 117818.0640000009 62 95
117818.0640000009 119999.88000000092 62 95
119999.88000000092 121636.24200000094 62 95
123545.33100000097 124363.51200000098 62 95
124908.96600000099 125454.42000000099 62 95
128727.14400000103 130363.50600000106 62 95
132818.04900000108 133363.5030000011 62 95
134454.4110000011 134999.8650000011 62 95
134999.8650000011 135545.31900000112 62 95
137999.86200000116 139090.77000000115 62 95
139636.22400000115 140727.13200000118 62 95
140727.13200000118 141818.0400000012 62 95
141818.0400000012 143454.40200000122 62 95
144545.31000000122 146181.67200000124 62 95
146181.67200000124 148363.48800000126 62 95
148363.48800000126 149454.3960000013 62 95
149454.3960000013 150545.30400000128 62 95
150545.30400000128 152181.6660000013 62 95
153272.57400000133 154908.93600000135 62 95
154908.93600000135 157090.75200000138 62 95
157090.75200000138 158181.6600000014 62 95
158181.6600000014 159272.5680000014 62 95
159272.5680000014 160908.93000000142 62 95
165818.0160000015 166908.92400000148 62 95
166908.92400000148 167999.8320000015 62 95
167999.8320000015 169636.19400000153 62 95
9545.444999999998 10363.625999999997 64 95
18272.708999999988 19090.88999999999 64 95
26999.97299999998 27818.153999999977 64 95
35727.23700000001 36545.41800000001 64 95
40090.86900000006 40909.050000000054 64 95
48818.13300000014 49636.314000000144 64 95
53999.94600000018 54818.12700000018 64 95
57545.39700000021 58363.57800000022 64 95
62727.210000000254 63545.39100000026 64 95
66272.66100000028 67090.8420000003 64 95
74999.92500000038 75818.10600000039 64 95
83727.1890000005 84545.3700000005 64 95
88090.82100000055 88909.00200000056 64 95
96818.08500000065 97636.26600000066 64 95
100772.6265000007 101727.17100000072 64 95
101999.89800000071 102818.07900000073 64 95
106363.53000000077 107181.71100000078 64 95
109908.9810000008 110727.16200000081 64 95
115090.79400000087 115908.97500000088 64 95
118636.24500000091 119454.42600000092 64 95
121908.96900000096 123818.05800000098 64 95
123818.05800000098 124636.23900000099 64 95
125454.42000000099 126818.05500000101 64 95
127636.23600000102 128999.87100000103 64 95
130636.23300000106 132545.3220000011 64 95
132545.3220000011 133090.7760000011 64 95
133090.7760000011 134727.1380000011 64 95
134727.1380000011 135272.5920000011 64 95
135272.5920000011 137181.68100000115 64 95
137181.68100000115 138818.04300000114 64 95
143454.40200000122 144272.5830000012 64 95
146999.85300000125 147818.03400000127 64 95
152181.6660000013 152999.84700000132 64 95
155727.11700000137 156545.29800000138 64 95
160908.93000000142 161727.11100000143 64 95
164454.38100000145 165272.56200000146 64 95
169636.19400000153 170454.37500000154 64 95
173863.46400000155 175363.46400000155 64 95
2999.9970000000003 3818.1780000000003 65 95
11727.260999999995 12545.441999999994 65 95
15818.16599999999 16636.34699999999 65 95
16636.34699999999 17454.527999999988 65 95
20454.524999999987 21272.705999999984 65 95
29181.78899999998 29999.969999999976 65 95
42272.68500000007 43090.866000000075 65 95
50999.94900000015 51818.13000000016 65 95
55090.85400000019 55636.308000000194 65 95
55909.03500000019 56727.2160000002 65 95
59727.21300000023 60545.39400000023 65 95
63818.118000000264 64363.57200000026 65 95
64636.29900000026 65454.48000000027 65 95
68454.4770000003 69272.65800000032 65 95
77181.74100000042 77999.92200000043 65 95
90272.63700000057 91090.81800000058 65 95
98999.90100000068 99818.0820000007 65 95
100363.53600000069 100908.9900000007 65 95
100908.9900000007 101727.17100000072 65 95
101727.17100000072 102545.35200000071 65 95
103363.53300000072 104181.71400000073 65 95
107454.43800000078 107999.89200000078 65 95
108272.61900000079 109090.8000000008 65 95
112090.79700000084 112908.97800000085 65 95
116181.70200000088 116727.15600000089 65 95
116999.88300000089 117818.0640000009 65 95
121636.24200000094 122181.69600000096 65 95
124363.51200000098 125727.147000001 65 95
125999.874000001 126545.32800000101 65 95
126545.32800000101 127636.23600000102 65 95
130363.50600000106 130908.96000000105 65 95
136908.95400000113 137454.40800000113 65 95
140454.40500000116 141272.58600000117 65 95
144545.31000000122 145090.76400000122 65 95
145363.49100000123 146181.67200000124 65 95
149181.66900000127 149999.8500000013 65 95
153272.57400000133 153818.02800000133 65 95
154090.75500000134 154908.93600000135 65 95
157908.9330000014 158727.1140000014 65 95
161999.83800000144 162545.29200000144 65 95
162818.01900000146 163363.47300000145 65 95
166636.1970000015 167454.3780000015 65 95
170727.10200000153 171272.55600000155 65 95
171545.28300000154 172090.73700000157 65 95
10090.898999999998 10636.352999999996 69 95
10636.352999999996 11181.806999999995 69 95
14454.530999999992 14999.984999999991 69 95
14999.984999999991 15545.438999999991 69 95
16090.892999999991 16909.07399999999 69 95
18818.16299999999 19363.616999999987 69 95
19363.616999999987 19909.070999999985 69 95
55363.58100000019 56181.7620000002 69 95
64090.845000000256 64909.02600000027 69 95
101181.7170000007 101999.89800000071 69 95
107727.16500000078 108545.34600000079 69 95
116454.42900000089 117272.61000000089 69 95
144818.03700000123 145636.21800000124 69 95
153545.30100000132 154363.48200000133 69 95
162272.56500000143 163090.74600000144 69 95
170999.82900000154 171818.01000000155 69 95
10363.625999999997 10909.079999999996 72 95
14727.257999999993 15272.711999999992 72 95
16909.07399999999 17727.25499999999 72 95
19090.88999999999 19636.343999999986 72 95
23727.24899999998 24272.702999999983 72 95
25909.06499999998 26454.51899999998 72 95
32454.512999999977 32999.96699999998 72 95
34636.329 35181.783 72 95
51818.13000000016 52636.31100000016 72 95
54545.400000000176 55363.58100000019 72 95
56181.7620000002 56999.9430000002 72 95
58363.57800000022 59181.75900000022 72 95
60545.39400000023 61363.57500000024 72 95
63272.66400000025 64090.845000000256 72 95
64909.02600000027 65727.20700000027 72 95
67090.8420000003 67909.0230000003 72 95
80454.46500000045 80999.91900000046 72 95
104181.71400000073 104999.89500000075 72 95
106908.98400000077 107727.16500000078 72 95
108545.34600000079 109363.5270000008 72 95
110727.16200000081 111545.34300000082 72 95
112908.97800000085 113727.15900000086 72 95
115636.24800000088 116454.42900000089 72 95
117272.61000000089 118090.7910000009 72 95
119454.42600000092 120272.60700000093 72 95
138818.04300000114 139908.95100000117 72 95
141272.58600000117 142090.7670000012 72 95
143999.85600000122 144818.03700000123 72 95
145636.21800000124 146454.39900000126 72 95
147818.03400000127 148636.21500000128 72 95
149999.8500000013 150818.0310000013 72 95
152727.12000000133 153545.30100000132 72 95
154363.48200000133 155181.66300000134 72 95
156545.29800000138 157363.4790000014 72 95
158727.1140000014 159545.2950000014 72 95
161454.38400000142 162272.56500000143 72 95
167454.3780000015 168272.55900000152 72 95
170181.64800000153 170999.82900000154 72 95
10909.079999999996 12272.714999999995 74 95
19636.343999999986 20454.524999999987 74 95
37636.32600000002 41181.77700000006 74 95
46363.590000000106 52363.58400000016 74 95
52363.58400000016 54545.400000000176 74 95
55090.85400000019 56727.2160000002 74 95
56727.2160000002 58909.03200000022 74 95
58909.03200000022 61090.84800000024 74 95
61090.84800000024 63272.66400000025 74 95
63818.118000000264 65454.48000000027 74 95
65454.48000000027 67636.2960000003 74 95
67636.2960000003 68454.4770000003 74 95
85636.27800000052 89181.72900000056 74 95
94363.54200000063 97636.26600000066 74 95
102545.35200000071 104727.16800000075 74 95
104727.16800000075 106908.98400000077 74 95
107454.43800000078 109090.8000000008 74 95
109090.8000000008 111272.61600000082 74 95
111272.61600000082 113454.43200000084 74 95
113454.43200000084 115636.24800000088 74 95
116181.70200000088 117818.0640000009 74 95
117818.0640000009 119999.88000000092 74 95
119999.88000000092 121908.96900000096 74 95
123545.33100000097 124363.51200000098 74 95
128727.14400000103 130636.23300000106 74 95
132818.04900000108 133363.5030000011 74 95
134454.4110000011 134999.8650000011 74 95
134999.8650000011 135545.31900000112 74 95
137999.86200000116 139090.77000000115 74 95
139636.22400000115 141818.0400000012 74 95
141818.0400000012 143999.85600000122 74 95
144545.31000000122 146181.67200000124 74 95
146181.67200000124 148363.48800000126 74 95
148363.48800000126 150545.30400000128 74 95
150545.30400000128 152727.12000000133 74 95
153272.57400000133 154908.93600000135 74 95
154908.93600000135 157090.75200000138 74 95
157090.75200000138 159272.5680000014 74 95
159272.5680000014 161454.38400000142 74 95
165818.0160000015 167999.8320000015 74 95
167999.8320000015 170181.64800000153 74 95
12545.441999999994 13909.076999999992 76 95
16090.892999999991 17454.527999999988 76 95
53999.94600000018 54818.12700000018 76 95
62727.210000000254 63545.39100000026 76 95
100772.6265000007 101727.17100000072 76 95
101999.89800000071 102818.07900000073 76 95
106363.53000000077 107181.71100000078 76 95
115090.79400000087 115908.97500000088 76 95
121908.96900000096 123818.05800000098 76 95
123818.05800000098 124636.23900000099 76 95
125454.42000000099 126818.05500000101 76 95
127636.23600000102 128999.87100000103 76 95
130636.23300000106 133090.7760000011 76 95
133090.7760000011 134727.1380000011 76 95
134727.1380000011 135272.5920000011 76 95
135272.5920000011 137181.68100000115 76 95
137181.68100000115 138818.04300000114 76 95
143454.40200000122 144272.5830000012 76 95
152181.6660000013 152999.84700000132 76 95
160908.93000000142 161727.11100000143 76 95
169636.19400000153 170454.37500000154 76 95
175363.46400000155 180363.46400000155 76 95
11727.260999999995 13090.895999999993 77 95
15272.711999999992 16636.34699999999 77 95
22636.340999999982 23454.521999999983 77 95
24818.15699999998 25636.33799999998 77 95
26999.97299999998 27818.153999999977 77 95
31363.604999999974 32181.785999999975 77 95
33545.42099999999 34363.60199999999 77 95
35727.23700000001 36545.41800000001 77 95
76636.2870000004 77181.74100000042 77 95
79363.55700000044 80181.73800000045 77 95
81545.37300000047 83181.73500000048 77 95
83727.1890000005 84545.3700000005 77 95
100363.53600000069 100908.9900000007 77 95
101181.7170000007 102545.35200000071 77 95
121636.24200000094 122181.69600000096 77 95
124363.51200000098 125727.147000001 77 95
126545.32800000101 127908.96300000102 77 95
130363.50600000106 130908.96000000105 77 95
136908.95400000113 137454.40800000113 77 95
164454.38100000145 166090.74300000147 77 95
173863.46400000155 176363.46400000155 77 95
22363.613999999983 23181.794999999984 79 95
24545.429999999982 25363.610999999983 79 95
25363.610999999983 26181.79199999998 79 95
26727.24599999998 27545.426999999978 79 95
27545.426999999978 28636.334999999977 79 95
31090.877999999975 31909.058999999976 79 95
33272.69399999999 34090.87499999999 79 95
34090.87499999999 34909.056 79 95
35181.783 36272.691000000006 79 95
36272.691000000006 37090.87200000002 79 95
74999.92500000038 75818.10600000039 79 95
79090.83000000044 79909.01100000045 79 95
81272.64600000046 82090.82700000047 79 95
83181.73500000048 84272.6430000005 79 95
84272.6430000005 85090.8240000005 79 95
164181.65400000146 164999.83500000148 79 95
173363.46400000155 174863.46400000155 79 95
1363.6350000000002 1909.089 81 95
1909.089 2454.543 81 95
5727.267000000001 6272.721 81 95
6272.721 6818.174999999999 81 95
10090.898999999998 10636.352999999996 81 95
10636.352999999996 11181.806999999995 81 95
14454.530999999992 14999.984999999991 81 95
14999.984999999991 15545.438999999991 81 95
18818.16299999999 19363.616999999987 81 95
19363.616999999987 19909.070999999985 81 95
20181.797999999988 21545.432999999986 81 95
21545.432999999986 22636.340999999982 81 95
23999.975999999984 24818.15699999998 81 95
26181.79199999998 26999.97299999998 81 95
28909.061999999976 30272.696999999975 81 95
30272.696999999975 31363.604999999974 81 95
32727.23999999998 33545.42099999999 81 95
34909.056 35454.51000000001 81 95
36818.14500000002 37909.05300000003 81 95
40909.050000000054 41727.231000000065 81 95
42272.68500000007 43909.047000000086 81 95
44454.50100000009 45272.682000000095 81 95
73363.56300000037 74454.47100000038 81 95
74454.47100000038 75545.3790000004 81 95
75545.3790000004 76909.01400000042 81 95
76909.01400000042 78272.64900000043 81 95
78272.64900000043 79363.55700000044 81 95
80727.19200000046 81545.37300000047 81 95
82909.00800000048 83454.4620000005 81 95
84818.0970000005 85909.00500000051 81 95
88909.00200000056 89727.18300000057 81 95
90272.63700000057 91908.9990000006 81 95
92454.45300000059 93272.6340000006 81 95
97363.53900000066 98454.44700000067 81 95
98999.90100000068 100636.26300000069 81 95
161999.83800000144 163363.47300000145 81 95
163363.47300000145 164454.38100000145 81 95
170727.10200000153 172090.73700000157 81 95
172090.73700000157 173863.46400000155 81 95
21272.705999999984 21818.159999999985 82 95
29999.969999999976 30545.423999999977 82 95
44999.95500000009 45818.1360000001 82 95
74181.74400000038 74727.19800000038 82 95
77999.92200000043 78545.37600000043 82 95
92999.9070000006 93818.08800000061 82 95
163090.74600000144 163636.20000000144 82 95
171818.01000000155 172363.46400000155 82 95
1636.362 2181.816 84 95
5999.994 6545.447999999999 84 95
8181.809999999999 9545.444999999998 84 95
10363.625999999997 10909.079999999996 84 95
14727.257999999993 15272.711999999992 84 95
16909.07399999999 18272.708999999988 84 95
19090.88999999999 19636.343999999986 84 95
41999.95800000007 42818.139000000076 84 95
44181.77400000009 44999.95500000009 84 95
45545.4090000001 46636.31700000011 84 95
51818.13000000016 52636.31100000016 84 95
54545.400000000176 55363.58100000019 84 95
56181.7620000002 56999.9430000002 84 95
58363.57800000022 59181.75900000022 84 95
60545.39400000023 61363.57500000024 84 95
63272.66400000025 64090.845000000256 84 95
64909.02600000027 65727.20700000027 84 95
67090.8420000003 67909.0230000003 84 95
69272.65800000032 69818.11200000033 84 95
70090.83900000033 72272.65500000036 84 95
72272.65500000036 73636.29000000037 84 95
89999.91000000057 90818.09100000058 84 95
92181.72600000059 92999.9070000006 84 95
93545.36100000062 94636.26900000063 84 95
98727.17400000067 99545.35500000068 84 95
104181.71400000073 104999.89500000075 84 95
106908.98400000077 107727.16500000078 84 95
108545.34600000079 109363.5270000008 84 95
110727.16200000081 111545.34300000082 84 95
112908.97800000085 113727.15900000086 84 95
115636.24800000088 116454.42900000089 84 95
117272.61000000089 118090.7910000009 84 95
119454.42600000092 120272.60700000093 84 95
138818.04300000114 139908.95100000117 84 95
141272.58600000117 142090.7670000012 84 95
143999.85600000122 144818.03700000123 84 95
145636.21800000124 146454.39900000126 84 95
147818.03400000127 148636.21500000128 84 95
149999.8500000013 150818.0310000013 84 95
152727.12000000133 153545.30100000132 84 95
154363.48200000133 155181.66300000134 84 95
156545.29800000138 157363.4790000014 84 95
158727.1140000014 159545.2950000014 84 95
161454.38400000142 162272.56500000143 84 95
167454.3780000015 168272.55900000152 84 95
170181.64800000153 170999.82900000154 84 95
2181.816 3545.4510000000005 86 95
10909.079999999996 12272.714999999995 86 95
19636.343999999986 20454.524999999987 86 95
41454.504000000066 42272.68500000007 86 95
43636.32000000008 44454.50100000009 86 95
50181.76800000014 52363.58400000016 86 95
52363.58400000016 54545.400000000176 86 95
55090.85400000019 56727.2160000002 86 95
56727.2160000002 58909.03200000022 86 95
58909.03200000022 61090.84800000024 86 95
61090.84800000024 63272.66400000025 86 95
63818.118000000264 65454.48000000027 86 95
65454.48000000027 67636.2960000003 86 95
67636.2960000003 69545.38500000033 86 95
69545.38500000033 70363.56600000033 86 95
71999.92800000035 72545.38200000036 86 95
89454.45600000056 90272.63700000057 86 95
91636.2720000006 92454.45300000059 86 95
98181.72000000067 98999.90100000068 86 95
102545.35200000071 104727.16800000075 86 95
104727.16800000075 106908.98400000077 86 95
107454.43800000078 109090.8000000008 86 95
109090.8000000008 111272.61600000082 86 95
111272.61600000082 113454.43200000084 86 95
113454.43200000084 115636.24800000088 86 95
116181.70200000088 117818.0640000009 86 95
117818.0640000009 119999.88000000092 86 95
119999.88000000092 121908.96900000096 86 95
123545.33100000097 124363.51200000098 86 95
128727.14400000103 130636.23300000106 86 95
132818.04900000108 133363.5030000011 86 95
134454.4110000011 134999.8650000011 86 95
134999.8650000011 135545.31900000112 86 95
137999.86200000116 139090.77000000115 86 95
139636.22400000115 141818.0400000012 86 95
141818.0400000012 143999.85600000122 86 95
144545.31000000122 146181.67200000124 86 95
146181.67200000124 148363.48800000126 86 95
148363.48800000126 150545.30400000128 86 95
150545.30400000128 152727.12000000133 86 95
153272.57400000133 154908.93600000135 86 95
154908.93600000135 157090.75200000138 86 95
157090.75200000138 159272.5680000014 86 95
159272.5680000014 161454.38400000142 86 95
165818.0160000015 167999.8320000015 86 95
167999.8320000015 170181.64800000153 86 95
3818.1780000000003 5181.813 88 95
7363.628999999999 8727.263999999997 88 95
12545.441999999994 13363.622999999994 88 95
16090.892999999991 17454.527999999988 88 95
53999.94600000018 54818.12700000018 88 95
62727.210000000254 63545.39100000026 88 95
100772.6265000007 101727.17100000072 88 95
101999.89800000071 102818.07900000073 88 95
106363.53000000077 107181.71100000078 88 95
115090.79400000087 115908.97500000088 88 95
121908.96900000096 123818.05800000098 88 95
123818.05800000098 124636.23900000099 88 95
125454.42000000099 126818.05500000101 88 95
127636.23600000102 128999.87100000103 88 95
130636.23300000106 133090.7760000011 88 95
133090.7760000011 134727.1380000011 88 95
134727.1380000011 135272.5920000011 88 95
135272.5920000011 137181.68100000115 88 95
137181.68100000115 138818.04300000114 88 95
143454.40200000122 144272.5830000012 88 95
152181.6660000013 152999.84700000132 88 95
160908.93000000142 161727.11100000143 88 95
169636.19400000153 170454.37500000154 88 95
175363.46400000155 180363.46400000155 88 95
2999.9970000000003 4363.6320000000005 89 95
6545.447999999999 7909.082999999999 89 95
11727.260999999995 13090.895999999993 89 95
15272.711999999992 16636.34699999999 89 95
100363.53600000069 100908.9900000007 89 95
101181.7170000007 102545.35200000071 89 95
121636.24200000094 122181.69600000096 89 95
124363.51200000098 125727.147000001 89 95
126545.32800000101 127908.96300000102 89 95
130363.50600000106 130908.96000000105 89 95
136908.95400000113 137454.40800000113 89 95
164454.38100000145 166090.74300000147 89 95
173863.46400000155 176363.46400000155 89 95
164181.65400000146 164999.83500000148 91 95
173363.46400000155 174863.46400000155 91 95
161999.83800000144 163363.47300000145 93 95
163363.47300000145 163908.92700000145 93 95
163908.92700000145 164454.38100000145 93 95
170727.10200000153 172090.73700000157 93 95
172090.73700000157 172863.46400000155 93 95
172863.46400000155 173863.46400000155 93 95
163090.74600000144 163636.20000000144 94 95
171818.01000000155 172363.46400000155 94 95
