73469.3400000002 74689.57730208353 36 110
151836.63599999982 153056.87330208314 36 110
230203.931999998 231424.1693020813 36 110
308571.22799999465 309791.4653020779 36 110
331836.51899999304 333401.1438333264 36 110
24489.78000000001 25646.241833333344 38 110
38775.485000000044 39179.39630208338 38 110
46530.58200000008 47687.04383333342 38 110
67346.89500000018 67755.05800000018 38 110
72244.8510000002 73401.31283333353 38 110
80816.27400000024 81972.73583333357 38 110
102857.07600000034 104013.53783333367 38 110
117142.7810000004 117546.69230208373 38 110
124897.87800000043 126054.33983333377 38 110
145714.19099999993 146122.35399999993 38 110
150612.14699999985 151768.60883333316 38 110
159183.56999999966 160340.03183333296 38 110
181224.3719999992 182380.8338333325 38 110
195510.07699999883 195913.98830208217 38 110
203265.17399999863 204421.63583333194 38 110
224081.4869999981 224489.6499999981 38 110
228979.44299999802 230135.90483333133 38 110
237550.86599999783 238707.32783333113 38 110
259591.66799999712 260748.12983333037 38 110
273877.37299999665 274281.28430208 38 110
281632.469999996 282788.93183332926 38 110
302448.78299999534 302856.9459999953 38 110
307346.73899999476 308503.20083332795 38 110
315918.16199999413 317074.6238333273 38 110
331428.35599999304 331836.51899999304 38 110
23265.29100000001 24421.752833333343 40 110
38367.322000000044 38771.23330208338 40 110
45306.09300000007 46462.554833333415 40 110
67755.05800000018 68163.22100000018 40 110
71020.3620000002 72176.82383333353 40 110
79591.78500000022 80748.24683333357 40 110
101632.58700000033 102789.04883333367 40 110
116734.6180000004 117138.52930208373 40 110
123673.38900000043 124829.85083333377 40 110
146122.35399999993 146530.5169999999 40 110
149387.65799999988 150544.11983333318 40 110
157959.0809999997 159115.542833333 40 110
179999.88299999922 181156.34483333252 40 110
195101.91399999883 195505.82530208217 40 110
202040.6849999987 203197.14683333196 40 110
224489.6499999981 224897.81299999807 40 110
227754.95399999805 228911.41583333135 40 110
236326.37699999788 237482.83883333116 40 110
258367.17899999724 259523.6408333305 40 110
273469.20999999664 273873.12130207993 40 110
280407.980999996 281564.4428333293 40 110
302856.9459999953 303265.1089999952 40 110
306122.24999999494 307278.7118333281 40 110
314693.67299999425 315850.1348333275 40 110
331020.1929999931 331428.35599999304 40 110
4897.955999999999 5306.118999999999 41 110
22040.80200000001 23261.039302083344 41 110
31836.714000000014 33056.951302083355 41 110
37959.15900000004 38367.322000000044 41 110
44081.60400000007 45238.06583333341 41 110
53877.51600000011 55097.75330208345 41 110
62448.93900000015 63605.40083333349 41 110
69795.87300000018 70952.33483333353 41 110
78367.29600000022 79587.53330208355 41 110
88163.20800000026 89319.66983333361 41 110
100408.09800000032 101628.33530208365 41 110
110204.01000000037 111424.2473020837 41 110
116326.4550000004 116734.6180000004 41 110
122448.90000000042 123605.36183333377 41 110
132244.81200000027 133465.0493020836 41 110
140816.23500000007 141972.69683333338 41 110
148163.1689999999 149319.6308333332 41 110
156734.59199999974 157954.82930208306 41 110
166530.50399999952 167686.96583333283 41 110
178775.39399999924 179995.63130208256 41 110
188571.305999999 189791.54330208228 41 110
194693.75099999883 195101.91399999883 41 110
200816.19599999872 201972.65783333202 41 110
210612.10799999844 211832.34530208175 41 110
219183.5309999982 220339.99283333155 41 110
226530.46499999805 227686.92683333138 41 110
235101.8879999979 236322.12530208123 41 110
244897.7999999977 246054.261833331 41 110
257142.6899999973 258362.92730208056 41 110
266938.6019999966 268158.83930208 41 110
273061.0469999967 273469.20999999664 41 110
279183.4919999962 280339.9538333294 41 110
288979.4039999957 290199.6413020789 41 110
297550.8269999955 298707.2888333287 41 110
304897.7609999951 306054.2228333283 41 110
313469.1839999943 314689.42130207754 41 110
323265.0959999935 324421.5578333267 41 110
330612.02999999316 331020.1929999931 41 110
61224.45000000015 62448.93900000015 42 110
66122.40600000016 67346.89500000018 42 110
68163.22100000018 68571.38400000018 42 110
139591.74600000007 140816.23500000007 42 110
144489.70199999996 145714.19099999993 42 110
146530.5169999999 146938.6799999999 42 110
217959.04199999824 219183.5309999982 42 110
222856.99799999813 224081.4869999981 42 110
224897.81299999807 225305.97599999807 42 110
296326.33799999545 297550.8269999955 42 110
301224.29399999534 302448.78299999534 42 110
303265.1089999952 303673.2719999952 42 110
3673.467 4829.928833333332 43 110
6122.444999999997 7278.906833333331 43 110
15918.357000000009 17074.818833333346 43 110
20816.31300000001 21972.774833333344 43 110
25714.26900000001 26934.506302083344 43 110
30612.225000000017 31832.46230208335 43 110
33061.20300000002 34217.66483333336 43 110
42857.11500000006 44013.576833333405 43 110
47755.07100000008 48911.532833333426 43 110
52653.02700000011 53809.488833333446 43 110
55102.00500000012 56258.466833333456 43 110
57550.98300000013 58707.444833333466 43 110
59999.96100000014 61220.19830208348 43 110
64897.91700000016 66118.1543020835 43 110
68571.38400000018 69727.84583333351 43 110
77142.80700000022 78299.26883333355 43 110
82040.76300000024 83197.22483333357 43 110
86938.71900000026 88095.1808333336 43 110
89387.69700000028 90544.15883333361 43 110
94285.6530000003 95442.11483333363 43 110
99183.60900000032 100340.07083333365 43 110
104081.56500000034 105301.80230208367 43 110
108979.52100000036 110199.75830208369 43 110
111428.49900000037 112584.96083333371 43 110
121224.41100000041 122380.87283333375 43 110
126122.36700000043 127278.82883333377 43 110
131020.32300000034 132176.7848333336 43 110
133469.30100000027 134625.76283333357 43 110
135918.2790000002 137074.74083333352 43 110
138367.25700000013 139587.49430208342 43 110
143265.21300000002 144485.4503020833 43 110
146938.6799999999 148095.14183333324 43 110
155510.10299999977 156666.56483333308 43 110
160408.05899999963 161564.52083333294 43 110
165306.01499999955 166462.47683333285 43 110
167754.9929999995 168911.45483333277 43 110
172652.94899999938 173809.4108333327 43 110
177550.90499999927 178707.36683333258 43 110
182448.86099999916 183669.09830208248 43 110
187346.81699999905 188567.05430208234 43 110
189795.79499999894 190952.25683333224 43 110
199591.70699999877 200748.16883333205 43 110
204489.6629999986 205646.12483333194 43 110
209387.6189999985 210544.08083333177 43 110
211836.5969999984 212993.05883333174 43 110
214285.57499999838 215442.0368333317 43 110
216734.5529999983 217954.7903020816 43 110
221632.5089999982 222852.74630208148 43 110
225305.97599999807 226462.43783333138 43 110
233877.3989999979 235033.86083333124 43 110
238775.3549999978 239931.8168333311 43 110
243673.31099999772 244829.77283333102 43 110
246122.28899999766 247278.75083333094 43 110
251020.24499999755 252176.70683333086 43 110
255918.2009999974 257074.66283333066 43 110
260816.156999997 262036.39430208027 43 110
265714.11299999664 266934.3503020799 43 110
268163.09099999664 269319.5528333298 43 110
277959.0029999963 279115.46483332955 43 110
282856.9589999959 284013.42083332926 43 110
287754.9149999958 288911.37683332904 43 110
290203.8929999956 291360.354833329 43 110
292652.87099999556 293809.3328333288 43 110
295101.84899999545 296322.0863020788 43 110
299999.80499999534 301220.0423020786 43 110
303673.2719999952 304829.7338333285 43 110
312244.6949999945 313401.15683332767 43 110
317142.65099999396 318299.11283332715 43 110
322040.6069999937 323197.06883332686 43 110
324489.5849999933 325646.0468333265 43 110
329387.54099999333 330544.0028333265 43 110
2448.978 3673.467 45 110
19591.82400000001 20748.285833333342 45 110
29387.736000000015 30544.19783333335 45 110
41632.62600000006 42789.0878333334 45 110
51428.5380000001 52584.999833333444 45 110
58775.47200000013 59999.96100000014 45 110
63673.42800000016 64829.889833333495 45 110
75918.31800000022 77074.77983333355 45 110
85714.23000000026 86870.69183333359 45 110
97959.12000000032 99115.58183333365 45 110
107755.03200000036 108911.49383333369 45 110
119999.92200000041 121156.38383333375 45 110
129795.83400000035 130952.29583333366 45 110
137142.7680000002 138367.25700000013 45 110
142040.72400000005 143197.18583333335 45 110
154285.61399999977 155442.0758333331 45 110
164081.52599999958 165237.98783333288 45 110
176326.41599999927 177482.8778333326 45 110
186122.32799999908 187278.78983333238 45 110
198367.2179999988 199523.6798333321 45 110
208163.12999999852 209319.59183333183 45 110
215510.06399999835 216734.5529999983 45 110
220408.0199999982 221564.48183333152 45 110
232652.90999999794 233809.37183333124 45 110
242448.82199999774 243605.28383333105 45 110
254693.71199999744 255850.17383333074 45 110
264489.62399999675 265646.08583333 45 110
276734.51399999636 277890.97583332966 45 110
286530.42599999596 287686.88783332915 45 110
293877.35999999545 295101.84899999545 45 110
298775.31599999534 299931.7778333287 45 110
311020.20599999453 312176.66783332784 45 110
320816.11799999373 321972.57983332704 45 110
1224.489 2444.7263020833334 47 110
18367.335000000014 19587.572302083347 47 110
28163.247000000018 29383.48430208335 47 110
40408.13700000005 41564.598833333395 47 110
50204.049000000094 51424.28630208344 47 110
74693.8290000002 75914.06630208353 47 110
84489.74100000026 85709.97830208359 47 110
96734.6310000003 97954.86830208363 47 110
106530.54300000035 107750.78030208369 47 110
118775.4330000004 119931.89483333375 47 110
128571.34500000041 129791.5823020837 47 110
153061.1249999998 154281.36230208311 47 110
162857.0369999996 164077.27430208292 47 110
175101.9269999993 176322.16430208262 47 110
184897.83899999913 186118.07630208242 47 110
197142.7289999988 198299.19083333213 47 110
206938.64099999858 208158.87830208187 47 110
231428.42099999796 232648.65830208128 47 110
241224.33299999774 242444.57030208106 47 110
253469.22299999747 254689.46030208078 47 110
263265.1349999968 264485.37230208004 47 110
275510.02499999653 276666.4868333297 47 110
285305.9369999959 286526.17430207925 47 110
309795.7169999946 311015.9543020778 47 110
319591.6289999938 320811.866302077 47 110
7346.9339999999975 8567.17130208333 48 110
8571.422999999997 9791.660302083334 48 110
9795.912 11016.149302083335 48 110
11020.401000000002 11428.564000000002 48 110
11428.564000000002 11836.727 48 110
11836.727 12244.890000000001 48 110
12244.890000000001 13465.127302083338 48 110
13469.379000000004 14689.616302083341 48 110
14693.868000000008 15914.105302083342 48 110
17142.846000000012 18299.307833333347 48 110
26938.75800000001 28095.21983333335 48 110
32244.877000000015 33056.951302083355 48 110
34285.692000000025 35505.929302083365 48 110
35510.18100000003 36730.41830208337 48 110
36734.670000000035 37954.907302083375 48 110
39183.648000000045 40340.10983333339 48 110
48979.56000000009 50199.79730208343 48 110
56326.49400000012 57482.955833333464 48 110
83265.25200000024 84485.48930208357 48 110
90612.18600000028 91832.42330208361 48 110
91836.67500000028 93056.91230208361 48 110
93061.1640000003 94281.40130208363 48 110
95510.1420000003 96666.60383333363 48 110
105306.05400000034 106462.51583333369 48 110
110612.17300000037 111424.2473020837 48 110
112652.98800000038 113873.22530208371 48 110
113877.47700000038 115097.71430208371 48 110
115101.9660000004 116322.20330208373 48 110
117550.9440000004 118707.40583333373 48 110
127346.85600000044 128567.09330208375 48 110
134693.79000000024 135850.25183333355 48 110
161632.5479999996 162852.78530208295 48 110
168979.48199999944 170199.71930208278 48 110
170203.97099999944 171424.20830208276 48 110
171428.4599999994 172648.69730208273 48 110
173877.43799999935 175033.89983333263 48 110
183673.34999999913 184829.81183333247 48 110
188979.468999999 189791.54330208228 48 110
191020.2839999989 192240.52130208223 48 110
192244.77299999888 193465.0103020822 48 110
193469.26199999885 194689.49930208217 48 110
195918.23999999883 197074.70183333213 48 110
205714.1519999986 206934.38930208192 48 110
213061.0859999984 214217.54783333172 48 110
239999.84399999777 241220.0813020811 48 110
247346.7779999976 248567.01530208092 48 110
248571.26699999758 249791.5043020809 48 110
249795.75599999758 251015.9933020809 48 110
252244.73399999752 253401.1958333308 48 110
262040.64599999698 263197.10783333017 48 110
267346.7649999966 268158.83930208 48 110
269387.57999999647 270607.8173020799 48 110
270612.0689999965 271832.30630207993 48 110
271836.55799999664 273056.79530208 48 110
274285.5359999967 275441.9978333299 48 110
284081.44799999596 285301.6853020792 48 110
291428.3819999956 292584.8438333289 48 110
318367.1399999938 319587.3773020771 48 110
325714.07399999315 326934.31130207656 48 110
326938.5629999932 328158.8003020766 48 110
328163.0519999933 329383.2893020767 48 110
11836.727 12244.890000000001 50 110
16734.68300000001 17142.846000000012 50 110
95101.9790000003 95510.1420000003 50 110
173469.27499999938 173877.43799999935 50 110
251836.57099999755 252244.73399999752 50 110
330203.8669999932 330612.02999999316 50 110
3265.304 3673.467 52 110
4081.6299999999997 4829.928833333332 52 110
7346.9339999999975 8567.17130208333 52 110
9795.912 11016.149302083335 52 110
11428.564000000002 11836.727 52 110
12244.890000000001 13465.127302083338 52 110
14693.868000000008 15914.105302083342 52 110
16326.52000000001 16734.68300000001 52 110
20408.150000000005 20816.31300000001 52 60
21224.476000000006 21632.639000000006 52 60
21632.639000000006 22040.80200000001 52 60
31020.388000000017 31428.55100000002 52 60
34285.692000000025 35505.929302083365 52 110
36734.670000000035 37954.907302083375 52 110
90612.18600000028 91832.42330208361 52 110
93061.1640000003 94281.40130208363 52 110
94693.8160000003 95101.9790000003 52 110
98775.44600000032 99183.60900000032 52 92
99591.77200000032 99999.93500000032 52 92
99999.93500000032 100408.09800000032 52 92
109387.68400000036 109795.84700000036 52 92
112652.98800000038 113873.22530208371 52 110
115101.9660000004 116322.20330208373 52 110
168979.48199999944 170199.71930208278 52 110
171428.4599999994 172648.69730208273 52 110
173061.11199999938 173469.27499999938 52 110
177142.7419999993 177550.90499999927 52 92
177959.06799999927 178367.23099999927 52 92
178367.23099999927 178775.39399999924 52 92
187754.97999999905 188163.14299999902 52 92
191020.2839999989 192240.52130208223 52 110
193469.26199999885 194689.49930208217 52 110
247346.7779999976 248567.01530208092 52 110
249795.75599999758 251015.9933020809 52 110
251428.40799999755 251836.57099999755 52 110
255510.03799999744 255918.2009999974 52 92
256326.3639999974 256734.52699999735 52 92
256734.52699999735 257142.6899999973 52 92
266122.2759999966 266530.4389999965 52 92
269387.57999999647 270607.8173020799 52 110
271836.55799999664 273056.79530208 52 110
325714.07399999315 326934.31130207656 52 110
328163.0519999933 329383.2893020767 52 110
329795.7039999933 330203.8669999932 52 110
331836.51899999304 333401.1438333264 52 92
5306.118999999999 6118.19330208333 53 110
6122.444999999997 7278.906833333331 53 110
8571.422999999997 9791.660302083334 53 110
11020.401000000002 11428.564000000002 53 110
11836.727 12244.890000000001 53 110
13469.379000000004 14689.616302083341 53 110
15918.357000000009 16326.52000000001 53 110
33061.20300000002 34217.66483333336 53 110
35510.18100000003 36730.41830208337 53 110
38775.485000000044 39179.39630208338 53 110
91836.67500000028 93056.91230208361 53 110
94285.6530000003 94693.8160000003 53 110
111428.49900000037 112584.96083333371 53 110
113877.47700000038 115097.71430208371 53 110
117142.7810000004 117546.69230208373 53 110
170203.97099999944 171424.20830208276 53 110
172652.94899999938 173061.11199999938 53 110
189795.79499999894 190952.25683333224 53 110
192244.77299999888 193465.0103020822 53 110
195510.07699999883 195913.98830208217 53 110
248571.26699999758 249791.5043020809 53 110
251020.24499999755 251428.40799999755 53 110
268163.09099999664 269319.5528333298 53 110
270612.0689999965 271832.30630207993 53 110
273877.37299999665 274281.28430208 53 110
326938.5629999932 328158.8003020766 53 110
329387.54099999333 329795.7039999933 53 110
331428.35599999304 331836.51899999304 53 92
24897.94300000001 25306.10600000001 54 60
25306.10600000001 25714.26900000001 54 60
103265.23900000034 103673.40200000034 54 92
103673.40200000034 104081.56500000034 54 92
181632.5349999992 182040.6979999992 54 92
182040.6979999992 182448.86099999916 54 92
259999.83099999712 260407.99399999707 54 92
260407.99399999707 260816.156999997 54 92
3265.304 3673.467 55 110
4081.6299999999997 4829.928833333332 55 110
7346.9339999999975 8567.17130208333 55 110
9795.912 11016.149302083335 55 110
11428.564000000002 11836.727 55 110
12244.890000000001 13465.127302083338 55 110
14693.868000000008 15914.105302083342 55 110
21224.476000000006 21632.639000000006 55 60
21632.639000000006 22040.80200000001 55 60
23673.45400000001 24421.752833333343 55 60
31020.388000000017 31428.55100000002 55 60
34285.692000000025 35505.929302083365 55 110
36734.670000000035 37954.907302083375 55 110
38367.322000000044 38771.23330208338 55 110
90612.18600000028 91832.42330208361 55 110
93061.1640000003 94281.40130208363 55 110
99591.77200000032 99999.93500000032 55 92
99999.93500000032 100408.09800000032 55 92
102040.75000000033 102789.04883333367 55 92
109387.68400000036 109795.84700000036 55 92
112652.98800000038 113873.22530208371 55 110
115101.9660000004 116322.20330208373 55 110
116734.6180000004 117138.52930208373 55 110
168979.48199999944 170199.71930208278 55 110
171428.4599999994 172648.69730208273 55 110
177959.06799999927 178367.23099999927 55 92
178367.23099999927 178775.39399999924 55 92
180408.04599999922 181156.34483333252 55 92
187754.97999999905 188163.14299999902 55 92
191020.2839999989 192240.52130208223 55 110
193469.26199999885 194689.49930208217 55 110
195101.91399999883 195505.82530208217 55 110
247346.7779999976 248567.01530208092 55 110
249795.75599999758 251015.9933020809 55 110
256326.3639999974 256734.52699999735 55 92
256734.52699999735 257142.6899999973 55 92
258775.34199999718 259523.6408333305 55 92
266122.2759999966 266530.4389999965 55 92
269387.57999999647 270607.8173020799 55 110
271836.55799999664 273056.79530208 55 110
273469.20999999664 273873.12130207993 55 110
325714.07399999315 326934.31130207656 55 110
328163.0519999933 329383.2893020767 55 110
331020.1929999931 331428.35599999304 55 92
4897.955999999999 5714.281999999998 57 75
5714.281999999998 5918.363499999998 57 75
5918.363499999998 6122.444999999997 57 75
6122.444999999997 6870.74383333333 57 75
6938.770999999997 7346.9339999999975 57 75
8571.422999999997 9791.660302083334 57 110
11020.401000000002 11428.564000000002 57 110
13469.379000000004 14689.616302083341 57 110
20408.150000000005 20816.31300000001 57 60
22040.80200000001 22448.96500000001 57 60
22448.96500000001 23061.20950000001 57 60
29999.980500000012 30612.225000000017 57 60
31428.55100000002 31632.632500000018 57 110
31632.632500000018 31836.714000000014 57 110
31836.714000000014 32653.04000000002 57 110
33061.20300000002 33809.50183333336 57 60
33877.529000000024 34285.692000000025 57 60
35510.18100000003 36730.41830208337 57 110
37959.15900000004 38367.322000000044 57 110
91836.67500000028 93056.91230208361 57 110
98775.44600000032 99183.60900000032 57 92
100408.09800000032 100816.26100000032 57 92
100816.26100000032 101428.50550000033 57 92
108367.27650000036 108979.52100000036 57 92
109795.84700000036 109999.92850000036 57 110
109999.92850000036 110204.01000000037 57 110
110204.01000000037 111020.33600000037 57 110
111428.49900000037 112176.79783333371 57 92
112244.82500000038 112652.98800000038 57 92
113877.47700000038 115097.71430208371 57 110
116326.4550000004 116734.6180000004 57 110
170203.97099999944 171424.20830208276 57 110
177142.7419999993 177550.90499999927 57 92
178775.39399999924 179183.55699999924 57 92
179183.55699999924 179795.80149999924 57 92
186734.57249999908 187346.81699999905 57 92
188163.14299999902 188367.22449999902 57 110
188367.22449999902 188571.305999999 57 110
188571.305999999 189387.63199999896 57 110
189795.79499999894 190544.09383333224 57 92
190612.1209999989 191020.2839999989 57 92
192244.77299999888 193465.0103020822 57 110
194693.75099999883 195101.91399999883 57 110
248571.26699999758 249791.5043020809 57 110
255510.03799999744 255918.2009999974 57 92
257142.6899999973 257550.85299999724 57 92
257550.85299999724 258163.0974999972 57 92
265101.8684999967 265714.11299999664 57 92
266530.4389999965 266734.52049999655 57 110
266734.52049999655 266938.6019999966 57 110
266938.6019999966 267754.9279999966 57 110
268163.09099999664 268911.3898333299 57 92
268979.4169999965 269387.57999999647 57 92
270612.0689999965 271832.30630207993 57 110
273061.0469999967 273469.20999999664 57 110
326938.5629999932 328158.8003020766 57 110
330612.02999999316 331020.1929999931 57 92
9795.912 11016.149302083335 59 110
14693.868000000008 15914.105302083342 59 110
18367.335000000014 19587.572302083347 59 60
26122.432000000015 26530.595000000016 59 60
28571.410000000018 28979.57300000002 59 60
36734.670000000035 37954.907302083375 59 110
68571.38400000018 69387.71000000018 59 60
69387.71000000018 69795.87300000018 59 60
93061.1640000003 94281.40130208363 59 110
96734.6310000003 97954.86830208363 59 92
104489.72800000034 104897.89100000034 59 92
106938.70600000035 107346.86900000036 59 92
115101.9660000004 116322.20330208373 59 110
146938.6799999999 147755.00599999994 59 60
147755.00599999994 148163.1689999999 59 60
171428.4599999994 172648.69730208273 59 110
175101.9269999993 176322.16430208262 59 92
182857.02399999916 183265.18699999916 59 92
185306.00199999913 185714.1649999991 59 92
193469.26199999885 194689.49930208217 59 110
225305.97599999807 226122.30199999808 59 60
226122.30199999808 226530.46499999805 59 60
249795.75599999758 251015.9933020809 59 110
253469.22299999747 254689.46030208078 59 92
261224.31999999695 261632.48299999692 59 92
263673.29799999675 264081.4609999967 59 92
271836.55799999664 273056.79530208 59 110
303673.2719999952 304489.59799999517 59 60
304489.59799999517 304897.7609999951 59 60
328163.0519999933 329383.2893020767 59 110
408.163 1224.489 60 75
2857.141 4489.792999999999 60 75
4489.792999999999 4897.955999999999 60 75
4897.955999999999 5714.281999999998 60 75
5714.281999999998 5918.363499999998 60 75
5918.363499999998 6122.444999999997 60 75
6122.444999999997 6870.74383333333 60 75
6938.770999999997 7346.9339999999975 60 75
7346.9339999999975 7755.096999999997 60 75
7755.096999999997 7959.178499999997 60 75
8571.422999999997 8979.585999999998 60 75
8979.585999999998 9183.667499999996 60 75
9795.912 10204.074999999999 60 75
10204.074999999999 10408.1565 60 75
12244.890000000001 12653.053000000002 60 75
12653.053000000002 12857.134500000002 60 75
13469.379000000004 13877.542000000005 60 75
13877.542000000005 14081.623500000005 60 75
14693.868000000008 15102.031000000008 60 75
15102.031000000008 15306.112500000007 60 75
15918.357000000009 16326.52000000001 60 75
16326.52000000001 16734.68300000001 60 75
16734.68300000001 17142.846000000012 60 60
17551.009000000013 18367.335000000014 60 60
19999.98700000001 20748.285833333342 60 110
21632.639000000006 22040.80200000001 60 110
22040.80200000001 22448.96500000001 60 110
22448.96500000001 23061.20950000001 60 110
23061.20950000001 23265.29100000001 60 110
23265.29100000001 23673.45400000001 60 110
23673.45400000001 23877.53550000001 60 110
24897.94300000001 25306.10600000001 60 60
25306.10600000001 25714.26900000001 60 60
27346.921000000013 27755.084000000013 60 60
27755.084000000013 28163.247000000018 60 60
29795.899000000016 29999.980500000012 60 60
29999.980500000012 31020.388000000017 60 110
33061.20300000002 33809.50183333336 60 60
33877.529000000024 34285.692000000025 60 110
34285.692000000025 34693.855000000025 60 110
34693.855000000025 34897.936500000025 60 60
35510.18100000003 35918.344000000034 60 60
35918.344000000034 36122.425500000034 60 60
36734.670000000035 37142.833000000035 60 60
37142.833000000035 37346.91450000004 60 60
45714.256000000074 46122.41900000008 60 60
46122.41900000008 46526.330302083414 60 60
57959.14600000013 58367.30900000013 60 60
58367.30900000013 58775.47200000013 60 60
58775.47200000013 59999.96100000014 60 60
59999.96100000014 61220.19830208348 60 60
61224.45000000015 62448.93900000015 60 60
62448.93900000015 62857.10200000015 60 60
63265.26500000015 63673.42800000016 60 60
63673.42800000016 64897.91700000016 60 60
64897.91700000016 66118.1543020835 60 60
76530.56250000022 77142.80700000022 60 92
77142.80700000022 77550.97000000022 60 92
77550.97000000022 77959.13300000022 60 92
77959.13300000022 78367.29600000022 60 92
78367.29600000022 78775.45900000022 60 92
79591.78500000022 79999.94800000024 60 92
79999.94800000024 80816.27400000024 60 92
86122.39300000026 86530.55600000026 60 92
86530.55600000026 86938.71900000026 60 92
86938.71900000026 87346.88200000026 60 92
87346.88200000026 87755.04500000026 60 92
87755.04500000026 88163.20800000026 60 92
88163.20800000026 88571.37100000028 60 92
90612.18600000028 91020.34900000028 60 92
91020.34900000028 91224.43050000028 60 92
91836.67500000028 92244.83800000028 60 92
92244.83800000028 92448.91950000028 60 92
93061.1640000003 93469.3270000003 60 92
93469.3270000003 93673.4085000003 60 92
94285.6530000003 94693.8160000003 60 92
94693.8160000003 95101.9790000003 60 92
95101.9790000003 95510.1420000003 60 92
95918.3050000003 96734.6310000003 60 92
98367.28300000032 99115.58183333365 60 110
99999.93500000032 100408.09800000032 60 110
100408.09800000032 100816.26100000032 60 110
100816.26100000032 101428.50550000033 60 110
101428.50550000033 101632.58700000033 60 110
101632.58700000033 102040.75000000033 60 110
102040.75000000033 102244.83150000033 60 110
103265.23900000034 103673.40200000034 60 92
103673.40200000034 104081.56500000034 60 92
105714.21700000034 106122.38000000035 60 92
106122.38000000035 106530.54300000035 60 92
108163.19500000036 108367.27650000036 60 92
108367.27650000036 109387.68400000036 60 110
111428.49900000037 112176.79783333371 60 92
112244.82500000038 112652.98800000038 60 110
112652.98800000038 113061.15100000038 60 110
113061.15100000038 113265.23250000038 60 92
113877.47700000038 114285.64000000038 60 92
114285.64000000038 114489.72150000039 60 92
115101.9660000004 115510.1290000004 60 92
115510.1290000004 115714.2105000004 60 92
124081.55200000043 124489.71500000043 60 92
124489.71500000043 124893.62630208377 60 92
136326.4420000002 136734.6050000002 60 92
136734.6050000002 137142.7680000002 60 92
137142.7680000002 138367.25700000013 60 60
138367.25700000013 139587.49430208342 60 60
139591.74600000007 140816.23500000007 60 60
140816.23500000007 141224.39800000007 60 60
141632.56100000007 142040.72400000005 60 60
142040.72400000005 143265.21300000002 60 60
143265.21300000002 144485.4503020833 60 60
154897.8584999998 155510.10299999977 60 92
155510.10299999977 155918.26599999977 60 92
155918.26599999977 156326.42899999977 60 92
156326.42899999977 156734.59199999974 60 92
156734.59199999974 157142.75499999974 60 92
157959.0809999997 158367.24399999972 60 92
158367.24399999972 159183.56999999966 60 92
164489.68899999958 164897.85199999958 60 92
164897.85199999958 165306.01499999955 60 92
165306.01499999955 165714.17799999955 60 92
165714.17799999955 166122.34099999955 60 92
166122.34099999955 166530.50399999952 60 92
166530.50399999952 166938.66699999952 60 92
168979.48199999944 169387.64499999947 60 92
169387.64499999947 169591.72649999947 60 92
170203.97099999944 170612.13399999944 60 92
170612.13399999944 170816.21549999944 60 92
171428.4599999994 171836.6229999994 60 92
171836.6229999994 172040.7044999994 60 92
172652.94899999938 173061.11199999938 60 92
173061.11199999938 173469.27499999938 60 92
173469.27499999938 173877.43799999935 60 92
174285.60099999935 175101.9269999993 60 92
176734.5789999993 177482.8778333326 60 110
178367.23099999927 178775.39399999924 60 110
178775.39399999924 179183.55699999924 60 110
179183.55699999924 179795.80149999924 60 110
179795.80149999924 179999.88299999922 60 110
179999.88299999922 180408.04599999922 60 110
180408.04599999922 180612.12749999922 60 110
181632.5349999992 182040.6979999992 60 92
182040.6979999992 182448.86099999916 60 92
184081.51299999916 184489.67599999916 60 92
184489.67599999916 184897.83899999913 60 92
186530.49099999908 186734.57249999908 60 92
186734.57249999908 187754.97999999905 60 110
189795.79499999894 190544.09383333224 60 92
190612.1209999989 191020.2839999989 60 110
191020.2839999989 191428.4469999989 60 110
191428.4469999989 191632.5284999989 60 92
192244.77299999888 192652.93599999888 60 92
192652.93599999888 192857.01749999888 60 92
193469.26199999885 193877.42499999885 60 92
193877.42499999885 194081.50649999885 60 92
202448.8479999987 202857.01099999866 60 92
202857.01099999866 203260.92230208198 60 92
214693.73799999838 215101.90099999838 60 92
215101.90099999838 215510.06399999835 60 92
215510.06399999835 216734.5529999983 60 60
216734.5529999983 217954.7903020816 60 60
217959.04199999824 219183.5309999982 60 60
219183.5309999982 219591.6939999982 60 60
219999.85699999824 220408.0199999982 60 60
220408.0199999982 221632.5089999982 60 60
221632.5089999982 222852.74630208148 60 60
233265.15449999794 233877.3989999979 60 92
233877.3989999979 234285.5619999979 60 92
234285.5619999979 234693.72499999794 60 92
234693.72499999794 235101.8879999979 60 92
235101.8879999979 235510.0509999979 60 92
236326.37699999788 236734.53999999788 60 92
236734.53999999788 237550.86599999783 60 92
242856.98499999775 243265.14799999775 60 92
243265.14799999775 243673.31099999772 60 92
243673.31099999772 244081.47399999772 60 92
244081.47399999772 244489.63699999772 60 92
244489.63699999772 244897.7999999977 60 92
244897.7999999977 245305.9629999977 60 92
247346.7779999976 247754.9409999976 60 92
247754.9409999976 247959.0224999976 60 92
248571.26699999758 248979.4299999976 60 92
248979.4299999976 249183.5114999976 60 92
249795.75599999758 250203.91899999758 60 92
250203.91899999758 250408.00049999758 60 92
251020.24499999755 251428.40799999755 60 92
251428.40799999755 251836.57099999755 60 92
251836.57099999755 252244.73399999752 60 92
252652.89699999752 253469.22299999747 60 92
255101.87499999744 255850.17383333074 60 110
256734.52699999735 257142.6899999973 60 110
257142.6899999973 257550.85299999724 60 110
257550.85299999724 258163.0974999972 60 110
258163.0974999972 258367.17899999724 60 110
258367.17899999724 258775.34199999718 60 110
258775.34199999718 258979.4234999972 60 110
259999.83099999712 260407.99399999707 60 92
260407.99399999707 260816.156999997 60 92
262448.8089999969 262856.97199999687 60 92
262856.97199999687 263265.1349999968 60 92
264897.7869999967 265101.8684999967 60 92
265101.8684999967 266122.2759999966 60 110
268163.09099999664 268911.3898333299 60 92
268979.4169999965 269387.57999999647 60 110
269387.57999999647 269795.7429999964 60 110
269795.7429999964 269999.82449999644 60 92
270612.0689999965 271020.2319999965 60 92
271020.2319999965 271224.31349999656 60 92
271836.55799999664 272244.7209999966 60 92
272244.7209999966 272448.8024999966 60 92
280816.143999996 281224.30699999596 60 92
281224.30699999596 281628.21830207936 60 92
293061.03399999556 293469.1969999955 60 92
293469.1969999955 293877.35999999545 60 92
293877.35999999545 295101.84899999545 60 60
295101.84899999545 296322.0863020788 60 60
296326.33799999545 297550.8269999955 60 60
297550.8269999955 297958.98999999545 60 60
298367.1529999954 298775.31599999534 60 60
298775.31599999534 299999.80499999534 60 60
299999.80499999534 301220.0423020786 60 60
311632.4504999945 312244.6949999945 60 92
312244.6949999945 312652.8579999944 60 92
312652.8579999944 313061.02099999436 60 92
313061.02099999436 313469.1839999943 60 92
313469.1839999943 313877.34699999425 60 92
314693.67299999425 315101.8359999942 60 92
315101.8359999942 315918.16199999413 60 92
321224.2809999938 321632.44399999373 60 92
321632.44399999373 322040.6069999937 60 92
322040.6069999937 322448.7699999936 60 92
322448.7699999936 322856.93299999356 60 92
322856.93299999356 323265.0959999935 60 92
323265.0959999935 323673.25899999344 60 92
325714.07399999315 326122.2369999931 60 92
326122.2369999931 326326.3184999931 60 92
326938.5629999932 327346.72599999316 60 92
327346.72599999316 327550.8074999932 60 92
328163.0519999933 328571.2149999932 60 92
328571.2149999932 328775.29649999324 60 92
329387.54099999333 329795.7039999933 60 92
329795.7039999933 330203.8669999932 60 92
330203.8669999932 330612.02999999316 60 92
330612.02999999316 331020.1929999931 60 110
331020.1929999931 331428.35599999304 60 92
331428.35599999304 331836.51899999304 60 92
331836.51899999304 333401.1438333264 60 92
1632.652 2244.8965 62 75
23877.53550000001 24489.78000000001 62 110
24489.78000000001 26122.432000000015 62 110
46938.74500000008 47346.90800000008 62 60
47346.90800000008 47755.07100000008 62 60
48163.23400000009 48975.308302083424 62 60
61632.61300000015 62448.93900000015 62 60
66122.40600000016 67346.89500000018 62 60
68571.38400000018 69387.71000000018 62 60
69387.71000000018 69795.87300000018 62 60
69795.87300000018 70204.03600000018 62 60
70204.03600000018 70612.19900000018 62 60
70612.19900000018 71020.3620000002 62 64
72244.8510000002 73401.31283333353 62 110
80816.27400000024 81224.43700000024 62 92
81224.43700000024 81632.60000000024 62 92
81632.60000000024 82040.76300000024 62 92
82040.76300000024 82448.92600000024 62 92
102244.83150000033 102857.07600000034 62 110
102857.07600000034 104489.72800000034 62 110
125306.04100000043 125714.20400000043 62 92
125714.20400000043 126122.36700000043 62 92
126530.53000000044 127342.60430208377 62 92
139999.9090000001 140816.23500000007 62 60
144489.70199999996 145714.19099999993 62 60
146938.6799999999 147755.00599999994 62 60
147755.00599999994 148163.1689999999 62 60
148163.1689999999 148571.3319999999 62 60
148571.3319999999 148979.4949999999 62 60
148979.4949999999 149387.65799999988 62 64
150612.14699999985 151768.60883333316 62 110
159183.56999999966 159591.73299999966 62 92
159591.73299999966 159999.89599999966 62 92
159999.89599999966 160408.05899999963 62 92
160408.05899999963 160816.22199999963 62 92
180612.12749999922 181224.3719999992 62 110
181224.3719999992 182857.02399999916 62 110
203673.33699999863 204081.49999999863 62 92
204081.49999999863 204489.6629999986 62 92
204897.8259999986 205709.90030208192 62 92
218367.20499999824 219183.5309999982 62 60
222856.99799999813 224081.4869999981 62 60
225305.97599999807 226122.30199999808 62 60
226122.30199999808 226530.46499999805 62 60
226530.46499999805 226938.62799999805 62 60
226938.62799999805 227346.79099999808 62 60
227346.79099999808 227754.95399999805 62 64
228979.44299999802 230135.90483333133 62 110
237550.86599999783 237959.02899999783 62 92
237959.02899999783 238367.19199999783 62 92
238367.19199999783 238775.3549999978 62 92
238775.3549999978 239183.5179999978 62 92
258979.4234999972 259591.66799999712 62 110
259591.66799999712 261224.31999999695 62 110
282040.632999996 282448.79599999596 62 92
282448.79599999596 282856.9589999959 62 92
283265.12199999584 284077.19630207925 62 92
296734.50099999545 297550.8269999955 62 60
301224.29399999534 302448.78299999534 62 60
303673.2719999952 304489.59799999517 62 60
304489.59799999517 304897.7609999951 62 60
304897.7609999951 305305.92399999505 62 60
305305.92399999505 305714.086999995 62 60
305714.086999995 306122.24999999494 62 64
307346.73899999476 308503.20083332795 62 110
315918.16199999413 316326.3249999941 62 92
316326.3249999941 316734.487999994 62 92
316734.487999994 317142.65099999396 62 92
317142.65099999396 317550.8139999939 62 92
330203.8669999932 330612.02999999316 62 110
816.326 1224.489 64 75
1224.489 1632.652 64 75
2244.8965 2448.978 64 75
2653.0595 2857.141 64 75
6530.607999999997 6938.770999999997 64 75
7959.178499999997 8163.2599999999975 64 75
12857.134500000002 13061.216000000004 64 75
17551.009000000013 18367.335000000014 64 60
18367.335000000014 18775.498000000018 64 60
19387.742500000015 19591.82400000001 64 110
19795.90550000001 19999.98700000001 64 110
27346.921000000013 27755.084000000013 64 60
27755.084000000013 28163.247000000018 64 60
28571.410000000018 28979.57300000002 64 60
29183.65450000002 29387.736000000015 64 110
29795.899000000016 29999.980500000012 64 110
33469.36600000002 33877.529000000024 64 110
34897.936500000025 35102.01800000003 64 60
42040.78900000006 42448.95200000006 64 60
42448.95200000006 42857.11500000006 64 60
43265.278000000064 43673.441000000064 64 60
43673.441000000064 44081.60400000007 64 60
53061.19000000011 53877.51600000011 64 60
56734.65700000012 57550.98300000013 64 60
57959.14600000013 58367.30900000013 64 60
58367.30900000013 58775.47200000013 64 60
59183.63500000014 59999.96100000014 64 60
60408.12400000014 61220.19830208348 64 60
64081.59100000016 64897.91700000016 64 60
65306.08000000016 66118.1543020835 64 60
71020.3620000002 71428.5250000002 64 110
71428.5250000002 71836.6880000002 64 72
71836.6880000002 72176.82383333353 64 76
76122.39950000022 76530.56250000022 64 92
76530.56250000022 77142.80700000022 64 92
77142.80700000022 77550.97000000022 64 92
77550.97000000022 77959.13300000022 64 92
77959.13300000022 78367.29600000022 64 92
79591.78500000022 80748.24683333357 64 110
82448.92600000024 82857.08900000024 64 92
85918.31150000026 86122.39300000026 64 92
86122.39300000026 86530.55600000026 64 92
86530.55600000026 86938.71900000026 64 92
86938.71900000026 87346.88200000026 64 92
87346.88200000026 87755.04500000026 64 92
87755.04500000026 88163.20800000026 64 92
91224.43050000028 91428.51200000028 64 92
95918.3050000003 96734.6310000003 64 92
96734.6310000003 97142.79400000031 64 92
97755.03850000032 97959.12000000032 64 110
98163.20150000032 98367.28300000032 64 110
105714.21700000034 106122.38000000035 64 92
106122.38000000035 106530.54300000035 64 92
106938.70600000035 107346.86900000036 64 92
107550.95050000036 107755.03200000036 64 110
108163.19500000036 108367.27650000036 64 110
111836.66200000037 112244.82500000038 64 110
113265.23250000038 113469.31400000038 64 92
120408.08500000041 120816.24800000041 64 92
120816.24800000041 121224.41100000041 64 92
121632.57400000042 122040.73700000042 64 92
122040.73700000042 122448.90000000042 64 92
131428.48600000032 132244.81200000027 64 92
135101.95300000024 135918.2790000002 64 92
136326.4420000002 136734.6050000002 64 92
136734.6050000002 137142.7680000002 64 92
137550.9310000002 138367.25700000013 64 60
138775.42000000013 139587.49430208342 64 60
142448.88700000005 143265.21300000002 64 60
143673.37600000002 144485.4503020833 64 60
149387.65799999988 149795.82099999988 64 110
149795.82099999988 150203.98399999988 64 72
150203.98399999988 150544.11983333318 64 76
154489.69549999977 154897.8584999998 64 92
154897.8584999998 155510.10299999977 64 92
155510.10299999977 155918.26599999977 64 92
155918.26599999977 156326.42899999977 64 92
156326.42899999977 156734.59199999974 64 92
157959.0809999997 159115.542833333 64 110
160816.22199999963 161224.38499999963 64 92
164285.60749999958 164489.68899999958 64 92
164489.68899999958 164897.85199999958 64 92
164897.85199999958 165306.01499999955 64 92
165306.01499999955 165714.17799999955 64 92
165714.17799999955 166122.34099999955 64 92
166122.34099999955 166530.50399999952 64 92
169591.72649999947 169795.80799999947 64 92
174285.60099999935 175101.9269999993 64 92
175101.9269999993 175510.0899999993 64 92
176122.3344999993 176326.41599999927 64 110
176530.4974999993 176734.5789999993 64 110
184081.51299999916 184489.67599999916 64 92
184489.67599999916 184897.83899999913 64 92
185306.00199999913 185714.1649999991 64 92
185918.2464999991 186122.32799999908 64 110
186530.49099999908 186734.57249999908 64 110
190203.95799999894 190612.1209999989 64 110
191632.5284999989 191836.6099999989 64 92
198775.3809999988 199183.5439999988 64 92
199183.5439999988 199591.70699999877 64 92
199999.86999999877 200408.03299999874 64 92
200408.03299999874 200816.19599999872 64 92
209795.7819999985 210612.10799999844 64 92
213469.2489999984 214285.57499999838 64 92
214693.73799999838 215101.90099999838 64 92
215101.90099999838 215510.06399999835 64 92
215918.22699999835 216734.5529999983 64 60
217142.7159999983 217954.7903020816 64 60
220816.18299999821 221632.5089999982 64 60
222040.6719999982 222852.74630208148 64 60
227754.95399999805 228163.11699999805 64 110
228163.11699999805 228571.27999999805 64 72
228571.27999999805 228911.41583333135 64 76
232856.99149999794 233265.15449999794 64 92
233265.15449999794 233877.3989999979 64 92
233877.3989999979 234285.5619999979 64 92
234285.5619999979 234693.72499999794 64 92
234693.72499999794 235101.8879999979 64 92
236326.37699999788 237482.83883333116 64 110
239183.5179999978 239591.6809999978 64 92
242652.90349999774 242856.98499999775 64 92
242856.98499999775 243265.14799999775 64 92
243265.14799999775 243673.31099999772 64 92
243673.31099999772 244081.47399999772 64 92
244081.47399999772 244489.63699999772 64 92
244489.63699999772 244897.7999999977 64 92
247959.0224999976 248163.1039999976 64 92
252652.89699999752 253469.22299999747 64 92
253469.22299999747 253877.38599999747 64 92
254489.63049999747 254693.71199999744 64 110
254897.79349999744 255101.87499999744 64 110
262448.8089999969 262856.97199999687 64 92
262856.97199999687 263265.1349999968 64 92
263673.29799999675 264081.4609999967 64 92
264285.5424999967 264489.62399999675 64 110
264897.7869999967 265101.8684999967 64 110
268571.2539999966 268979.4169999965 64 110
269999.82449999644 270203.90599999647 64 92
277142.6769999964 277550.83999999636 64 92
277550.83999999636 277959.0029999963 64 92
278367.1659999963 278775.32899999624 64 92
278775.32899999624 279183.4919999962 64 92
288163.0779999958 288979.4039999957 64 92
291836.5449999956 292652.87099999556 64 92
293061.03399999556 293469.1969999955 64 92
293469.1969999955 293877.35999999545 64 92
294285.52299999545 295101.84899999545 64 60
295510.01199999545 296322.0863020788 64 60
299183.47899999534 299999.80499999534 64 60
300407.96799999534 301220.0423020786 64 60
306122.24999999494 306530.4129999949 64 110
306530.4129999949 306938.5759999948 64 72
306938.5759999948 307278.7118333281 64 76
311224.28749999456 311632.4504999945 64 92
311632.4504999945 312244.6949999945 64 92
312244.6949999945 312652.8579999944 64 92
312652.8579999944 313061.02099999436 64 92
313061.02099999436 313469.1839999943 64 92
314693.67299999425 315850.1348333275 64 110
317550.8139999939 317958.97699999384 64 92
321020.19949999376 321224.2809999938 64 92
321224.2809999938 321632.44399999373 64 92
321632.44399999373 322040.6069999937 64 92
322040.6069999937 322448.7699999936 64 92
322448.7699999936 322856.93299999356 64 92
322856.93299999356 323265.0959999935 64 92
326326.3184999931 326530.39999999315 64 92
329795.7039999933 330203.8669999932 64 110
1632.652 2244.8965 65 75
2448.978 2653.0595 65 75
5714.281999999998 5918.363499999998 65 75
5918.363499999998 6122.444999999997 65 75
6122.444999999997 6530.607999999997 65 75
9183.667499999996 9387.748999999998 65 75
9591.830499999998 9795.912 65 75
14081.623500000005 14285.705000000005 65 75
14489.786500000006 14693.868000000008 65 75
16734.68300000001 17142.846000000012 65 60
18775.498000000018 19387.742500000015 65 110
19591.82400000001 19795.90550000001 65 110
28979.57300000002 29183.65450000002 65 110
29387.736000000015 29795.899000000016 65 110
32653.04000000002 32857.12150000002 65 110
32857.12150000002 33061.20300000002 65 110
33061.20300000002 33469.36600000002 65 110
36122.425500000034 36326.507000000034 65 60
36530.588500000034 36734.670000000035 65 60
44081.60400000007 44489.76700000007 65 60
44489.76700000007 44897.93000000007 65 60
44897.93000000007 45306.09300000007 65 60
53877.51600000011 54285.67900000011 65 60
54285.67900000011 54897.92350000012 65 60
55510.16800000012 55914.07930208346 65 60
55918.33100000012 56326.49400000012 65 60
62857.10200000015 63265.26500000015 65 60
72244.8510000002 72653.0140000002 65 80
72653.0140000002 73061.1770000002 65 84
73061.1770000002 73469.3400000002 65 88
75101.9920000002 75714.23650000022 65 92
75918.31800000022 76122.39950000022 65 92
78367.29600000022 78775.45900000022 65 110
78775.45900000022 79387.70350000022 65 92
82857.08900000024 83265.25200000024 65 92
84897.90400000026 85510.14850000026 65 92
85714.23000000026 85918.31150000026 65 92
88163.20800000026 88571.37100000028 65 110
88571.37100000028 88979.53400000028 65 92
88979.53400000028 89319.66983333361 65 92
89387.69700000028 90135.99583333361 65 92
90204.02300000028 90612.18600000028 65 92
92448.91950000028 92653.00100000028 65 92
92857.0825000003 93061.1640000003 65 92
95101.9790000003 95510.1420000003 65 92
97142.79400000031 97755.03850000032 65 110
97959.12000000032 98163.20150000032 65 110
107346.86900000036 107550.95050000036 65 110
107755.03200000036 108163.19500000036 65 110
111020.33600000037 111224.41750000037 65 110
111224.41750000037 111428.49900000037 65 110
111428.49900000037 111836.66200000037 65 110
114489.72150000039 114693.8030000004 65 92
114897.8845000004 115101.9660000004 65 92
122448.90000000042 122857.06300000042 65 92
122857.06300000042 123265.22600000043 65 92
123265.22600000043 123673.38900000043 65 92
132244.81200000027 132652.97500000027 65 92
132652.97500000027 133265.2195000003 65 92
133877.46400000027 134281.37530208362 65 92
134285.62700000027 134693.79000000024 65 92
141224.39800000007 141632.56100000007 65 60
150612.14699999985 151020.30999999985 65 80
151020.30999999985 151428.47299999985 65 84
151428.47299999985 151836.63599999982 65 88
153469.2879999998 154081.5324999998 65 92
154285.61399999977 154489.69549999977 65 92
156734.59199999974 157142.75499999974 65 110
157142.75499999974 157754.99949999974 65 92
161224.38499999963 161632.5479999996 65 92
163265.1999999996 163877.4444999996 65 92
164081.52599999958 164285.60749999958 65 92
166530.50399999952 166938.66699999952 65 110
166938.66699999952 167346.82999999952 65 92
167346.82999999952 167686.96583333283 65 92
167754.9929999995 168503.2918333328 65 92
168571.31899999946 168979.48199999944 65 92
170816.21549999944 171020.29699999944 65 92
171224.37849999944 171428.4599999994 65 92
173469.27499999938 173877.43799999935 65 92
175510.0899999993 176122.3344999993 65 110
176326.41599999927 176530.4974999993 65 110
185714.1649999991 185918.2464999991 65 110
186122.32799999908 186530.49099999908 65 110
189387.63199999896 189591.71349999896 65 110
189591.71349999896 189795.79499999894 65 110
189795.79499999894 190203.95799999894 65 110
192857.01749999888 193061.09899999888 65 92
193265.18049999888 193469.26199999885 65 92
200816.19599999872 201224.35899999872 65 92
201224.35899999872 201632.52199999872 65 92
201632.52199999872 202040.6849999987 65 92
210612.10799999844 211020.27099999844 65 92
211020.27099999844 211632.51549999844 65 92
212244.7599999984 212648.67130208176 65 92
212652.92299999844 213061.0859999984 65 92
219591.6939999982 219999.85699999824 65 60
228979.44299999802 229387.60599999802 65 80
229387.60599999802 229795.76899999802 65 84
229795.76899999802 230203.931999998 65 88
231836.58399999797 232448.82849999797 65 92
232652.90999999794 232856.99149999794 65 92
235101.8879999979 235510.0509999979 65 110
235510.0509999979 236122.2954999979 65 92
239591.6809999978 239999.84399999777 65 92
241632.49599999774 242244.74049999777 65 92
242448.82199999774 242652.90349999774 65 92
244897.7999999977 245305.9629999977 65 110
245305.9629999977 245714.1259999977 65 92
245714.1259999977 246054.261833331 65 92
246122.28899999766 246870.58783333097 65 92
246938.61499999763 247346.7779999976 65 92
249183.5114999976 249387.5929999976 65 92
249591.6744999976 249795.75599999758 65 92
251836.57099999755 252244.73399999752 65 92
253877.38599999747 254489.63049999747 65 110
254693.71199999744 254897.79349999744 65 110
264081.4609999967 264285.5424999967 65 110
264489.62399999675 264897.7869999967 65 110
267754.9279999966 267959.0094999966 65 110
267959.0094999966 268163.09099999664 65 110
268163.09099999664 268571.2539999966 65 110
271224.31349999656 271428.3949999966 65 92
271632.4764999966 271836.55799999664 65 92
279183.4919999962 279591.6549999961 65 92
279591.6549999961 279999.81799999607 65 92
279999.81799999607 280407.980999996 65 92
288979.4039999957 289387.5669999956 65 92
289387.5669999956 289999.8114999956 65 92
290612.0559999956 291015.96730207896 65 92
291020.2189999957 291428.3819999956 65 92
297958.98999999545 298367.1529999954 65 60
307346.73899999476 307754.9019999947 65 80
307754.9019999947 308163.06499999465 65 84
308163.06499999465 308571.22799999465 65 88
310203.87999999453 310816.1244999945 65 92
311020.20599999453 311224.28749999456 65 92
313469.1839999943 313877.34699999425 65 110
313877.34699999425 314489.5914999942 65 92
317958.97699999384 318367.1399999938 65 92
319999.79199999373 320612.0364999937 65 92
320816.11799999373 321020.19949999376 65 92
323265.0959999935 323673.25899999344 65 110
323673.25899999344 324081.4219999934 65 92
324081.4219999934 324421.5578333267 65 92
324489.5849999933 325237.8838333266 65 92
325305.9109999932 325714.07399999315 65 92
327550.8074999932 327754.8889999932 65 92
327958.97049999324 328163.0519999933 65 92
329387.54099999333 329795.7039999933 65 110
330203.8669999932 330612.02999999316 65 92
46938.74500000008 47346.90800000008 66 60
47346.90800000008 47755.07100000008 66 60
66530.56900000016 67346.89500000018 66 60
67346.89500000018 67755.05800000018 66 60
80816.27400000024 81224.43700000024 66 92
81224.43700000024 81632.60000000024 66 92
81632.60000000024 82040.76300000024 66 92
125306.04100000043 125714.20400000043 66 92
125714.20400000043 126122.36700000043 66 92
144897.86499999996 145714.19099999993 66 60
145714.19099999993 146122.35399999993 66 60
159183.56999999966 159591.73299999966 66 92
159591.73299999966 159999.89599999966 66 92
159999.89599999966 160408.05899999963 66 92
203673.33699999863 204081.49999999863 66 92
204081.49999999863 204489.6629999986 66 92
223265.16099999813 224081.4869999981 66 60
224081.4869999981 224489.6499999981 66 60
237550.86599999783 237959.02899999783 66 92
237959.02899999783 238367.19199999783 66 92
238367.19199999783 238775.3549999978 66 92
282040.632999996 282448.79599999596 66 92
282448.79599999596 282856.9589999959 66 92
301632.45699999534 302448.78299999534 66 60
302448.78299999534 302856.9459999953 66 60
315918.16199999413 316326.3249999941 66 92
316326.3249999941 316734.487999994 66 92
316734.487999994 317142.65099999396 66 92
816.326 1224.489 67 75
1224.489 1632.652 67 75
8163.2599999999975 8367.341499999997 67 75
10408.1565 10612.238 67 75
10816.319500000001 11020.401000000002 67 75
13061.216000000004 13265.297500000004 67 75
15306.112500000007 15510.194000000007 67 75
15714.275500000009 15918.357000000009 67 75
16326.52000000001 16734.68300000001 67 75
16734.68300000001 17142.846000000012 67 110
17142.846000000012 17891.144833333346 67 110
17959.172000000013 18367.335000000014 67 110
18367.335000000014 18775.498000000018 67 110
26530.595000000016 26734.676500000012 67 110
26734.676500000012 26938.75800000001 67 110
26938.75800000001 27346.921000000013 67 110
27346.921000000013 28571.410000000018 67 110
35102.01800000003 35306.09950000003 67 60
37346.91450000004 37550.99600000004 67 60
37755.07750000004 37959.15900000004 67 60
40816.300000000054 41224.463000000054 67 60
41224.463000000054 41632.62600000006 67 60
43265.278000000064 43673.441000000064 67 60
43673.441000000064 44081.60400000007 67 60
45714.256000000074 46122.41900000008 67 60
46122.41900000008 46526.330302083414 67 60
48163.23400000009 48975.308302083424 67 60
51020.3750000001 51224.4565000001 67 60
53061.19000000011 53877.51600000011 67 60
56734.65700000012 57550.98300000013 67 60
57959.14600000013 58367.30900000013 67 60
58367.30900000013 58775.47200000013 67 60
67755.05800000018 68163.22100000018 67 60
68367.30250000018 69319.68283333351 67 110
68979.54700000018 69727.84583333351 67 60
69795.87300000018 70204.03600000018 67 110
70204.03600000018 70612.19900000018 67 60
70612.19900000018 70952.33483333353 67 64
71020.3620000002 71428.5250000002 67 110
71428.5250000002 71836.6880000002 67 72
71836.6880000002 72176.82383333353 67 76
72244.8510000002 73401.31283333353 67 110
73469.3400000002 73877.5030000002 67 92
73877.5030000002 74489.7475000002 67 92
74693.8290000002 75101.9920000002 67 92
77142.80700000022 77550.97000000022 67 110
77550.97000000022 77959.13300000022 67 92
77959.13300000022 78299.26883333355 67 92
79591.78500000022 79999.94800000024 67 92
79999.94800000024 80816.27400000024 67 92
82040.76300000024 82448.92600000024 67 92
82448.92600000024 82857.08900000024 67 92
83265.25200000024 83673.41500000024 67 92
83673.41500000024 84285.65950000026 67 92
84489.74100000026 84897.90400000026 67 92
86938.71900000026 87346.88200000026 67 110
87346.88200000026 87755.04500000026 67 92
87755.04500000026 88095.1808333336 67 110
89387.69700000028 90544.15883333361 67 110
91428.51200000028 91632.59350000028 67 92
93673.4085000003 93877.4900000003 67 92
94081.5715000003 94285.6530000003 67 92
94285.6530000003 95033.95183333363 67 110
94693.8160000003 95101.9790000003 67 92
95101.9790000003 95442.11483333363 67 92
95510.1420000003 96258.44083333363 67 110
96326.4680000003 96734.6310000003 67 110
96734.6310000003 97142.79400000031 67 110
104897.89100000034 105101.97250000034 67 110
105101.97250000034 105306.05400000034 67 110
105306.05400000034 105714.21700000034 67 110
105714.21700000034 106938.70600000035 67 110
113469.31400000038 113673.39550000038 67 92
115714.2105000004 115918.2920000004 67 92
116122.3735000004 116326.4550000004 67 92
119183.59600000041 119591.75900000041 67 92
119591.75900000041 119999.92200000041 67 92
121632.57400000042 122040.73700000042 67 92
122040.73700000042 122448.90000000042 67 92
124081.55200000043 124489.71500000043 67 92
124489.71500000043 124893.62630208377 67 92
126530.53000000044 127342.60430208377 67 92
129387.67100000038 129591.75250000038 67 92
131428.48600000032 132244.81200000027 67 92
135101.95300000024 135918.2790000002 67 92
136326.4420000002 136734.6050000002 67 92
136734.6050000002 137142.7680000002 67 92
146122.35399999993 146530.5169999999 67 60
146734.5984999999 147686.97883333327 67 110
147346.84299999994 148095.14183333324 67 60
148163.1689999999 148571.3319999999 67 110
148571.3319999999 148979.4949999999 67 60
148979.4949999999 149319.6308333332 67 64
149387.65799999988 149795.82099999988 67 110
149795.82099999988 150203.98399999988 67 72
150203.98399999988 150544.11983333318 67 76
150612.14699999985 151768.60883333316 67 110
151836.63599999982 152244.79899999982 67 92
152244.79899999982 152857.04349999983 67 92
153061.1249999998 153469.2879999998 67 92
155510.10299999977 155918.26599999977 67 110
155918.26599999977 156326.42899999977 67 92
156326.42899999977 156666.56483333308 67 92
157959.0809999997 158367.24399999972 67 92
158367.24399999972 159183.56999999966 67 92
160408.05899999963 160816.22199999963 67 92
160816.22199999963 161224.38499999963 67 92
161632.5479999996 162040.71099999963 67 92
162040.71099999963 162652.95549999963 67 92
162857.0369999996 163265.1999999996 67 92
165306.01499999955 165714.17799999955 67 110
165714.17799999955 166122.34099999955 67 92
166122.34099999955 166462.47683333285 67 110
167754.9929999995 168911.45483333277 67 110
169795.80799999947 169999.88949999947 67 92
172040.7044999994 172244.7859999994 67 92
172448.8674999994 172652.94899999938 67 92
172652.94899999938 173401.24783333272 67 110
173061.11199999938 173469.27499999938 67 92
173469.27499999938 173809.4108333327 67 92
173877.43799999935 174625.73683333266 67 110
174693.76399999933 175101.9269999993 67 110
175101.9269999993 175510.0899999993 67 110
183265.18699999916 183469.26849999916 67 110
183469.26849999916 183673.34999999913 67 110
183673.34999999913 184081.51299999916 67 110
184081.51299999916 185306.00199999913 67 110
191836.6099999989 192040.6914999989 67 92
194081.50649999885 194285.58799999885 67 92
194489.66949999885 194693.75099999883 67 92
197550.8919999988 197959.0549999988 67 92
197959.0549999988 198367.2179999988 67 92
199999.86999999877 200408.03299999874 67 92
200408.03299999874 200816.19599999872 67 92
202448.8479999987 202857.01099999866 67 92
202857.01099999866 203260.92230208198 67 92
204897.8259999986 205709.90030208192 67 92
207754.96699999855 207959.04849999855 67 92
209795.7819999985 210612.10799999844 67 92
213469.2489999984 214285.57499999838 67 92
214693.73799999838 215101.90099999838 67 92
215101.90099999838 215510.06399999835 67 92
224489.6499999981 224897.81299999807 67 60
225101.89449999807 226054.2748333314 67 110
225714.13899999807 226462.43783333138 67 60
226530.46499999805 226938.62799999805 67 110
226938.62799999805 227346.79099999808 67 60
227346.79099999808 227686.92683333138 67 64
227754.95399999805 228163.11699999805 67 110
228163.11699999805 228571.27999999805 67 72
228571.27999999805 228911.41583333135 67 76
228979.44299999802 230135.90483333133 67 110
230203.931999998 230612.094999998 67 92
230612.094999998 231224.339499998 67 92
231428.42099999796 231836.58399999797 67 92
233877.3989999979 234285.5619999979 67 110
234285.5619999979 234693.72499999794 67 92
234693.72499999794 235033.86083333124 67 92
236326.37699999788 236734.53999999788 67 92
236734.53999999788 237550.86599999783 67 92
238775.3549999978 239183.5179999978 67 92
239183.5179999978 239591.6809999978 67 92
239999.84399999777 240408.00699999777 67 92
240408.00699999777 241020.25149999777 67 92
241224.33299999774 241632.49599999774 67 92
243673.31099999772 244081.47399999772 67 110
244081.47399999772 244489.63699999772 67 92
244489.63699999772 244829.77283333102 67 110
246122.28899999766 247278.75083333094 67 110
248163.1039999976 248367.1854999976 67 92
250408.00049999758 250612.08199999758 67 92
250816.16349999758 251020.24499999755 67 92
251020.24499999755 251768.54383333088 67 110
251428.40799999755 251836.57099999755 67 92
251836.57099999755 252176.70683333086 67 92
252244.73399999752 252993.03283333083 67 110
253061.0599999975 253469.22299999747 67 110
253469.22299999747 253877.38599999747 67 110
261632.48299999692 261836.56449999695 67 110
261836.56449999695 262040.64599999698 67 110
262040.64599999698 262448.8089999969 67 110
262448.8089999969 263673.29799999675 67 110
270203.90599999647 270407.9874999965 67 92
272448.8024999966 272652.88399999664 67 92
272856.9654999967 273061.0469999967 67 92
275918.1879999965 276326.3509999964 67 92
276326.3509999964 276734.51399999636 67 92
278367.1659999963 278775.32899999624 67 92
278775.32899999624 279183.4919999962 67 92
280816.143999996 281224.30699999596 67 92
281224.30699999596 281628.21830207936 67 92
283265.12199999584 284077.19630207925 67 92
286122.2629999959 286326.34449999593 67 92
288163.0779999958 288979.4039999957 67 92
291836.5449999956 292652.87099999556 67 92
293061.03399999556 293469.1969999955 67 92
293469.1969999955 293877.35999999545 67 92
302856.9459999953 303265.1089999952 67 60
303469.19049999525 304421.57083332853 67 110
304081.4349999952 304829.7338333285 67 60
304897.7609999951 305305.92399999505 67 110
305305.92399999505 305714.086999995 67 60
305714.086999995 306054.2228333283 67 64
306122.24999999494 306530.4129999949 67 110
306530.4129999949 306938.5759999948 67 72
306938.5759999948 307278.7118333281 67 76
307346.73899999476 308503.20083332795 67 110
308571.22799999465 308979.3909999946 67 92
308979.3909999946 309591.63549999456 67 92
309795.7169999946 310203.87999999453 67 92
312244.6949999945 312652.8579999944 67 110
312652.8579999944 313061.02099999436 67 92
313061.02099999436 313401.15683332767 67 92
314693.67299999425 315101.8359999942 67 92
315101.8359999942 315918.16199999413 67 92
317142.65099999396 317550.8139999939 67 92
317550.8139999939 317958.97699999384 67 92
318367.1399999938 318775.3029999937 67 92
318775.3029999937 319387.54749999376 67 92
319591.6289999938 319999.79199999373 67 92
322040.6069999937 322448.7699999936 67 110
322448.7699999936 322856.93299999356 67 92
322856.93299999356 323197.06883332686 67 110
324489.5849999933 325646.0468333265 67 110
326530.39999999315 326734.4814999932 67 92
328775.29649999324 328979.3779999933 67 92
329183.4594999933 329387.54099999333 67 92
329795.7039999933 330203.8669999932 67 92
15918.357000000009 16326.52000000001 69 75
41632.62600000006 42036.537302083394 69 60
42040.78900000006 42448.95200000006 69 60
42448.95200000006 42857.11500000006 69 60
44081.60400000007 44489.76700000007 69 60
44489.76700000007 44897.93000000007 69 60
44897.93000000007 45306.09300000007 69 60
51428.5380000001 51836.7010000001 69 60
51836.7010000001 52244.8640000001 69 60
52244.8640000001 52653.02700000011 69 60
53877.51600000011 54285.67900000011 69 60
54285.67900000011 54897.92350000012 69 60
55510.16800000012 55914.07930208346 69 60
55918.33100000012 56326.49400000012 69 60
58775.47200000013 59523.770833333474 69 110
59591.79800000014 59795.87950000014 69 110
59795.87950000014 60748.259833333475 69 110
61428.53150000015 62448.93900000015 69 110
62448.93900000015 63605.40083333349 69 60
64489.75400000016 64693.83550000016 69 110
64693.83550000016 65646.2158333335 69 110
68163.22100000018 68367.30250000018 69 110
75918.31800000022 76122.39950000022 69 110
76122.39950000022 76530.56250000022 69 92
76530.56250000022 77074.77983333355 69 92
78367.29600000022 78775.45900000022 69 110
78775.45900000022 79387.70350000022 69 92
85714.23000000026 85918.31150000026 69 110
86122.39300000026 86530.55600000026 69 92
86530.55600000026 86870.69183333359 69 92
88163.20800000026 88571.37100000028 69 110
88571.37100000028 88979.53400000028 69 92
88979.53400000028 89387.69700000028 69 92
89387.69700000028 90135.99583333361 69 92
90204.02300000028 90612.18600000028 69 92
94285.6530000003 94693.8160000003 69 92
119999.92200000041 120403.83330208375 69 92
120408.08500000041 120816.24800000041 69 92
120816.24800000041 121224.41100000041 69 92
122448.90000000042 122857.06300000042 69 92
122857.06300000042 123265.22600000043 69 92
123265.22600000043 123673.38900000043 69 92
129795.83400000035 130203.99700000035 69 92
130203.99700000035 130612.16000000035 69 92
130612.16000000035 131020.32300000034 69 92
132244.81200000027 132652.97500000027 69 92
132652.97500000027 133265.2195000003 69 92
133877.46400000027 134281.37530208362 69 92
134285.62700000027 134693.79000000024 69 92
137142.7680000002 137891.0668333335 69 110
137959.09400000016 138163.17550000016 69 110
138163.17550000016 139115.55583333343 69 110
139795.82750000007 140816.23500000007 69 110
140816.23500000007 141972.69683333338 69 60
142857.05000000005 143061.13150000005 69 110
143061.13150000005 144013.51183333332 69 110
146530.5169999999 146734.5984999999 69 110
154285.61399999977 154489.69549999977 69 110
154489.69549999977 154897.8584999998 69 92
154897.8584999998 155442.0758333331 69 92
156734.59199999974 157142.75499999974 69 110
157142.75499999974 157754.99949999974 69 92
164081.52599999958 164285.60749999958 69 110
164489.68899999958 164897.85199999958 69 92
164897.85199999958 165237.98783333288 69 92
166530.50399999952 166938.66699999952 69 110
166938.66699999952 167346.82999999952 69 92
167346.82999999952 167754.9929999995 69 92
167754.9929999995 168503.2918333328 69 92
168571.31899999946 168979.48199999944 69 92
172652.94899999938 173061.11199999938 69 92
198367.2179999988 198771.12930208212 69 92
198775.3809999988 199183.5439999988 69 92
199183.5439999988 199591.70699999877 69 92
200816.19599999872 201224.35899999872 69 92
201224.35899999872 201632.52199999872 69 92
201632.52199999872 202040.6849999987 69 92
208163.12999999852 208571.29299999852 69 92
208571.29299999852 208979.45599999852 69 92
208979.45599999852 209387.6189999985 69 92
210612.10799999844 211020.27099999844 69 92
211020.27099999844 211632.51549999844 69 92
212244.7599999984 212648.67130208176 69 92
212652.92299999844 213061.0859999984 69 92
215510.06399999835 216258.36283333166 69 110
216326.38999999833 216530.47149999833 69 110
216530.47149999833 217482.8518333316 69 110
218163.12349999824 219183.5309999982 69 110
219183.5309999982 220339.99283333155 69 60
221224.34599999822 221428.42749999822 69 110
221428.42749999822 222380.8078333315 69 110
224897.81299999807 225101.89449999807 69 110
232652.90999999794 232856.99149999794 69 110
232856.99149999794 233265.15449999794 69 92
233265.15449999794 233809.37183333124 69 92
235101.8879999979 235510.0509999979 69 110
235510.0509999979 236122.2954999979 69 92
242448.82199999774 242652.90349999774 69 110
242856.98499999775 243265.14799999775 69 92
243265.14799999775 243605.28383333105 69 92
244897.7999999977 245305.9629999977 69 110
245305.9629999977 245714.1259999977 69 92
245714.1259999977 246122.28899999766 69 92
246122.28899999766 246870.58783333097 69 92
246938.61499999763 247346.7779999976 69 92
251020.24499999755 251428.40799999755 69 92
276734.51399999636 277138.4253020797 69 92
277142.6769999964 277550.83999999636 69 92
277550.83999999636 277959.0029999963 69 92
279183.4919999962 279591.6549999961 69 92
279591.6549999961 279999.81799999607 69 92
279999.81799999607 280407.980999996 69 92
286530.42599999596 286938.5889999959 69 92
286938.5889999959 287346.75199999585 69 92
287346.75199999585 287754.9149999958 69 92
288979.4039999957 289387.5669999956 69 92
289387.5669999956 289999.8114999956 69 92
290612.0559999956 291015.96730207896 69 92
291020.2189999957 291428.3819999956 69 92
293877.35999999545 294625.65883332875 69 110
294693.6859999954 294897.7674999954 69 110
294897.7674999954 295850.14783332875 69 110
296530.4194999955 297550.8269999955 69 110
297550.8269999955 298707.2888333287 69 60
299591.64199999534 299795.72349999537 69 110
299795.72349999537 300748.10383332864 69 110
303265.1089999952 303469.19049999525 69 110
311020.20599999453 311224.28749999456 69 110
311224.28749999456 311632.4504999945 69 92
311632.4504999945 312176.66783332784 69 92
313469.1839999943 313877.34699999425 69 110
313877.34699999425 314489.5914999942 69 92
320816.11799999373 321020.19949999376 69 110
321224.2809999938 321632.44399999373 69 92
321632.44399999373 321972.57983332704 69 92
323265.0959999935 323673.25899999344 69 110
323673.25899999344 324081.4219999934 69 92
324081.4219999934 324489.5849999933 69 92
324489.5849999933 325237.8838333266 69 92
325305.9109999932 325714.07399999315 69 92
329387.54099999333 329795.7039999933 69 92
40408.13700000005 40816.300000000054 71 60
40816.300000000054 41224.463000000054 71 60
41224.463000000054 41632.62600000006 71 60
48163.23400000009 48975.308302083424 71 60
50204.049000000094 51020.3750000001 71 60
51020.3750000001 51224.4565000001 71 60
60816.28700000014 61020.36850000014 71 110
61224.45000000015 61428.53150000015 71 110
65714.24300000016 65918.32450000016 71 110
66122.40600000016 68095.19383333351 71 110
69795.87300000018 70204.03600000018 71 110
70204.03600000018 70612.19900000018 71 60
70612.19900000018 70952.33483333353 71 64
72244.8510000002 72653.0140000002 71 110
72653.0140000002 73061.1770000002 71 84
73061.1770000002 73401.31283333353 71 88
74693.8290000002 75101.9920000002 71 110
75101.9920000002 75714.23650000022 71 92
82040.76300000024 82448.92600000024 71 92
82448.92600000024 82857.08900000024 71 92
82857.08900000024 83265.25200000024 71 92
84489.74100000026 84897.90400000026 71 110
84897.90400000026 85510.14850000026 71 92
118775.4330000004 119183.59600000041 71 92
119183.59600000041 119591.75900000041 71 92
119591.75900000041 119999.92200000041 71 92
126530.53000000044 127342.60430208377 71 92
128571.34500000041 129387.67100000038 71 92
129387.67100000038 129591.75250000038 71 92
139183.5830000001 139387.6645000001 71 110
139591.74600000007 139795.82750000007 71 110
144081.539 144285.6205 71 110
144489.70199999996 146462.48983333324 71 110
148163.1689999999 148571.3319999999 71 110
148571.3319999999 148979.4949999999 71 60
148979.4949999999 149319.6308333332 71 64
150612.14699999985 151020.30999999985 71 110
151020.30999999985 151428.47299999985 71 84
151428.47299999985 151768.60883333316 71 88
153061.1249999998 153469.2879999998 71 110
153469.2879999998 154081.5324999998 71 92
160408.05899999963 160816.22199999963 71 92
160816.22199999963 161224.38499999963 71 92
161224.38499999963 161632.5479999996 71 92
162857.0369999996 163265.1999999996 71 110
163265.1999999996 163877.4444999996 71 92
197142.7289999988 197550.8919999988 71 92
197550.8919999988 197959.0549999988 71 92
197959.0549999988 198367.2179999988 71 92
204897.8259999986 205709.90030208192 71 92
206938.64099999858 207754.96699999855 71 92
207754.96699999855 207959.04849999855 71 92
217550.87899999827 217754.96049999827 71 110
217959.04199999824 218163.12349999824 71 110
222448.83499999816 222652.91649999816 71 110
222856.99799999813 224829.7858333314 71 110
226530.46499999805 226938.62799999805 71 110
226938.62799999805 227346.79099999808 71 60
227346.79099999808 227686.92683333138 71 64
228979.44299999802 229387.60599999802 71 110
229387.60599999802 229795.76899999802 71 84
229795.76899999802 230135.90483333133 71 88
231428.42099999796 231836.58399999797 71 110
231836.58399999797 232448.82849999797 71 92
238775.3549999978 239183.5179999978 71 92
239183.5179999978 239591.6809999978 71 92
239591.6809999978 239999.84399999777 71 92
241224.33299999774 241632.49599999774 71 110
241632.49599999774 242244.74049999777 71 92
275510.02499999653 275918.1879999965 71 92
275918.1879999965 276326.3509999964 71 92
276326.3509999964 276734.51399999636 71 92
283265.12199999584 284077.19630207925 71 92
285305.9369999959 286122.2629999959 71 92
286122.2629999959 286326.34449999593 71 92
295918.1749999954 296122.2564999954 71 110
296326.33799999545 296530.4194999955 71 110
300816.1309999953 301020.2124999953 71 110
301224.29399999534 303197.0818333286 71 110
304897.7609999951 305305.92399999505 71 110
305305.92399999505 305714.086999995 71 60
305714.086999995 306054.2228333283 71 64
307346.73899999476 307754.9019999947 71 110
307754.9019999947 308163.06499999465 71 84
308163.06499999465 308503.20083332795 71 88
309795.7169999946 310203.87999999453 71 110
310203.87999999453 310816.1244999945 71 92
317142.65099999396 317550.8139999939 71 92
317550.8139999939 317958.97699999384 71 92
317958.97699999384 318367.1399999938 71 92
319591.6289999938 319999.79199999373 71 110
319999.79199999373 320612.0364999937 71 92
8367.341499999997 8571.422999999997 72 75
9387.748999999998 9591.830499999998 72 75
10612.238 10816.319500000001 72 75
13265.297500000004 13469.379000000004 72 75
14285.705000000005 14489.786500000006 72 75
15510.194000000007 15714.275500000009 72 75
35306.09950000003 35510.18100000003 72 60
36326.507000000034 36530.588500000034 72 60
37550.99600000004 37755.07750000004 72 60
39183.648000000045 39591.81100000005 72 60
39591.81100000005 39999.97400000005 72 60
39999.97400000005 40408.13700000005 72 60
41632.62600000006 42036.537302083394 72 60
42040.78900000006 43605.4138333334 72 110
43673.441000000064 44081.60400000007 72 110
44081.60400000007 44489.76700000007 72 110
44489.76700000007 44897.93000000007 72 110
44897.93000000007 45306.09300000007 72 110
45306.09300000007 46054.391833333415 72 110
46938.74500000008 47346.90800000008 72 60
47346.90800000008 47755.07100000008 72 60
48979.56000000009 49387.72300000009 72 60
49387.72300000009 49999.96750000009 72 60
51428.5380000001 51836.7010000001 72 60
51836.7010000001 52244.8640000001 72 60
52244.8640000001 52653.02700000011 72 60
53469.35300000011 53877.51600000011 72 110
53877.51600000011 54285.67900000011 72 110
54285.67900000011 54897.92350000012 72 110
55510.16800000012 55914.07930208346 72 60
55918.33100000012 56326.49400000012 72 110
56326.49400000012 57448.94225000013 72 110
57142.82000000013 58707.444833333466 72 60
61020.36850000014 61224.45000000015 72 110
65918.32450000016 66122.40600000016 72 110
71020.3620000002 71428.5250000002 72 110
71428.5250000002 71836.6880000002 72 72
71836.6880000002 72176.82383333353 72 76
73469.3400000002 73877.5030000002 72 110
73877.5030000002 74489.7475000002 72 92
75918.31800000022 76122.39950000022 72 92
76122.39950000022 76530.56250000022 72 92
76530.56250000022 78299.26883333355 72 110
78775.45900000022 79387.70350000022 72 110
79387.70350000022 79591.78500000022 72 110
79591.78500000022 80408.11100000024 72 110
80816.27400000024 81224.43700000024 72 92
81224.43700000024 81632.60000000024 72 92
81632.60000000024 82040.76300000024 72 92
83265.25200000024 83673.41500000024 72 110
83673.41500000024 84285.65950000026 72 92
85714.23000000026 85918.31150000026 72 92
86122.39300000026 86870.69183333359 72 110
88571.37100000028 88979.53400000028 72 110
88979.53400000028 89387.69700000028 72 110
89387.69700000028 90135.99583333361 72 92
90204.02300000028 90612.18600000028 72 110
90612.18600000028 91020.34900000028 72 110
91632.59350000028 91836.67500000028 72 92
92653.00100000028 92857.0825000003 72 92
93877.4900000003 94081.5715000003 72 92
113673.39550000038 113877.47700000038 72 92
114693.8030000004 114897.8845000004 72 92
115918.2920000004 116122.3735000004 72 92
117550.9440000004 117959.1070000004 72 92
117959.1070000004 118367.2700000004 72 92
118367.2700000004 118775.4330000004 72 92
119999.92200000041 120403.83330208375 72 92
120408.08500000041 121972.70983333375 72 110
122040.73700000042 122448.90000000042 72 110
122448.90000000042 122857.06300000042 72 110
122857.06300000042 123265.22600000043 72 110
123265.22600000043 123673.38900000043 72 110
123673.38900000043 124421.68783333377 72 110
125306.04100000043 125714.20400000043 72 92
125714.20400000043 126122.36700000043 72 92
127346.85600000044 127755.01900000045 72 92
127755.01900000045 128367.26350000044 72 92
129795.83400000035 130203.99700000035 72 92
130203.99700000035 130612.16000000035 72 92
130612.16000000035 131020.32300000034 72 92
131836.6490000003 132244.81200000027 72 110
132244.81200000027 132652.97500000027 72 110
132652.97500000027 133265.2195000003 72 110
133877.46400000027 134281.37530208362 72 92
134285.62700000027 134693.79000000024 72 110
134693.79000000024 135816.23825000023 72 110
135510.11600000024 137074.74083333352 72 92
139387.6645000001 139591.74600000007 72 110
144285.6205 144489.70199999996 72 110
149387.65799999988 149795.82099999988 72 110
149795.82099999988 150203.98399999988 72 72
150203.98399999988 150544.11983333318 72 76
151836.63599999982 152244.79899999982 72 110
152244.79899999982 152857.04349999983 72 92
154285.61399999977 154489.69549999977 72 92
154489.69549999977 154897.8584999998 72 92
154897.8584999998 156666.56483333308 72 110
157142.75499999974 157754.99949999974 72 110
157754.99949999974 157959.0809999997 72 110
157959.0809999997 158775.4069999997 72 110
159183.56999999966 159591.73299999966 72 92
159591.73299999966 159999.89599999966 72 92
159999.89599999966 160408.05899999963 72 92
161632.5479999996 162040.71099999963 72 110
162040.71099999963 162652.95549999963 72 92
164081.52599999958 164285.60749999958 72 92
164489.68899999958 165237.98783333288 72 110
166938.66699999952 167346.82999999952 72 110
167346.82999999952 167754.9929999995 72 110
167754.9929999995 168503.2918333328 72 92
168571.31899999946 168979.48199999944 72 110
168979.48199999944 169387.64499999947 72 110
169999.88949999947 170203.97099999944 72 92
171020.29699999944 171224.37849999944 72 92
172244.7859999994 172448.8674999994 72 92
192040.6914999989 192244.77299999888 72 92
193061.09899999888 193265.18049999888 72 92
194285.58799999885 194489.66949999885 72 92
195918.23999999883 196326.40299999883 72 92
196326.40299999883 196734.56599999883 72 92
196734.56599999883 197142.7289999988 72 92
198367.2179999988 198771.12930208212 72 92
198775.3809999988 200340.00583333208 72 110
200408.03299999874 200816.19599999872 72 110
200816.19599999872 201224.35899999872 72 110
201224.35899999872 201632.52199999872 72 110
201632.52199999872 202040.6849999987 72 110
202040.6849999987 202788.983833332 72 110
203673.33699999863 204081.49999999863 72 92
204081.49999999863 204489.6629999986 72 92
205714.1519999986 206122.3149999986 72 92
206122.3149999986 206734.5594999986 72 92
208163.12999999852 208571.29299999852 72 92
208571.29299999852 208979.45599999852 72 92
208979.45599999852 209387.6189999985 72 92
210203.94499999846 210612.10799999844 72 110
210612.10799999844 211020.27099999844 72 110
211020.27099999844 211632.51549999844 72 110
212244.7599999984 212648.67130208176 72 92
212652.92299999844 213061.0859999984 72 110
213061.0859999984 214183.5342499984 72 110
213877.4119999984 215442.0368333317 72 92
217754.96049999827 217959.04199999824 72 110
222652.91649999816 222856.99799999813 72 110
227754.95399999805 228163.11699999805 72 110
228163.11699999805 228571.27999999805 72 72
228571.27999999805 228911.41583333135 72 76
230203.931999998 230612.094999998 72 110
230612.094999998 231224.339499998 72 92
232652.90999999794 232856.99149999794 72 92
232856.99149999794 233265.15449999794 72 92
233265.15449999794 235033.86083333124 72 110
235510.0509999979 236122.2954999979 72 110
236122.2954999979 236326.37699999788 72 110
236326.37699999788 237142.70299999785 72 110
237550.86599999783 237959.02899999783 72 92
237959.02899999783 238367.19199999783 72 92
238367.19199999783 238775.3549999978 72 92
239999.84399999777 240408.00699999777 72 110
240408.00699999777 241020.25149999777 72 92
242448.82199999774 242652.90349999774 72 92
242856.98499999775 243605.28383333105 72 110
245305.9629999977 245714.1259999977 72 110
245714.1259999977 246122.28899999766 72 110
246122.28899999766 246870.58783333097 72 92
246938.61499999763 247346.7779999976 72 110
247346.7779999976 247754.9409999976 72 110
248367.1854999976 248571.26699999758 72 92
249387.5929999976 249591.6744999976 72 92
250612.08199999758 250816.16349999758 72 92
270407.9874999965 270612.0689999965 72 92
271428.3949999966 271632.4764999966 72 92
272652.88399999664 272856.9654999967 72 92
274285.5359999967 274693.69899999665 72 92
274693.69899999665 275101.8619999966 72 92
275101.8619999966 275510.02499999653 72 92
276734.51399999636 277138.4253020797 72 92
277142.6769999964 278707.3018333296 72 110
278775.32899999624 279183.4919999962 72 110
279183.4919999962 279591.6549999961 72 110
279591.6549999961 279999.81799999607 72 110
279999.81799999607 280407.980999996 72 110
280407.980999996 281156.2798333293 72 110
282040.632999996 282448.79599999596 72 92
282448.79599999596 282856.9589999959 72 92
284081.44799999596 284489.6109999959 72 92
284489.6109999959 285101.8554999959 72 92
286530.42599999596 286938.5889999959 72 92
286938.5889999959 287346.75199999585 72 92
287346.75199999585 287754.9149999958 72 92
288571.24099999573 288979.4039999957 72 110
288979.4039999957 289387.5669999956 72 110
289387.5669999956 289999.8114999956 72 110
290612.0559999956 291015.96730207896 72 92
291020.2189999957 291428.3819999956 72 110
291428.3819999956 292550.83024999563 72 110
292244.7079999956 293809.3328333288 72 92
296122.2564999954 296326.33799999545 72 110
301020.2124999953 301224.29399999534 72 110
306122.24999999494 306530.4129999949 72 110
306530.4129999949 306938.5759999948 72 72
306938.5759999948 307278.7118333281 72 76
308571.22799999465 308979.3909999946 72 110
308979.3909999946 309591.63549999456 72 92
311020.20599999453 311224.28749999456 72 92
311224.28749999456 311632.4504999945 72 92
311632.4504999945 313401.15683332767 72 110
313877.34699999425 314489.5914999942 72 110
314489.5914999942 314693.67299999425 72 110
314693.67299999425 315509.9989999942 72 110
315918.16199999413 316326.3249999941 72 92
316326.3249999941 316734.487999994 72 92
316734.487999994 317142.65099999396 72 92
318367.1399999938 318775.3029999937 72 110
318775.3029999937 319387.54749999376 72 92
320816.11799999373 321020.19949999376 72 92
321224.2809999938 321972.57983332704 72 110
323673.25899999344 324081.4219999934 72 110
324081.4219999934 324489.5849999933 72 110
324489.5849999933 325237.8838333266 72 92
325305.9109999932 325714.07399999315 72 110
325714.07399999315 326122.2369999931 72 110
326734.4814999932 326938.5629999932 72 92
327754.8889999932 327958.97049999324 72 92
328979.3779999933 329183.4594999933 72 92
46122.41900000008 46326.50050000008 74 110
46326.50050000008 46530.58200000008 74 110
46530.58200000008 48163.23400000009 74 110
69795.87300000018 70204.03600000018 74 110
70204.03600000018 70612.19900000018 74 60
70612.19900000018 70952.33483333353 74 64
72244.8510000002 72653.0140000002 74 80
72653.0140000002 73061.1770000002 74 84
73061.1770000002 73469.3400000002 74 88
80408.11100000024 80816.27400000024 74 110
80816.27400000024 81224.43700000024 74 110
82857.08900000024 83265.25200000024 74 92
124489.71500000043 124693.79650000043 74 110
124693.79650000043 124897.87800000043 74 110
124897.87800000043 126530.53000000044 74 110
148163.1689999999 148571.3319999999 74 110
148571.3319999999 148979.4949999999 74 60
148979.4949999999 149319.6308333332 74 64
150612.14699999985 151020.30999999985 74 80
151020.30999999985 151428.47299999985 74 84
151428.47299999985 151836.63599999982 74 88
158775.4069999997 159183.56999999966 74 110
159183.56999999966 159591.73299999966 74 110
161224.38499999963 161632.5479999996 74 92
202857.01099999866 203061.09249999866 74 110
203061.09249999866 203265.17399999863 74 110
203265.17399999863 204897.8259999986 74 110
226530.46499999805 226938.62799999805 74 110
226938.62799999805 227346.79099999808 74 60
227346.79099999808 227686.92683333138 74 64
228979.44299999802 229387.60599999802 74 80
229387.60599999802 229795.76899999802 74 84
229795.76899999802 230203.931999998 74 88
237142.70299999785 237550.86599999783 74 110
237550.86599999783 237959.02899999783 74 110
239591.6809999978 239999.84399999777 74 92
281224.30699999596 281428.388499996 74 110
281428.388499996 281632.469999996 74 110
281632.469999996 283265.12199999584 74 110
304897.7609999951 305305.92399999505 74 110
305305.92399999505 305714.086999995 74 60
305714.086999995 306054.2228333283 74 64
307346.73899999476 307754.9019999947 74 80
307754.9019999947 308163.06499999465 74 84
308163.06499999465 308571.22799999465 74 88
315509.9989999942 315918.16199999413 74 110
315918.16199999413 316326.3249999941 74 110
317958.97699999384 318367.1399999938 74 92
330203.8669999932 330612.02999999316 74 110
39183.648000000045 39591.81100000005 76 60
39591.81100000005 39999.97400000005 76 60
39999.97400000005 40408.13700000005 76 60
40408.13700000005 40816.300000000054 76 60
41224.463000000054 41632.62600000006 76 110
41836.70750000006 42040.78900000006 76 110
48571.39700000009 48775.47850000009 76 110
48979.56000000009 49387.72300000009 76 60
49387.72300000009 49999.96750000009 76 60
50204.049000000094 51020.3750000001 76 60
51224.4565000001 51428.5380000001 76 110
51836.7010000001 52244.8640000001 76 110
52244.8640000001 52653.02700000011 76 110
52653.02700000011 53401.325833333445 76 110
54897.92350000012 55102.00500000012 76 110
55714.24950000012 55918.33100000012 76 110
71020.3620000002 71428.5250000002 76 110
71428.5250000002 71836.6880000002 76 72
71836.6880000002 72176.82383333353 76 76
73469.3400000002 73877.5030000002 76 92
73877.5030000002 74489.7475000002 76 92
74693.8290000002 75101.9920000002 76 92
75714.23650000022 75918.31800000022 76 110
76122.39950000022 76530.56250000022 76 110
81224.43700000024 81632.60000000024 76 110
82448.92600000024 82857.08900000024 76 110
83265.25200000024 83673.41500000024 76 92
83673.41500000024 84285.65950000026 76 92
84489.74100000026 84897.90400000026 76 92
85918.31150000026 86122.39300000026 76 110
89795.86000000028 90204.02300000028 76 110
117550.9440000004 117959.1070000004 76 92
117959.1070000004 118367.2700000004 76 92
118367.2700000004 118775.4330000004 76 92
118775.4330000004 119183.59600000041 76 92
119591.75900000041 119999.92200000041 76 110
120204.00350000041 120408.08500000041 76 110
126938.69300000044 127142.77450000044 76 110
127346.85600000044 127755.01900000045 76 92
127755.01900000045 128367.26350000044 76 92
128571.34500000041 129387.67100000038 76 92
129591.75250000038 129795.83400000035 76 110
130203.99700000035 130612.16000000035 76 110
130612.16000000035 131020.32300000034 76 110
131020.32300000034 131768.62183333363 76 110
133265.2195000003 133469.30100000027 76 110
134081.54550000027 134285.62700000027 76 110
149387.65799999988 149795.82099999988 76 110
149795.82099999988 150203.98399999988 76 72
150203.98399999988 150544.11983333318 76 76
151836.63599999982 152244.79899999982 76 92
152244.79899999982 152857.04349999983 76 92
153061.1249999998 153469.2879999998 76 92
154081.5324999998 154285.61399999977 76 110
154489.69549999977 154897.8584999998 76 110
159591.73299999966 159999.89599999966 76 110
160816.22199999963 161224.38499999963 76 110
161632.5479999996 162040.71099999963 76 92
162040.71099999963 162652.95549999963 76 92
162857.0369999996 163265.1999999996 76 92
164285.60749999958 164489.68899999958 76 110
168163.1559999995 168571.31899999946 76 110
195918.23999999883 196326.40299999883 76 92
196326.40299999883 196734.56599999883 76 92
196734.56599999883 197142.7289999988 76 92
197142.7289999988 197550.8919999988 76 92
197959.0549999988 198367.2179999988 76 110
198571.2994999988 198775.3809999988 76 110
205305.9889999986 205510.07049999863 76 110
205714.1519999986 206122.3149999986 76 92
206122.3149999986 206734.5594999986 76 92
206938.64099999858 207754.96699999855 76 92
207959.04849999855 208163.12999999852 76 110
208571.29299999852 208979.45599999852 76 110
208979.45599999852 209387.6189999985 76 110
209387.6189999985 210135.9178333318 76 110
211632.51549999844 211836.5969999984 76 110
212448.8414999984 212652.92299999844 76 110
227754.95399999805 228163.11699999805 76 110
228163.11699999805 228571.27999999805 76 72
228571.27999999805 228911.41583333135 76 76
230203.931999998 230612.094999998 76 92
230612.094999998 231224.339499998 76 92
231428.42099999796 231836.58399999797 76 92
232448.82849999797 232652.90999999794 76 110
232856.99149999794 233265.15449999794 76 110
237959.02899999783 238367.19199999783 76 110
239183.5179999978 239591.6809999978 76 110
239999.84399999777 240408.00699999777 76 92
240408.00699999777 241020.25149999777 76 92
241224.33299999774 241632.49599999774 76 92
242652.90349999774 242856.98499999775 76 110
246530.45199999766 246938.61499999763 76 110
274285.5359999967 274693.69899999665 76 92
274693.69899999665 275101.8619999966 76 92
275101.8619999966 275510.02499999653 76 92
275510.02499999653 275918.1879999965 76 92
276326.3509999964 276734.51399999636 76 110
276938.5954999964 277142.6769999964 76 110
283673.2849999959 283877.36649999593 76 110
284081.44799999596 284489.6109999959 76 92
284489.6109999959 285101.8554999959 76 92
285305.9369999959 286122.2629999959 76 92
286326.34449999593 286530.42599999596 76 110
286938.5889999959 287346.75199999585 76 110
287346.75199999585 287754.9149999958 76 110
287754.9149999958 288503.2138333291 76 110
289999.8114999956 290203.8929999956 76 110
290816.13749999565 291020.2189999957 76 110
306122.24999999494 306530.4129999949 76 110
306530.4129999949 306938.5759999948 76 72
306938.5759999948 307278.7118333281 76 76
308571.22799999465 308979.3909999946 76 92
308979.3909999946 309591.63549999456 76 92
309795.7169999946 310203.87999999453 76 92
310816.1244999945 311020.20599999453 76 110
311224.28749999456 311632.4504999945 76 110
316326.3249999941 316734.487999994 76 110
317550.8139999939 317958.97699999384 76 110
318367.1399999938 318775.3029999937 76 92
318775.3029999937 319387.54749999376 76 92
319591.6289999938 319999.79199999373 76 92
321020.19949999376 321224.2809999938 76 110
324897.74799999327 325305.9109999932 76 110
329795.7039999933 330203.8669999932 76 110
40816.300000000054 41224.463000000054 77 110
41632.62600000006 41836.70750000006 77 110
48775.47850000009 48979.56000000009 77 110
51020.3750000001 51224.4565000001 77 110
51428.5380000001 51836.7010000001 77 110
55102.00500000012 55709.99780208346 77 110
72244.8510000002 72653.0140000002 77 110
72653.0140000002 73061.1770000002 77 84
73061.1770000002 73401.31283333353 77 88
75101.9920000002 75714.23650000022 77 110
75918.31800000022 76122.39950000022 77 110
82857.08900000024 83265.25200000024 77 110
84897.90400000026 85510.14850000026 77 110
85510.14850000026 85714.23000000026 77 110
85714.23000000026 85918.31150000026 77 110
89387.69700000028 89795.86000000028 77 110
119183.59600000041 119591.75900000041 77 110
119999.92200000041 120204.00350000041 77 110
127142.77450000044 127346.85600000044 77 110
129387.67100000038 129591.75250000038 77 110
129795.83400000035 130203.99700000035 77 110
133469.30100000027 134077.29380208362 77 110
150612.14699999985 151020.30999999985 77 110
151020.30999999985 151428.47299999985 77 84
151428.47299999985 151768.60883333316 77 88
153469.2879999998 154081.5324999998 77 110
154285.61399999977 154489.69549999977 77 110
161224.38499999963 161632.5479999996 77 110
163265.1999999996 163877.4444999996 77 110
163877.4444999996 164081.52599999958 77 110
164081.52599999958 164285.60749999958 77 110
167754.9929999995 168163.1559999995 77 110
197550.8919999988 197959.0549999988 77 110
198367.2179999988 198571.2994999988 77 110
205510.07049999863 205714.1519999986 77 110
207754.96699999855 207959.04849999855 77 110
208163.12999999852 208571.29299999852 77 110
211836.5969999984 212444.58980208175 77 110
228979.44299999802 229387.60599999802 77 110
229387.60599999802 229795.76899999802 77 84
229795.76899999802 230135.90483333133 77 88
231836.58399999797 232448.82849999797 77 110
232652.90999999794 232856.99149999794 77 110
239591.6809999978 239999.84399999777 77 110
241632.49599999774 242244.74049999777 77 110
242244.74049999777 242448.82199999774 77 110
242448.82199999774 242652.90349999774 77 110
246122.28899999766 246530.45199999766 77 110
275918.1879999965 276326.3509999964 77 110
276734.51399999636 276938.5954999964 77 110
283877.36649999593 284081.44799999596 77 110
286122.2629999959 286326.34449999593 77 110
286530.42599999596 286938.5889999959 77 110
290203.8929999956 290811.88580207893 77 110
307346.73899999476 307754.9019999947 77 110
307754.9019999947 308163.06499999465 77 84
308163.06499999465 308503.20083332795 77 88
310203.87999999453 310816.1244999945 77 110
311020.20599999453 311224.28749999456 77 110
317958.97699999384 318367.1399999938 77 110
319999.79199999373 320612.0364999937 77 110
320612.0364999937 320816.11799999373 77 110
320816.11799999373 321020.19949999376 77 110
324489.5849999933 324897.74799999327 77 110
329387.54099999333 329795.7039999933 77 110
81632.60000000024 82040.76300000024 78 110
159999.89599999966 160408.05899999963 78 110
238367.19199999783 238775.3549999978 78 110
316734.487999994 317142.65099999396 78 110
38571.403500000044 38775.485000000044 79 60
38775.485000000044 38979.566500000044 79 110
38979.566500000044 39179.39630208338 79 110
39183.648000000045 39591.81100000005 79 110
39591.81100000005 39999.97400000005 79 110
39999.97400000005 40408.13700000005 79 110
40408.13700000005 40816.300000000054 79 110
48979.56000000009 49387.72300000009 79 110
49387.72300000009 49999.96750000009 79 110
49999.96750000009 50204.049000000094 79 110
50204.049000000094 51020.3750000001 79 110
73469.3400000002 73877.5030000002 79 110
73877.5030000002 74489.7475000002 79 110
74489.7475000002 74693.8290000002 79 110
74693.8290000002 75101.9920000002 79 110
82040.76300000024 83197.22483333357 79 110
83265.25200000024 83673.41500000024 79 110
83673.41500000024 84285.65950000026 79 110
84285.65950000026 84489.74100000026 79 110
84489.74100000026 84897.90400000026 79 110
116938.6995000004 117142.7810000004 79 92
117142.7810000004 117346.8625000004 79 110
117346.8625000004 117546.69230208373 79 110
117550.9440000004 117959.1070000004 79 110
117959.1070000004 118367.2700000004 79 110
118367.2700000004 118775.4330000004 79 110
118775.4330000004 119183.59600000041 79 110
127346.85600000044 127755.01900000045 79 110
127755.01900000045 128367.26350000044 79 110
128367.26350000044 128571.34500000041 79 110
128571.34500000041 129387.67100000038 79 110
151836.63599999982 152244.79899999982 79 110
152244.79899999982 152857.04349999983 79 110
152857.04349999983 153061.1249999998 79 110
153061.1249999998 153469.2879999998 79 110
160408.05899999963 161564.52083333294 79 110
161632.5479999996 162040.71099999963 79 110
162040.71099999963 162652.95549999963 79 110
162652.95549999963 162857.0369999996 79 110
162857.0369999996 163265.1999999996 79 110
195305.99549999883 195510.07699999883 79 92
195510.07699999883 195714.15849999883 79 110
195714.15849999883 195913.98830208217 79 110
195918.23999999883 196326.40299999883 79 110
196326.40299999883 196734.56599999883 79 110
196734.56599999883 197142.7289999988 79 110
197142.7289999988 197550.8919999988 79 110
205714.1519999986 206122.3149999986 79 110
206122.3149999986 206734.5594999986 79 110
206734.5594999986 206938.64099999858 79 110
206938.64099999858 207754.96699999855 79 110
230203.931999998 230612.094999998 79 110
230612.094999998 231224.339499998 79 110
231224.339499998 231428.42099999796 79 110
231428.42099999796 231836.58399999797 79 110
238775.3549999978 239931.8168333311 79 110
239999.84399999777 240408.00699999777 79 110
240408.00699999777 241020.25149999777 79 110
241020.25149999777 241224.33299999774 79 110
241224.33299999774 241632.49599999774 79 110
273673.2914999966 273877.37299999665 79 92
273877.37299999665 274081.4544999967 79 110
274081.4544999967 274281.28430208 79 110
274285.5359999967 274693.69899999665 79 110
274693.69899999665 275101.8619999966 79 110
275101.8619999966 275510.02499999653 79 110
275510.02499999653 275918.1879999965 79 110
284081.44799999596 284489.6109999959 79 110
284489.6109999959 285101.8554999959 79 110
285101.8554999959 285305.9369999959 79 110
285305.9369999959 286122.2629999959 79 110
308571.22799999465 308979.3909999946 79 110
308979.3909999946 309591.63549999456 79 110
309591.63549999456 309795.7169999946 79 110
309795.7169999946 310203.87999999453 79 110
317142.65099999396 318299.11283332715 79 110
318367.1399999938 318775.3029999937 79 110
318775.3029999937 319387.54749999376 79 110
319387.54749999376 319591.6289999938 79 110
319591.6289999938 319999.79199999373 79 110
