6857.135999999999 10285.703999999998 43 100
20571.408 23999.976 43 100
13714.271999999995 17142.839999999997 45 100
10285.703999999998 13714.271999999995 50 100
23999.976 27428.544 50 100
3428.5679999999998 6857.135999999999 52 100
17142.839999999997 20571.408 52 100
6857.135999999999 10285.703999999998 55 100
20571.408 23999.976 55 100
13714.271999999995 17142.839999999997 57 100
10285.703999999998 13714.271999999995 62 100
23999.976 27428.544 62 100
3428.5679999999998 6857.135999999999 64 100
17142.839999999997 20571.408 64 100
6857.135999999999 10285.703999999998 71 100
20571.408 23999.976 71 100
13714.271999999995 17142.839999999997 72 100
10285.703999999998 13714.271999999995 78 100
23999.976 27428.544 78 100
3428.5679999999998 6857.135999999999 79 100
17142.839999999997 20571.408 83 100
