14161.023124999998 15031.28253333333 29 30
23064.95474999999 23607.197520833324 29 57
45870.08693333334 46217.91293333334 29 40
48235.109933333326 48584.4546 29 61
56639.3270125 56813.999345833334 29 44
56901.335512499994 57083.98384583333 29 41
57175.3080125 57364.881345833324 29 33
62258.70514791662 62797.60856249996 29 64
77937.63297708335 79296.73600625001 29 89
79287.95381875001 79341.65953125 29 65
97603.80264375002 98128.46051875003 29 30
98001.87826875004 98138.07591250003 29 34
106507.36076875006 106907.82851875004 29 55
14938.845499999996 15472.997043749994 30 30
98384.87101875003 98919.02256250003 30 30
15463.503374999993 16231.840874999993 31 28
79334.66653125001 79385.79431458334 31 65
98909.52889375003 99939.87489375002 31 28
116401.73801875014 116594.93465000014 31 32
116926.39589375014 117193.06239375015 31 35
42616.383716666685 42791.056050000014 32 60
42878.39221666668 43053.06455000002 32 44
43140.400716666685 43323.049050000016 32 41
54008.18551250001 54182.09851250001 32 39
54269.0550125 54442.9680125 32 41
54529.9245125 54660.3592625 32 42
54797.345512500004 54971.2585125 32 46
59631.70686874996 59979.532868749964 32 39
15969.832374999994 16493.849374999994 33 28
73570.47522708328 73775.95472708327 33 73
74170.6917270833 74364.8667270833 33 74
77621.84347708336 79296.73600625001 33 85
79381.15394791667 79430.30371041667 33 66
99677.86639375002 100201.88339375 33 28
16231.840874999993 16755.857874999994 34 28
23881.00724999999 24185.575749999996 34 63
24185.575749999996 24827.286749999996 34 63
36909.17750000003 37213.74600000002 34 69
37213.74600000002 37855.45700000002 34 69
37855.45700000002 38124.515500000016 34 31
38124.515500000016 38393.574000000015 34 31
38662.632500000014 38765.771591666686 34 37
38930.69213333335 39085.77559166669 34 37
39195.88835833336 39296.76559166669 34 37
39458.090716666695 39632.003716666695 34 37
39718.960216666695 39892.873216666696 34 37
39979.829716666696 40110.26446666669 34 38
40247.25071666669 40421.16371666669 34 39
40508.12021666669 40682.03321666669 34 41
40768.989716666685 40899.424466666685 34 42
41036.41071666669 41210.32371666669 34 44
41297.28021666669 41471.19321666668 34 49
41558.14971666668 41688.58446666668 34 54
41823.11371666668 41997.78605000002 34 61
42085.122216666685 42259.79455000001 34 69
42347.13071666668 42478.13496666668 34 61
45607.884575 45876.60867083334 34 44
46130.95643333334 46746.203433333336 34 46
47709.27643333333 48322.446099999994 34 67
48497.11843333333 49115.71609999999 34 64
55058.2150125 55162.5628125 34 51
55319.0845125 55449.5192625 34 55
55584.0485125 55758.72084583333 34 61
55846.057012499994 56020.72934583333 34 66
56108.0655125 56239.069762499996 34 55
56377.318512499995 56551.99084583333 34 50
57459.66801249999 57649.24134583332 34 37
57744.028012499984 58036.681845833315 34 30
61996.49102291662 62346.041314583286 34 61
62789.54405208329 63139.3113145833 34 58
63871.66422916662 64250.81089583328 34 36
73375.03572708328 73570.47522708328 34 73
73775.95472708327 73973.32322708328 34 75
73973.32322708328 74170.6917270833 34 73
74775.18547708332 74982.79797708332 34 70
79427.41687708333 79518.70846041666 34 66
99939.87489375002 100482.25739375 34 28
107323.41326875005 107627.98176875006 34 66
107627.98176875006 108269.69276875006 34 66
120374.46701875018 120679.03551875018 34 72
120679.03551875018 121320.74651875018 34 72
122267.02601875018 122571.5945187502 34 72
122571.5945187502 123213.30551875019 34 72
124245.05201875018 124589.8795187502 34 17
124589.8795187502 125330.62051875019 34 17
132972.29987708357 133062.39143750025 34 84
133151.44566250025 133288.64091250024 34 84
16493.849374999994 17036.23187499999 35 28
100201.88339375 100762.63139375 35 28
116590.81376875014 116673.23139375015 35 32
116673.23139375015 116936.39588750014 35 40
121320.74651875018 121625.31501875019 35 21
121625.31501875019 122267.02601875018 35 21
123213.30551875019 123530.76601875019 35 18
123530.76601875019 124245.05201875018 35 18
126710.78251875019 127179.53251875019 35 16
127179.53251875019 128117.03251875019 35 16
128117.03251875019 128652.7470187502 35 16
128652.7470187502 129724.1760187502 35 16
129724.1760187502 130001.95401875021 35 25
130001.95401875021 130246.85201875021 35 34
130246.85201875021 130491.75001875023 35 38
130491.75001875023 130736.64801875023 35 42
130736.64801875023 130980.70461666689 35 46
130980.70461666689 131203.93636041688 35 52
131203.93636041688 131410.25860208354 35 55
131410.25860208354 131602.02519583356 35 60
131602.02519583356 131780.91373750014 35 65
131780.91373750014 131951.16214791685 35 70
131951.16214791685 132119.72092916688 35 67
132119.72092916688 132286.65377916687 35 70
132286.65377916687 132452.0031729169 35 71
132452.0031729169 132616.8381729169 35 72
132616.8381729169 132781.67317291693 35 70
132781.67317291693 132977.41683333355 35 70
16755.857874999994 17596.97987499999 36 28
17316.60587499999 17906.25837499999 36 32
22281.67637499999 23105.92116249999 36 40
69478.53872708327 69687.59772708328 36 41
73177.01572708326 73375.03572708328 36 78
77621.84347708336 79296.73600625001 36 101
79496.39721041666 79584.19848333333 36 67
100482.25739375 101043.00539374999 36 28
100762.63139375 101352.28389375 36 32
105721.83339375006 106246.49126875006 36 39
106119.90901875007 106256.27387500006 36 54
43414.37321666668 43603.94655000001 37 39
43698.733216666675 43888.30655 37 37
43983.09321666667 44172.666549999994 37 30
44267.45321666666 45048.84394374999 37 40
45074.62871666666 45695.60390833333 37 44
46659.246933333336 47007.07293333334 37 51
47448.40693333333 47796.232933333325 37 59
49028.37993333333 49377.724599999994 37 58
50110.72943333332 50489.87609999997 37 36
50679.449433333306 50885.63509999997 37 37
50988.727933333306 51298.006433333314 37 34
51298.006433333314 51504.192099999986 37 37
51606.30020208331 51708.26181458331 37 37
51883.14244583331 52063.32277916666 37 37
52153.41294583333 52333.593279166664 37 37
52423.56729583333 52526.7063875 37 37
52691.62692916667 52846.7103875 37 37
52956.82315416667 53057.70038750001 37 37
53219.02551250001 53392.93851250001 37 37
53479.89501250001 53653.808012500005 37 37
53740.764512500005 53871.199262500006 37 38
59369.42327499997 59645.83729999997 37 42
59892.576368749964 60428.47556249996 37 44
61470.896368749956 62004.33856249995 37 67
63051.97514791663 63595.59806249996 37 54
72978.99572708324 73177.01572708326 37 78
74577.8169770833 74775.18547708332 37 71
79564.88032083333 79649.24391874998 38 68
72762.60122708324 72978.99572708324 39 78
74364.8667270833 74577.8169770833 39 73
5204.268500000002 5508.837000000001 40 58
79632.87825208332 79713.85210208334 40 69
88625.46901874997 88930.03751874997 40 58
4918.554000000002 5204.268500000002 41 49
5508.837000000001 6133.837000000001 41 58
12593.056375000002 14253.460158333331 41 34
14161.023124999998 15031.28253333333 41 36
23064.95474999999 23607.197520833324 41 71
23595.292749999993 23881.00724999999 41 57
27178.441875000004 28048.701283333336 41 30
36093.12500000003 36985.319625000026 41 59
38752.31866666668 38872.91439166668 41 30
39019.40396666669 39191.50239166669 41 31
39283.607691666686 39401.568991666696 41 31
39545.047216666695 39718.960216666695 41 31
39805.916716666696 39979.829716666696 41 31
40066.78621666669 40247.25071666669 41 32
40334.20721666669 40508.12021666669 41 33
40595.07671666669 40768.989716666685 41 35
40855.946216666685 41036.41071666669 41 36
41123.36721666669 41297.28021666669 41 37
41384.23671666669 41558.14971666668 41 42
41645.10621666668 41823.11371666668 41 49
41910.44988333335 42085.122216666685 41 56
42172.45838333335 42347.13071666668 41 57
42434.46688333335 42616.383716666685 41 51
42703.719883333346 42878.39221666668 41 50
42965.72838333335 43140.400716666685 41 36
43231.72488333335 43414.37321666668 41 34
43509.15988333335 43698.733216666675 41 32
43793.51988333334 43983.09321666667 41 26
44077.87988333333 44267.45321666666 41 25
44805.57021666666 45094.80810416666 41 50
45870.08693333334 46217.91293333334 41 49
46920.116433333336 47535.36343333333 41 51
48235.109933333326 48584.4546 41 73
49290.388433333326 49921.15609999999 41 54
51401.09926666665 51595.686989583315 41 31
51700.12227291665 51796.97241874998 41 30
51973.23261249998 52153.41294583333 41 31
52243.503112499995 52397.78252291666 41 31
52513.2534625 52633.849187499996 41 30
52780.3387625 52952.4371875 41 31
53044.5424875 53162.503787500005 41 31
53305.98201250001 53479.89501250001 41 31
53566.851512500005 53740.764512500005 41 31
53827.721012500006 54008.18551250001 41 32
54095.14201250001 54269.0550125 41 33
54356.0115125 54529.9245125 41 35
54616.8810125 54797.345512500004 41 36
54884.302012500004 55058.2150125 41 37
55145.1715125 55319.0845125 41 43
55406.0410125 55584.0485125 41 48
55671.384679166666 55846.057012499994 41 53
55933.39317916666 56108.0655125 41 57
56195.401679166665 56377.318512499995 41 45
56464.65467916666 56639.3270125 41 45
56726.663179166666 56901.335512499994 41 36
56992.65967916667 57175.3080125 41 27
57270.09467916666 57459.66801249999 41 32
57554.45467916665 57744.028012499984 41 26
58028.38801249998 58656.63747291665 41 39
58836.00980624998 59372.727237499974 41 42
60420.484697916625 60768.69286874996 41 49
61209.64469791662 61557.85286874996 41 59
62258.70514791662 62797.60856249996 41 77
63587.60719791662 63896.54572916662 41 37
68870.62372708326 69074.76447708327 41 46
70499.87297708327 70702.33122708327 41 57
71500.51497708325 71708.12747708325 41 54
72563.92572708325 72762.60122708324 41 78
74982.79797708332 75466.49232083332 41 75
77342.77347708335 77832.3698104167 41 80
79700.39920208334 79756.86949791665 41 69
88339.75451874995 88625.46901874997 41 49
88930.03751874997 89555.03751874997 41 58
96034.65589375001 96568.80743750001 41 34
96812.47826875001 97347.13613750001 41 34
97603.80264375002 98128.46051875003 41 36
98128.46051875003 98384.87101875003 41 39
106507.36076875006 106907.82851875004 41 69
106907.82851875004 107049.60353958339 41 75
110641.56639375011 111039.64201875014 41 30
111039.64201875014 111175.71793750013 41 34
119558.41451875019 120088.75251875017 41 59
119958.88226875017 120100.65728958351 41 70
14938.845499999996 15472.997043749994 42 36
27956.264250000004 28490.415793750006 42 30
98384.87101875003 98919.02256250003 42 36
4577.291750000001 4658.813500000002 43 46
4658.813500000002 4930.458770833336 43 59
15463.503374999993 16231.840874999993 43 34
17596.97987499999 19143.37237499999 43 32
19921.19474999999 20114.391381249992 43 32
20445.85262499999 20713.70962499999 43 35
21491.531999999985 22374.113408333324 43 34
69277.48797708328 69478.53872708327 43 48
70287.10697708328 70499.87297708327 43 50
70905.47522708325 71098.11572708325 43 60
79745.15075416667 79799.69559166665 43 70
87998.49226874996 88080.01401874996 43 46
88080.01401874996 88351.6592895833 43 59
98909.52889375003 99939.87489375002 43 34
101043.00539374999 102589.39789375 43 32
103377.21376875 103570.41040000001 43 32
103901.87164375003 104155.03614375003 43 35
104944.01101875004 105342.08664375007 43 34
105342.08664375007 105478.16256250006 43 34
116401.73801875014 117285.49942708349 43 27
4135.0515000000005 4388.216 44 48
4388.216 4584.085229166668 44 45
49826.369433333326 50135.610933333315 44 37
58566.95130624998 58856.18919374998 44 48
59631.70686874996 59979.532868749964 44 47
60681.73636874996 61217.635562499956 44 51
69074.76447708327 69277.48797708328 44 41
70088.43147708329 70287.10697708328 44 49
70702.33122708327 70905.47522708325 44 50
87553.00601874996 87809.41651874997 44 48
87809.41651874997 88005.28574791663 44 45
3799.4693750000006 3881.8870000000006 45 42
3881.8870000000006 4143.490316666667 45 53
15969.832374999994 16493.849374999994 45 34
71300.13572708325 71500.51497708325 45 63
73673.21497708328 73787.46788958326 45 61
74267.7792270833 74465.8767270833 45 62
77112.88847708335 77832.3698104167 45 85
79789.69557916664 79842.33068125 45 70
87217.42389374995 87299.84151874998 45 42
87299.84151874998 87561.55303541664 45 53
99677.86639375002 100201.88339375 45 33
112581.37989375014 112974.39264375014 45 28
2244.7205 2327.1381250000004 46 36
16231.840874999993 16755.857874999994 46 33
23881.00724999999 24185.575749999996 46 68
24185.575749999996 24827.286749999996 46 68
29249.259625000006 29773.27662500001 46 28
36909.17750000003 37213.74600000002 46 74
37213.74600000002 37855.45700000002 46 74
37855.45700000002 38124.515500000016 46 37
38124.515500000016 38393.574000000015 46 37
45607.884575 45876.60867083334 46 52
46130.95643333334 46746.203433333336 46 53
47709.27643333333 48322.446099999994 46 79
48497.11843333333 49115.71609999999 46 77
61996.49102291662 62346.041314583286 46 73
62789.54405208329 63139.3113145833 46 69
63871.66422916662 64250.81089583328 46 43
69887.7064770833 70088.43147708329 46 48
71708.12747708325 71910.82997708324 46 66
72363.25672708324 72563.92572708325 46 78
73472.75547708328 73580.74920208329 46 62
73874.63897708328 74072.00747708329 46 63
74072.00747708329 74173.1189145833 46 65
74878.99172708331 75120.72897708332 46 63
79834.03421249999 79905.65686666666 46 71
85652.68151874995 85735.09914374995 46 36
99939.87489375002 100482.25739375 46 33
107323.41326875005 107627.98176875006 46 71
107627.98176875006 108269.69276875006 46 71
112712.38414375014 113236.40114375013 46 28
120374.46701875018 120679.03551875018 46 78
120679.03551875018 121320.74651875018 46 78
122267.02601875018 122571.5945187502 46 78
122571.5945187502 123213.30551875019 46 78
124245.05201875018 124589.8795187502 46 18
124589.8795187502 125330.62051875019 46 18
132972.29987708357 133062.39143750025 46 99
133151.44566250025 133288.64091250024 46 99
16493.849374999994 17036.23187499999 47 33
20110.27049999999 20192.68812499999 47 32
20192.68812499999 20455.897262499988 47 40
29511.26812500001 30053.650625000006 47 28
100201.88339375 100762.63139375 47 33
103566.28951875001 103648.70714375001 47 32
103648.70714375001 103911.36531250003 47 40
112974.39264375014 113516.77514375013 47 28
121320.74651875018 121625.31501875019 47 23
121625.31501875019 122267.02601875018 47 23
123213.30551875019 123530.76601875019 47 20
123530.76601875019 124245.05201875018 47 19
126710.78251875019 127179.53251875019 47 18
127179.53251875019 128117.03251875019 47 17
128117.03251875019 128652.7470187502 47 18
128652.7470187502 129724.1760187502 47 17
129724.1760187502 130001.95401875021 47 30
130001.95401875021 130246.85201875021 47 41
130246.85201875021 130491.75001875023 47 45
130491.75001875023 130736.64801875023 47 51
130736.64801875023 130980.70461666689 47 55
130980.70461666689 131203.93636041688 47 61
131203.93636041688 131410.25860208354 47 66
131410.25860208354 131602.02519583356 47 72
131602.02519583356 131780.91373750014 47 77
131780.91373750014 131951.16214791685 47 83
131951.16214791685 132119.72092916688 47 80
132119.72092916688 132286.65377916687 47 83
132286.65377916687 132452.0031729169 47 84
132452.0031729169 132616.8381729169 47 86
132616.8381729169 132781.67317291693 47 82
132781.67317291693 132977.41683333355 47 83
3022.5428750000005 3104.0646250000004 48 39
3104.0646250000004 3366.72279375 48 49
5204.268500000002 5508.837000000001 48 62
10860.110500000003 11164.679000000004 48 58
16755.857874999994 17596.97987499999 48 33
22281.67637499999 23105.92116249999 48 48
29773.27662500001 30614.398625 48 28
35309.84662500002 36134.09141250003 48 41
69478.53872708327 69687.59772708328 48 50
69687.59772708328 69887.7064770833 48 51
71098.11572708325 71300.13572708325 48 50
71910.82997708324 72162.58772708323 48 56
73276.02572708327 73378.29305208327 48 67
77112.88847708335 77832.3698104167 48 101
79900.16236666666 79968.56737500001 48 72
86430.50389374995 86512.02564374995 48 39
86512.02564374995 86775.05856874996 48 49
88625.46901874997 88930.03751874997 48 62
94295.86151875001 94600.43001875002 48 58
100482.25739375 101043.00539374999 48 33
105721.83339375006 106246.49126875006 48 46
106246.49126875006 106507.36076875006 48 64
113236.40114375013 114077.52314375012 48 28
118761.02914375017 119285.68701875018 48 40
119159.10476875019 119295.91430000018 48 55
4918.554000000002 5204.268500000002 49 56
38841.66440833335 38979.580991666684 49 30
39107.80200833336 39283.607691666686 49 31
39371.00133333336 39464.6124541667 49 30
39632.003716666695 39805.916716666696 49 31
39892.873216666696 40066.78621666669 49 31
40155.926550000026 40334.20721666669 49 31
40421.16371666669 40595.07671666669 49 34
40682.03321666669 40855.946216666685 49 35
40945.08655000002 41123.36721666669 49 35
41210.32371666669 41384.23671666669 49 38
41471.19321666668 41645.10621666668 49 42
41733.427550000015 41910.44988333335 49 49
41997.78605000002 42172.45838333335 49 58
42259.79455000001 42434.46688333335 49 52
42524.21788333335 42636.03435416668 49 51
42791.056050000014 42965.72838333335 49 46
43053.06455000002 43231.72488333335 49 35
43323.049050000016 43509.15988333335 49 32
43603.94655000001 43793.51988333334 49 31
43888.30655 44077.87988333333 49 26
44172.666549999994 44334.71784166666 49 25
44267.45321666666 45048.84394374999 49 48
45074.62871666666 45695.60390833333 49 52
46659.246933333336 47007.07293333334 49 61
47448.40693333333 47796.232933333325 49 70
49028.37993333333 49377.724599999994 49 69
50110.72943333332 50489.87609999997 49 43
50679.449433333306 50885.63509999997 49 37
50988.727933333306 51298.006433333314 49 34
51504.192099999986 51640.49833124998 49 30
51792.385260416646 51973.23261249998 49 30
52063.32277916666 52243.503112499995 49 31
52333.593279166664 52513.2534625 49 30
52602.59920416667 52740.5157875 49 30
52868.73680416667 53044.5424875 49 31
53131.93612916667 53225.54725000001 49 30
53392.93851250001 53566.851512500005 49 31
53653.808012500005 53827.721012500006 49 31
53916.86134583334 54095.14201250001 49 31
54182.09851250001 54356.0115125 49 34
54442.9680125 54616.8810125 49 35
54706.02134583334 54884.302012500004 49 35
54971.2585125 55145.1715125 49 40
55232.1280125 55406.0410125 49 43
55494.36234583333 55671.384679166666 49 51
55758.72084583333 55933.39317916666 49 55
56020.72934583333 56195.401679166665 49 52
56285.15267916666 56464.65467916666 49 42
56551.99084583333 56726.663179166666 49 44
56813.999345833334 56992.65967916667 49 35
57083.98384583333 57270.09467916666 49 27
57364.881345833324 57554.45467916665 49 28
57649.24134583332 58011.80034583331 49 26
59369.42327499997 59645.83729999997 49 50
59892.576368749964 60428.47556249996 49 51
61470.896368749956 62004.33856249995 49 79
63051.97514791663 63595.59806249996 49 64
72162.58772708323 72363.25672708324 49 78
73078.00572708325 73185.2665604166 49 67
74676.50122708331 74878.99172708331 49 61
88339.75451874995 88625.46901874997 49 56
1466.898125 1549.31575 50 34
2327.1381250000004 2589.79629375 50 45
3357.2291250000003 3610.3936250000006 50 44
3610.3936250000006 3807.7111375000004 50 49
17906.25837499999 19143.37237499999 50 32
79965.83811458334 80052.17269583333 50 73
84867.15414374993 84949.57176874993 50 34
85735.09914374995 85997.75731249995 50 45
86765.19014374996 87028.34814374996 50 44
87028.34814374996 87225.66565624996 50 49
101352.28389375 102589.39789375 50 32
116401.73801875014 117193.06239375015 50 33
2055.64475 2251.588635416667 51 35
2580.3026250000003 2833.467125 51 41
2833.467125 3032.053745833334 51 38
4577.291750000001 4658.813500000002 51 46
4658.813500000002 4930.458770833336 51 71
17316.60587499999 18215.53687499999 51 32
30334.024625000005 30923.677125000006 51 27
72863.61122708324 73047.47764374991 51 66
74465.8767270833 74647.7183208333 51 60
85463.60576874994 85659.5496541666 51 35
85988.26364374995 86241.42814374994 51 41
86241.42814374994 86440.01476458328 51 38
87998.49226874996 88080.01401874996 51 46
88080.01401874996 88351.6592895833 51 71
100762.63139375 101661.56239375 51 32
113797.14914375012 114386.80164375012 51 27
17036.23187499999 17596.97987499999 52 33
30053.650625000006 30614.398625 52 27
80031.06882083334 80114.13413541667 52 73
100482.25739375 101043.00539374999 52 33
113516.77514375013 114077.52314375012 52 27
689.07575 771.4933749999999 53 34
2244.7205 2327.1381250000004 53 42
2327.1381250000004 2589.79629375 53 54
3022.5428750000005 3104.0646250000004 53 46
3104.0646250000004 3610.3936250000006 53 58
3610.3936250000006 3937.794160416667 53 41
3881.8870000000006 4388.216 53 64
4388.216 4584.085229166668 53 53
5508.837000000001 6133.837000000001 53 62
11164.679000000004 11806.390000000003 53 58
11806.390000000003 12685.493408333334 53 34
12593.056375000002 14253.460158333331 53 40
16493.849374999994 17316.60587499999 53 36
23595.292749999993 23881.00724999999 53 60
25613.953125 27270.878908333336 53 34
27178.441875000004 28048.701283333336 53 36
29511.26812500001 30334.024625000005 53 28
36093.12500000003 36985.319625000026 53 74
44805.57021666666 45094.80810416666 53 50
46920.116433333336 47535.36343333333 53 61
49290.388433333326 49921.15609999999 53 64
58028.38801249998 58656.63747291665 53 46
58836.00980624998 59372.727237499974 53 50
60420.484697916625 60768.69286874996 53 59
61209.64469791662 61557.85286874996 53 70
63587.60719791662 63896.54572916662 53 45
64928.839737499955 65042.401274999946 53 20
65235.41801666661 65390.37553124994 53 20
65553.71214166662 65712.76997708328 53 20
66262.61622708329 66463.95872708329 53 36
68456.83072708327 68894.8451854166 53 39
68870.62372708326 69074.76447708327 53 55
70499.87297708327 70702.33122708327 53 69
71500.51497708325 71708.12747708325 53 65
72663.26347708324 72863.61122708324 53 67
74982.79797708332 75466.49232083332 53 75
76875.73447708336 77266.14514375002 53 80
80095.85453124999 80155.39834166666 53 74
82502.11098958322 82603.80598958323 53 66
82603.80598958323 82674.5992999999 53 66
82706.27738958324 82772.7199812499 53 66
82808.24734583324 82885.62373124991 53 66
82909.03511458325 82965.6272312499 53 66
83008.99680208325 83078.66768749991 53 65
84084.9857687499 84167.4033937499 53 34
85652.68151874995 85735.09914374995 53 42
85735.09914374995 85997.75731249995 53 54
86430.50389374995 86512.02564374995 53 46
86512.02564374995 87028.34814374996 53 58
87028.34814374996 87355.74867916663 53 41
87299.84151874998 87809.41651874997 53 64
87809.41651874997 88005.28574791663 53 53
88930.03751874997 89555.03751874997 53 62
94600.43001875002 95242.14101875002 53 58
95242.14101875002 95776.84353125002 53 34
96034.65589375001 96559.31376875001 53 40
96559.31376875001 96812.47826875001 53 39
96812.47826875001 97337.13614375002 53 40
97337.13614375002 97603.80264375002 53 39
99939.87489375002 100762.63139375 53 36
107037.69876875005 107323.41326875005 53 86
109061.0171437501 109459.09276875011 53 34
109459.09276875011 109595.8560062501 53 34
109857.1680187501 110255.24364375012 53 34
110255.24364375012 110391.56616250011 53 34
110641.56639375011 111039.64201875014 53 36
111166.22426875013 111419.38876875013 53 39
112974.39264375014 113797.14914375012 53 28
119558.41451875019 120088.75251875017 53 74
120088.75251875017 120374.46701875018 53 78
133810.90257291688 133891.7041666669 53 32
134146.4625416669 134377.4751479169 53 33
1549.31575 1807.7545104166666 54 42
27956.264250000004 28490.415793750006 54 36
28480.922125000005 28987.251125000006 54 28
84949.57176874993 85208.17104999993 54 42
111419.38876875013 111944.04664375015 54 30
111944.04664375015 112450.37564375013 54 28
1277.822375 1473.7662604166667 55 34
1802.4802499999998 2055.64475 55 37
2055.64475 2251.588635416667 55 42
2580.3026250000003 2833.467125 55 48
2833.467125 3032.053745833334 55 45
16231.840874999993 16755.857874999994 55 38
17036.23187499999 17596.97987499999 55 39
17316.60587499999 19143.37237499999 55 32
19921.19474999999 20713.70962499999 55 27
21491.531999999985 22374.113408333324 55 40
28734.086625000007 29249.259625000006 55 28
29249.259625000006 29773.27662500001 55 28
30053.650625000006 30923.677125000006 55 33
30614.398625 32160.791125000003 55 32
32952.11550000001 33145.31213125001 55 32
33476.773375000004 33738.78187500001 55 35
34525.44825000001 35402.283658333356 55 34
68249.21822708327 68456.83072708327 55 35
69277.48797708328 69478.53872708327 55 57
70287.10697708328 70499.87297708327 55 60
70905.47522708325 71098.11572708325 55 73
80138.80307291666 80196.48641666664 55 75
84678.07839374992 84874.0222791666 55 34
85202.73626874993 85463.60576874994 55 37
85463.60576874994 85659.5496541666 55 42
85988.26364374995 86241.42814374994 55 48
86241.42814374994 86440.01476458328 55 45
99677.86639375002 100201.88339375 55 38
100482.25739375 101043.00539374999 55 39
100762.63139375 102589.39789375 55 32
103377.21376875 104247.47317708336 55 27
104944.01101875004 105342.08664375007 55 40
105468.66889375006 105721.83339375006 55 39
112197.21114375014 112581.37989375014 55 28
112712.38414375014 113236.40114375013 55 28
113516.77514375013 114386.80164375012 55 33
114077.52314375012 115623.91564375012 55 32
117983.20676875018 118517.35831250018 55 34
49377.724599999994 49552.39693333333 56 36
49826.369433333326 50135.610933333315 56 45
58566.95130624998 58856.18919374998 56 48
60507.82336874996 60681.73636874996 56 33
60681.73636874996 61217.635562499956 56 61
67849.82972708327 68051.84972708327 56 35
69074.76447708327 69277.48797708328 56 49
70088.43147708329 70287.10697708328 56 58
70702.33122708327 70905.47522708325 56 60
771.4933749999999 1034.15154375 57 42
1466.898125 1549.31575 57 40
1549.31575 1807.7545104166666 57 50
14938.845499999996 15132.042131249995 57 38
15969.832374999994 16493.849374999994 57 39
16493.849374999994 17316.60587499999 57 43
28987.251125000006 29511.26812500001 57 28
29511.26812500001 30334.024625000005 57 33
71300.13572708325 71500.51497708325 57 75
76659.90697708336 77266.14514375002 57 80
80181.56101666664 80257.96985416664 57 75
84167.4033937499 84430.22453749992 57 42
84867.15414374993 84949.57176874993 57 40
84949.57176874993 85208.17104999993 57 50
98384.87101875003 98578.06765000003 57 38
99415.85789375003 99939.87489375002 57 39
99939.87489375002 100762.63139375 57 43
112450.37564375013 112712.38414375014 57 28
112974.39264375014 113797.14914375012 57 33
133891.7041666669 134161.23047083357 57 40
500.0 693.19663125 58 34
1024.6578749999999 1277.822375 58 37
1277.822375 1473.7662604166667 58 40
1802.4802499999998 2055.64475 58 44
2580.3026250000003 2833.467125 58 51
2833.467125 3032.053745833334 58 47
3357.2291250000003 3610.3936250000006 58 55
7886.262500000004 7968.680125000005 58 36
15716.667874999994 16231.840874999993 58 40
16231.840874999993 16755.857874999994 58 45
28734.086625000007 29249.259625000006 58 28
29249.259625000006 29773.27662500001 58 33
46833.159933333336 47007.07293333334 58 36
47007.07293333334 47180.98593333333 58 42
47357.08276666667 47535.36343333333 58 43
49203.05226666666 49377.724599999994 58 44
63226.647481249965 63321.62556249996 58 35
63496.28303124996 63595.59806249996 58 32
63682.09089583329 63871.66422916662 58 32
64829.118239583295 64969.040737499956 58 20
65131.89633749995 65264.06384999994 58 20
65662.60272708329 65863.27172708328 58 42
67260.9177270833 67458.28622708328 58 42
69887.7064770833 70088.43147708329 58 57
71708.12747708325 71910.82997708324 58 79
72463.59122708325 72654.15751666657 58 68
75593.95947708334 75801.57197708334 58 70
80224.07158749997 80338.47823749996 58 76
83895.9100187499 84089.1066499999 58 34
84420.56789374992 84678.07839374992 58 37
84678.07839374992 84874.0222791666 58 40
85202.73626874993 85463.60576874994 58 44
85988.26364374995 86241.42814374994 58 51
86241.42814374994 86440.01476458328 58 47
86765.19014374996 87028.34814374996 58 55
91310.67001874998 91393.08764375 58 36
99162.69339375003 99677.86639375002 58 40
99677.86639375002 100201.88339375 58 45
112197.21114375014 112581.37989375014 58 28
112712.38414375014 113236.40114375013 58 33
124245.05201875018 124589.8795187502 58 23
124589.8795187502 125330.62051875019 58 22
133621.8046666669 133816.15467708354 58 32
134146.4625416669 134377.4751479169 58 35
17906.25837499999 19143.37237499999 59 38
19143.37237499999 19336.569006249993 59 40
19668.03024999999 19921.19474999999 59 44
30923.677125000006 32160.791125000003 59 30
33141.19125 33223.60887500001 59 32
33223.60887500001 33486.59869375001 59 40
101352.28389375 102589.39789375 59 38
102589.39789375 102782.59452500001 59 40
103114.05576875003 103377.21376875 59 44
114386.80164375012 115623.91564375012 59 30
116401.73801875014 116594.93465000014 59 40
116926.39589375014 117193.06239375015 59 44
121320.74651875018 121625.31501875019 59 28
121625.31501875019 122267.02601875018 59 28
123213.30551875019 123530.76601875019 59 25
123530.76601875019 124245.05201875018 59 25
126710.78251875019 127179.53251875019 59 22
127179.53251875019 128117.03251875019 59 22
128117.03251875019 128652.7470187502 59 22
128652.7470187502 129724.1760187502 59 22
129724.1760187502 130001.95401875021 59 39
130001.95401875021 130246.85201875021 59 39
130246.85201875021 130491.75001875023 59 43
130491.75001875023 130736.64801875023 59 45
130736.64801875023 130980.70461666689 59 50
130980.70461666689 131203.93636041688 59 55
689.07575 771.4933749999999 60 40
771.4933749999999 1034.15154375 60 50
5508.837000000001 6133.837000000001 60 79
8669.540875000004 8751.062625000002 60 39
8751.062625000002 9013.720793750002 60 49
10860.110500000003 11164.679000000004 60 62
14938.845499999996 15132.042131249995 60 45
15127.921249999994 15210.338874999994 60 37
15210.338874999994 15969.832374999994 60 47
15969.832374999994 16493.849374999994 60 46
17316.60587499999 18215.53687499999 60 38
28480.922125000005 28987.251125000006 60 28
28987.251125000006 29511.26812500001 60 34
30334.024625000005 31232.955625000006 60 32
33738.78187500001 33931.97850625001 60 36
34263.43975000001 34525.44825000001 60 40
35309.84662500002 36134.09141250003 60 49
66063.94072708329 66262.61622708329 60 42
67055.43822708329 67260.9177270833 60 38
67655.65472708328 67849.82972708327 60 42
68051.84972708327 68249.21822708327 60 42
69687.59772708328 69887.7064770833 60 61
71098.11572708325 71300.13572708325 60 61
71910.82997708324 72162.58772708323 60 68
76659.90697708336 77266.14514375002 60 98
80287.63083749998 80414.58823749996 60 77
84084.9857687499 84167.4033937499 60 40
84167.4033937499 84430.22453749992 60 50
88930.03751874997 89555.03751874997 60 79
92091.73839374998 92173.26014374998 60 39
92173.26014374998 92436.46928125 60 49
94295.86151875001 94600.43001875002 60 62
98384.87101875003 98578.06765000003 60 45
98573.94676875001 98656.36439375003 60 37
98656.36439375003 99415.85789375003 60 47
99415.85789375003 99939.87489375002 60 46
100762.63139375 101661.56239375 60 38
111419.38876875013 111944.04664375015 60 30
111944.04664375015 112450.37564375013 60 28
112450.37564375013 112712.38414375014 60 34
113797.14914375012 114696.08014375012 60 32
118761.02914375017 119285.68701875018 60 48
119285.68701875018 119558.41451875019 60 64
134019.8802916669 134377.4751479169 60 46
46567.92276666667 46746.203433333336 61 32
46746.203433333336 46920.116433333336 61 34
46920.116433333336 47094.02943333333 61 49
47094.02943333333 47267.94243333333 61 42
47267.94243333333 47448.40693333333 61 43
47535.36343333333 47709.27643333333 61 46
48671.79076666666 48846.46309999999 61 58
48936.21409999999 49115.71609999999 61 46
49115.71609999999 49290.388433333326 61 45
49290.388433333326 49465.06076666666 61 31
49465.06076666666 49643.721099999995 61 35
49735.04526666666 49921.15609999999 61 32
49921.15609999999 50110.72943333332 61 32
58028.38801249998 58118.52047291665 61 34
58297.89280624998 58566.95130624998 61 34
58566.95130624998 58746.323639583316 61 37
60420.484697916625 60594.77986874996 61 34
60594.77986874996 60768.69286874996 61 34
60768.69286874996 60942.60586874996 61 35
62964.63898124996 63139.3113145833 61 44
63139.3113145833 63313.983647916626 61 36
63404.95886458329 63587.60719791662 61 34
63587.60719791662 63776.877562499954 61 27
63776.877562499954 63896.54572916662 61 31
64730.57667708329 64848.92020624996 61 29
65029.710920833284 65139.58864999995 61 24
65446.247937499946 65571.27971874995 61 20
65863.27172708328 66063.94072708329 61 37
66859.99872708328 67055.43822708329 61 38
67458.28622708328 67655.65472708328 61 36
72262.92222708324 72463.59122708325 61 69
75396.59097708332 75593.95947708334 61 71
500.0 693.19663125 62 40
1024.6578749999999 1277.822375 62 44
1802.4802499999998 2055.64475 62 46
2244.7205 2327.1381250000004 62 44
7108.440125000003 7190.857750000004 62 34
7968.680125000005 8231.542893750006 62 45
9004.227125000001 9257.391625000002 62 44
15716.667874999994 16231.840874999993 62 48
19332.44812499999 19414.86574999999 62 40
19414.86574999999 19677.52391874999 62 49
19921.19474999999 20713.70962499999 62 33
21491.531999999985 21684.728631249985 62 43
22016.18987499999 22281.67637499999 62 47
22281.67637499999 22474.87300624999 62 51
28734.086625000007 29249.259625000006 62 34
30923.677125000006 32160.791125000003 62 32
80351.16323749998 80460.57136249998 62 77
83895.9100187499 84089.1066499999 62 40
84420.56789374992 84678.07839374992 62 44
85202.73626874993 85463.60576874994 62 46
85652.68151874995 85735.09914374995 62 44
90527.39164374999 90609.80926874999 62 34
91393.08764375 91655.86753749999 62 45
92426.42464375 92694.28164374999 62 44
99162.69339375003 99677.86639375002 62 48
102778.47364375001 102860.89126875001 62 40
102860.89126875001 103123.92419375002 62 49
103377.21376875 103775.28939375003 62 33
103775.28939375003 104155.03614375003 62 33
104944.01101875004 105137.20765000005 62 43
105468.66889375006 105721.83339375006 62 46
105721.83339375006 105915.03002500006 62 49
112197.21114375014 112581.37989375014 62 34
114386.80164375012 115623.91564375012 62 32
116590.81376875014 116673.23139375015 62 40
116673.23139375015 116936.39588750014 62 49
125330.62051875019 125744.9562625002 62 31
126197.96201875019 126710.78251875019 62 28
133621.8046666669 133816.15467708354 62 40
134146.4625416669 134377.4751479169 62 44
3022.5428750000005 3104.0646250000004 63 48
3104.0646250000004 3366.72279375 63 62
7697.186750000004 7893.130635416672 63 35
8221.844625000005 8480.465125000004 63 41
8480.465125000004 8679.051745833338 63 38
15127.921249999994 15210.338874999994 63 45
15210.338874999994 15969.832374999994 63 55
22806.334249999993 23064.95474999999 63 56
28480.922125000005 28987.251125000006 63 34
30334.024625000005 31232.955625000006 63 32
33927.85762500001 34010.27525000001 63 36
34010.27525000001 34273.26506875001 63 46
66661.97872708327 66859.99872708328 63 38
72018.35697708324 72166.7683312499 63 63
82552.95848958322 82641.09415624989 63 58
82654.83985624989 82707.13355416658 63 58
82757.4138687499 82820.91625208323 63 58
82858.77806458324 82918.23244374992 63 58
82958.98271458324 83029.89982291657 63 57
83059.30743749991 83110.81667708325 63 58
86430.50389374995 86512.02564374995 63 48
86512.02564374995 86775.05856874996 63 62
91121.59426874999 91317.53815416666 63 35
91646.25214375 91902.66264374998 63 41
91902.66264374998 92101.24926458331 63 38
97210.55389375002 97603.80264375002 63 34
98573.94676875001 98656.36439375003 63 45
98656.36439375003 99415.85789375003 63 55
106246.49126875006 106507.36076875006 63 54
111419.38876875013 111944.04664375015 63 36
111944.04664375015 112450.37564375013 63 34
113797.14914375012 114696.08014375012 63 32
30053.650625000006 30614.398625 64 33
69379.52872708328 69484.63628124994 64 41
69583.06822708328 69696.13014374995 64 42
69789.98672708329 69897.9105520833 64 46
69989.7472270833 70094.22617916662 64 47
70393.48997708327 70505.04538958328 64 49
71199.12572708326 71306.06793541659 64 57
80414.58823749996 80520.17062291664 64 78
113516.77514375013 114077.52314375012 64 33
1024.6578749999999 1277.822375 65 46
2327.1381250000004 2589.79629375 65 57
3610.3936250000006 3937.794160416667 65 51
3881.8870000000006 4143.490316666667 65 67
4135.0515000000005 4388.216 65 60
4918.554000000002 5204.268500000002 65 68
6322.912750000002 6405.330375000003 65 34
7886.262500000004 7968.680125000005 65 42
7968.680125000005 8231.542893750006 65 54
8669.540875000004 8751.062625000002 65 46
8751.062625000002 9257.391625000002 65 58
10574.396000000004 10860.110500000003 65 49
11164.679000000004 11806.390000000003 65 62
11806.390000000003 12685.493408333334 65 40
21680.607749999985 21763.025374999987 65 42
21763.025374999987 22026.14561874999 65 53
24827.286749999996 25706.39015833333 65 34
25613.953125 27270.878908333336 65 40
29511.26812500001 30334.024625000005 65 36
39458.090716666695 39805.916716666696 65 48
41823.11371666668 42172.45838333335 65 68
45253.660625 45391.57720833333 65 30
45519.798225000006 45695.60390833333 65 31
46043.99993333334 46217.91293333334 65 31
46304.86943333334 46478.782433333334 65 31
46478.782433333334 46659.246933333336 65 32
46659.246933333336 46833.159933333336 65 40
47448.40693333333 47622.31993333333 65 54
47622.31993333333 47796.232933333325 65 51
48409.78226666666 48584.4546 65 61
48584.4546 48759.126933333326 65 68
48846.46309999999 49028.37993333333 65 54
49028.37993333333 49203.05226666666 65 60
49643.721099999995 49826.369433333326 65 34
49826.369433333326 50015.94276666665 65 27
50015.94276666665 50135.610933333315 65 31
50988.727933333306 51401.09926666665 65 33
55846.057012499994 56464.65467916666 65 72
58656.63747291665 58818.07257291665 65 32
60329.16053124996 60428.47556249996 65 31
60681.73636874996 60855.64936874996 65 32
60855.64936874996 61029.562368749954 65 35
61118.320531249956 61217.635562499956 65 43
62171.36898124996 62346.041314583286 65 60
62433.377481249954 62608.04981458329 65 52
62697.37821874996 62797.60856249996 65 42
62877.302814583294 63051.97514791663 65 45
63051.97514791663 63226.647481249965 65 44
63313.983647916626 63496.28303124996 65 41
64061.237562499955 64250.81089583328 65 26
64345.59756249995 64537.00256249995 65 25
64633.620895833286 64753.86097916663 65 25
65340.110952083276 65493.03936458328 65 24
66262.61622708329 66463.95872708329 65 43
66463.95872708329 66661.97872708327 65 42
68456.83072708327 68894.8451854166 65 46
68974.42997708326 69078.17744374994 65 42
69177.15347708328 69283.44035416661 65 40
70187.76922708329 70295.97222708329 65 48
70603.32122708327 70806.13747708326 65 58
70806.13747708326 70911.15703958325 65 54
71002.87772708327 71108.21672708326 65 56
71401.83072708326 71604.32122708326 65 69
71604.32122708326 71713.19503958325 65 60
71809.47872708325 71917.99844374991 65 62
72762.60122708324 72978.99572708324 65 72
74364.8667270833 74577.8169770833 65 68
76434.34297708335 76803.79197708335 65 80
80477.97645624998 80562.3647895833 65 81
81233.18967499993 81276.01797083327 65 60
84420.56789374992 84678.07839374992 65 46
85735.09914374995 85997.75731249995 65 57
87028.34814374996 87355.74867916663 65 51
87299.84151874998 87561.55303541664 65 67
87553.00601874996 87809.41651874997 65 60
88339.75451874995 88625.46901874997 65 68
89744.11326874996 89826.53089374998 65 34
91310.67001874998 91393.08764375 65 42
91393.08764375 91655.86753749999 65 54
92091.73839374998 92173.26014374998 65 46
92173.26014374998 92694.28164374999 65 58
94010.14701875001 94295.86151875001 65 49
94600.43001875002 95242.14101875002 65 62
95242.14101875002 95766.79889375002 65 40
95766.79889375002 96034.65589375001 65 39
98001.87826875004 98384.87101875003 65 34
105133.08676875004 105215.50439375004 65 42
105215.50439375004 105478.16256250006 65 53
108269.69276875006 108667.76839375008 65 34
108667.76839375008 108804.35063750007 65 34
109061.0171437501 109459.09276875011 65 40
109585.6750187501 109857.1680187501 65 39
109857.1680187501 110255.24364375012 65 40
110381.82589375012 110641.56639375011 65 39
112974.39264375014 113797.14914375012 65 36
133810.90257291688 133891.7041666669 65 40
133891.7041666669 134161.23047083357 65 49
134578.2815958336 134659.4063958336 65 32
134913.84599583357 135050.97676666692 65 33
1466.898125 1549.31575 66 42
7190.857750000004 7449.2965104166715 66 42
10233.133750000003 10314.655500000003 66 46
10314.655500000003 10586.300770833337 66 59
84867.15414374993 84949.57176874993 66 42
90609.80926874999 90868.36169583332 66 42
93668.88476875002 93750.40651875001 66 46
93750.40651875001 94022.05178958335 66 59
125645.30589375019 125750.20101875019 66 28
125750.20101875019 126454.37226875019 66 33
2055.64475 2251.588635416667 67 52
2580.3026250000003 2833.467125 67 61
2833.467125 3032.053745833334 67 57
5204.268500000002 5508.837000000001 67 79
6919.364375000004 7115.30826041667 67 34
7444.0222500000045 7697.186750000004 67 37
7697.186750000004 7893.130635416672 67 42
8221.844625000005 8480.465125000004 67 48
8480.465125000004 8679.051745833338 67 45
10044.058000000003 10239.92722916667 67 45
22470.75212499999 22553.16974999999 67 50
22553.16974999999 22816.03251874999 67 63
29249.259625000006 29773.27662500001 67 38
30053.650625000006 30614.398625 67 39
30334.024625000005 32160.791125000003 67 32
32952.11550000001 33738.78187500001 67 27
34525.44825000001 35402.283658333356 67 40
68249.21822708327 68456.83072708327 67 42
69583.06822708328 69696.13014374995 67 42
69789.98672708329 69897.9105520833 67 46
69989.7472270833 70094.22617916662 67 47
80520.17062291664 80591.90070624996 67 81
81274.96975416661 81326.65136666659 67 61
85463.60576874994 85659.5496541666 67 52
85988.26364374995 86241.42814374994 67 61
86241.42814374994 86440.01476458328 67 57
88625.46901874997 88930.03751874997 67 79
90338.31589374998 90534.25977916665 67 34
90862.97376874999 91121.59426874999 67 37
91121.59426874999 91317.53815416666 67 42
91646.25214375 91902.66264374998 67 48
91902.66264374998 92101.24926458331 67 45
93479.80901875002 93675.67824791667 67 45
105910.90914375006 105993.32676875006 67 48
105993.32676875006 106256.27387500006 67 61
112712.38414375014 113236.40114375013 67 38
113516.77514375013 114077.52314375012 67 39
113797.14914375012 115623.91564375012 67 32
117983.20676875018 118507.86464375019 67 40
118507.86464375019 118761.02914375017 67 40
9782.049500000003 10044.058000000003 68 48
49290.388433333326 49465.06076666666 68 44
49552.39693333333 49735.04526666666 68 41
50300.302766666646 50489.87609999997 68 26
50584.66276666664 50782.54226666664 68 25
53219.02551250001 53566.851512500005 68 44
59015.076758333315 59160.80583749999 68 30
59281.31760833331 59372.727237499974 68 31
59544.584264583296 59645.83729999997 68 30
59805.619868749964 59979.532868749964 68 31
60066.489368749964 60240.402368749965 68 31
60240.402368749965 60420.484697916625 68 32
60420.484697916625 60594.77986874996 68 39
61029.562368749954 61209.64469791662 68 40
61383.939868749956 61557.85286874996 68 50
67849.82972708327 68051.84972708327 68 42
68974.42997708326 69078.17744374994 68 42
69177.15347708328 69283.44035416661 68 40
70187.76922708329 70295.97222708329 68 48
70603.32122708327 70806.13747708326 68 58
70806.13747708326 70911.15703958325 68 54
93218.93951875 93479.80901875002 68 48
689.07575 771.4933749999999 69 42
1549.31575 1807.7545104166666 69 53
3022.5428750000005 3104.0646250000004 69 58
3104.0646250000004 3366.72279375 69 72
5508.837000000001 6133.837000000001 69 79
6405.330375000003 6668.277481250003 69 42
7108.440125000003 7190.857750000004 69 40
7190.857750000004 7449.2965104166715 69 50
9446.467375000002 9528.885000000004 69 42
9528.885000000004 9790.783116666671 69 53
13370.87875 13564.075381249997 69 43
13895.536624999997 14161.023124999998 69 46
14161.023124999998 14354.219756249997 69 43
23064.95474999999 23260.82397916666 69 61
23595.292749999993 23881.00724999999 69 71
27956.264250000004 28149.460881250005 69 38
28987.251125000006 29511.26812500001 69 39
29511.26812500001 30334.024625000005 69 43
72018.35697708324 72166.7683312499 69 63
72762.60122708324 72978.99572708324 69 72
74364.8667270833 74577.8169770833 69 68
76227.44647708334 76803.79197708335 69 81
80562.3647895833 80667.69030624996 69 81
81317.11747916658 81367.65322916658 69 62
82552.95848958322 82641.09415624989 69 70
82654.83985624989 82707.13355416658 69 70
82757.4138687499 82820.91625208323 69 70
82858.77806458324 82918.23244374992 69 70
82958.98271458324 83029.89982291657 69 70
83059.30743749991 83110.81667708325 69 70
84084.9857687499 84167.4033937499 69 42
84949.57176874993 85208.17104999993 69 53
86430.50389374995 86512.02564374995 69 58
86512.02564374995 86775.05856874996 69 72
88930.03751874997 89555.03751874997 69 79
89826.53089374998 90089.39366249998 69 42
90527.39164374999 90609.80926874999 69 40
90609.80926874999 90868.36169583332 69 50
92883.35739374999 92965.77501875 69 42
92965.77501875 93227.63516875001 69 53
96812.47826875001 97005.67490000001 69 43
97337.13614375002 97603.80264375002 69 46
97603.80264375002 97796.99927500004 69 43
106507.36076875006 106703.22999791673 69 59
107037.69876875005 107323.41326875005 69 72
111419.38876875013 111612.58540000013 69 38
112450.37564375013 112974.39264375014 69 39
112974.39264375014 113797.14914375012 69 43
134659.4063958336 134927.55907291692 69 40
1277.822375 1473.7662604166667 70 50
1802.4802499999998 2055.64475 70 55
2244.7205 2327.1381250000004 70 53
2327.1381250000004 2589.79629375 70 66
3357.2291250000003 3610.3936250000006 70 66
3610.3936250000006 3807.7111375000004 70 61
4135.0515000000005 4388.216 70 60
4388.216 4693.445566666669 70 56
4658.813500000002 4930.458770833336 70 75
4918.554000000002 5204.268500000002 70 68
5204.268500000002 5508.837000000001 70 79
6133.837000000001 6327.033631250003 70 34
6658.494875000003 6919.364375000004 70 37
6919.364375000004 7115.30826041667 70 40
7444.0222500000045 7697.186750000004 70 44
8221.844625000005 8480.465125000004 70 51
8480.465125000004 8679.051745833338 70 47
9004.227125000001 9257.391625000002 70 55
9782.049500000003 10044.058000000003 70 52
10044.058000000003 10349.28756666667 70 53
10314.655500000003 10586.300770833337 70 71
14685.680999999995 14938.845499999996 70 46
23881.00724999999 24185.575749999996 70 86
24185.575749999996 24827.286749999996 70 86
28734.086625000007 29249.259625000006 70 40
29249.259625000006 29773.27662500001 70 45
39195.88835833336 39464.6124541667 70 52
39718.960216666695 40334.20721666669 70 53
41297.28021666669 41910.44988333335 70 68
42085.122216666685 42636.03435416668 70 72
44267.45321666666 44357.13938333333 70 34
44536.51171666666 44805.57021666666 70 34
45164.314883333325 45284.910608333324 70 30
45431.40018333333 45603.498608333335 70 31
45782.99755000001 45876.60867083334 70 30
45957.04343333334 46130.95643333334 70 31
46217.91293333334 46391.82593333333 70 31
46391.82593333333 46522.260683333334 70 39
46920.116433333336 47094.02943333333 70 49
47180.98593333333 47311.42068333333 70 50
47883.189433333326 48057.102433333326 70 59
48145.42376666666 48322.446099999994 70 64
48322.446099999994 48497.11843333333 70 67
48497.11843333333 48671.79076666666 70 83
48759.126933333326 48890.131183333324 70 64
55584.0485125 55933.39317916666 70 68
56377.318512499995 56726.663179166666 70 66
57459.66801249999 58011.80034583331 70 40
62346.041314583286 62520.71364791662 70 66
62608.04981458329 62789.54405208329 70 45
62789.54405208329 62964.63898124996 70 60
63587.60719791662 63776.877562499954 70 39
63966.45089583328 64156.02422916662 70 26
64250.81089583328 64440.38422916661 70 25
64730.57667708329 65042.401274999946 70 40
65662.60272708329 65863.27172708328 70 50
67260.9177270833 67458.28622708328 70 50
69379.52872708328 69484.63628124994 70 41
69583.06822708328 69696.13014374995 70 42
70393.48997708327 70505.04538958328 70 49
71002.87772708327 71108.21672708326 70 56
71199.12572708326 71306.06793541659 70 57
71809.47872708325 71917.99844374991 70 62
72162.58772708323 72363.25672708324 70 76
73775.95472708327 73973.32322708328 70 76
75697.76572708333 75939.50297708334 70 63
80604.53230624997 80713.47985624996 70 81
81359.64041666657 81429.54915833323 70 63
84678.07839374992 84874.0222791666 70 50
85202.73626874993 85463.60576874994 70 55
85652.68151874995 85735.09914374995 70 53
85735.09914374995 85997.75731249995 70 66
86765.19014374996 87028.34814374996 70 66
87028.34814374996 87225.66565624996 70 61
87553.00601874996 87809.41651874997 70 60
87809.41651874997 88114.64608541662 70 56
88080.01401874996 88351.6592895833 70 75
88339.75451874995 88625.46901874997 70 68
88625.46901874997 88930.03751874997 70 79
89555.03751874997 89748.23414999997 70 34
90079.69539374998 90338.31589374998 70 37
90338.31589374998 90534.25977916665 70 40
90862.97376874999 91121.59426874999 70 44
91519.66989374999 91902.66264374998 70 51
91902.66264374998 92101.24926458331 70 47
92426.42464375 92694.28164374999 70 55
93218.93951875 93479.80901875002 70 52
93479.80901875002 93785.03858541667 70 53
93750.40651875001 94022.05178958335 70 71
98128.46051875003 98384.87101875003 70 46
107323.41326875005 107627.98176875006 70 90
107627.98176875006 108269.69276875006 70 90
112197.21114375014 112581.37989375014 70 40
112712.38414375014 113236.40114375013 70 45
124245.05201875018 124589.8795187502 70 28
124589.8795187502 125330.62051875019 70 27
134389.18812083357 134582.48327916692 70 32
134913.84599583357 135050.97676666692 70 35
11806.390000000003 11999.586631250002 71 43
12331.047875000002 12593.056375000002 71 46
12593.056375000002 12786.253006249999 71 43
19921.19474999999 20114.391381249992 71 40
20445.85262499999 20713.70962499999 71 44
21491.531999999985 21684.728631249985 71 50
22016.18987499999 22281.67637499999 71 56
22281.67637499999 22474.87300624999 71 59
30923.677125000006 32160.791125000003 71 38
32160.791125000003 32353.987756250008 71 40
32685.449000000004 32952.11550000001 71 44
95242.14101875002 95435.33765000002 71 43
95766.79889375002 96034.65589375001 71 46
96034.65589375001 96227.85252500002 71 43
103377.21376875 103570.41040000001 71 40
103901.87164375003 104155.03614375003 71 44
104944.01101875004 105137.20765000005 71 50
105468.66889375006 105721.83339375006 71 55
105721.83339375006 105915.03002500006 71 57
114386.80164375012 115623.91564375012 71 38
115623.91564375012 115817.11227500012 71 40
116148.57351875014 116401.73801875014 71 44
121320.74651875018 121625.31501875019 71 35
121625.31501875019 122267.02601875018 71 35
123213.30551875019 123530.76601875019 71 31
123530.76601875019 124245.05201875018 71 30
126710.78251875019 127179.53251875019 71 28
127179.53251875019 128117.03251875019 71 27
128117.03251875019 128652.7470187502 71 28
128652.7470187502 129724.1760187502 71 27
129724.1760187502 130001.95401875021 71 46
130001.95401875021 130246.85201875021 71 47
130246.85201875021 130491.75001875023 71 51
130491.75001875023 130736.64801875023 71 55
130736.64801875023 130980.70461666689 71 59
130980.70461666689 131203.93636041688 71 65
131203.93636041688 131410.25860208354 71 60
131410.25860208354 131602.02519583356 71 66
131602.02519583356 131780.91373750014 71 73
131780.91373750014 131951.16214791685 71 96
771.4933749999999 1034.15154375 72 53
3799.4693750000006 3881.8870000000006 72 63
3881.8870000000006 4143.490316666667 72 79
5204.268500000002 5508.837000000001 72 79
5508.837000000001 6133.837000000001 72 94
6322.912750000002 6405.330375000003 72 40
6405.330375000003 6668.277481250003 72 50
9446.467375000002 9528.885000000004 72 42
9528.885000000004 9790.783116666671 72 64
10574.396000000004 10860.110500000003 72 56
13117.714249999999 13370.87875 72 46
13370.87875 13564.075381249997 72 50
13559.954499999998 13642.372124999998 72 42
13642.372124999998 13905.492368749996 72 53
13895.536624999997 14161.023124999998 72 55
14161.023124999998 14354.219756249997 72 50
20713.70962499999 20906.90625624999 72 36
21238.36749999999 21491.531999999985 72 40
22806.334249999993 23064.95474999999 72 68
23064.95474999999 23260.82397916666 72 73
23254.030499999993 23335.552249999993 72 66
23335.552249999993 23607.197520833324 72 80
27956.264250000004 28149.460881250005 72 45
28145.340000000004 28227.757625000006 72 37
28227.757625000006 28987.251125000006 72 47
28987.251125000006 29511.26812500001 72 46
30334.024625000005 31232.955625000006 72 38
33738.78187500001 33931.97850625001 72 46
34263.43975000001 34525.44825000001 72 50
66063.94072708329 66262.61622708329 72 50
67055.43822708329 67260.9177270833 72 45
67655.65472708328 67849.82972708327 72 50
68051.84972708327 68249.21822708327 72 50
68974.42997708326 69078.17744374994 72 50
69177.15347708328 69283.44035416661 72 48
69379.52872708328 69484.63628124994 72 49
69583.06822708328 69696.13014374995 72 51
69789.98672708329 69897.9105520833 72 57
69989.7472270833 70094.22617916662 72 57
70187.76922708329 70295.97222708329 72 58
70393.48997708327 70505.04538958328 72 59
70603.32122708327 70806.13747708326 72 70
70806.13747708326 70911.15703958325 72 54
71002.87772708327 71108.21672708326 72 56
71199.12572708326 71306.06793541659 72 57
71401.83072708326 71604.32122708326 72 69
71604.32122708326 71713.19503958325 72 60
72018.35697708324 72166.7683312499 72 76
72563.92572708325 72762.60122708324 72 72
72762.60122708324 72978.99572708324 72 72
73570.47522708328 73775.95472708327 72 71
74170.6917270833 74364.8667270833 72 76
74364.8667270833 74577.8169770833 72 68
74982.79797708332 75466.49232083332 72 85
76227.44647708334 76803.79197708335 72 97
80667.69030624996 80793.83704999994 72 82
81424.13790833324 81492.2539437499 72 64
84167.4033937499 84430.22453749992 72 53
87217.42389374995 87299.84151874998 72 63
87299.84151874998 87561.55303541664 72 79
88625.46901874997 88930.03751874997 72 79
88930.03751874997 89555.03751874997 72 94
89744.11326874996 89826.53089374998 72 40
89826.53089374998 90089.39366249998 72 50
92883.35739374999 92965.77501875 72 42
92965.77501875 93227.63516875001 72 64
94010.14701875001 94295.86151875001 72 56
96559.31376875001 96812.47826875001 72 46
96812.47826875001 97005.67490000001 72 50
97001.55401875002 97083.97164375002 72 42
97083.97164375002 97347.13613750001 72 53
97337.13614375002 97603.80264375002 72 55
97603.80264375002 97796.99927500004 72 50
104155.03614375003 104348.23277500003 72 36
104679.69401875004 104944.01101875004 72 40
106246.49126875006 106507.36076875006 72 66
106507.36076875006 106703.22999791673 72 71
106696.43651875007 106777.95826875005 72 65
106777.95826875005 107049.60353958339 72 80
111419.38876875013 111612.58540000013 72 45
111608.46451875013 111690.88214375013 72 37
111690.88214375013 112450.37564375013 72 47
112450.37564375013 112974.39264375014 72 46
113797.14914375012 114696.08014375012 72 38
117193.06239375015 117386.25902500015 72 36
117717.72026875017 117983.20676875018 72 40
134787.26374583357 135050.97676666692 72 33
4918.554000000002 5204.268500000002 73 68
14350.098874999996 14432.516499999996 73 42
37855.45700000002 38636.84772708335 73 52
38662.632500000014 39283.607691666686 73 52
40247.25071666669 40595.07671666669 73 55
41036.41071666669 41384.23671666669 73 67
42616.383716666685 42965.72838333335 73 66
43698.733216666675 44077.87988333333 73 40
45074.62871666666 45177.76780833333 73 37
45342.68835 45497.77180833333 73 37
45695.60390833333 45813.56520833333 73 31
45870.08693333334 46043.99993333334 73 37
46130.95643333334 46304.86943333334 73 37
47448.40693333333 47622.31993333333 73 54
47796.232933333325 47970.145933333326 73 55
48057.102433333326 48235.109933333326 73 60
48235.109933333326 48409.78226666666 73 77
49826.369433333326 50015.94276666665 73 39
50205.516099999986 50395.08943333331 73 26
50489.87609999997 50679.449433333306 73 25
50885.63509999997 50988.727933333306 73 25
50988.727933333306 51401.09926666665 73 40
52956.82315416667 53225.54725000001 73 48
53479.89501250001 54095.14201250001 73 49
55058.2150125 55671.384679166666 73 68
56639.3270125 57270.09467916666 73 60
58028.38801249998 58118.52047291665 73 40
58297.89280624998 58566.95130624998 73 40
58746.323639583316 58856.18919374998 73 32
58925.69597291665 59054.139237499985 73 30
59192.885456249984 59369.42327499997 73 31
59457.1570958333 59582.793837499965 73 31
59718.66336874996 59892.576368749964 73 31
59979.532868749964 60153.445868749965 73 31
60153.445868749965 60291.489312499965 73 38
60681.73636874996 60855.64936874996 73 41
60942.60586874996 61080.649312499954 73 50
61296.983368749956 61470.896368749956 73 47
61644.80936874996 61818.72236874995 73 55
61818.72236874995 61994.24886874996 73 60
62084.03281458329 62258.70514791662 73 63
62258.70514791662 62433.377481249954 73 75
62520.71364791662 62659.359812499955 73 55
63871.66422916662 64061.237562499955 73 37
64156.02422916662 64345.59756249995 73 30
64537.00256249995 64707.29237499995 73 25
65863.27172708328 66063.94072708329 73 44
66859.99872708328 67055.43822708329 73 45
67458.28622708328 67655.65472708328 73 43
71809.47872708325 71917.99844374991 73 75
72363.25672708324 72563.92572708325 73 72
73375.03572708328 73570.47522708328 73 71
73775.95472708327 73973.32322708328 73 76
73973.32322708328 74170.6917270833 73 69
74775.18547708332 74982.79797708332 73 78
75495.27522708333 75697.76572708333 73 61
88339.75451874995 88625.46901874997 73 68
97792.87839375003 97875.29601875003 73 42
500.0 693.19663125 74 50
1024.6578749999999 1277.822375 74 55
1466.898125 1549.31575 74 50
1549.31575 1807.7545104166666 74 62
4135.0515000000005 4388.216 74 72
4388.216 4584.085229166668 74 67
6133.837000000001 6327.033631250003 74 40
6658.494875000003 6919.364375000004 74 44
7444.0222500000045 7697.186750000004 74 46
7886.262500000004 7968.680125000005 74 44
9257.391625000002 9454.709137500004 74 49
11806.390000000003 11999.586631250002 74 50
11995.465750000003 12077.883375000003 74 42
12077.883375000003 12340.873193750002 74 53
12331.047875000002 12593.056375000002 74 55
12593.056375000002 12786.253006249999 74 50
14432.516499999996 14695.174668749996 74 53
14685.680999999995 14938.845499999996 74 55
20110.27049999999 20192.68812499999 74 40
20192.68812499999 20455.897262499988 74 49
21680.607749999985 21763.025374999987 74 50
21763.025374999987 22026.14561874999 74 62
28734.086625000007 29249.259625000006 74 48
32349.866875000003 32432.28450000001 74 40
32432.28450000001 32695.448993750004 74 49
32952.11550000001 33738.78187500001 74 33
34525.44825000001 34718.64488125002 74 43
35050.10612500001 35309.84662500002 74 48
35309.84662500002 35503.04325625002 74 52
80730.81179999995 80844.25724999995 74 82
81489.51271458322 81566.92480624988 74 65
83895.9100187499 84089.1066499999 74 50
84420.56789374992 84678.07839374992 74 55
84867.15414374993 84949.57176874993 74 50
84949.57176874993 85208.17104999993 74 62
87553.00601874996 87809.41651874997 74 72
87809.41651874997 88005.28574791663 74 67
89555.03751874997 89748.23414999997 74 40
90079.69539374998 90338.31589374998 74 44
90736.39151874998 91121.59426874999 74 46
91310.67001874998 91393.08764375 74 44
92694.28164374999 92891.59915625 74 49
95242.14101875002 95435.33765000002 74 50
95431.21676875002 95513.63439375002 74 42
95513.63439375002 95776.84353125002 74 53
95766.79889375002 96034.65589375001 74 55
96034.65589375001 96227.85252500002 74 50
97875.29601875003 98138.07591250003 74 53
98128.46051875003 98384.87101875003 74 55
103566.28951875001 103648.70714375001 74 40
103648.70714375001 103911.36531250003 74 49
105133.08676875004 105215.50439375004 74 50
105215.50439375004 105478.16256250006 74 62
112197.21114375014 112581.37989375014 74 48
115812.99139375013 115895.40901875013 74 40
115895.40901875013 116158.06718750014 74 49
117983.20676875018 118176.40340000018 74 43
118507.86464375019 118761.02914375017 74 47
118761.02914375017 118954.22577500019 74 51
134389.18812083357 134582.48327916692 74 40
134913.84599583357 135050.97676666692 74 44
4577.291750000001 4658.813500000002 75 70
4658.813500000002 4930.458770833336 75 88
8669.540875000004 8751.062625000002 75 48
8751.062625000002 9013.720793750002 75 62
12782.132125 12864.54975 75 42
12864.54975 13127.207918749998 75 53
13117.714249999999 13370.87875 75 55
13559.954499999998 13642.372124999998 75 50
13642.372124999998 13905.492368749996 75 62
20902.78537499999 20985.202999999987 75 36
20985.202999999987 21247.861168749987 75 46
22470.75212499999 22553.16974999999 75 60
22553.16974999999 22816.03251874999 75 75
28145.340000000004 28227.757625000006 75 45
28227.757625000006 28987.251125000006 75 55
33927.85762500001 34010.27525000001 75 46
34010.27525000001 34273.26506875001 75 56
35834.504500000025 36093.12500000003 75 58
66661.97872708327 66859.99872708328 75 45
71604.32122708326 71713.19503958325 75 73
73177.01572708326 73375.03572708328 75 71
82502.11098958322 82603.80598958323 75 68
82603.80598958323 82674.5992999999 75 67
82706.27738958324 82772.7199812499 75 67
82808.24734583324 82885.62373124991 75 67
82909.03511458325 82965.6272312499 75 68
83008.99680208325 83078.66768749991 75 65
87998.49226874996 88080.01401874996 75 70
88080.01401874996 88351.6592895833 75 88
92091.73839374998 92173.26014374998 75 48
92309.33606249999 92560.35314374999 75 62
96223.73164375001 96306.14926875001 75 42
96306.14926875001 96568.80743750001 75 53
96559.31376875001 96812.47826875001 75 55
97001.55401875002 97083.97164375002 75 50
97083.97164375002 97347.13613750001 75 62
104344.11189375003 104426.52951875003 75 36
104426.52951875003 104689.60590625004 75 46
105910.90914375006 105993.32676875006 75 57
105993.32676875006 106256.27387500006 75 72
110255.24364375012 110641.56639375011 75 39
111608.46451875013 111690.88214375013 75 45
111690.88214375013 112450.37564375013 75 55
117382.13814375015 117464.55576875016 75 36
117464.55576875016 117727.67601250017 75 46
119285.68701875018 119558.41451875019 75 56
71199.12572708326 71306.06793541659 76 69
80793.83704999994 80898.76451666662 76 83
81555.78893124989 81631.46181874989 76 67
689.07575 771.4933749999999 77 50
771.4933749999999 1034.15154375 77 62
4918.554000000002 5204.268500000002 77 82
6658.494875000003 6919.364375000004 77 46
7968.680125000005 8231.542893750006 77 57
9257.391625000002 9584.79216041667 77 51
9528.885000000004 9790.783116666671 77 67
9782.049500000003 10044.058000000003 77 60
10574.396000000004 10860.110500000003 77 68
11164.679000000004 11806.390000000003 77 79
11995.465750000003 12077.883375000003 77 50
12077.883375000003 12340.873193750002 77 62
14350.098874999996 14432.516499999996 77 50
14432.516499999996 14695.174668749996 77 62
23595.292749999993 23881.00724999999 77 85
24827.286749999996 25706.39015833333 77 40
34714.52400000001 34796.941625000014 77 42
34796.941625000014 35059.84639375001 77 54
38393.574000000015 38710.838814583345 77 58
39458.090716666695 39805.916716666696 77 57
40508.12021666669 41123.36721666669 77 58
41823.11371666668 42172.45838333335 77 82
42878.39221666668 43509.15988333335 77 60
45607.884575 45708.76180833334 77 37
47709.27643333333 47883.189433333326 77 63
47970.145933333326 48100.580683333326 77 71
50110.72943333332 50300.302766666646 77 37
50395.08943333331 50584.66276666664 77 30
50782.54226666664 50986.15061249998 77 25
51606.30020208331 52243.503112499995 77 48
52423.56729583333 53044.5424875 77 48
54008.18551250001 54356.0115125 77 50
54797.345512500004 55145.1715125 77 61
55846.057012499994 56464.65467916666 77 86
57175.3080125 57554.45467916665 77 42
58836.00980624998 59477.99043749997 77 37
59631.70686874996 59805.619868749964 77 37
59892.576368749964 60066.489368749964 77 37
61209.64469791662 61383.939868749956 77 54
61557.85286874996 61731.76586874995 77 53
61731.76586874995 61869.80931249995 77 67
61906.80485624995 61996.49102291662 77 62
61996.49102291662 62120.058983333285 77 72
64440.38422916661 64633.620895833286 77 30
66463.95872708329 66661.97872708327 77 50
70806.13747708326 70911.15703958325 77 65
71002.87772708327 71108.21672708326 77 66
71401.83072708326 71604.32122708326 77 82
72162.58772708323 72363.25672708324 77 76
72363.25672708324 72563.92572708325 77 72
72563.92572708325 72762.60122708324 77 72
72762.60122708324 72978.99572708324 77 85
72978.99572708324 73177.01572708326 77 83
73177.01572708326 73375.03572708328 77 71
73375.03572708328 73570.47522708328 77 71
73570.47522708328 73775.95472708327 77 71
73775.95472708327 73973.32322708328 77 76
73973.32322708328 74170.6917270833 77 69
74170.6917270833 74364.8667270833 77 76
74364.8667270833 74577.8169770833 77 81
74577.8169770833 74775.18547708332 77 92
75396.59097708332 75593.95947708334 77 92
76008.46847708334 76365.37747708334 77 80
80856.83584999996 80940.69318333328 77 83
81622.99681874989 81886.91364166656 77 68
84084.9857687499 84167.4033937499 77 50
84167.4033937499 84430.22453749992 77 62
88339.75451874995 88625.46901874997 77 82
89953.11314374997 90338.31589374998 77 46
92694.28164374999 93021.68217916667 77 51
93092.35726875001 93479.80901875002 77 67
94600.43001875002 95242.14101875002 77 79
95431.21676875002 95513.63439375002 77 50
95513.63439375002 95776.84353125002 77 62
97792.87839375003 97875.29601875003 77 50
97875.29601875003 98138.07591250003 77 62
107037.69876875005 107323.41326875005 77 87
108269.69276875006 108667.76839375008 77 40
108794.35064375008 109061.0171437501 77 39
111039.64201875014 111419.38876875013 77 39
118172.28251875017 118254.70014375019 77 42
118254.70014375019 118517.35831250018 77 53
134578.2815958336 134659.4063958336 77 40
134659.4063958336 134927.55907291692 77 49
135375.0391312503 135456.1639312503 77 27
7108.440125000003 7190.857750000004 78 42
82502.11098958322 82603.80598958323 78 81
82603.80598958323 82674.5992999999 78 79
82706.27738958324 82772.7199812499 78 79
82808.24734583324 82885.62373124991 78 79
82909.03511458325 82965.6272312499 78 80
83008.99680208325 83078.66768749991 78 77
90527.39164374999 90609.80926874999 78 42
5204.268500000002 5508.837000000001 79 94
7697.186750000004 7893.130635416672 79 52
8221.844625000005 8480.465125000004 79 61
8480.465125000004 8679.051745833338 79 57
10860.110500000003 11164.679000000004 79 79
12782.132125 12864.54975 79 50
12864.54975 13127.207918749998 79 62
35498.922375000024 35581.340000000026 79 52
35581.340000000026 35844.20276875002 79 66
80898.76451666662 80965.32627499996 79 83
88625.46901874997 88930.03751874997 79 94
91121.59426874999 91317.53815416666 79 52
91646.25214375 91902.66264374998 79 61
91902.66264374998 92101.24926458331 79 57
94295.86151875001 94600.43001875002 79 79
96223.73164375001 96306.14926875001 79 50
96306.14926875001 96568.80743750001 79 62
118950.10489375018 119032.52251875018 79 50
119032.52251875018 119295.91430000018 79 63
43414.37321666668 43793.51988333334 80 42
50679.449433333306 50834.088683333306 80 30
52153.41294583333 52513.2534625 80 53
53219.02551250001 53566.851512500005 80 52
54269.0550125 54884.302012500004 80 53
59369.42327499997 59645.83729999997 80 37
61470.896368749956 61644.80936874996 80 62
6322.912750000002 6405.330375000003 81 42
7190.857750000004 7449.2965104166715 81 53
8669.540875000004 8751.062625000002 81 58
8751.062625000002 9013.720793750002 81 72
10574.396000000004 10860.110500000003 81 68
11164.679000000004 11806.390000000003 81 79
23254.030499999993 23335.552249999993 81 75
23335.552249999993 23607.197520833324 81 94
26391.7755 26584.97213125 81 43
26916.433375000004 27178.441875000004 81 46
27178.441875000004 27371.638506250005 81 43
36093.12500000003 36288.994229166696 81 64
36623.46300000003 36909.17750000003 81 74
72563.92572708325 72762.60122708324 81 85
73177.01572708326 73375.03572708328 81 71
74982.79797708332 75466.49232083332 81 85
75801.57197708334 76365.37747708334 81 85
80940.69318333328 81045.34718749994 81 84
89744.11326874996 89826.53089374998 81 42
89826.53089374998 90089.39366249998 81 53
92091.73839374998 92173.26014374998 81 58
92173.26014374998 92436.46928125 81 72
94010.14701875001 94295.86151875001 81 68
94600.43001875002 95242.14101875002 81 79
106696.43651875007 106777.95826875005 81 75
106777.95826875005 107049.60353958339 81 94
109857.1680187501 110050.3646500001 81 43
110381.82589375012 110641.56639375011 81 46
110641.56639375011 110834.76302500011 81 43
119558.41451875019 119754.28374791684 81 63
120088.75251875017 120374.46701875018 81 77
135456.1639312503 135724.3166083336 81 34
6919.364375000004 7115.30826041667 82 50
7444.0222500000045 7697.186750000004 82 55
7886.262500000004 7968.680125000005 82 53
7968.680125000005 8231.542893750006 82 66
9004.227125000001 9257.391625000002 82 66
9257.391625000002 9454.709137500004 82 61
10044.058000000003 10349.28756666667 82 56
10314.655500000003 10586.300770833337 82 75
10860.110500000003 11164.679000000004 82 79
23881.00724999999 24185.575749999996 82 103
24185.575749999996 24827.286749999996 82 103
27703.09975000001 27956.264250000004 82 46
36909.17750000003 37213.74600000002 82 94
37213.74600000002 37855.45700000002 82 94
39195.88835833336 39464.6124541667 82 62
39718.960216666695 40334.20721666669 82 63
41297.28021666669 41910.44988333335 82 81
42085.122216666685 42636.03435416668 82 86
44267.45321666666 44357.13938333333 82 40
44536.51171666666 44805.57021666666 82 40
55584.0485125 55933.39317916666 82 82
56377.318512499995 56726.663179166666 82 78
57459.66801249999 58011.80034583331 82 48
72162.58772708323 72363.25672708324 82 90
72363.25672708324 72563.92572708325 82 72
72978.99572708324 73177.01572708326 82 83
73375.03572708328 73570.47522708328 82 71
73775.95472708327 73973.32322708328 82 90
73973.32322708328 74170.6917270833 82 69
74775.18547708332 74982.79797708332 82 78
75593.95947708334 75801.57197708334 82 78
80982.58568749994 81095.55638749994 82 84
90338.31589374998 90534.25977916665 82 50
90862.97376874999 91121.59426874999 82 55
91310.67001874998 91393.08764375 82 53
91393.08764375 91655.86753749999 82 66
92426.42464375 92694.28164374999 82 66
92694.28164374999 92891.59915625 82 61
93479.80901875002 93785.03858541667 82 56
93880.27676875 94022.05178958335 82 76
94295.86151875001 94600.43001875002 82 79
107323.41326875005 107627.98176875006 82 108
107627.98176875006 108269.69276875006 82 108
111166.22426875013 111419.38876875013 82 46
120374.46701875018 120679.03551875018 82 99
120679.03551875018 121320.74651875018 82 99
122267.02601875018 122571.5945187502 82 99
122571.5945187502 123213.30551875019 82 99
132972.29987708357 133062.39143750025 82 92
133151.44566250025 133288.64091250024 82 92
135185.9456562503 135379.24081458364 82 27
24827.286749999996 25020.483381249996 83 43
25351.944624999996 25613.953125 83 46
25613.953125 25807.149756249997 83 43
32952.11550000001 33145.31213125001 83 40
33476.773375000004 33738.78187500001 83 44
34525.44825000001 34718.64488125002 83 50
35050.10612500001 35309.84662500002 83 57
35309.84662500002 35503.04325625002 83 60
108269.69276875006 108462.88940000007 83 43
108794.35064375008 109061.0171437501 83 46
109061.0171437501 109254.2137750001 83 43
117983.20676875018 118176.40340000018 83 50
118507.86464375019 118761.02914375017 83 56
118761.02914375017 118954.22577500019 83 59
131203.93636041688 131410.25860208354 83 72
131410.25860208354 131602.02519583356 83 79
131602.02519583356 131780.91373750014 83 87
131780.91373750014 131951.16214791685 83 81
131951.16214791685 132119.72092916688 83 81
132119.72092916688 132286.65377916687 83 82
132286.65377916687 132452.0031729169 83 83
132452.0031729169 132616.8381729169 83 88
132616.8381729169 132781.67317291693 83 83
132781.67317291693 132977.41683333355 83 84
6405.330375000003 6668.277481250003 84 53
9446.467375000002 9528.885000000004 84 63
9528.885000000004 9790.783116666671 84 79
20713.70962499999 20906.90625624999 84 46
21238.36749999999 21491.531999999985 84 50
26138.611 26391.7755 84 46
26391.7755 26584.97213125 84 50
26580.851250000003 26663.268875000005 84 42
26663.268875000005 26926.258693750005 84 53
26916.433375000004 27178.441875000004 84 55
27178.441875000004 27371.638506250005 84 50
35834.504500000025 36093.12500000003 84 70
36093.12500000003 36288.994229166696 84 77
36282.20075000003 36363.72250000003 84 69
36363.72250000003 36635.36777083336 84 83
72563.92572708325 72762.60122708324 84 85
73570.47522708328 73775.95472708327 84 84
74170.6917270833 74364.8667270833 84 90
74982.79797708332 75466.49232083332 84 101
75801.57197708334 76365.37747708334 84 101
81045.34718749994 81170.71298749994 84 84
92883.35739374999 92965.77501875 84 63
92965.77501875 93227.63516875001 84 79
104155.03614375003 104348.23277500003 84 46
104679.69401875004 104944.01101875004 84 50
109585.6750187501 109857.1680187501 84 46
109857.1680187501 110050.3646500001 84 50
110046.24376875011 110128.66139375011 84 42
110128.66139375011 110391.56616250011 84 53
110381.82589375012 110641.56639375011 84 55
110641.56639375011 110834.76302500011 84 50
117193.06239375015 117386.25902500015 84 46
117717.72026875017 117983.20676875018 84 50
119285.68701875018 119558.41451875019 84 68
119558.41451875019 119754.28374791684 84 77
119747.49026875019 119829.01201875017 84 69
119829.01201875017 120100.65728958351 84 85
27367.517625000004 27449.935250000006 85 42
37855.45700000002 38636.84772708335 85 62
38662.632500000014 39283.607691666686 85 62
40247.25071666669 40595.07671666669 85 66
41036.41071666669 41384.23671666669 85 79
42616.383716666685 42965.72838333335 85 78
43698.733216666675 44077.87988333333 85 48
52956.82315416667 53225.54725000001 85 57
53479.89501250001 54095.14201250001 85 58
55058.2150125 55671.384679166666 85 81
56639.3270125 57270.09467916666 85 72
72363.25672708324 72563.92572708325 85 85
73375.03572708328 73570.47522708328 85 84
73973.32322708328 74170.6917270833 85 82
74775.18547708332 74982.79797708332 85 92
75593.95947708334 75801.57197708334 85 92
110830.64214375011 110913.05976875011 85 42
6133.837000000001 6327.033631250003 86 50
6658.494875000003 6919.364375000004 86 55
7108.440125000003 7190.857750000004 86 50
7190.857750000004 7449.2965104166715 86 62
9782.049500000003 10044.058000000003 86 72
24827.286749999996 25020.483381249996 86 50
25016.362499999996 25098.780124999997 86 42
25098.780124999997 25361.769943749998 86 53
25351.944624999996 25613.953125 86 55
25613.953125 25807.149756249997 86 50
27449.935250000006 27712.593418750006 86 53
27703.09975000001 27956.264250000004 86 55
33141.19125 33223.60887500001 86 40
33223.60887500001 33486.59869375001 86 49
34714.52400000001 34796.941625000014 86 50
34796.941625000014 35059.84639375001 86 63
81108.08248749994 81206.2036041666 86 85
89555.03751874997 89748.23414999997 86 50
90079.69539374998 90338.31589374998 86 55
90527.39164374999 90609.80926874999 86 50
90609.80926874999 90868.36169583332 86 62
93218.93951875 93479.80901875002 86 72
108269.69276875006 108462.88940000007 86 50
108458.76851875006 108541.18614375006 86 42
108541.18614375006 108804.35063750007 86 53
108794.35064375008 109061.0171437501 86 55
109061.0171437501 109254.2137750001 86 50
110913.05976875011 111175.71793750013 86 53
111166.22426875013 111419.38876875013 86 55
118172.28251875017 118254.70014375019 86 50
118254.70014375019 118517.35831250018 86 62
135185.9456562503 135379.24081458364 86 34
10044.058000000003 10239.92722916667 87 67
20902.78537499999 20985.202999999987 87 46
20985.202999999987 21247.861168749987 87 56
25803.028875 25885.446500000002 87 42
25885.446500000002 26148.104668750002 87 53
26138.611 26391.7755 87 55
26580.851250000003 26663.268875000005 87 50
26663.268875000005 26926.258693750005 87 62
35498.922375000024 35581.340000000026 87 62
35581.340000000026 35844.20276875002 87 78
73177.01572708326 73375.03572708328 87 84
93479.80901875002 93675.67824791667 87 67
104344.11189375003 104426.52951875003 87 46
104426.52951875003 104689.60590625004 87 56
109250.09289375009 109332.5105187501 87 42
109332.5105187501 109595.8560062501 87 53
109585.6750187501 109857.1680187501 87 55
110046.24376875011 110128.66139375011 87 50
110128.66139375011 110391.56616250011 87 62
117382.13814375015 117464.55576875016 87 46
117464.55576875016 117727.67601250017 87 56
118950.10489375018 119032.52251875018 87 60
119032.52251875018 119295.91430000018 87 75
10233.133750000003 10314.655500000003 88 70
10314.655500000003 10586.300770833337 88 88
10860.110500000003 11164.679000000004 88 79
81170.71298749994 81235.78842499993 88 85
93668.88476875002 93750.40651875001 88 70
93750.40651875001 94022.05178958335 88 88
94295.86151875001 94600.43001875002 88 79
6322.912750000002 6405.330375000003 89 50
6405.330375000003 6668.277481250003 89 62
10574.396000000004 10860.110500000003 89 82
11164.679000000004 11806.390000000003 89 94
25016.362499999996 25098.780124999997 89 50
25098.780124999997 25361.769943749998 89 62
27367.517625000004 27449.935250000006 89 50
27449.935250000006 27712.593418750006 89 62
36623.46300000003 36909.17750000003 89 89
38393.574000000015 38710.838814583345 89 58
40508.12021666669 41123.36721666669 89 69
42878.39221666668 43509.15988333335 89 72
51606.30020208331 52243.503112499995 89 57
52423.56729583333 53044.5424875 89 57
54008.18551250001 54356.0115125 89 60
54797.345512500004 55145.1715125 89 72
57175.3080125 57554.45467916665 89 51
72978.99572708324 73177.01572708326 89 99
74577.8169770833 74775.18547708332 89 109
75396.59097708332 75593.95947708334 89 109
81233.18967499993 81276.01797083327 89 86
89744.11326874996 89826.53089374998 89 50
89826.53089374998 90089.39366249998 89 62
94010.14701875001 94295.86151875001 89 82
94600.43001875002 95242.14101875002 89 94
108458.76851875006 108541.18614375006 89 50
108541.18614375006 108804.35063750007 89 62
110830.64214375011 110913.05976875011 89 50
110913.05976875011 111175.71793750013 89 62
120088.75251875017 120374.46701875018 89 93
135375.0391312503 135456.1639312503 89 34
135456.1639312503 135724.3166083336 89 41
10860.110500000003 11164.679000000004 91 94
25803.028875 25885.446500000002 91 50
25885.446500000002 26148.104668750002 91 62
81274.96975416661 81326.65136666659 91 88
94295.86151875001 94600.43001875002 91 94
109250.09289375009 109332.5105187501 91 50
109332.5105187501 109595.8560062501 91 62
43414.37321666668 43793.51988333334 92 51
52153.41294583333 52513.2534625 92 53
54269.0550125 54884.302012500004 92 63
36282.20075000003 36363.72250000003 93 79
36363.72250000003 36635.36777083336 93 98
81317.11747916658 81367.65322916658 93 89
119747.49026875019 119829.01201875017 93 80
119829.01201875017 120100.65728958351 93 101
36909.17750000003 37213.74600000002 94 112
37213.74600000002 37855.45700000002 94 112
81359.64041666657 81429.54915833323 94 90
120374.46701875018 120679.03551875018 94 117
120679.03551875018 121320.74651875018 94 117
122267.02601875018 122571.5945187502 94 117
122571.5945187502 123213.30551875019 94 117
132972.29987708357 133062.39143750025 94 109
133151.44566250025 133288.64091250024 94 109
131951.16214791685 132119.72092916688 95 97
132119.72092916688 132286.65377916687 95 97
132286.65377916687 132452.0031729169 95 98
132452.0031729169 132616.8381729169 95 105
132616.8381729169 132781.67317291693 95 99
132781.67317291693 132977.41683333355 95 100
81424.13790833324 81492.2539437499 96 92
81489.51271458322 81566.92480624988 98 94
81555.78893124989 81631.46181874989 100 96
81622.99681874989 81886.91364166656 101 98
