367183.9673416659 368036.92144166585 29 30
366356.2233416659 367603.54784166586 31 34
368023.1283416659 369264.50734166586 31 30
365534.3053416659 366723.5704916659 32 30
369712.2683416659 370931.7381416658 32 40
373064.3023416658 374251.2392916658 32 31
376455.45784166583 377673.8964416658 32 29
379906.64334166585 381697.6873416659 32 26
381697.6873416659 383572.6873416659 32 24
383572.6873416659 392275.3196458326 32 25
73564.58687500007 76157.44445000007 34 59
142897.0177958333 143182.73212916663 34 64
234529.93967083303 235815.65417083303 34 43
236023.98742083303 236232.32067083305 34 46
236232.32067083305 237971.6066749997 34 70
71811.72950000006 73204.58687500007 35 91
73324.58687500007 73564.58687500007 35 46
227702.31317083305 228988.02767083305 35 91
229193.50717083304 229398.98667083308 35 46
229398.98667083308 232398.98717083305 35 70
232607.32042083304 232815.65367083307 35 46
232815.65367083307 234554.9396749997 35 70
364712.3873416659 365904.1684416659 36 36
372227.5673416658 373375.1132249991 36 31
375588.11634166585 376772.6991416658 36 33
379007.91784166585 380354.4043416659 36 30
71744.48813750006 71836.72950416672 39 53
143182.73212916663 143468.44646249994 39 64
152478.4965458332 153515.91210833308 39 64
194706.05217083305 194991.7665041664 39 41
237946.60667083305 238794.75867083302 39 43
305680.3622166663 305966.07654999965 39 64
320135.79771666595 321099.6659520826 39 32
361381.8083416659 362590.1411916659 39 40
363881.84784166596 365082.2504416659 39 36
368850.71434166585 370003.36429999926 39 39
371399.8233416658 372594.9144916658 39 34
374726.5623416658 375965.7387916658 39 35
378152.94834166585 379388.1993416659 39 32
227633.34767083306 227727.3131749997 40 53
360548.47534166585 361404.3777770825 41 37
367183.9673416659 368036.92144166585 41 36
1786.3089999999997 4476.683597916667 43 24
30015.217750000007 32192.62932083334 43 36
66509.97850000001 66722.74450000002 43 30
143468.44646249994 143754.16079583325 43 64
157734.1952958331 159038.5427958331 43 39
185947.20742083315 187928.32267083312 43 36
194991.7665041664 195273.51250416637 43 38
222400.56217083312 222613.32817083312 43 30
319272.4437166659 320521.5120666659 43 46
359726.40334166586 360923.4751916658 43 40
362215.14134166593 363341.5777166659 43 38
366356.2233416659 367603.54784166586 43 40
368023.1283416659 369264.50734166586 43 36
3545.2019999999998 6248.906041666666 44 30
28228.908750000006 30040.58006250001 44 36
31774.11075000001 32662.99975000001 44 36
52534.80850000001 56301.287375 44 32
66722.74450000002 70073.80900000002 44 35
71675.52263750005 71811.72950000006 44 55
155947.8862958331 157261.7542958331 44 39
159493.0882958331 160424.56989374978 44 42
184160.8984208331 185972.56973333313 44 36
187706.10042083313 188002.39675416646 44 43
201228.7197124997 201474.93185833303 44 40
208425.3921708331 212191.87104583313 44 32
222613.32817083312 225964.3926708331 44 35
227566.10630833305 227702.31317083305 44 55
286307.89046666626 286619.35675416625 44 32
305966.07654999965 306251.79088333296 44 64
318385.92671666597 319402.8784666659 44 40
321033.1192166659 322273.2845166659 44 29
329477.50484166585 331181.4180604159 44 46
336198.5098416659 337864.68312083266 44 49
343033.58784166595 344748.0364499994 44 55
349736.7708416659 350947.7667916659 44 40
358898.81734166585 360037.2142249992 44 33
363048.474341666 364259.47029166593 44 40
365534.3053416659 366723.5704916659 44 36
370548.75934166583 374251.2392916658 44 35
373886.37434166577 377673.8964416658 44 33
377304.03334166587 381697.6873416659 44 31
383572.6873416659 392275.3196458326 44 19
59541.26025 59749.5935 45 30
215431.8439208331 215640.1771708331 45 30
59749.5935 63223.8584375 46 35
73564.58687500007 76157.44445000007 46 59
136104.65629583344 136390.37062916678 46 64
143754.16079583325 144039.87512916658 46 58
146081.69879583322 150233.59729583323 46 52
152521.01357708318 154189.3818833331 46 67
195273.51250416637 195551.29017083306 46 38
215640.1771708331 219114.4421083331 46 35
234529.93967083303 235815.65417083303 46 46
236023.98742083303 236232.32067083305 46 46
236232.32067083305 237971.6066749997 46 52
288021.7701333329 288608.2364666662 46 33
327786.3288416659 329664.12446666585 46 36
337842.422841666 339061.45139166596 46 46
341309.10234166594 343235.3735895826 46 52
70073.80900000002 70984.14350000003 47 89
71604.83300000004 71675.52263750005 47 56
73324.58687500007 73564.58687500007 47 46
225964.3926708331 226874.7271708331 47 89
227495.41667083307 227566.10630833305 47 56
229193.50717083304 229398.98667083308 47 46
229398.98667083308 232398.98717083305 47 52
232607.32042083304 232815.65367083307 47 46
232815.65367083307 234554.9396749997 47 52
338672.962341666 340016.271341666 47 50
15790.918125 17532.697925000004 48 37
32662.99975000001 33532.564750000005 48 36
44335.55687500002 45186.62087500001 48 32
172340.89354583318 172979.19154583316 48 39
188294.42975416646 188582.19942083312 48 36
199499.85654583306 199744.21754583306 48 32
200935.360545833 201228.7197124997 48 38
286037.62013333297 286608.64246666624 48 32
289735.6497999996 290068.54466249957 48 34
291449.52946666616 292035.99579999945 48 46
306251.79088333296 306531.51121666626 48 64
317497.03771666595 318771.64106666594 48 38
321890.3057166659 323148.8441916659 48 32
326119.5818416659 327800.2177249992 48 43
339584.616841666 341334.2821874993 48 64
350570.1443416659 351770.5469416659 48 36
358071.23134166584 359271.23104166583 48 36
376869.25084166584 377714.99234166584 48 21
377714.99234166584 378566.74134166585 48 20
378566.74134166585 379430.4528416659 48 20
379430.4528416659 380802.1653416659 48 19
381697.6873416659 383572.6873416659 48 22
383572.6873416659 392275.3196458326 48 23
17522.059625000005 19255.150200000004 49 45
46066.69837499999 49099.320525 49 38
152529.51698333316 153515.91210833308 49 67
174072.03504583315 174816.71604583313 49 51
201815.43804583303 205248.64550416646 49 32
293153.3482999995 293471.9574458328 49 49
325258.02784166584 326392.3091666659 49 33
331155.90784166584 333166.9457166658 49 45
344724.06384166604 346418.38677083276 49 48
87164.90037500014 88022.04337500015 50 29
88022.04337500015 88879.18637500016 50 27
88879.18637500016 89727.33837500014 50 27
89727.33837500014 90881.32499583349 50 25
101165.72318750016 102071.15469375014 50 25
102111.30066041682 103042.4396229168 50 25
103042.4396229168 103882.22793541681 50 25
103887.50962291681 104777.23670000012 50 25
1786.3089999999997 4476.683597916667 51 24
3545.2019999999998 6248.906041666666 51 30
10631.14275 13231.143183333334 51 30
24421.12175000001 26195.673018750007 51 31
26172.945750000006 27216.934016666673 51 26
28666.864750000004 29104.820750000006 51 28
29104.820750000006 29542.776750000005 51 29
29542.776750000005 30040.58006250001 51 29
30450.00025000001 30884.78275000001 51 28
30884.78275000001 31319.56525000001 51 28
31319.56525000001 32192.62932083334 51 28
32218.55525000001 33097.78225000001 51 32
33532.564750000005 34170.86275000001 51 40
38796.788000000015 39287.85951041668 51 41
44761.088875000016 45413.893625000004 51 32
49078.3415 52786.79263958334 51 32
66509.97850000001 66722.74450000002 51 36
66722.74450000002 70073.80900000002 51 41
71537.59163750004 71673.79850000005 51 56
73324.58687500007 73564.58687500007 51 69
90584.89637500016 91442.03937500017 51 29
91442.03937500017 92299.18237500016 51 23
92299.18237500016 93156.32537500016 51 23
93156.32537500016 94008.11123125016 51 28
105628.30246250013 107343.37546250015 51 30
123448.5186291668 123759.98491666681 51 32
136390.37062916678 136676.08496250008 51 64
144039.87512916658 144325.5894624999 51 58
145769.19879583322 146081.69879583322 51 59
149417.2702958332 152446.1836020832 51 37
152555.02720208315 153515.91210833308 51 69
156823.79829583308 157759.5576083331 51 32
158603.7602958331 160381.97729583312 51 29
160381.97729583312 161715.31079583312 51 36
166579.02904583313 170045.1003458332 51 30
180303.12592083312 182077.67718958313 51 43
182054.94992083314 183099.29055416648 51 26
184598.85442083312 185036.81042083312 51 28
185036.81042083312 185474.76642083313 51 29
185474.76642083313 185947.20742083315 51 29
186381.98992083312 186816.77242083312 51 28
186816.77242083312 187251.55492083315 51 28
187251.55492083315 187706.10042083313 51 28
188002.39675416646 188294.42975416646 51 36
188869.96908749978 189157.73875416644 51 36
191623.95092083304 192058.73342083304 51 29
192058.73342083304 192493.51592083307 51 29
192493.51592083307 192962.26592083307 51 29
193393.92042083305 193825.57492083305 51 29
193825.57492083305 194257.22942083306 51 29
194257.22942083306 194706.05217083305 51 29
195551.29017083306 195829.06783749972 51 48
199212.2625041664 199462.26254583304 51 32
200651.67254583305 200935.360545833 51 47
202099.126045833 202666.50204583304 51 36
204968.92517083313 206678.18343958314 51 56
206662.44917083313 208677.37631041644 51 32
222400.56217083312 222613.32817083312 51 36
222613.32817083312 225964.3926708331 51 41
237946.60667083305 238794.75867083302 51 46
282279.3307999996 283174.2901249996 51 34
283986.7897999996 285172.9582999996 51 34
285751.90579999966 286307.89046666626 51 39
287751.4997999996 288322.5221333329 51 33
289465.37946666626 290036.4017999996 51 34
294857.1671333328 295443.63346666616 51 55
298929.8212999996 299215.5356333329 51 64
306531.51121666626 306811.2315499996 51 58
308847.0612166662 312334.6662666661 51 52
313094.1397166661 314017.47502916603 51 32
314861.677716666 316132.4872458327 51 29
316639.89471666596 317897.037766666 51 36
322763.1298416659 323983.3676916659 51 36
324441.7008416659 327331.15654166584 51 36
332818.35434166586 334533.6198166659 51 53
334502.58534166584 336205.4063916659 51 36
336198.5098416659 337864.68312083266 51 49
337842.422841666 339061.45139166596 51 46
338672.962341666 340016.271341666 51 50
339584.616841666 341334.2821874993 51 64
341309.10234166594 343235.3735895826 51 52
346394.8968416661 348045.8383062493 51 58
348034.093341666 350029.8742166659 51 52
351400.6838416659 352592.4649416659 51 36
354711.42484166584 355895.0989916659 51 36
357220.1673416659 358443.6450416658 51 36
363462.2673416659 364301.42834166595 51 25
364301.42834166595 365123.34634166595 51 25
365123.34634166595 365945.2643416659 51 25
365945.2643416659 366764.3868416659 51 25
366764.3868416659 368436.9213416659 51 25
368436.9213416659 370102.6793916659 51 25
370123.2273416659 370974.29134166584 51 25
370974.29134166584 371807.9868416658 51 24
371807.9868416658 372635.7308416658 51 24
372635.7308416658 373469.7078416658 51 23
373469.7078416658 374291.7798416658 51 23
374291.7798416658 375140.35534166585 51 22
375140.35534166585 376007.69684166583 51 22
376007.69684166583 376869.25084166584 51 21
376869.25084166584 377714.99234166584 51 21
377714.99234166584 378566.74134166585 51 20
378566.74134166585 379430.4528416659 51 20
379430.4528416659 380802.1653416659 51 19
381697.6873416659 383572.6873416659 51 27
227426.45117083308 227564.38217083307 52 56
229193.50717083304 229398.98667083308 52 69
291179.2591333328 291750.28146666614 52 46
296572.4056333329 298929.8212999996 52 65
19245.947750000003 22821.81353125001 53 41
46066.69837499999 46917.76237499999 53 38
59541.26025 59749.5935 53 36
59749.5935 63223.8584375 53 41
73564.58687500007 76157.44445000007 53 59
90352.33812500014 90584.89637500016 53 46
102111.30066041682 103042.4396229168 53 25
103042.4396229168 103882.22793541681 53 25
103887.50962291681 104777.23670000012 53 25
107343.37546250015 109053.31446250016 53 32
125162.39829583347 125748.8646291668 53 33
145483.48446249988 145769.19879583322 53 59
174930.35242083314 178095.89842083308 53 56
177667.3269208331 178703.8177020831 53 40
202382.81404583302 202914.72904583305 53 36
215431.8439208331 215640.1771708331 53 36
215640.1771708331 219114.4421083331 53 41
232607.32042083304 232815.65367083307 53 69
232815.65367083307 235815.65417083303 53 73
236023.98742083303 236232.32067083305 53 69
236232.32067083305 238815.73769583303 53 73
292883.0779666662 293454.10029999947 53 49
323608.36784166587 324457.0069729159 53 42
353872.2638416659 354725.03029166587 53 36
90584.89637500016 91442.03937500017 54 29
144626.34146249987 145197.77012916657 54 58
202666.50204583304 203255.63817083303 54 41
229398.98667083308 232398.98717083305 54 73
1786.3089999999997 4476.683597916667 55 29
7114.259 8953.903235416667 55 27
22642.465750000007 23538.545904166676 55 31
26172.945750000006 27216.934016666673 55 31
35279.90425 37070.987354166675 55 45
46492.23037499999 47024.14537499999 55 42
52030.607 52534.80850000001 55 44
52534.80850000001 54624.121825 55 51
63279.0055 64995.55393750001 55 76
83770.49787500012 84633.80687500013 55 29
84633.80687500013 85467.13987500012 55 23
85467.13987500012 86300.47287500012 55 23
86300.47287500012 87164.90037500014 55 23
89727.33837500014 90565.51652083348 55 46
91442.03937500017 92299.18237500016 55 23
92299.18237500016 93156.32537500016 55 23
93156.32537500016 94008.11123125016 55 23
98541.02968750015 99439.10518750016 55 25
99439.10518750016 100302.41418750017 55 25
100302.41418750017 101165.72318750016 55 25
105628.30246250013 107343.37546250015 55 30
109053.31446250016 110763.25346250016 55 37
110763.25346250016 112473.19246250017 55 43
123178.24829583349 123749.27062916681 55 32
126876.27796250013 127209.17282500012 55 34
128590.15762916679 129176.62396250012 55 46
136676.08496250008 136961.7992958334 55 64
144325.5894624999 144912.05579583324 55 64
145197.77012916657 145483.48446249988 55 64
149417.2702958332 152446.1836020832 55 43
152580.53742083313 153515.91210833308 55 74
163062.14529583312 164901.7895312498 55 46
169126.64804583316 170045.1003458332 55 32
178524.4699208331 179420.55007499977 55 48
182054.94992083314 183099.29055416648 55 31
191189.16842083304 192980.2515249997 55 45
195829.06783749972 196106.8455041664 55 48
202952.6078374997 203535.3585041664 55 43
208089.25783749978 208677.37631041644 55 44
208425.3921708331 210514.7054958331 55 51
219169.58917083312 220886.13760833314 55 76
249894.84267083296 250758.15167083297 55 29
250758.15167083297 251621.46067083298 55 25
251621.46067083298 252484.76967083302 55 25
252484.76967083302 253638.75629166633 55 25
263904.51245833305 264896.39032083313 55 25
264896.39032083313 265773.9322645831 55 25
265773.9322645831 266613.7205770831 55 25
266619.00226458313 267601.1085937497 55 25
283986.7897999996 285172.9582999996 55 34
287465.7854666662 288021.7701333329 55 39
294586.8967999995 295157.91913333285 55 54
313992.11271666596 315252.981966666 55 39
328619.66184166586 330697.5746916658 55 43
335330.1713416659 337393.442991666 55 53
341740.756841666 343847.873691666 55 53
353044.51984166587 354249.88629166584 55 40
355527.7518416659 356674.77229999925 55 39
3545.2019999999998 6248.906041666666 56 36
8887.3565 11366.857158333334 56 29
14059.714750000001 15817.513875 56 32
15790.918125 17532.697925000004 56 37
17522.059625000005 19255.150200000004 56 45
19291.960000000003 22821.81353125001 56 45
23512.03075000001 24486.81515000001 56 28
25734.989750000008 26195.673018750007 56 31
33097.78225000001 33958.096750000004 56 32
34396.426750000006 35279.90425 56 47
37053.00175000001 39225.35950000001 56 36
42607.39300000002 43464.53600000001 56 32
45186.62087500001 45651.804675 56 30
46917.76237499999 47784.634999999995 56 45
54470.5785 56301.287375 56 31
68424.87250000003 70073.80900000002 56 38
71466.90200000003 71537.59163750004 56 57
73324.58687500007 73564.58687500007 56 69
73564.58687500007 76157.44445000007 56 59
80383.34437500009 81222.50537500011 56 29
81222.50537500011 82061.66637500012 56 25
82061.66637500012 82900.82737500011 56 25
82900.82737500011 83751.11802083344 56 25
87164.90037500014 88022.04337500015 56 29
88022.04337500015 88879.18637500016 56 27
88879.18637500016 89727.33837500014 56 27
94014.46716250016 94919.89866875015 56 25
94960.04463541682 95924.7628479168 56 25
95924.7628479168 96764.55116041681 56 25
96769.83284791681 97669.48056041684 56 25
101165.72318750016 102071.15469375014 56 25
102111.30066041682 103042.4396229168 56 25
103042.4396229168 103882.22793541681 56 25
103887.50962291681 104777.23670000012 56 25
107343.37546250015 109053.31446250016 56 32
112473.19246250017 114175.66246250017 56 51
114175.66246250017 115971.60846250017 56 60
130304.03729583343 130622.64644166677 56 49
144912.05579583324 145412.05587916655 56 58
146081.69879583322 150233.59729583323 56 62
161270.8662958331 162196.7923374998 56 38
164835.24279583312 167314.74345416646 56 29
170619.5685458332 171364.24954583318 56 37
172553.65954583316 173444.3753458332 56 48
175738.48917083314 176589.55317083313 56 56
176802.3191708331 178095.89842083308 56 72
177667.3269208331 178703.8177020831 56 48
179394.0349208331 180368.8193208331 56 40
181616.99392083313 182077.67718958313 56 31
188582.19942083312 188869.96908749978 56 40
189445.5084208331 189731.22275416643 56 43
190883.87142083302 191189.16842083304 56 36
192962.26592083307 194920.33792083306 56 36
198069.40517083314 198355.11950416645 56 39
198926.5481708331 199212.2625041664 56 42
200367.98454583305 200651.67254583305 56 36
203255.63817083303 203815.07883749975 56 46
210361.16217083312 212191.87104583313 56 35
224315.4561708331 225964.3926708331 56 38
227357.4856708331 227495.41667083307 56 57
229193.50717083304 229398.98667083308 56 69
232607.32042083304 232815.65367083307 56 69
232815.65367083307 235815.65417083303 56 73
236023.98742083303 236232.32067083305 56 69
236232.32067083305 237971.6066749997 56 73
253342.327670833 254199.47067083302 56 29
254199.47067083302 255056.61367083303 56 23
255056.61367083303 255901.68367083304 56 23
255901.68367083304 256759.88046458302 56 28
268492.24979999976 270207.3227999997 56 30
282279.3307999996 283174.2901249996 56 34
285466.1914666663 285757.26294374967 56 32
289179.6651333329 289735.6497999996 56 40
290893.5447999995 291449.52946666616 56 53
292601.38796666614 293153.3482999995 56 58
296290.71563333285 298929.8212999996 56 61
299215.5356333329 299496.7544666663 56 64
306811.2315499996 307090.9518833329 56 58
308534.5612166662 308847.0612166662 56 59
312230.6517166661 313477.11851666606 56 39
315751.00571666606 317025.609066666 56 42
326958.74284166587 328994.6616916658 56 43
330322.5748416658 332339.5819916659 56 43
337026.0958416659 337864.68312083266 56 53
340016.271341666 342121.038341666 56 53
343462.159341666 345569.9544499994 56 53
349736.7708416659 350947.7667916659 56 40
352222.6018416659 353411.86699166585 56 36
356383.67634166585 357603.1461416659 56 40
365534.3053416659 366723.5704916659 56 42
369712.2683416659 370123.2273416659 56 51
370123.2273416659 370974.29134166584 56 25
370974.29134166584 371807.9868416658 56 24
371807.9868416658 372635.7308416658 56 24
372635.7308416658 373469.7078416658 56 23
373469.7078416658 374291.7798416658 56 23
374291.7798416658 375140.35534166585 56 22
375140.35534166585 376007.69684166583 56 22
376007.69684166583 376869.25084166584 56 21
376869.25084166584 377714.99234166584 56 25
377714.99234166584 378566.74134166585 56 24
378566.74134166585 379430.4528416659 56 24
379430.4528416659 380802.1653416659 56 23
47365.05449999999 48204.2155 57 49
56360.3425 58458.244999999995 57 76
115971.60846250017 117289.16196250018 57 60
203535.3585041664 204094.7991708331 57 48
212250.92617083312 214348.8286708331 57 76
229398.98667083308 232398.98717083305 57 73
345135.02284166607 345569.9544499994 57 53
7983.824 8953.903235416667 58 32
47784.634999999995 48623.796 58 52
50771.8655 51611.0265 58 51
61514.2995 63223.8584375 58 38
63279.0055 64995.55393750001 58 76
66509.97850000001 66722.74450000002 58 45
66722.74450000002 68449.69520000002 58 48
80383.34437500009 81222.50537500011 58 35
81222.50537500011 82061.66637500012 58 30
82061.66637500012 82900.82737500011 58 30
82900.82737500011 83751.11802083344 58 30
83770.49787500012 84633.80687500013 58 35
84633.80687500013 85467.13987500012 58 28
85467.13987500012 86300.47287500012 58 28
86300.47287500012 87164.90037500014 58 28
87164.90037500014 88022.04337500015 58 35
88022.04337500015 88879.18637500016 58 33
88879.18637500016 89727.33837500014 58 33
89727.33837500014 90881.32499583349 58 30
90584.89637500016 91442.03937500017 58 35
91442.03937500017 92299.18237500016 58 28
92299.18237500016 93156.32537500016 58 28
93156.32537500016 94008.11123125016 58 28
94014.46716250016 94919.89866875015 58 30
94960.04463541682 95924.7628479168 58 30
95924.7628479168 96764.55116041681 58 30
96769.83284791681 97669.48056041684 58 30
98541.02968750015 99439.10518750016 58 30
99439.10518750016 100302.41418750017 58 30
100302.41418750017 101165.72318750016 58 30
101165.72318750016 102071.15469375014 58 30
102111.30066041682 103042.4396229168 58 30
103042.4396229168 103882.22793541681 58 30
103887.50962291681 104777.23670000012 58 30
105628.30246250013 107343.37546250015 58 30
107343.37546250015 109053.31446250016 58 32
109053.31446250016 110763.25346250016 58 37
119426.64246250014 120717.43496250013 58 27
121134.10146250014 122315.81429583348 58 27
122892.53396250015 123448.5186291668 58 39
124892.12796250013 125463.15029583347 58 33
126606.0076291668 127177.02996250014 58 34
132017.9169625001 132604.38329583342 58 55
136961.7992958334 137247.51362916673 58 58
139289.33729583333 142708.24217708333 58 52
152606.04763958312 153515.91210833308 58 77
163931.71029583312 164901.7895312498 58 32
168293.31504583315 169154.42581249986 58 32
178524.4699208331 179420.55007499977 58 57
190588.36575416639 190883.87142083302 58 36
196106.8455041664 196384.6231708331 58 51
197779.55017083316 198015.05735833314 58 44
203815.07883749975 204374.51950416647 58 49
206942.16950416646 207501.61017083313 58 51
217404.88317083314 219114.4421083331 58 38
219169.58917083312 220886.13760833314 58 76
222400.56217083312 222613.32817083312 58 45
222613.32817083312 224340.27887083308 58 48
237946.60667083305 238794.75867083302 58 54
253109.769420833 253638.75629166633 58 25
264896.39032083313 265773.9322645831 58 25
265773.9322645831 266613.7205770831 58 25
266619.00226458313 267601.1085937497 58 25
270207.3227999997 271917.2617999997 58 32
287180.0711333329 287480.0711833329 58 34
294305.2067999995 294857.1671333328 58 63
308248.8468833329 308534.5612166662 58 59
331972.23484166584 332599.37634166586 58 43
337842.422841666 339061.45139166596 58 55
345545.98184166604 346175.9188416661 58 53
348868.43234166596 350029.8742166659 58 46
366356.2233416659 367603.54784166586 58 48
368023.1283416659 369264.50734166586 58 48
70127.00050000002 71466.90200000003 59 92
71397.93650000003 71535.86750000004 59 59
110763.25346250016 112473.19246250017 59 43
114175.66246250017 115971.60846250017 59 60
128319.88729583344 128890.90962916677 59 46
133747.24062916677 136104.65629583344 59 65
204094.7991708331 204514.37967083315 59 52
224315.4561708331 225964.3926708331 59 45
226017.58417083308 227357.4856708331 59 92
227288.5201708331 227426.45117083308 59 59
253342.327670833 254199.47067083302 59 29
296009.02563333284 298929.8212999996 59 57
307391.7038833329 307963.1325499996 59 58
338672.962341666 340016.271341666 59 59
3545.2019999999998 6248.906041666666 60 42
9750.665500000001 11366.857158333334 60 32
15790.918125 17532.697925000004 60 37
24421.12175000001 26172.945750000006 60 37
28228.908750000006 30040.58006250001 60 34
31774.11075000001 33958.096750000004 60 42
33958.096750000004 34821.95875 60 36
43035.96450000002 43571.67887500001 60 32
48204.2155 49078.3415 60 48
50337.083 50787.59976875 60 46
51191.445999999996 51635.502029166666 60 44
53487.18950000001 53952.306000000004 60 34
54470.5785 56301.287375 60 37
56360.3425 58458.244999999995 60 76
59541.26025 59749.5935 60 45
59749.5935 61540.03479583334 60 48
68424.87250000003 70073.80900000002 60 45
112473.19246250017 114175.66246250017 60 51
115971.60846250017 117289.16196250018 60 60
130033.7669625001 130604.78929583343 60 49
155947.8862958331 157759.5576083331 60 42
159493.0882958331 161715.31079583312 60 42
162159.75529583314 163192.58004583314 60 40
165698.5517958331 167314.74345416646 60 32
179394.0349208331 180368.8193208331 60 48
180303.12592083312 182054.94992083314 60 43
184160.8984208331 185972.56973333313 60 42
187706.10042083313 189373.56600416644 60 42
189157.73875416644 189445.5084208331 60 36
190302.65142083305 190588.36575416639 60 47
197495.7338374998 197779.55017083316 60 44
198640.83383749978 198926.5481708331 60 37
200084.29654583306 200367.98454583305 60 36
204374.51950416647 204968.92517083313 60 54
206372.59417083315 206678.18343958314 60 46
207221.8898374998 207526.0856999998 60 44
209610.3314208331 209842.8896708331 60 37
210075.4479208331 210361.16217083312 60 34
210361.16217083312 212191.87104583313 60 42
212250.92617083312 214348.8286708331 60 76
215431.8439208331 215640.1771708331 60 45
215640.1771708331 217430.61846666646 60 48
246441.60667083293 247304.9156708329 60 29
247304.9156708329 248168.22467083292 60 23
248168.22467083292 249031.53367083296 60 23
249031.53367083296 249894.84267083296 60 23
252484.76967083302 253342.327670833 60 25
254199.47067083302 255056.61367083303 60 23
255056.61367083303 255901.68367083304 60 23
255901.68367083304 256759.88046458302 60 23
261279.8189583331 262177.8944583331 60 25
262177.8944583331 263041.20345833304 60 25
263041.20345833304 263904.51245833305 60 25
268492.24979999976 270207.3227999997 60 30
271917.2617999997 273627.20079999964 60 37
273627.20079999964 275325.8807999996 60 43
282279.3307999996 283174.2901249996 60 40
285466.1914666663 285757.26294374967 60 43
286307.89046666626 286619.35675416625 60 52
288893.9507999996 289211.8079958329 60 33
290607.8304666662 290914.97337499954 60 46
299496.7544666663 299776.4747999996 60 64
307090.9518833329 307677.41821666626 60 64
307963.1325499996 308248.8468833329 60 64
312230.6517166661 312668.60771666607 60 30
312668.60771666607 313519.671716666 60 30
313519.671716666 313992.11271666596 60 30
315751.00571666606 316195.45021666604 60 30
316195.45021666604 317068.466216666 60 30
317068.466216666 317941.482216666 60 30
317941.482216666 318814.49821666593 60 30
318814.49821666593 319272.4437166659 60 30
333663.4243416659 335702.5850416659 60 53
337026.0958416659 337864.68312083266 60 56
339584.616841666 340861.341341666 60 53
343033.58784166595 343890.730841666 60 30
343890.730841666 344724.06384166604 60 52
347217.16184166603 348045.8383062493 60 53
349736.7708416659 350150.5638416659 60 30
363048.474341666 363881.84784166596 60 25
365534.3053416659 366723.5704916659 60 50
369712.2683416659 370123.2273416659 60 51
370123.2273416659 370974.29134166584 60 25
370974.29134166584 371807.9868416658 60 24
371807.9868416658 372635.7308416658 60 24
372635.7308416658 373469.7078416658 60 23
373469.7078416658 374291.7798416658 60 27
374291.7798416658 375140.35534166585 60 27
375140.35534166585 376007.69684166583 60 26
376007.69684166583 376869.25084166584 60 26
1786.3089999999997 4476.683597916667 61 45
7114.259 8418.6065 61 32
17522.059625000005 19255.150200000004 61 45
19337.972250000003 22821.81353125001 61 49
30015.217750000007 32192.62932083334 61 45
41753.28950000001 42243.10722500001 61 33
48623.796 49198.97089375 61 51
49917.5025 50771.8655 61 46
51611.0265 52513.80010416667 61 44
52534.80850000001 53522.07323750001 61 59
53719.74775000001 54184.864250000006 61 32
54184.864250000006 54624.121825 61 31
61514.2995 63223.8584375 61 45
63279.0055 64995.55393750001 61 76
66509.97850000001 66722.74450000002 61 54
66722.74450000002 68449.69520000002 61 57
152631.5578583331 153515.91210833308 61 81
157734.1952958331 160381.97729583312 61 45
163062.14529583312 164366.49279583312 61 46
167436.17204583314 168571.0927124998 61 32
174284.80104583316 175157.62517083314 61 56
175157.62517083314 175951.25517083312 61 62
176589.55317083313 177240.2751708331 61 65
185947.20742083315 187928.32267083312 61 45
190016.93708749974 190302.65142083305 61 36
196384.6231708331 196662.40083749976 61 55
197217.95617083315 197495.7338374998 61 53
204665.8948374998 205248.64550416646 61 57
206087.80650416648 206662.44917083313 61 46
207781.33050416646 208425.3921708331 61 44
208425.3921708331 209726.6105458331 61 59
209726.6105458331 209959.1687958331 61 34
209959.1687958331 210218.3050458331 61 34
210218.3050458331 210514.7054958331 61 34
217404.88317083314 219114.4421083331 61 45
219169.58917083312 220886.13760833314 61 76
222400.56217083312 222613.32817083312 61 54
222613.32817083312 224340.27887083308 61 57
237946.60667083305 238794.75867083302 61 61
243018.744170833 243869.80817083298 61 29
243869.80817083298 244720.87217083297 61 25
244720.87217083297 245571.93617083295 61 25
245571.93617083295 246441.60667083293 61 25
249894.84267083296 250758.15167083297 61 29
250758.15167083297 251621.46067083298 61 25
251621.46067083298 252484.76967083302 61 25
256766.23639583305 257671.66790208314 61 25
257711.8138687498 258657.59558124977 61 25
258657.59558124977 259503.3404312498 61 25
259508.62211874977 260408.2698312498 61 25
263904.51245833305 264896.39032083313 61 25
264896.39032083313 265773.9322645831 61 25
265773.9322645831 266613.7205770831 61 25
266619.00226458313 267601.1085937497 61 25
270207.3227999997 271917.2617999997 61 32
275325.8807999996 277028.3507999996 61 51
277028.3507999996 278824.2967999996 61 60
283986.7897999996 285172.9582999996 61 40
287180.0711333329 287480.0711833329 61 43
288021.7701333329 288608.2364666662 61 54
292319.69796666614 292626.03584166616 61 47
294023.51679999946 294326.3335499995 61 56
307677.41821666626 308177.41829999955 61 58
308847.0612166662 312334.6662666661 61 62
313992.11271666596 314426.89521666605 61 30
314426.89521666605 315296.46021666605 61 30
315296.46021666605 315751.00571666606 61 30
319272.4437166659 319707.22621666593 61 30
332380.39834166586 333166.9457166658 61 41
337842.422841666 339061.45139166596 61 59
341309.10234166594 342163.29184166604 61 30
342163.29184166604 343033.58784166595 61 58
345956.9408416661 347574.777741666 61 53
348034.093341666 349240.84604166594 61 53
348868.43234166596 350029.8742166659 61 46
359726.40334166586 363341.5777166659 61 57
366356.2233416659 367603.54784166586 61 57
368023.1283416659 369264.50734166586 61 48
39649.43550000001 40488.596500000014 62 33
40488.596500000014 41327.75750000002 62 36
49497.922000000006 49931.48851666667 62 45
75278.87287500006 76136.01587500007 62 46
94099.12389166682 94184.66512916681 62 30
94428.58966875015 94517.68966250014 62 33
107343.37546250015 109053.31446250016 62 32
114175.66246250017 115971.60846250017 62 60
121134.10146250014 122315.81429583348 62 31
124606.41362916681 125162.39829583347 62 39
131747.64662916676 132318.6689625001 62 54
147784.61629583323 150233.59729583323 62 79
205528.3658374998 205822.0721874998 62 45
234529.93967083303 235815.65417083303 62 61
236023.98742083303 236232.32067083305 62 69
236232.32067083305 237971.6066749997 62 73
278824.2967999996 280141.8502999995 62 60
295727.33563333284 298929.8212999996 62 78
338672.962341666 340016.271341666 62 62
7114.259 8953.903235416667 63 42
8887.3565 10182.320000000002 63 45
10631.14275 13231.143183333334 63 36
14059.714750000001 15817.513875 63 63
15790.918125 17532.697925000004 63 55
22642.465750000007 23538.545904166676 63 37
23512.03075000001 24486.81515000001 63 34
25297.033750000006 26195.673018750007 63 39
26172.945750000006 27216.934016666673 63 45
34821.95875 35410.339 63 36
35714.68675 36149.46925 63 29
36149.46925 36584.25175000001 63 29
36584.25175000001 37070.987354166675 63 29
37484.65625000001 37916.31075000001 63 29
37916.31075000001 38347.96525000001 63 29
38347.96525000001 39225.35950000001 63 29
39225.35950000001 40069.01600000001 63 32
40069.01600000001 40789.295858333346 63 33
40908.17700000002 41753.28950000001 63 31
42125.63000000001 42607.39300000002 63 36
43464.53600000001 43853.633875000014 63 29
43853.633875000014 44335.55687500002 63 43
49078.3415 49917.5025 63 51
53952.306000000004 54470.5785 63 36
56360.3425 58458.244999999995 63 76
59541.26025 59749.5935 63 54
59749.5935 61540.03479583334 63 57
63279.0055 64969.14550000001 63 76
64969.14550000001 65871.68050000002 63 78
73324.58687500007 73564.58687500007 63 69
73564.58687500007 75303.87287916674 63 83
94184.66512916681 94287.64918958348 63 30
94348.44450625015 94442.58966875015 63 33
99439.10518750016 101122.55773750016 63 52
109053.31446250016 110763.25346250016 63 37
110763.25346250016 112473.19246250017 63 43
112473.19246250017 114175.66246250017 63 51
115971.60846250017 117289.16196250018 63 60
119426.64246250014 120717.43496250013 63 30
122606.81962916683 122897.89110625016 63 32
126320.29329583347 126876.27796250013 63 40
128034.17296250012 128590.15762916679 63 53
129748.05262916678 130304.03729583343 63 58
133461.52629583344 136104.65629583344 63 61
137247.51362916673 137533.22796250004 63 58
138976.83729583333 139289.33729583333 63 59
146081.69879583322 147808.42583333323 63 79
149417.2702958332 152446.1836020832 63 51
152657.0680770831 153515.91210833308 63 86
163062.14529583312 164901.7895312498 63 52
164835.24279583312 166130.2062958331 63 45
166579.02904583313 170045.1003458332 63 36
170832.3345458332 172340.89354583318 63 46
178524.4699208331 180368.8193208331 63 37
180303.12592083312 181616.99392083313 63 46
181179.0379208331 182077.67718958313 63 39
182054.94992083314 183099.29055416648 63 45
189731.22275416643 190016.93708749974 63 36
191189.16842083304 192980.2515249997 63 42
192962.26592083307 194920.33792083306 63 45
196940.17850416646 197217.95617083315 63 49
198015.05735833314 198283.69092083312 63 36
198355.11950416645 198640.83383749978 63 42
199744.21754583306 200084.29654583306 63 43
205248.64550416646 205808.08617083312 63 56
209842.8896708331 210075.4479208331 63 38
212250.92617083312 214348.8286708331 63 76
215431.8439208331 215640.1771708331 63 54
215640.1771708331 217430.61846666646 63 57
219169.58917083312 220859.72917083313 63 76
220859.72917083313 221762.26417083314 63 78
231113.27267083304 232398.98717083305 63 61
232607.32042083304 232815.65367083307 63 69
232815.65367083307 234554.9396749997 63 73
243018.744170833 243869.80817083298 63 35
243869.80817083298 244720.87217083297 63 30
244720.87217083297 245571.93617083295 63 30
245571.93617083295 246441.60667083293 63 30
246441.60667083293 247304.9156708329 63 35
247304.9156708329 248168.22467083292 63 28
248168.22467083292 249031.53367083296 63 28
249031.53367083296 249894.84267083296 63 28
249894.84267083296 250758.15167083297 63 35
250758.15167083297 251621.46067083298 63 30
251621.46067083298 252484.76967083302 63 30
252484.76967083302 253638.75629166633 63 30
253342.327670833 254199.47067083302 63 35
254199.47067083302 255056.61367083303 63 28
255056.61367083303 255901.68367083304 63 28
255901.68367083304 256759.88046458302 63 28
256766.23639583305 257671.66790208314 63 30
257711.8138687498 258657.59558124977 63 30
258657.59558124977 259503.3404312498 63 30
259508.62211874977 260408.2698312498 63 30
261279.8189583331 262177.8944583331 63 30
262177.8944583331 263041.20345833304 63 30
263041.20345833304 263904.51245833305 63 30
263904.51245833305 264896.39032083313 63 30
264896.39032083313 265773.9322645831 63 30
265773.9322645831 266613.7205770831 63 30
266619.00226458313 267601.1085937497 63 30
268492.24979999976 270207.3227999997 63 30
270207.3227999997 271917.2617999997 63 32
271917.2617999997 273627.20079999964 63 37
288893.9507999996 289211.8079958329 63 44
289735.6497999996 290068.54466249957 63 56
299776.4747999996 300056.195133333 63 58
302072.6817166664 305491.5865979163 63 52
312230.6517166661 312668.60771666607 63 30
312668.60771666607 313519.671716666 63 30
313519.671716666 313992.11271666596 63 30
313992.11271666596 314426.89521666605 63 30
314426.89521666605 315296.46021666605 63 30
315296.46021666605 315751.00571666606 63 30
315751.00571666606 316195.45021666604 63 30
316195.45021666604 317068.466216666 63 30
317068.466216666 317941.482216666 63 30
317941.482216666 318814.49821666593 63 30
318814.49821666593 319272.4437166659 63 30
319272.4437166659 319707.22621666593 63 30
319707.22621666593 320564.3692166659 63 35
320564.3692166659 321464.7737166659 63 30
321464.7737166659 322315.8377166659 63 30
322315.8377166659 323191.7013416659 63 30
323191.7013416659 324025.0343416659 63 37
324025.0343416659 324849.8643416659 63 41
324849.8643416659 325671.82084166585 63 39
325671.82084166585 326539.1623416659 63 34
326539.1623416659 327372.5358416659 63 53
327372.5358416659 328178.6897958325 63 52
328202.9953416658 329036.32834166585 63 51
329036.32834166585 329900.0398416658 63 52
329900.0398416658 330739.24134166585 63 49
333240.8893416659 334083.00484166585 63 47
334083.00484166585 334916.3783416659 63 43
334916.3783416659 335743.9643416659 63 45
335743.9643416659 336612.3028416659 63 49
336612.3028416659 337434.25934166595 63 55
337434.25934166595 338253.381841666 63 55
338253.381841666 339104.616841666 63 58
339104.616841666 339584.616841666 63 62
339584.616841666 340438.80634166603 63 30
340438.80634166603 341309.10234166594 63 58
341309.10234166594 342163.29184166604 63 30
342163.29184166604 343033.58784166595 63 58
343033.58784166595 343890.730841666 63 30
346394.8968416661 349240.84604166594 63 30
349736.7708416659 350150.5638416659 63 30
350150.5638416659 350989.72484166594 63 30
350989.72484166594 351811.6428416659 63 30
351811.6428416659 352633.5608416659 63 30
352633.5608416659 353452.6833416659 63 30
353452.6833416659 354291.84434166586 63 30
354291.84434166586 355119.58834166586 63 30
355119.58834166586 355935.91534166585 63 30
355935.91534166585 356794.63534166594 63 30
356794.63534166594 357645.6993416659 63 30
357645.6993416659 358485.02434166585 63 30
358485.02434166585 359312.61034166586 63 30
359312.61034166586 360131.8088416658 63 30
360131.8088416658 360965.14184166584 63 30
360965.14184166584 361798.4748416659 63 30
361798.4748416659 362631.8078416659 63 30
362631.8078416659 363341.5777166659 63 30
363462.2673416659 364301.42834166595 63 30
364301.42834166595 365123.34634166595 63 30
365123.34634166595 365945.2643416659 63 30
365945.2643416659 366764.3868416659 63 30
366764.3868416659 368436.9213416659 63 30
368436.9213416659 370102.6793916659 63 30
370123.2273416659 370974.29134166584 63 30
370974.29134166584 371807.9868416658 63 29
371807.9868416658 372635.7308416658 63 28
372635.7308416658 373469.7078416658 63 28
75707.44437500006 76564.58737500008 64 46
147692.30859583322 147784.61629583323 64 66
229193.50717083304 229398.98667083308 64 69
229398.98667083308 231138.27267499972 64 73
273627.20079999964 275325.8807999996 64 43
277028.3507999996 278824.2967999996 64 60
290607.8304666662 290914.97337499954 64 58
291449.52946666616 292035.99579999945 64 64
330739.24134166585 331564.07134166587 64 46
343890.730841666 344724.06384166604 64 52
17522.059625000005 19255.150200000004 65 55
19383.984500000002 22821.81353125001 65 53
41327.75750000002 42125.63000000001 65 36
45584.34818750001 45779.464275 65 44
56360.3425 58038.6645 65 76
58038.6645 58916.2605 65 78
76136.01587500007 76993.15887500008 65 54
94267.15737708348 94366.58966875015 65 41
94663.08791875016 94741.07242500015 65 34
101250.37991666682 101335.9211541668 65 30
101579.84569375015 101668.94568750013 65 33
114175.66246250017 115971.60846250017 65 60
124320.69929583347 124620.69934583348 65 34
131461.93229583342 132017.9169625001 65 63
138691.12296250003 138976.83729583333 65 59
146081.69879583322 147600.00089583325 65 79
147553.84704583324 147646.15474583322 65 74
147646.15474583322 147738.46244583323 65 74
147738.46244583323 147808.42583333323 65 67
175951.25517083312 176759.7659708331 65 65
196662.40083749976 196940.17850416646 65 49
201474.93185833303 204388.50552083316 65 44
212250.92617083312 213929.24817083313 65 76
213929.24817083313 214806.8441708331 65 78
275325.8807999996 277028.3507999996 65 51
278824.2967999996 280141.8502999995 65 60
292319.69796666614 292626.03584166616 65 63
293153.3482999995 293471.9574458328 65 68
331564.07134166587 332380.39834166586 65 54
332380.39834166586 333663.4243416659 65 50
344724.06384166604 346175.9188416661 65 30
345956.9408416661 346418.38677083276 65 49
115971.60846250017 117289.16196250018 66 60
133175.8119625001 136104.65629583344 66 57
137833.97996250002 138405.40862916672 66 58
1550.0884999999998 1786.3089999999997 67 46
10631.14275 13231.143183333334 67 42
29778.997250000008 30015.217750000007 67 46
38796.788000000015 40789.295858333346 67 57
50771.8655 52786.79263958334 67 59
64907.52581250001 64995.55393750001 67 56
94585.82194375015 94666.93407291682 67 34
101335.9211541668 101438.90521458347 67 30
101499.70053125014 101593.84569375015 67 33
119426.64246250014 120717.43496250013 67 36
122606.81962916683 122897.89110625016 67 43
123448.5186291668 123759.98491666681 67 52
126034.57896250013 126352.43615833345 67 33
127748.4586291668 128055.60153750012 67 46
137533.22796250004 138119.69429583338 67 64
138405.40862916672 138691.12296250003 67 64
142624.90879583333 143611.3036291666 67 74
145769.19879583322 146081.69879583322 67 79
147600.00089583325 147692.30859583322 67 68
152682.57829583308 153515.91210833308 67 90
157497.9747958331 157734.1952958331 67 46
161715.31079583312 162196.7923374998 67 46
166579.02904583313 168571.0927124998 67 42
185710.98692083312 185923.58537083314 67 46
194706.05217083305 196592.9564208331 67 42
206662.44917083313 208677.37631041644 67 59
220798.10948333313 220886.13760833314 67 56
256850.89312499968 256936.4343624997 67 30
257180.35890208307 257269.45889583312 67 33
270207.3227999997 271917.2617999997 67 32
277028.3507999996 278824.2967999996 67 60
294023.51679999946 294326.3335499995 67 69
294857.1671333328 295443.63346666616 67 76
310549.97871666617 312334.6662666661 67 79
322763.1298416659 326392.3091666659 67 42
348868.43234166596 350029.8742166659 67 51
1431.97825 1668.1987499999998 68 46
1668.1987499999998 1811.6713124999997 68 46
3545.2019999999998 6248.906041666666 68 50
9750.665500000001 11366.857158333334 68 42
15565.354125 15817.513875 68 52
15790.918125 19255.150200000004 68 64
19429.996750000006 22821.81353125001 68 70
23512.03075000001 24486.81515000001 68 44
28228.908750000006 29660.887000000006 68 50
29660.887000000006 29897.10750000001 68 46
29897.10750000001 30040.58006250001 68 46
31774.11075000001 33958.096750000004 68 50
37053.00175000001 39225.35950000001 68 62
43684.46087500001 43936.62062500001 68 52
49078.3415 50787.59976875 68 59
54470.5785 56301.287375 68 45
94507.84714166682 94630.39560833349 68 42
101418.41340208348 101517.84569375015 68 41
121134.10146250014 122315.81429583348 68 36
124320.69929583347 124620.69934583348 68 43
125162.39829583347 125748.8646291668 68 54
129462.33829583344 129773.05263333344 68 47
131176.2179625001 131483.36087083342 68 56
138119.69429583338 138619.6943791667 68 58
139289.33729583333 142708.24217708333 68 62
145483.48446249988 145769.19879583322 68 79
155947.8862958331 157379.8645458331 68 50
157379.8645458331 157616.0850458331 68 46
157616.0850458331 157759.5576083331 68 46
159493.0882958331 162159.75529583314 68 50
162159.75529583314 163062.14529583312 68 44
165698.5517958331 167314.74345416646 68 45
171477.0315458332 172340.89354583318 68 52
176802.3191708331 178703.8177020831 68 84
184160.8984208331 185592.87667083312 68 50
185592.87667083312 185829.09717083315 68 46
185829.09717083315 185972.56973333313 68 46
187706.10042083313 189659.7941708331 68 50
192962.26592083307 194920.33792083306 68 45
199575.04454583308 199827.20429583307 68 52
204968.92517083313 206678.18343958314 68 59
210361.16217083312 212191.87104583313 68 51
256936.4343624997 257039.4184229164 68 30
257100.21373958307 257194.35890208307 68 33
262177.8944583331 263861.347008333 68 57
271917.2617999997 273627.20079999964 68 37
273627.20079999964 275325.8807999996 68 43
275325.8807999996 277028.3507999996 68 51
278824.2967999996 280141.8502999995 68 60
295727.33563333284 296290.71563333285 68 75
296572.4056333329 297160.76763333293 68 81
297732.92596666625 298304.8212999996 68 79
298304.8212999996 298929.8212999996 68 79
300056.195133333 300335.9154666663 68 58
301760.1817166664 302072.6817166664 68 59
308847.0612166662 310573.78825416614 68 79
312230.6517166661 314017.47502916603 68 50
315751.00571666606 318824.03874791594 68 50
321033.1192166659 323148.8441916659 68 45
332818.35434166586 334533.6198166659 68 66
346394.8968416661 347574.777741666 68 70
349736.7708416659 350947.7667916659 68 57
356383.67634166585 357603.1461416659 68 61
363048.474341666 363881.84784166596 68 57
6211.869 7244.693749999999 69 50
8652.9815 8877.590875 69 46
26556.62116666667 26717.911500000006 69 46
36818.62675000001 37053.00175000001 69 49
48204.2155 48646.523275 69 59
57977.47567708333 58458.244999999995 69 56
76564.58737500008 77412.73937500009 69 46
132890.09762916673 136104.65629583344 69 78
144626.34146249987 145197.77012916657 69 79
162604.19979583312 163192.58004583314 69 48
164600.86779583312 164825.47717083312 69 46
182438.6253374998 182599.91567083314 69 46
192727.89092083307 192938.82842083307 69 46
204374.51950416647 204681.04635416646 69 59
213868.05934791648 214348.8286708331 69 56
238375.17817083304 239172.38112083302 69 46
310457.67101666617 310549.97871666617 69 66
318814.49821666593 319402.8784666659 69 44
320798.7442166659 321023.3535916659 69 46
334502.58534166584 335702.5850416659 69 58
347217.16184166603 348045.8383062493 69 71
1313.8679999999997 1550.0884999999998 70 50
3090.6564999999996 4476.683597916667 70 45
7114.259 8418.6065 70 50
8535.794 8770.169 70 46
8770.169 8953.903235416667 70 46
10631.14275 13231.143183333334 70 50
22642.465750000007 23538.545904166676 70 51
26172.945750000006 26291.632597916672 70 51
26324.460875000004 26475.976000000006 70 51
26475.976000000006 26637.26633333334 70 51
26637.26633333334 26750.169566666675 70 46
28013.854916666674 28254.45618333334 70 47
29542.776750000005 29778.997250000008 70 50
31319.56525000001 32192.62932083334 70 45
35279.90425 36562.512625 70 59
36701.43925000001 36935.81425000001 70 46
36935.81425000001 37070.987354166675 70 50
38796.788000000015 40789.295858333346 70 57
48623.796 49099.320525 70 52
51611.0265 52786.79263958334 70 60
52534.80850000001 54624.121825 70 70
64847.66668750001 64965.62437500001 70 57
76993.15887500008 77832.31987500009 70 54
94890.48690208349 94967.34390208349 70 36
101814.34394375015 101892.32845000015 70 34
126034.57896250013 126352.43615833345 70 44
126876.27796250013 127209.17282500012 70 56
145197.77012916657 145483.48446249988 70 85
147784.61629583323 149417.2702958332 70 79
149213.18854583323 150233.59729583323 70 47
157261.7542958331 157497.9747958331 70 50
159038.5427958331 160381.97729583312 70 45
163062.14529583312 164366.49279583312 70 52
164483.68029583312 164718.05529583312 70 46
164718.05529583312 164901.7895312498 70 46
166579.02904583313 168848.8703791665 70 50
182054.94992083314 182173.63676874983 70 51
182206.46504583315 182357.98017083315 70 51
182357.98017083315 182519.2705041665 70 51
182519.2705041665 182632.1737374998 70 46
183986.47979583315 184186.44585416646 70 47
185474.76642083313 185710.98692083312 70 50
187251.55492083315 187928.32267083312 70 45
191189.16842083304 192471.77679583305 70 50
192610.70342083307 192845.07842083307 70 46
192845.07842083307 192980.2515249997 70 46
194706.05217083305 196592.9564208331 70 50
204665.8948374998 205248.64550416646 70 52
207501.61017083313 208677.37631041644 70 60
208425.3921708331 210514.7054958331 70 70
220738.2503583331 220856.20804583313 70 57
238794.75867083302 239214.33917083303 70 54
257018.92661041644 257118.35890208307 70 41
257414.85715208307 257492.84165833314 70 39
263989.1691874997 264074.7104249997 70 30
264318.63496458303 264407.7349583331 70 33
277028.3507999996 278824.2967999996 70 60
283986.7897999996 284872.2062999996 70 60
301478.4917166664 301760.1817166664 70 59
308847.0612166662 310365.36331666616 70 79
310319.20946666616 310411.51716666616 70 74
310411.51716666616 310503.82486666617 70 74
310503.82486666617 310573.78825416614 70 67
315296.46021666605 316132.4872458327 70 45
319272.4437166659 320681.5567166659 70 52
320681.5567166659 320915.9317166659 70 46
320915.9317166659 321099.6659520826 70 46
322763.1298416659 326392.3091666659 70 50
331155.90784166584 332339.5819916659 70 58
332599.37634166586 333166.9457166658 70 55
335330.1713416659 336205.4063916659 70 59
344724.06384166604 345545.98184166604 70 62
346175.9188416661 346418.38677083276 70 69
348034.093341666 349240.84604166594 70 73
353044.51984166587 356674.77229999925 70 57
359726.40334166586 363341.5777166659 70 57
13202.571750000001 14324.000508333334 71 50
127748.4586291668 128055.60153750012 71 58
128590.15762916679 129176.62396250012 71 64
169689.29987916653 169981.2705458332 71 57
278824.2967999996 280141.8502999995 71 60
284872.2062999996 285223.7101999996 71 60
297160.76763333293 297732.92596666625 71 79
300631.40954999963 301196.8017166664 71 58
336198.5098416659 337393.442991666 71 64
1786.3089999999997 3545.2019999999998 72 54
8418.6065 8652.9815 72 50
10182.320000000002 11366.857158333334 72 45
14059.714750000001 15790.918125 72 63
17294.786875 17532.697925000004 72 60
23512.03075000001 24486.81515000001 72 52
25734.989750000008 26195.673018750007 72 51
26248.703312500005 26400.218437500003 72 46
26400.218437500003 26556.62116666667 72 45
26959.847000000005 27216.934016666673 72 48
27656.328000000005 27906.328000000005 72 51
30015.217750000007 31774.11075000001 72 54
36584.25175000001 36818.62675000001 72 54
38347.96525000001 39225.35950000001 72 50
42178.82150000001 43834.836875000015 72 63
45413.893625000004 45584.34818750001 72 60
49078.3415 49931.48851666667 72 70
57918.03510625 58035.167995833326 72 57
82691.0371250001 82858.8693250001 72 50
94816.23236666682 94916.22219791682 72 37
101737.07796875015 101818.19009791681 72 34
129462.33829583344 129773.05263333344 72 63
130304.03729583343 130622.64644166677 72 68
144912.05579583324 145412.05587916655 72 79
157734.1952958331 159493.0882958331 72 54
164366.49279583312 164600.86779583312 72 50
166130.2062958331 167314.74345416646 72 45
169404.42571249985 169689.29987916653 72 60
169981.2705458332 171702.5955458332 72 63
173206.46429583317 173444.3753458332 72 60
179848.5804208331 180303.12592083312 72 56
181616.99392083313 182077.67718958313 72 51
182130.70748333313 182282.22260833313 72 46
182282.22260833313 182438.6253374998 72 45
182841.85117083314 183099.29055416648 72 48
183548.90317083316 183812.06117083316 72 51
185947.20742083315 187683.37314583315 72 54
192493.51592083307 192727.89092083307 72 50
194257.22942083306 194920.33792083306 72 45
198069.40517083314 199725.42054583307 72 63
201304.47729583303 201531.75004583303 72 60
204968.92517083313 205822.0721874998 72 70
213808.61877708315 213925.75166666645 72 57
239214.33917083303 240011.542120833 72 46
257337.5911770831 257418.70330624978 72 36
264074.7104249997 264177.6944854164 72 30
264238.48980208306 264332.6349645831 72 33
267653.0887999997 269149.1837999997 72 62
269149.1837999997 270207.3227999997 72 64
283570.12329999957 284403.4562999996 72 56
285172.9582999996 285751.90579999966 72 51
286037.62013333297 286608.64246666624 72 60
286608.64246666624 287044.35682499956 72 60
300335.9154666663 300774.26671666635 72 64
301196.8017166664 301478.4917166664 72 64
305408.2532166663 306391.65104999964 72 74
308534.5612166662 308847.0612166662 72 79
310365.36331666616 310457.67101666617 72 68
313992.11271666596 315728.27844166604 72 54
320564.3692166659 320798.7442166659 72 50
322315.8377166659 323148.8441916659 72 45
329477.50484166585 331181.4180604159 72 66
337026.0958416659 337864.68312083266 72 67
343033.58784166595 344748.0364499994 72 65
345135.02284166607 345569.9544499994 72 64
356383.67634166585 357603.1461416659 72 61
8887.3565 10290.233625 73 54
19018.675000000003 19255.150200000004 73 67
19476.009000000005 22821.81353125001 73 75
22642.465750000007 23538.545904166676 73 60
26717.911500000006 27201.78250000001 73 57
27429.055250000005 27822.994666666673 73 47
27822.994666666673 28228.908750000006 73 47
37053.00175000001 38455.87887500001 73 62
48623.796 49099.320525 73 62
50771.8655 51635.502029166666 73 70
64787.807562500006 64907.52581250001 73 59
77412.73937500009 78251.90037500008 73 46
164835.24279583312 166238.11992083312 73 54
169126.64804583316 169404.42571249985 73 62
174930.35242083314 175525.72317083314 73 67
178959.25242083307 179394.0349208331 73 56
179394.0349208331 180265.24712916644 73 59
182599.91567083314 183083.78667083316 73 57
183316.34492083316 183680.48217083316 73 47
183812.06117083316 184160.8984208331 73 47
192962.26592083307 194365.14304583307 73 54
204665.8948374998 205248.64550416646 73 62
206662.44917083313 207526.0856999998 73 70
220678.39123333312 220798.10948333313 73 59
239633.919670833 240053.50017083302 73 54
257259.61637499978 257382.16484166638 73 42
264157.2026729164 264256.63496458303 73 41
267601.1085937497 268492.24979999976 73 52
269368.1617999997 270869.0875499997 73 71
270869.0875499997 271917.2617999997 73 71
283153.4567999996 283986.7897999996 73 60
286894.35679999954 287465.7854666662 73 51
287751.4997999996 288322.5221333329 73 60
300915.1117166663 301408.0692166664 73 58
302072.6817166664 305491.5865979163 73 62
308248.8468833329 308534.5612166662 73 79
321033.1192166659 322422.2207166659 73 54
327786.3288416659 329664.12446666585 73 63
331972.23484166584 332818.35434166586 73 64
337842.422841666 339061.45139166596 73 70
341309.10234166594 343235.3735895826 73 69
345545.98184166604 346394.8968416661 73 67
353044.51984166587 356674.77229999925 73 57
77832.31987500009 78671.48087500008 74 55
80383.34437500009 82586.14200000011 74 55
82586.14200000011 82795.9322500001 74 50
82795.9322500001 82914.71625833344 74 50
94741.07242500015 94847.9487708335 74 51
95104.18722291682 95259.85497291682 74 44
97602.0202395835 97671.46468750016 74 49
98541.02968750015 98975.81218750015 74 43
101659.10316666681 101781.65163333349 74 42
102041.74292708348 102118.59992708349 74 36
131176.2179625001 131483.36087083342 74 69
132017.9169625001 132604.38329583342 74 76
140992.25479583335 142708.24217708333 74 79
281838.1542999996 282698.91129999957 74 55
288322.5221333329 288645.7364729162 74 60
307391.7038833329 307963.1325499996 74 79
338672.962341666 340016.271341666 74 73
15790.918125 17522.059625000005 75 64
22204.50975000001 22642.465750000007 75 56
24421.12175000001 26172.945750000006 75 55
27201.78250000001 27656.328000000005 75 55
43910.02487500001 45527.530000000006 75 64
48204.2155 48646.523275 75 70
49917.5025 50787.59976875 75 63
57858.59453541666 57977.47567708333 75 59
63223.8584375 64546.6105 75 78
64727.9484375 64847.66668750001 75 61
82481.24687500011 82691.0371250001 75 50
82900.82737500011 83723.98622500012 75 55
84633.80687500013 86307.41731666679 75 55
89513.05262500014 89684.48122500014 75 49
95032.65478541683 95175.10922291681 75 41
97534.55991875016 97623.84563750017 75 50
98323.63843750015 98557.33403125015 75 40
98867.11656250016 99008.42087500016 75 40
99316.15431250016 99451.69511041683 75 41
101967.48839166682 102067.47822291682 75 37
132890.09762916673 133461.52629583344 75 75
133747.24062916677 134335.60262916677 75 81
139289.33729583333 141016.06433333334 75 79
142624.90879583333 143611.3036291666 75 85
168848.8703791665 169154.42581249986 75 55
171702.5955458332 173433.73704583317 75 64
178095.89842083308 178524.4699208331 75 56
178524.4699208331 179357.8030458331 75 59
180303.12592083312 182054.94992083314 75 55
183083.78667083316 183548.90317083316 75 55
183680.48217083316 183986.47979583315 75 47
199800.60854583306 201455.9924624997 75 64
204374.51950416647 204681.04635416646 75 70
205808.08617083312 206678.18343958314 75 63
213749.1782062498 213868.05934791648 75 59
219114.4421083331 220437.1941708331 75 78
220618.5321083331 220738.2503583331 75 61
257642.25613541645 257719.11313541647 75 42
264553.13321458304 264631.1177208331 75 39
267546.65313958307 267653.0887999997 75 53
271089.6757999997 272579.02654999966 75 81
272579.02654999966 273627.20079999964 75 78
281418.5737999996 282279.3307999996 75 60
282698.91129999957 283570.12329999957 75 55
284403.4562999996 285172.9582999996 75 57
288608.2364666662 289179.6651333329 75 51
289465.37946666626 290036.4017999996 75 64
290036.4017999996 290414.97329166625 75 66
298617.3212999996 300774.26671666635 75 88
307963.1325499996 308248.8468833329 75 85
310549.97871666617 312230.6517166661 75 79
311978.5509666661 312334.6662666661 75 61
326119.5818416659 327800.2177249992 75 66
339584.616841666 341334.2821874993 75 77
346797.58134166605 347614.512841666 75 58
347614.512841666 348436.77784166596 75 58
348436.77784166596 349282.2253416659 75 43
349282.2253416659 350029.8742166659 75 43
78251.90037500008 79091.06137500009 76 46
86300.47287500012 87279.18610833348 76 55
140899.94709583334 140992.25479583335 76 66
272799.61479999963 274288.9655499996 76 89
274288.9655499996 275325.8807999996 76 84
290322.1161333329 290893.5447999995 76 63
291179.2591333328 291750.28146666614 76 70
291750.28146666614 292096.7100958328 76 73
17522.059625000005 19245.947750000003 77 70
19522.021250000005 21328.597750000008 77 78
21766.553750000006 22204.50975000001 77 59
45641.16637500001 48225.194525 77 73
56301.287375 57619.08400000001 77 78
57799.15396458333 57918.03510625 77 61
78671.48087500008 79519.6328750001 77 55
79942.1678750001 80458.51921458343 77 46
83537.93962500012 83770.49787500012 77 55
83770.49787500012 84659.84853125013 77 55
87164.90037500014 89405.90975000015 77 55
89405.90975000015 89620.19550000013 77 47
89620.19550000013 89736.01892708348 77 51
94960.04463541682 95057.83463125015 77 57
95368.89451458347 95511.03066041681 77 48
97467.09959791682 97602.0202395835 77 51
97671.46468750016 98541.02968750015 77 56
98975.81218750015 99389.92483750016 77 47
101892.32845000015 101999.20479583349 77 51
102255.44324791682 102409.69858125014 77 44
121134.10146250014 122019.51796250015 77 60
139289.33729583333 140807.63939583334 77 79
140761.48554583336 140853.79324583334 77 74
140853.79324583334 140946.10094583334 77 74
140946.10094583334 141016.06433333334 77 67
168571.0927124998 169126.64804583316 77 61
173433.73704583317 175157.62517083314 77 70
177667.3269208331 178488.75562916644 77 59
201531.75004583303 204388.50552083316 77 70
212191.87104583313 213509.6676708331 77 78
213689.73763541647 213808.61877708315 77 61
245359.17017083295 245529.38297083296 77 55
257568.00159999978 257667.9914312498 77 39
264475.86723958305 264556.9793687498 77 38
267492.1976854164 267593.6828499997 77 54
274509.5537999996 275973.3625499996 77 92
275973.3625499996 277028.3507999996 77 88
280990.0022999996 281418.5737999996 77 67
282279.3307999996 283153.4567999996 77 60
292035.99579999945 292601.38796666614 77 70
292883.0779666662 293454.10029999947 77 77
307677.41821666626 308177.41829999955 77 79
122019.51796250015 122365.81430208348 78 60
134335.60262916677 134907.76096250012 78 79
240053.50017083302 240850.703120833 78 50
293454.10029999947 293780.8860687495 78 79
21328.597750000008 21766.553750000006 79 63
64668.0893125 64787.807562500006 79 62
79091.06137500009 79942.1678750001 79 46
89298.76687500016 89513.05262500014 79 50
89727.33837500014 90565.51652083348 79 53
91442.03937500017 93113.46822500016 79 55
95259.85497291682 95502.22784791682 79 46
97399.6392770835 97534.55991875016 79 52
102183.91081041683 102326.36524791681 79 41
104789.14146250012 106285.23646250014 79 62
106285.23646250014 107343.37546250015 79 64
120717.43496250013 121550.76796250015 79 56
122315.81429583348 122892.53396250015 79 51
123178.24829583349 123749.27062916681 79 60
123749.27062916681 124184.98498750014 79 60
138976.83729583333 139289.33729583333 79 79
140807.63939583334 140899.94709583334 79 68
177240.2751708331 178095.89842083308 79 63
220558.67298333312 220678.39123333312 79 62
240473.080670833 240892.66117083302 79 60
243018.744170833 245252.78717083295 79 60
245252.78717083295 245465.55317083295 79 55
245465.55317083295 245585.82505416626 79 55
257492.84165833314 257599.71800416644 79 51
257855.95645624984 258006.8784562498 79 49
260340.80951041647 260410.25395833317 79 49
261279.8189583331 261714.6014583331 79 47
264397.8924374998 264520.4409041664 79 47
264797.4319874998 264906.80698749976 79 48
267440.2174791664 267546.65313958307 79 55
276189.1897999996 277737.0122999996 79 94
277737.0122999996 278824.2967999996 79 93
279604.1595499996 279722.26979999954 79 91
280561.4307999995 280990.0022999996 79 77
293739.8146333328 294305.2067999995 79 77
294586.8967999995 295157.91913333285 79 84
295157.91913333285 295523.99062291614 79 86
303775.59921666636 305491.5865979163 79 79
19568.033500000005 21730.057416666674 80 82
79519.6328750001 80383.34437500009 80 55
90352.33812500014 90584.89637500016 80 60
90584.89637500016 91472.39652291682 80 58
95175.10922291681 95302.22784791682 80 59
97332.17895625017 97467.09959791682 80 52
102111.30066041682 102209.09065625015 80 57
104699.85574375013 104789.14146250012 80 50
106504.21446250014 108005.14021250015 80 71
108005.14021250015 109053.31446250016 80 71
120300.76846250013 121134.10146250014 80 60
124034.98496250015 124606.41362916681 80 51
124892.12796250013 125463.15029583347 80 60
138691.12296250003 138976.83729583333 80 79
175157.62517083314 177453.0411708331 80 87
245146.40417083298 245359.17017083295 80 55
245571.93617083295 246395.0950208329 80 60
247304.9156708329 249038.7279124996 80 60
257784.4240187498 257926.87845624983 80 46
260273.34918958315 260362.63490833313 80 50
261062.42770833313 261296.1233020831 80 44
261605.90583333312 261747.2101458331 80 44
262054.9435833331 262190.48438124976 80 45
264706.30572083313 264833.89032083313 80 46
267385.7620249997 267492.1976854164 80 56
277973.2327999996 279486.0492999996 80 100
279545.10442499956 279663.21467499953 80 89
279663.21467499953 280141.8502999995 80 93
280141.8502999995 280882.85942499957 80 87
295443.63346666616 296009.02563333284 80 81
296290.71563333285 296884.9056333329 80 87
298027.04363333294 298617.3212999996 80 86
302072.6817166664 303799.40875416633 80 79
305408.2532166663 306391.65104999964 80 85
57739.713393750004 57858.59453541666 81 62
118985.46596250014 119846.22296250013 81 55
125463.15029583347 125786.3646354168 81 60
134907.76096250012 135479.65629583344 81 79
135479.65629583344 136104.65629583344 81 79
137833.97996250002 138405.40862916672 81 79
213630.2970645831 213749.1782062498 81 62
240892.66117083302 241689.864120833 81 50
249031.53367083296 250009.95053749962 81 60
252268.94242083302 252441.60422083302 81 55
303683.29151666636 303775.59921666636 81 66
64606.469625000005 64727.9484375 82 63
97262.7345083335 97332.17895625017 82 53
102507.54503958348 102628.7074354168 82 48
104622.47478750013 104741.52241250013 82 51
108225.72846250016 109715.07921250016 82 81
109715.07921250016 110763.25346250016 82 78
118565.88546250015 119426.64246250014 82 60
119846.22296250013 120717.43496250013 82 55
121550.76796250015 122315.81429583348 82 57
125748.8646291668 126320.29329583347 82 51
126606.0076291668 127177.02996250014 82 64
127177.02996250014 127555.6014541668 82 66
135792.15629583344 138119.69429583338 82 88
138405.40862916672 138691.12296250003 82 85
140992.25479583335 142708.24217708333 82 79
220497.0532958331 220618.5321083331 82 63
241312.241670833 241731.822170833 82 60
242570.983170833 243038.247720833 82 50
246209.0484208329 247331.89407708292 82 60
249894.84267083296 252161.028795833 82 60
252161.028795833 252376.85604583303 82 55
252376.85604583303 252493.45022291635 82 55
257711.8138687498 257809.60386458316 82 57
258108.6068312498 258240.9288312498 82 55
260205.8888687498 260340.80951041647 82 51
260410.25395833317 261279.8189583331 82 56
261714.6014583331 262128.7141083331 82 51
264631.1177208331 264740.14032083313 82 51
267331.3065708331 267440.2174791664 82 57
279486.0492999996 279604.1595499996 82 86
279722.26979999954 280561.4307999995 82 95
302072.6817166664 303590.98381666635 82 79
303544.8299666664 303637.13766666636 82 74
303637.13766666636 303729.44536666636 82 74
303729.44536666636 303799.40875416633 82 67
109935.66746250016 111425.01821250016 83 89
111425.01821250016 112473.19246250017 83 84
127462.74429583346 128034.17296250012 83 63
128319.88729583344 128890.90962916677 83 70
128890.90962916677 129237.33825833343 83 73
296884.9056333329 297457.06396666623 83 87
297457.06396666623 298027.04363333294 83 87
57678.52457083334 57799.15396458333 84 63
95502.22784791682 97262.7345083335 84 70
97195.27418750017 97330.19482916682 84 54
102409.69858125014 102619.9046229168 84 46
104545.09383125014 104699.85574375013 84 52
111645.60646250017 113120.67421250016 84 92
113120.67421250016 114175.66246250017 84 90
118137.31396250016 118565.88546250015 84 67
119426.64246250014 120300.76846250013 84 60
129176.62396250012 129748.05262916678 84 70
130033.7669625001 130604.78929583343 84 77
138119.69429583338 138619.6943791667 84 79
213569.10824166643 213689.73763541647 84 63
241731.822170833 242570.983170833 84 50
252053.11517083299 252268.94242083302 84 55
252484.76967083302 253342.327670833 84 60
254199.47067083302 255859.43017083305 84 60
258006.8784562498 258232.0635812498 84 50
260138.42854791647 260273.34918958315 84 52
267059.0292999998 267167.9402083331 84 50
267276.8511166664 267385.7620249997 84 58
301760.1817166664 302072.6817166664 84 79
303590.98381666635 303683.29151666636 84 68
64546.6105 64668.0893125 85 65
130604.78929583343 130931.57506458343 85 79
220437.1941708331 220558.67298333312 85 65
242151.402670833 243018.744170833 85 60
253109.769420833 254229.8278187497 85 60
257926.87845624983 258046.87845624983 85 59
260070.96822708315 260205.8888687498 85 52
264896.39032083313 267113.48475416645 85 69
267113.48475416645 267222.39566249977 85 52
267222.39566249977 267331.3065708331 85 58
301478.4917166664 301760.1817166664 85 79
102326.36524791681 102451.36524791681 86 59
104467.71287500014 104622.47478750013 86 52
113336.50146250016 114884.32396250017 86 96
114884.32396250017 115971.60846250017 86 99
116751.47121250018 116869.58146250018 86 94
117708.74246250017 118137.31396250016 86 74
130890.50362916678 131461.93229583342 86 77
131747.64662916676 132318.6689625001 86 84
132318.6689625001 132684.7404520834 86 86
300631.40954999963 301196.8017166664 86 79
57619.08400000001 57739.713393750004 87 65
63279.0055 64606.469625000005 87 91
104390.33191875015 104545.09383125014 87 53
115120.54446250018 116633.36096250017 87 103
116692.41608750018 116810.52633750018 87 94
116810.52633750018 117289.16196250018 87 94
117289.16196250018 118030.17108750016 87 90
132604.38329583342 133175.8119625001 87 81
133461.52629583344 134059.74062916677 87 87
134059.74062916677 134631.89896250013 87 87
134631.89896250013 135201.87862916678 87 87
135201.87862916678 135792.15629583344 87 86
213509.6676708331 213630.2970645831 87 65
219169.58917083312 220497.0532958331 87 91
260001.52377916645 260070.96822708315 87 53
267167.9402083331 267276.8511166664 87 55
301196.8017166664 301478.4917166664 87 85
303775.59921666636 305491.5865979163 87 79
56360.3425 57678.52457083334 89 91
102619.9046229168 104390.33191875015 89 69
104312.95096250015 104467.71287500014 89 54
116633.36096250017 116751.47121250018 89 94
116869.58146250018 117708.74246250017 89 107
212250.92617083312 213569.10824166643 89 91
258232.0635812498 260001.52377916645 89 69
259934.06345833314 260068.9840999998 89 54
300915.1117166663 301408.0692166664 89 79
