114025.93397291655 115006.83893749988 28 32
113042.42043749988 114041.42069999987 29 32
112057.6164874999 113055.93394999989 31 32
111039.94999999991 112071.3779499999 32 32
108034.36391249992 115020.35244999987 36 32
42597.084499999975 45624.86353333331 38 27
109052.67099791656 110048.2139999999 40 43
114025.93397291655 115006.83893749988 40 45
113042.42043749988 114041.42069999987 41 45
145584.45868749998 145755.01323749998 41 44
43618.66424999997 45602.136249999974 42 43
48591.21024999998 49595.73255416666 42 32
13770.823750000001 15816.974533333338 43 20
47605.72349999998 48604.98977916665 43 32
80190.68542708337 80361.23997708336 43 39
110048.2139999999 111062.67728333325 43 43
112057.6164874999 113055.93394999989 43 45
147642.55671249997 152171.23346249995 43 30
91846.10457708332 93940.67182708331 44 24
111039.94999999991 112071.3779499999 44 45
44610.40024999997 45624.86353333331 45 43
46621.16749999997 47631.72349999998 45 32
145584.45868749998 145755.01323749998 45 44
146331.48376249996 146507.95428749998 45 33
45602.136249999974 46642.992897916636 46 32
82248.78345208334 91846.10457708332 46 30
146584.22546249998 146838.46271249998 46 44
147351.29446249997 147642.55671249997 46 34
164468.87833749998 165395.16346249997 46 33
9597.321124999999 11691.888375 47 24
80190.68542708337 80361.23997708336 47 39
80937.71050208337 81114.18102708337 47 29
148709.22371249995 150842.55771249993 47 23
150842.55771249993 152171.23346249995 47 23
156147.86271249998 160618.65696249995 47 30
30588.307499999995 32105.27694583333 48 24
31613.597499999996 32456.920052083333 48 33
81190.45220208337 81444.68945208336 48 38
81957.52120208336 82248.78345208334 48 26
91846.10457708332 93940.67182708331 48 24
93940.67182708331 95619.6070770833 48 24
141730.21231250002 141961.8725625 48 56
142449.74981250003 142690.7135625 48 40
145830.01323749998 146080.01323749998 48 33
108034.36391249992 109068.8746999999 49 38
142690.7135625 142931.6773125 49 52
143670.31518749997 143903.77818749993 49 51
145333.4126875 145584.45868749998 49 33
146838.46271249998 147094.22106249997 49 33
11691.888375 13370.823625 50 24
45602.136249999974 49595.73255416666 50 32
76334.8473020833 76574.8473020833 50 47
77054.84730208332 77294.84730208333 50 40
80436.23997708336 80686.23997708336 50 29
149775.89071249994 151909.22471249994 50 29
26414.804874999998 28509.372124999994 51 27
42597.084499999975 43633.12706666664 51 38
77294.84730208333 77534.84730208333 51 52
78271.55767708336 78506.85167708337 51 44
79945.78742708336 80190.68542708337 51 30
81444.68945208336 81700.44780208335 51 28
145098.1186875 145333.4126875 51 33
37123.783500000005 37938.560999999994 52 42
37650.0995 39329.111864583334 52 34
83315.45045208334 85448.78445208333 52 23
85448.78445208333 86566.56257916665 52 23
87582.11845208332 89315.45232708332 52 23
89746.73457708332 91846.10457708332 52 23
124033.9678395832 124331.96887291652 52 38
124575.91735624986 124838.37338749986 52 26
125074.69493749987 125562.49993749987 52 36
125562.49993749987 126050.30493749988 52 27
126050.30493749988 126538.1099374999 52 35
126538.1099374999 127025.91493749991 52 28
131008.43993749988 131486.0308999999 52 38
131498.6359374999 131986.9571874999 52 28
131986.9571874999 132463.14768749988 52 38
132463.14768749988 132995.36068749987 52 28
132995.36068749987 133479.23168749985 52 37
133479.23168749985 133963.1026874999 52 28
133963.1026874999 134326.0689374999 52 38
134445.1165624999 134802.25943749992 52 28
138803.70643749993 139281.29739999995 52 39
139293.90243749996 139743.48505624998 52 30
141730.21231250002 141961.8725625 52 56
16817.48375 21135.262877083333 53 30
21084.151749999997 26414.804874999998 53 34
36615.309 37150.0993 53 34
39298.451499999996 40458.82837499998 53 24
79708.63317708336 79945.78742708336 53 30
91846.10457708332 93940.67182708331 53 29
96019.60720208331 97695.96723749996 53 20
127025.91493749991 127505.0090624999 53 36
127505.0090624999 128015.8784999999 53 25
130474.79168749988 131008.43993749988 53 28
134921.30706249992 135272.86956249992 53 38
135392.39143749993 135759.09481249988 53 28
138323.7064374999 138803.70643749993 53 29
139788.74368749998 140022.20668749997 53 56
141483.6300625 141730.21231250002 53 42
142931.6773125 143172.64106249998 53 36
143413.60481249998 143670.31518749997 53 36
143670.31518749997 143903.77818749993 53 51
144862.8246875 145098.1186875 53 33
146080.01323749998 146224.34094374996 53 33
147094.22106249997 147228.83644374995 53 34
157195.89771249998 159287.67271249995 53 23
159287.67271249995 160618.65696249995 53 23
165659.48071249996 167540.62746249998 53 26
167812.12071249995 169735.30296249996 53 25
1066.6670000000001 3200.001 54 23
3200.001 4317.779127083334 54 23
5333.335000000001 7066.668875 54 23
7497.9511250000005 9597.321124999999 54 23
48591.21024999998 49595.73255416666 54 45
58606.89407916668 58904.895112500024 54 38
59148.84359583336 59411.29962708336 54 26
59647.62117708336 60135.426177083355 54 36
60135.426177083355 60623.23117708335 54 27
60623.23117708335 61111.03617708334 54 35
61111.03617708334 61598.84117708333 54 28
65581.36617708333 66061.05797916667 54 38
66071.56217708332 66559.88342708332 54 28
66559.88342708332 67036.07392708333 54 38
67036.07392708333 67568.28692708332 54 28
67568.28692708332 68052.15792708332 54 37
68052.15792708332 68536.0289270833 54 28
68536.0289270833 68898.99517708331 54 38
69018.0428020833 69375.18567708328 54 28
73394.32980208322 73876.1224437499 54 39
73884.52580208324 74334.10842083325 54 30
76334.8473020833 76574.8473020833 54 56
9597.321124999999 11691.888375 55 29
13770.823750000001 15816.974533333338 55 24
28509.372124999994 30188.307374999997 55 27
33881.646499999995 35080.28773541667 55 38
35057.1785 36642.85136875 55 36
37123.783500000005 37938.560999999994 55 42
37650.0995 39329.111864583334 55 34
47605.72349999998 48604.98977916665 55 45
61598.84117708333 62077.93530208334 55 36
62077.93530208334 62593.15256458333 55 25
65047.717927083344 65581.36617708333 55 28
69494.23330208327 69845.79580208327 55 38
69969.76280208326 70481.21029583325 55 28
72914.32980208323 73394.32980208322 55 29
74379.36705208325 74614.66105208326 55 56
76089.3243020833 76334.8473020833 55 42
77534.84730208333 77774.84730208335 55 36
78014.84730208335 78271.55767708336 55 36
78271.55767708336 78506.85167708337 55 48
79471.47892708337 79708.63317708336 55 30
80686.23997708336 80830.56768333336 55 29
81700.44780208335 81835.06318333335 55 29
84382.11745208333 86515.45145208333 55 29
88648.78545208332 90533.9983270833 55 29
93940.67182708331 95619.6070770833 55 29
108034.36391249992 110046.14788333324 55 32
114028.14636249989 115020.35244999987 55 58
124033.9678395832 124331.96887291652 55 45
124575.91735624986 124838.37338749986 55 31
125074.69493749987 125562.49993749987 55 43
125562.49993749987 126050.30493749988 55 32
126050.30493749988 126538.1099374999 55 42
126538.1099374999 127025.91493749991 55 33
128026.7480624999 128518.55156249991 55 38
128518.55156249991 128872.88231249992 55 27
128990.99256249992 129470.9925624999 55 38
129470.9925624999 129978.9236874999 55 26
129978.9236874999 130474.79168749988 55 38
131008.43993749988 131486.0308999999 55 45
131498.6359374999 131986.9571874999 55 33
131986.9571874999 132463.14768749988 55 45
132463.14768749988 132995.36068749987 55 34
132995.36068749987 133479.23168749985 55 44
133479.23168749985 133963.1026874999 55 33
133963.1026874999 134326.0689374999 55 45
134445.1165624999 134802.25943749992 55 34
135897.34368749987 136381.21468749986 55 38
136381.21468749986 136744.1179374999 55 28
136865.08568749987 137345.0856874999 55 39
137345.0856874999 137843.70643749993 55 29
137843.70643749993 138323.7064374999 55 38
138803.70643749993 139281.29739999995 55 47
139293.90243749996 139743.48505624998 55 36
141237.04781249998 141483.6300625 55 42
141961.8725625 142208.78606250003 55 40
33320.899 34256.646499999995 56 34
36615.309 37150.0993 56 34
39298.451499999996 40458.82837499998 56 24
111037.88388333324 112057.6164874999 56 39
113042.42043749988 114041.42069999987 56 54
138323.7064374999 138803.70643749993 56 35
139788.74368749998 140022.20668749997 56 56
140997.04781249998 141237.04781249998 56 42
143172.64106249998 143413.60481249998 56 36
143903.77818749993 144156.94268749998 56 38
144627.5306875 144862.8246875 56 47
147642.55671249997 149775.89071249994 56 30
158248.71171249996 160354.33971249996 56 29
2133.3340000000003 4266.668000000001 57 29
6400.002 8285.214875 57 29
11691.888375 13370.823625 57 29
42597.084499999975 45624.86353333331 57 37
46621.16749999997 47631.72349999998 57 45
48591.21024999998 49595.73255416666 57 58
58606.89407916668 58904.895112500024 57 45
59148.84359583336 59411.29962708336 57 31
59647.62117708336 60135.426177083355 57 43
60135.426177083355 60623.23117708335 57 32
60623.23117708335 61111.03617708334 57 42
61111.03617708334 61598.84117708333 57 33
62599.67430208334 63091.47780208334 57 38
63091.47780208334 63445.80855208334 57 27
63563.918802083346 64043.91880208334 57 38
64043.91880208334 64551.849927083356 57 26
64551.849927083356 65047.717927083344 57 38
65581.36617708333 66061.05797916667 57 45
66071.56217708332 66559.88342708332 57 33
66559.88342708332 67036.07392708333 57 45
67036.07392708333 67568.28692708332 57 34
67568.28692708332 68052.15792708332 57 44
68052.15792708332 68536.0289270833 57 33
68536.0289270833 68898.99517708331 57 45
69018.0428020833 69375.18567708328 57 34
70487.96705208324 70971.83805208326 57 38
70971.83805208326 71455.70905208326 57 28
71455.70905208326 71729.70905208326 57 39
71935.70905208324 72434.32980208324 57 29
72434.32980208324 72914.32980208323 57 38
73394.32980208322 73876.1224437499 57 47
73884.52580208324 74334.10842083325 57 36
75843.80130208329 76089.3243020833 57 42
76574.8473020833 76814.8473020833 57 40
102561.28208749992 103100.30994999991 57 42
103087.15204999992 104748.66194999989 57 34
127025.91493749991 127505.0090624999 57 43
127505.0090624999 128015.8784999999 57 30
130474.79168749988 131008.43993749988 57 33
134921.30706249992 135272.86956249992 57 45
135392.39143749993 135759.09481249988 57 34
32812.4245 33334.9176875 58 31
33881.646499999995 35080.28773541667 58 38
35057.1785 36642.85136875 58 36
45602.136249999974 46642.992897916636 58 45
47605.72349999998 48604.98977916665 58 54
72914.32980208323 73394.32980208322 58 35
74379.36705208325 74614.66105208326 58 56
75603.80130208329 75843.80130208329 58 42
77774.84730208335 78014.84730208335 58 36
78506.85167708337 78760.01617708335 58 36
79234.32467708336 79471.47892708337 58 43
102052.80758749992 102573.99394999992 58 34
104735.2690874999 105894.88788749989 58 24
108034.36391249992 110046.14788333324 58 32
112057.6164874999 113055.93394999989 58 52
128026.7480624999 128518.55156249991 58 45
128518.55156249991 128872.88231249992 58 32
128990.99256249992 129470.9925624999 58 45
129470.9925624999 129978.9236874999 58 31
129978.9236874999 130474.79168749988 58 45
135897.34368749987 136381.21468749986 58 45
136381.21468749986 136744.1179374999 58 33
136865.08568749987 137345.0856874999 58 46
137345.0856874999 137843.70643749993 58 35
137843.70643749993 138323.7064374999 58 45
142208.78606250003 142449.74981250003 58 40
13770.823750000001 15444.482250000003 59 25
14796.113750000002 15816.974533333338 59 20
17884.15075 20017.484749999996 59 31
20017.484749999996 21135.262877083333 59 32
22150.818749999995 23884.152624999995 59 36
24315.434874999995 26414.804874999998 59 34
61598.84117708333 62077.93530208334 59 43
62077.93530208334 62593.15256458333 59 30
65047.717927083344 65581.36617708333 59 33
69494.23330208327 69845.79580208327 59 45
69969.76280208326 70481.21029583325 59 34
11691.888375 13370.823625 60 29
26414.804874999998 28509.372124999994 60 33
30588.307499999995 32105.27694583333 60 29
31613.597499999996 32456.920052083333 60 33
32261.966 32837.848225 60 29
33320.899 34256.646499999995 60 34
37123.783500000005 37938.560999999994 60 50
37650.0995 39329.111864583334 60 40
39298.451499999996 40458.82837499998 60 29
42597.084499999975 45624.86353333331 60 37
46621.16749999997 47631.72349999998 60 52
62599.67430208334 63091.47780208334 60 45
63091.47780208334 63445.80855208334 60 32
63563.918802083346 64043.91880208334 60 45
64043.91880208334 64551.849927083356 60 31
64551.849927083356 65047.717927083344 60 45
70487.96705208324 70971.83805208326 60 45
70971.83805208326 71455.70905208326 60 33
71455.70905208326 71729.70905208326 60 46
71935.70905208324 72434.32980208324 60 35
72434.32980208324 72914.32980208323 60 45
76814.8473020833 77054.84730208332 60 40
99317.83826249996 100507.38894999993 60 38
100496.75064999994 102080.34995624992 60 36
102561.28208749992 103100.30994999991 60 42
103087.15204999992 104748.66194999989 60 34
111039.94999999991 112071.3779499999 60 51
112057.6164874999 113055.93394999989 60 52
113042.42043749988 114041.42069999987 60 54
114028.14636249989 115020.35244999987 60 58
124319.03783541653 124637.35802499985 60 31
124827.95672083319 125318.59743749988 60 31
125318.59743749988 125806.40243749988 60 32
125806.40243749988 126294.20743749989 60 32
126294.20743749989 126782.0124374999 60 33
126782.0124374999 127052.33770833325 60 33
127266.9138124999 127765.87856249989 60 30
127765.87856249989 128049.28905624991 60 30
128272.6498124999 128636.66181249991 60 32
128754.7720624999 129000.9925624999 60 32
129230.99256249989 129590.9925624999 60 31
129720.30293749989 129995.45262083322 60 31
130226.85768749988 130491.3206208332 60 33
130722.72568749986 131030.26533541654 60 33
131246.5351874999 131734.8564374999 60 33
131734.8564374999 132010.7667124999 60 33
132225.0524374999 132701.24293749986 60 34
132701.24293749986 133001.40907499986 60 34
133237.29618749986 133721.16718749987 60 33
133721.16718749987 134084.07043749987 60 33
134207.02131249988 134564.1641874999 60 34
134683.2118124999 134946.69768749992 60 34
135155.68206249992 135452.15237499992 60 34
135631.43518749988 135915.48884999985 60 34
136139.27918749987 136502.18243749987 60 33
136623.15018749988 136885.0856874999 60 34
137105.0856874999 137585.0856874999 60 35
137585.0856874999 137861.70643749993 60 35
138083.7064374999 138563.7064374999 60 35
138563.7064374999 138821.56358124994 60 35
139041.80168749994 139530.12293749995 60 36
139530.12293749995 139905.47518749998 60 36
140022.20668749997 140260.50465416664 60 47
140757.04781249995 140997.04781249998 60 56
144156.94268749998 144392.23668749997 60 38
32812.4245 33334.9176875 61 31
36615.309 37150.0993 61 40
82248.78345208334 91846.10457708332 61 30
98758.39758749996 99331.85694999996 61 34
102052.80758749992 102573.99394999992 61 34
104735.2690874999 105894.88788749989 61 24
108032.20873958324 109552.3459999999 61 37
144392.23668749997 144627.5306875 61 38
9597.321124999999 11691.888375 62 29
13770.823750000001 15444.482250000003 62 30
14796.113750000002 15816.974533333338 62 24
18950.81775 20817.484999999997 62 36
23217.485749999996 25102.698624999994 62 40
28509.372124999994 30188.307374999997 62 33
45602.136249999974 46642.992897916636 62 51
46621.16749999997 47631.72349999998 62 52
47605.72349999998 48604.98977916665 62 54
48591.21024999998 49595.73255416666 62 58
58891.96407500002 59210.28426458336 62 31
59400.8829604167 59891.52367708336 62 31
59891.52367708336 60379.32867708335 62 32
60379.32867708335 60867.133677083344 62 32
60867.133677083344 61354.93867708334 62 33
61354.93867708334 61625.26394791667 62 33
61839.84005208334 62338.80480208334 62 30
62338.80480208334 62622.21529583333 62 30
62845.576052083336 63209.58805208334 62 32
63327.69830208334 63573.91880208334 62 32
63803.918802083346 64163.918802083346 62 31
64293.22917708335 64568.378860416684 62 31
64799.78392708334 65064.24686041667 62 33
65295.65192708332 65603.19157499999 62 33
65819.46142708333 66307.78267708332 62 33
66307.78267708332 66583.69295208332 62 33
66797.97867708332 67274.16917708333 62 34
67274.16917708333 67574.33531458332 62 34
67810.22242708332 68294.09342708331 62 33
68294.09342708331 68656.99667708331 62 33
68779.94755208331 69137.0904270833 62 34
69256.13805208329 69519.62392708327 62 34
69728.60830208327 70031.74630208327 62 34
70217.69680208326 70506.11221458325 62 34
70729.90255208327 71213.77355208325 62 33
71213.77355208325 71475.70905208324 62 34
71695.70905208324 72175.70905208323 62 35
72175.70905208323 72452.32980208324 62 35
72674.32980208323 73154.32980208323 62 35
73154.32980208323 73412.18694583322 62 35
73632.42505208323 74120.74630208325 62 36
74120.74630208325 74497.01405208326 62 36
74614.66105208326 74849.95512708326 62 47
75363.80130208327 75603.80130208329 62 56
78760.01617708335 78997.17042708336 62 35
147642.55671249997 152171.23346249995 62 30
156147.86271249998 157729.23121249996 62 30
164602.2117125 166726.14771249998 62 33
166726.14771249998 168898.09371249995 62 31
170014.37271249996 172035.17421249996 62 28
30588.307499999995 32105.27694583333 63 36
31613.597499999996 32456.920052083333 63 29
32261.966 32837.848225 63 35
32812.4245 33334.9176875 63 37
33320.899 34256.646499999995 63 40
33881.646499999995 35080.28773541667 63 46
78997.17042708336 79234.32467708336 63 35
98248.87348749996 98771.10944999996 63 31
99317.83826249996 100507.38894999993 63 38
100496.75064999994 102080.34995624992 63 36
35057.1785 36642.85136875 64 43
63445.80855208334 63573.91880208334 64 55
71797.70905208324 71933.70905208324 64 51
93940.67182708331 95619.6070770833 64 29
108776.63413333324 109054.98581249989 64 45
112771.77481041657 113042.42043749988 64 50
115004.58668541654 115245.33997291654 64 51
128990.99256249992 129590.9925624999 64 54
136865.08568749987 137585.0856874999 64 54
140277.52593749994 140517.04781249995 64 47
28509.372124999994 30188.307374999997 65 33
96019.60720208331 97695.96723749996 65 24
97695.96723749996 98262.63494999996 65 29
98758.39758749996 99331.85694999996 65 34
102561.28208749992 103100.30994999991 65 50
103087.15204999992 104748.66194999989 65 40
104735.2690874999 105894.88788749989 65 29
107517.1224124999 108047.29494999991 65 39
108034.36391249992 108791.09694999989 65 52
111783.7519999999 112055.32291041657 65 52
112057.6164874999 112785.66369999989 65 62
113763.93394999988 114025.93397291655 65 54
127505.0090624999 128026.7480624999 65 45
128026.7480624999 129000.9925624999 65 54
129470.9925624999 129995.45262083322 65 50
135897.34368749987 136885.0856874999 65 54
137345.0856874999 137861.70643749993 65 50
140517.04781249995 140723.04781249998 65 47
145098.1186875 145614.700625 65 59
146080.01323749998 146675.32714374998 65 53
147094.22106249997 148442.55696249998 65 47
147642.55671249997 152171.23346249995 65 30
156147.86271249998 160618.65696249995 65 30
168898.09371249995 171130.65171249994 65 33
172336.68171249997 174145.72671249998 65 28
800.00025 2133.3340000000003 66 36
5066.6682500000015 6400.002 66 36
11691.888375 12716.684037500001 66 40
43340.88649999997 43633.12706666664 66 45
47335.45324999997 47631.72349999998 66 50
49570.14199999999 49874.494606249995 66 51
63091.47780208334 63327.69830208334 66 55
63327.69830208334 63563.918802083346 66 55
63563.918802083346 64163.918802083346 66 64
71455.70905208326 71543.70905208324 66 56
71593.70905208324 71695.70905208324 66 56
71729.70905208326 71865.70905208324 66 56
71865.70905208324 71935.70905208324 66 51
74868.05467708326 75123.80130208326 66 47
98248.87348749996 98771.10944999996 66 31
102052.80758749992 102573.99394999992 66 40
106998.6610124999 108032.20873958324 66 45
4266.668000000001 5193.334956250001 67 40
10378.435624999998 10658.652375 67 36
10658.652375 11712.921520833333 67 41
26414.804874999998 28509.372124999994 67 33
32812.4245 33334.9176875 67 43
42079.84299999998 42597.084499999975 67 39
42597.084499999975 43618.66424999997 67 52
46345.93824999997 46621.16749999997 67 52
46621.16749999997 47605.72349999998 67 62
48325.72349999998 48604.98977916665 67 54
62077.93530208334 62599.67430208334 67 53
62599.67430208334 63209.58805208334 67 64
63209.58805208334 63445.80855208334 67 55
64043.91880208334 64568.378860416684 67 59
70217.69680208326 70487.96705208324 67 60
70487.96705208324 71475.70905208324 67 64
71523.70905208324 71593.70905208324 67 50
71661.70905208324 71797.70905208324 67 49
71935.70905208324 72452.32980208324 67 57
75123.80130208326 75329.80130208327 67 47
78760.01617708335 79258.04010208337 67 56
79708.63317708336 80220.92736458336 67 54
80686.23997708336 81281.55388333336 67 47
81700.44780208335 83048.78370208334 67 35
82248.78345208334 90533.9983270833 67 30
109054.98581249989 111062.67728333325 67 58
111039.94999999991 111796.1486999999 67 60
113042.42043749988 113775.93394999988 67 64
114738.27117499989 115004.58668541654 67 45
115245.33997291654 115593.96287499988 67 46
116695.1050770832 116970.00167708319 67 43
125074.69493749987 127052.33770833325 67 49
129978.9236874999 130491.3206208332 67 48
137843.70643749993 138563.7064374999 67 50
16817.48375 21135.262877083333 68 30
21084.151749999997 26414.804874999998 68 34
32261.966 32837.848225 68 38
33320.899 34256.646499999995 68 49
41562.601499999975 42586.308635416644 68 45
97695.96723749996 98262.63494999996 68 35
98248.87348749996 98771.10944999996 68 37
98758.39758749996 99331.85694999996 68 40
99317.83826249996 100507.38894999993 68 46
114028.14636249989 114750.08219999987 68 69
116455.10507708321 116717.10507708321 68 43
138323.7064374999 138821.56358124994 68 54
143172.64106249998 143787.04668749994 68 51
143670.31518749997 144247.13872083332 68 63
145098.1186875 145614.700625 68 59
147642.55671249997 152171.23346249995 68 30
156147.86271249998 160618.65696249995 68 30
164602.2117125 165659.48071249996 68 40
171130.65171249994 173542.71171249996 68 28
1066.6670000000001 4317.779127083334 69 40
5333.335000000001 8285.214875 69 40
7497.9511250000005 8534.515062499999 69 46
12463.350625000001 12730.017375000001 69 36
12730.017375000001 13515.268114583334 69 44
15681.505250000002 15816.974533333338 69 30
34950.7955 35080.28773541667 69 44
43618.66424999997 45624.86353333331 69 58
45602.136249999974 46607.40603749997 69 60
47605.72349999998 48591.21024999998 69 64
49299.871749999984 49595.73255416666 69 45
49807.03428541666 50143.72042291666 69 46
51256.84568958333 51531.74228958333 69 43
59647.62117708336 61625.26394791667 69 58
64551.849927083356 65064.24686041667 69 57
67568.28692708332 68898.99517708331 69 64
68898.99517708331 69137.0904270833 69 55
69137.0904270833 69375.18567708328 69 54
72434.32980208324 73154.32980208323 69 59
100496.75064999994 102080.34995624992 69 43
127025.91493749991 127765.87856249989 69 54
130474.79168749988 131030.26533541654 69 52
34631.646499999995 34844.4125 70 44
34844.4125 35057.1785 70 44
35057.1785 36106.834500000004 70 52
48591.21024999998 49570.14199999999 70 69
51016.84568958333 51266.84568958333 70 43
72914.32980208323 73412.18694583322 70 64
77774.84730208335 78389.20467708335 70 51
78760.01617708335 79258.04010208337 70 56
82248.78345208334 90533.9983270833 70 30
93940.67182708331 95619.6070770833 70 29
115485.09189999987 115750.46697916655 70 42
116215.10507708321 116695.1050770832 70 43
116950.00167708319 117428.00167708319 70 53
131008.43993749988 131486.0308999999 70 54
138803.70643749993 139281.29739999995 70 54
142208.78606250003 142720.83403125 70 56
147094.22106249997 148442.55696249998 70 47
13504.157000000001 15681.505250000002 71 40
15562.993750000001 15800.016750000003 71 30
15800.016750000003 16817.48375 71 39
28509.372124999994 29534.167787499995 71 46
61598.84117708333 62338.80480208334 71 64
65047.717927083344 65603.19157499999 71 62
68779.94755208331 69018.0428020833 71 64
69018.0428020833 69256.13805208329 71 64
69375.18567708328 69519.62392708327 71 55
69611.42080208327 69845.79580208327 71 56
131246.5351874999 131498.6359374999 71 48
131498.6359374999 131986.9571874999 71 54
139041.80168749994 139293.90243749996 71 49
139293.90243749996 139743.48505624998 71 54
148442.55696249998 149775.89071249994 71 45
152695.25096249997 152977.25971874996 71 45
15444.482250000003 15681.505250000002 72 34
16308.750250000003 17617.484 72 46
27195.919374999998 27476.136124999997 72 41
27476.136124999997 28530.405270833326 72 47
33881.646499999995 34738.0295 72 59
34738.0295 34950.7955 72 44
35834.10725 36119.546362500005 72 55
37386.9415 37938.560999999994 72 56
50046.94622291666 50300.22452708332 72 42
50776.84568958332 51256.84568958333 72 43
51511.74228958332 51991.74228958333 72 53
65581.36617708333 66061.05797916667 72 64
69256.13805208329 69494.23330208327 72 64
69494.23330208327 69728.60830208327 72 64
73394.32980208322 73876.1224437499 72 64
76814.8473020833 77324.84730208333 72 56
81700.44780208335 83048.78370208334 72 40
91846.10457708332 93940.67182708331 72 29
96019.60720208331 97693.26570208331 72 30
97044.8972020833 97695.96723749996 72 24
98248.87348749996 98771.10944999996 72 43
115974.70837708321 116455.10507708321 72 54
123642.59528541654 124033.9678395832 72 65
124033.9678395832 125318.59743749988 72 54
131734.8564374999 132010.7667124999 72 50
139530.12293749995 139788.74368749998 72 47
139788.74368749998 140397.04781249995 72 60
141237.04781249998 141797.77988541668 72 62
146080.01323749998 146675.32714374998 72 53
147642.55671249997 148464.77919166663 72 50
151909.22471249994 152957.25971249997 72 50
154816.87846249997 155107.86238749998 72 45
36106.834500000004 37650.0995 73 61
65819.46142708333 66071.56217708332 73 57
66071.56217708332 66559.88342708332 73 64
66559.88342708332 67036.07392708333 73 64
69845.79580208327 70031.74630208327 73 57
70031.74630208327 70155.71330208326 73 52
73632.42505208323 73884.52580208324 73 58
73884.52580208324 74334.10842083325 73 64
82248.78345208334 91846.10457708332 73 30
97695.96723749996 98262.63494999996 73 38
98758.39758749996 99331.85694999996 73 49
115728.10924999988 115987.1050770832 73 48
123349.66048333318 123640.14430416652 73 63
147094.22106249997 148442.55696249998 73 56
9597.321124999999 10644.641537499998 74 40
17617.484 18950.81775 74 52
20817.484999999997 21084.151749999997 74 41
21884.152 22401.92993958333 74 53
24315.434874999995 25351.998812499995 74 63
29280.834374999995 29547.501124999995 74 41
29547.501124999995 30332.75186458333 74 50
50536.84568958332 51016.84568958333 74 54
58206.89407916669 58606.89407916668 74 65
58606.89407916668 59891.52367708336 74 64
66307.78267708332 66583.69295208332 74 59
66797.97867708332 67274.16917708333 74 57
67274.16917708333 67574.33531458332 74 57
69728.60830208327 69969.76280208326 74 64
69969.76280208326 70093.72980208325 74 52
70155.71330208326 70481.21029583325 74 52
74120.74630208325 74379.36705208325 74 56
74379.36705208325 75003.80130208326 74 71
74868.05467708326 75483.80130208327 74 64
75843.80130208329 76404.8473020833 74 62
80686.23997708336 81281.55388333336 74 47
100390.36764999994 100507.38894999993 74 44
128872.88231249992 129000.9925624999 74 55
136744.1179374999 136885.0856874999 74 55
148709.22371249995 152171.23346249995 74 50
152957.25971249997 154023.92671249996 74 50
154023.92671249996 155081.1957125 74 50
156933.88896249997 157729.23121249996 74 45
161147.29146249997 161431.60871874998 74 45
164602.2117125 165659.48071249996 74 40
8285.214875 8547.636124999999 75 42
8547.636124999999 9619.01875 75 52
16817.48375 17781.928495833334 75 58
21084.151749999997 22150.818749999995 75 58
30321.640749999995 32837.848225 75 46
50290.061922916655 50730.84568958332 75 48
57913.69980416668 58206.89407916669 75 63
79708.63317708336 80220.92736458336 75 54
81700.44780208335 83048.78370208334 75 48
100063.10694999996 100283.98464999995 75 44
100283.98464999995 100496.75064999994 75 44
100496.75064999994 101543.40858749993 75 52
146080.01323749998 146675.32714374998 75 63
155081.1957125 156147.86271249998 75 50
156147.86271249998 157058.34311874997 75 50
160354.33971249996 161411.60871249996 75 50
163271.22746249998 163562.2113875 75 45
67036.07392708333 67568.28692708332 76 57
70093.72980208325 70217.69680208326 76 52
83048.78370208334 84382.11745208333 76 45
87315.45170208332 88648.78545208332 76 45
93940.67182708331 94965.4674895833 76 50
117188.00167708319 117430.00167708319 76 45
118633.29389791652 118886.56913958318 76 45
121505.18580208317 121760.38306458316 76 49
122524.22373749984 122797.74762499984 76 56
123065.47855208318 123340.04509999986 76 59
128518.55156249991 128754.7720624999 76 55
128754.7720624999 128990.99256249992 76 55
128990.99256249992 129590.9925624999 76 64
136381.21468749986 136623.15018749988 76 55
136623.15018749988 136865.08568749987 76 55
136865.08568749987 137585.0856874999 76 64
17884.15075 20950.818375 77 60
20950.818375 21135.262877083333 77 42
22150.818749999995 26414.804874999998 77 61
80686.23997708336 81281.55388333336 77 56
82248.78345208334 83239.89487291667 77 50
86515.45145208333 87544.34066249999 77 50
92627.21907708331 92907.4358270833 77 45
92907.4358270833 93961.70497291663 77 51
99317.83826249996 100081.85694999996 77 59
100177.60164999995 100390.36764999994 77 44
101270.68133749992 101557.04494999992 77 55
102823.9940499999 103100.30994999991 77 56
118399.04190208319 118647.07342708319 77 45
121272.76392708317 121518.85767708317 77 49
122268.2529729165 122539.44112499984 77 55
127505.0090624999 128026.7480624999 77 53
128026.7480624999 128636.66181249991 77 64
128636.66181249991 128872.88231249992 77 55
129470.9925624999 129995.45262083322 77 59
135759.09481249988 135897.34368749987 77 54
135897.34368749987 136502.18243749987 77 64
136502.18243749987 136744.1179374999 77 55
137345.0856874999 137861.70643749993 77 59
143172.64106249998 143787.04668749994 77 61
143670.31518749997 144247.13872083332 77 71
144156.94268749998 144651.0600875 77 64
145098.1186875 145614.700625 77 70
157195.89771249998 160618.65696249995 77 50
161411.60871249996 162478.27571249998 77 50
162478.27571249998 163535.54471249998 77 50
165395.16346249997 166726.14771249998 77 45
167540.62746249998 168898.09371249995 77 45
51751.74228958333 52231.74228958333 78 45
53196.81403958335 53474.50534375001 78 45
56068.598289583344 56350.14645416668 78 49
57089.162997916676 57389.504900000014 78 56
57631.300552083354 57892.06519166668 78 59
101543.40858749993 103087.15204999992 78 61
26414.804874999998 27462.1252875 79 48
37938.560999999994 38227.0225 79 58
38227.0225 40147.50774999999 79 67
52960.593539583344 53448.914789583345 79 45
55834.223289583344 56322.83553958334 79 49
56830.81409791667 57318.70843333334 79 55
77774.84730208335 78389.20467708335 79 61
78760.01617708335 79258.04010208337 79 66
79708.63317708336 80220.92736458336 79 64
83315.45045208334 86566.56257916665 79 50
87582.11845208332 90533.9983270833 79 50
89746.73457708332 90787.67220208331 79 60
94712.1340770833 94978.80082708331 79 45
94978.80082708331 95764.05156666663 79 55
117430.00167708319 117682.00167708317 79 45
118162.82140208318 118633.29389791652 79 45
118886.56913958318 119359.80415208319 79 51
120560.11142708317 120815.73267708317 79 52
121038.38892708317 121505.18580208317 79 48
122012.91111458316 122343.03929583316 79 53
122797.74762499984 123015.12410624984 79 69
125074.69493749987 127052.33770833325 79 58
129978.9236874999 130491.3206208332 79 62
132995.36068749987 134326.0689374999 79 64
134326.0689374999 134564.1641874999 79 55
134564.1641874999 134802.25943749992 79 54
137843.70643749993 138563.7064374999 79 59
142208.78606250003 142720.83403125 79 67
163535.54471249998 164468.87833749998 79 50
164602.2117125 165659.48071249996 79 50
25102.698624999994 25365.119874999997 80 61
25365.119874999997 26436.5025 80 70
40147.50774999999 40458.82837499998 80 45
95752.9404520833 98248.87348749996 80 50
117925.59141458318 118399.04190208319 80 54
120325.73642708317 120571.83017708317 80 52
138323.7064374999 138821.56358124994 80 64
139788.74368749998 140397.04781249995 80 60
140277.52593749994 140877.04781249998 80 64
141237.04781249998 141797.77988541668 80 73
144156.94268749998 144651.0600875 80 64
165659.48071249996 167812.12071249995 80 50
169735.30296249996 171130.65171249994 80 45
51991.74228958333 52488.15253958333 81 45
52724.37303958334 53196.81403958335 81 45
53448.914789583345 53921.355789583344 81 51
55121.57078958335 55390.863914583344 81 52
55599.848289583344 56068.598289583344 81 48
56575.36358958334 56892.77990833334 81 53
57360.74383541668 57576.169752083355 81 69
76814.8473020833 77324.84730208333 81 67
127025.91493749991 127765.87856249989 81 64
130474.79168749988 131030.26533541654 81 62
134207.02131249988 134445.1165624999 81 64
134445.1165624999 134683.2118124999 81 64
134802.25943749992 134946.69768749992 81 55
135038.49456249992 135272.86956249992 81 56
37650.0995 38212.59942499999 82 64
39864.488999999994 40430.526499999985 82 45
52488.15253958333 52960.593539583344 82 54
54887.19578958335 55365.473289583344 82 52
74868.05467708326 75483.80130208327 82 76
75843.80130208329 76404.8473020833 82 73
117670.00167708317 117938.41192708319 82 45
119123.58365208318 119596.02465208319 82 53
120091.36142708317 120560.11142708317 82 51
120803.53755208317 121272.76392708317 82 58
121760.38306458316 122036.21619583316 82 60
131008.43993749988 131486.0308999999 82 64
134683.2118124999 134921.30706249992 82 64
134921.30706249992 135155.68206249992 82 64
138803.70643749993 139281.29739999995 82 64
131246.5351874999 131498.6359374999 83 57
131498.6359374999 131986.9571874999 83 64
131986.9571874999 132463.14768749988 83 64
135272.86956249992 135452.15237499992 83 57
135452.15237499992 135571.6742499999 83 45
139041.80168749994 139293.90243749996 83 58
139293.90243749996 139743.48505624998 83 64
52231.74228958333 52513.74309375 84 45
53685.13528958334 54157.57628958335 84 53
54652.82078958335 55121.57078958335 84 51
55365.473289583344 55834.223289583344 84 58
56322.83553958334 56600.787314583344 84 60
91846.10457708332 92893.4249895833 84 50
103374.34837499991 103662.8098749999 84 58
103662.8098749999 105583.5672624999 84 67
119359.80415208319 119607.83567708319 84 55
119855.66170208318 120325.73642708317 84 60
123640.14430416652 123937.30117291653 84 65
124033.9678395832 125318.59743749988 84 64
131734.8564374999 132010.7667124999 84 59
132225.0524374999 132701.24293749986 84 57
132701.24293749986 133001.40907499986 84 57
135155.68206249992 135392.39143749993 84 64
135392.39143749993 135511.9133124999 84 52
135571.6742499999 135759.09481249988 84 48
139530.12293749995 139788.74368749998 84 56
139788.74368749998 140397.04781249995 84 71
140277.52593749994 140877.04781249998 84 64
90533.9983270833 90796.41957708332 85 52
90796.41957708332 91867.80220208332 85 65
105583.5672624999 105894.88788749989 85 45
119596.02465208319 119862.18343958318 85 57
123347.25663749986 123569.06584791651 85 63
53921.355789583344 54418.44578958335 86 55
54418.44578958335 54887.19578958335 86 60
132463.14768749988 132995.36068749987 86 57
135511.9133124999 135631.43518749988 86 52
167812.12071249995 170014.37271249996 86 50
172035.17421249996 173542.71171249996 86 45
54157.57628958335 54424.30516458335 87 57
103087.15204999992 103658.00218333324 87 64
105300.5485124999 105866.58601249989 87 45
123065.47855208318 123340.04509999986 88 59
135631.43518749988 135890.43124374986 89 60
144156.94268749998 144651.0600875 89 76
170014.37271249996 172336.68171249997 89 50
122795.53523541651 122999.21501666651 91 69
140277.52593749994 140877.04781249998 92 76
172336.68171249997 174145.72671249998 92 53
