126623.70837916632 127096.14937916632 31 21
127096.14937916632 127568.59037916633 31 17
127568.59037916633 128041.03137916632 31 17
128041.03137916632 128513.47237916633 31 17
128513.47237916633 128985.91337916633 31 17
128985.91337916633 129458.35437916634 31 17
129458.35437916634 129930.79537916635 31 17
129930.79537916635 130385.34087916634 31 17
130385.34087916634 130871.3701291663 31 17
130871.3701291663 131347.5606291663 31 21
131347.5606291663 131823.7511291663 31 17
131823.7511291663 132299.9416291663 31 17
132299.9416291663 132776.1321291663 31 17
132776.1321291663 133252.3226291663 31 17
133252.3226291663 133728.51312916633 31 17
133728.51312916633 134203.76625416632 31 17
134203.76625416632 134658.3117541663 31 17
134658.3117541663 135132.9835041663 31 17
135132.9835041663 135605.4245041663 31 21
135605.4245041663 136077.86550416632 31 17
136077.86550416632 136550.3065041663 31 17
136550.3065041663 137022.74750416633 31 17
137022.74750416633 137495.18850416632 31 17
137495.18850416632 137967.6295041663 31 17
137967.6295041663 138440.07050416633 31 17
138440.07050416633 138898.0860041663 31 17
138898.0860041663 139374.5467541663 31 17
139374.5467541663 140265.1717541663 31 48
39359.64566249995 40875.42857916662 34 26
41629.24575624995 42132.056152083285 34 27
43022.207756249954 43517.48223541662 34 28
44414.42925624995 45096.24725624995 34 29
71597.48342291662 75766.23906041653 34 35
113152.40437916634 114054.66037916634 34 44
151864.56975416632 152755.19475416632 34 48
232185.68014999977 233987.67974374988 34 26
143537.88775416632 144428.51275416632 36 48
257284.69941041642 259149.356689583 37 32
113603.53237916634 114071.57767916634 38 39
258645.38841041634 260403.41743124963 38 53
40713.214756249945 41645.374789583286 39 20
42113.116756249954 43046.01728124995 39 22
43498.39825624995 44454.20197291661 39 21
45096.24725624995 46990.984256249954 39 21
46990.984256249954 48290.98436458328 39 19
50337.334256249946 51289.955256249945 39 32
59029.48683958328 59982.10783958329 39 37
156027.91075416637 156918.53575416637 39 48
192871.6150041664 193332.4445041664 39 25
233539.2492437499 234897.64874374986 39 27
237641.54024374983 238554.91774374986 39 32
246149.7998270831 247077.99882708312 39 37
266876.9044104161 271045.66004791635 39 35
308421.52536666684 309323.78136666684 39 44
317217.3513666668 321177.4953041667 39 26
104808.67864999971 107693.69237916636 41 35
107693.69237916636 109284.77847916637 41 45
114054.66037916634 114956.91637916633 41 39
116744.88937916631 117255.9007166663 41 33
117687.0031291663 118618.8154541663 41 33
119066.3961291663 120022.01046249962 41 33
120482.42712916629 120981.17712916629 41 38
120951.17712916629 121595.18496249962 41 39
147701.22875416628 148591.85375416628 41 48
246619.2833270831 247547.48232708313 42 40
20539.128249999976 21394.984199999977 43 48
20989.57874999998 21440.029249999978 43 29
21440.029249999978 21890.479749999977 43 29
21890.479749999977 22340.930249999976 43 29
22340.930249999976 22791.380749999975 43 27
22791.380749999975 23241.831249999974 43 27
23241.831249999974 23692.28174999997 43 29
23692.28174999997 24142.73224999997 43 25
24142.73224999997 24604.27074999997 43 25
40713.214756249945 41645.374789583286 43 24
42113.116756249954 43046.01728124995 43 26
43498.39825624995 44454.20197291661 43 25
46990.984256249954 48290.98436458328 43 23
50821.205256249945 51769.955256249945 43 32
59513.35783958329 60462.10783958328 43 40
126623.70837916632 127096.14937916632 43 25
127096.14937916632 127568.59037916633 43 21
127568.59037916633 128041.03137916632 43 21
128041.03137916632 128513.47237916633 43 21
128513.47237916633 128985.91337916633 43 21
128985.91337916633 129458.35437916634 43 21
129458.35437916634 129930.79537916635 43 21
129930.79537916635 130385.34087916634 43 21
130385.34087916634 130871.3701291663 43 21
130871.3701291663 131347.5606291663 43 25
131347.5606291663 131823.7511291663 43 21
131823.7511291663 132299.9416291663 43 21
132299.9416291663 132776.1321291663 43 21
132776.1321291663 133252.3226291663 43 21
133252.3226291663 133728.51312916633 43 21
133728.51312916633 134203.76625416632 43 21
134203.76625416632 134658.3117541663 43 21
134658.3117541663 135132.9835041663 43 21
135132.9835041663 135605.4245041663 43 25
135605.4245041663 136077.86550416632 43 21
136077.86550416632 136550.3065041663 43 21
136550.3065041663 137022.74750416633 43 21
137022.74750416633 137495.18850416632 43 21
137495.18850416632 137967.6295041663 43 21
137967.6295041663 138440.07050416633 43 21
138440.07050416633 138898.0860041663 43 21
138898.0860041663 139374.5467541663 43 21
139374.5467541663 140265.1717541663 43 60
139843.2967541663 140312.0467541663 43 20
140312.0467541663 140780.7967541663 43 20
140780.7967541663 141249.5467541663 43 23
141249.5467541663 141711.08525416633 43 20
141711.08525416633 142162.21325416633 43 20
142162.21325416633 142606.65775416628 43 24
142606.65775416628 143068.88000416628 43 23
143068.88000416628 143537.88775416632 43 24
213410.74325416633 214266.5992041663 43 48
213861.19375416634 214311.6442541663 43 29
214311.6442541663 214762.0947541663 43 29
214762.0947541663 215212.5452541663 43 29
215212.5452541663 215662.99575416627 43 27
215662.99575416627 216113.44625416625 43 27
216113.44625416625 216563.89675416626 43 29
216563.89675416626 217014.34725416623 43 25
217014.34725416623 217475.88575416626 43 25
233539.2492437499 234897.64874374986 43 27
238092.66824374985 239024.40124374986 43 32
308872.6533666668 309340.6986666668 43 39
20075.357499999976 20910.749912499978 44 43
24604.27074999997 25052.031749999973 44 31
25052.031749999973 25499.79274999997 44 27
25499.79274999997 25964.90924999997 44 27
25964.90924999997 26409.353749999973 44 31
26409.353749999973 26853.79824999997 44 27
26853.79824999997 27298.242749999972 44 27
27298.242749999972 27742.68724999997 44 31
27742.68724999997 28187.131749999975 44 25
28187.131749999975 28648.484374999975 44 25
40255.19925624994 40875.42857916662 44 22
41629.24575624995 42132.056152083285 44 32
43022.207756249954 43517.48223541662 44 34
44414.42925624995 45096.24725624995 44 35
45096.24725624995 47027.826364583285 44 25
212946.97250416633 213782.36491666632 44 43
217475.88575416626 218337.42430416626 44 32
217937.42425416628 218381.86875416624 44 29
218381.86875416624 218836.64925416626 44 29
218836.64925416626 219277.82575416626 44 34
219277.82575416626 219719.00225416626 44 29
219719.00225416626 220160.1787541663 44 33
220160.1787541663 220601.35525416626 44 37
220601.35525416626 221031.57881666624 44 30
221031.57881666624 221476.25798749953 44 30
233081.23374374985 233987.67974374988 44 22
262800.0744104163 264163.95886666625 44 32
107693.69237916636 108258.45675416637 45 45
264158.1449104162 265522.02936666616 45 32
19634.82899999998 20295.621749999977 46 40
20989.57874999998 21440.029249999978 46 29
21440.029249999978 21890.479749999977 46 29
21890.479749999977 22340.930249999976 46 29
22340.930249999976 22791.380749999975 46 27
22791.380749999975 23241.831249999974 46 27
23241.831249999974 23692.28174999997 46 29
23692.28174999997 24142.73224999997 46 25
24142.73224999997 24604.27074999997 46 25
28670.223499999975 29128.238999999972 46 29
29128.238999999972 29569.415499999974 46 23
29569.415499999974 30010.591999999975 46 23
30010.591999999975 30451.768499999976 46 20
30451.768499999976 30892.944999999978 46 18
30892.944999999978 31334.121499999976 46 17
31334.121499999976 31753.969041666634 46 20
31792.13699999997 32230.092999999968 46 17
32230.092999999968 32706.28349999997 46 16
35353.67999999997 36869.65105624996 46 26
39359.64566249995 40703.67276666661 46 31
51289.955256249945 52233.66496458327 46 32
53210.13825624995 54167.846297916614 46 36
54143.80783958328 54720.73083958328 46 33
59982.10783958329 60945.97883958328 46 44
72059.0219229166 72520.56042291659 46 29
72520.56042291659 72982.09892291657 46 29
72982.09892291657 73443.63742291657 46 32
73443.63742291657 73905.17592291656 46 29
73905.17592291656 74381.36642291656 46 29
74381.36642291656 74839.38192291654 46 32
74839.38192291654 75297.39742291653 46 27
75297.39742291653 75754.78867291652 46 27
75754.78867291652 76212.80417291653 46 32
76212.80417291653 76651.73569374984 46 28
76670.8196729165 77104.58631874985 46 28
77123.96617291652 77581.98167291653 46 32
77581.98167291653 78039.99717291651 46 28
78039.99717291651 78478.75488124987 46 28
78498.43992291653 78959.97842291652 46 32
78959.97842291652 79421.5169229165 46 28
79421.5169229165 79886.6611729165 46 28
79886.6611729165 80344.67667291651 46 32
80344.67667291651 80802.6921729165 46 28
80802.6921729165 81269.79517291649 46 28
81269.79517291649 81727.81067291647 46 32
81727.81067291647 82185.82617291647 46 28
82185.82617291647 82643.84167291645 46 28
82643.84167291645 83101.85717291645 46 32
83101.85717291645 83559.87267291645 46 28
83559.87267291645 84008.88042291647 46 28
84028.88042291645 84486.89592291645 46 32
84486.89592291645 84925.82744374976 46 28
84944.91142291644 85383.7536520831 46 28
85403.59492291644 85865.13342291645 46 32
85865.13342291645 86307.4411520831 46 28
86326.67192291643 86767.08788124977 46 28
86786.77292291643 87248.31142291642 46 32
87248.31142291642 87709.8499229164 46 28
87709.8499229164 88180.6191729164 46 28
88180.6191729164 89148.11007916639 46 32
105294.84448333304 105894.23927708305 46 24
105775.19165208306 106267.2395624997 46 25
106249.5230249997 106834.3031624997 46 31
106718.0240374997 107247.25452291637 46 34
107180.96663749969 107710.60967916637 46 38
109091.16937916637 109993.42537916637 46 44
114505.78837916633 115408.04437916633 46 44
117214.56212916631 117933.2716791663 46 34
118582.5251291663 119274.41150208295 46 34
119982.42712916629 120650.39587916629 46 34
121814.96512916632 124575.06565624964 46 29
151864.56975416632 152755.19475416632 46 60
152333.31975416632 152802.06975416632 46 20
152802.06975416632 153270.81975416632 46 20
153270.81975416632 153739.56975416632 46 23
153739.56975416632 154201.10825416635 46 20
154201.10825416635 154652.23625416632 46 20
154652.23625416632 155096.68075416633 46 24
155096.68075416633 155558.90300416635 46 23
155558.90300416635 156027.91075416637 46 24
176437.3617541661 177792.9490041661 46 41
179597.84750416607 180042.29200416608 46 39
180042.29200416608 180498.88925416608 46 39
180498.88925416608 183659.37500416604 46 41
183659.37500416604 184103.81950416605 46 39
184103.81950416605 184560.416754166 46 39
184560.416754166 185512.33991041608 46 39
212506.4440041663 213167.23675416634 46 40
213861.19375416634 214311.6442541663 46 29
214311.6442541663 214762.0947541663 46 29
214762.0947541663 215212.5452541663 46 29
215212.5452541663 215662.99575416627 46 27
215662.99575416627 216113.44625416625 46 27
216113.44625416625 216563.89675416626 46 29
216563.89675416626 217014.34725416623 46 25
217014.34725416623 217475.88575416626 46 25
221496.25798749956 221954.27348749954 46 29
221954.27348749954 222395.44998749954 46 23
222395.44998749954 222836.62648749957 46 23
222836.62648749957 223277.80298749957 46 26
223277.80298749957 223718.97948749957 46 23
223718.97948749957 224160.1559874996 46 22
224160.1559874996 224580.00352916634 46 25
224618.17148749967 225056.12748749967 46 22
225056.12748749967 225532.31798749967 46 21
228179.71448749973 229695.68554374974 46 26
232185.68014999977 233529.70725416654 46 31
238554.91774374986 239488.1109520832 46 32
240457.25974374983 241414.9677854165 46 36
241390.92932708314 241967.85232708315 46 33
247077.99882708312 248024.4298270831 46 44
265516.2154104162 267094.21212083276 46 32
300077.79963750025 302962.81336666684 46 35
302962.81336666684 304538.8618666669 46 45
309323.78136666684 310226.0373666668 46 39
312014.01036666683 312525.0217041668 46 33
312956.1241166668 313887.9364416668 46 33
314335.5171166668 315291.13145000016 46 33
315751.5481166668 316970.43786666676 46 38
317217.3513666668 321177.4953041667 46 26
120716.80212916629 120981.17712916629 47 42
139843.2967541663 140312.0467541663 47 20
140312.0467541663 140780.7967541663 47 20
140780.7967541663 141249.5467541663 47 23
141249.5467541663 141711.08525416633 47 20
141711.08525416633 142162.21325416633 47 20
142162.21325416633 142606.65775416628 47 24
142606.65775416628 143068.88000416628 47 23
143068.88000416628 143537.88775416632 47 24
176202.9867541661 176579.40722291614 47 35
254562.00241041646 255929.16486666643 47 32
24604.27074999997 25052.031749999973 48 31
25052.031749999973 25499.79274999997 48 27
25499.79274999997 25964.90924999997 48 27
25964.90924999997 26409.353749999973 48 31
26409.353749999973 26853.79824999997 48 27
26853.79824999997 27298.242749999972 48 27
27298.242749999972 27742.68724999997 48 31
27742.68724999997 28187.131749999975 48 25
28187.131749999975 28648.484374999975 48 25
87940.6191729164 88401.77303749972 48 38
108144.82037916637 108722.31675416637 48 33
108599.36587916638 109284.77847916637 48 32
116744.88937916631 117214.56212916631 48 39
117687.0031291663 118582.5251291663 48 39
119066.3961291663 119982.42712916629 48 39
120482.42712916629 120951.17712916629 48 45
120951.17712916629 121485.2948791663 48 52
143537.88775416632 144428.51275416632 48 60
144006.63775416632 144475.38775416632 48 20
144475.38775416632 144944.13775416632 48 20
144944.13775416632 145412.88775416632 48 23
145412.88775416632 145874.42625416635 48 20
145874.42625416635 146325.55425416632 48 20
146325.55425416632 146769.9987541663 48 24
146769.9987541663 147232.2210041663 48 23
147232.2210041663 147701.22875416628 48 24
175085.1920041661 175536.32000416613 48 41
176664.63450416614 176906.72207083282 48 34
177114.12950416614 177351.16657083278 48 36
177558.5740041661 177806.20658124943 48 37
179597.84750416607 180023.77348333274 48 41
180264.51425416608 180640.93472291608 48 35
217475.88575416626 218337.42430416626 48 34
217937.42425416628 218381.86875416624 48 29
218381.86875416624 218836.64925416626 48 29
218836.64925416626 219277.82575416626 48 34
219277.82575416626 219719.00225416626 48 29
219719.00225416626 220160.1787541663 48 33
220160.1787541663 220601.35525416626 48 37
220601.35525416626 221031.57881666624 48 30
221031.57881666624 221476.25798749953 48 30
255923.35091041646 257290.5133666664 49 32
8279.033500000001 8732.8915 50 18
8732.8915 9180.084749999998 50 15
9180.084749999998 9620.613249999999 50 15
9620.613249999999 10077.930249999996 50 17
10077.930249999996 10535.247249999997 50 15
10535.247249999997 10992.564249999996 50 15
10992.564249999996 11449.881249999993 50 18
11449.881249999993 11907.198249999994 50 15
11907.198249999994 12377.402749999992 50 15
12377.402749999992 12831.260749999994 50 18
12831.260749999994 13285.118749999994 50 15
13285.118749999994 13738.976749999994 50 15
13738.976749999994 14192.834749999995 50 17
14192.834749999995 14646.692749999995 50 15
14646.692749999995 15097.168749999995 50 15
15097.168749999995 15544.262749999994 50 18
15544.262749999994 15991.356749999994 50 15
15991.356749999994 16464.487749999993 50 15
41629.24575624995 42132.056152083285 50 33
43022.207756249954 43517.48223541662 50 34
44414.42925624995 45096.24725624995 50 36
45096.24725624995 47027.826364583285 50 23
79421.5169229165 79839.7861729165 50 38
79886.6611729165 80823.68454999985 50 51
87709.8499229164 88132.6191729164 50 38
89594.53867291639 90562.02957916638 50 23
105294.84448333304 105894.23927708305 50 29
105775.19165208306 106267.2395624997 50 30
106249.5230249997 106834.3031624997 50 38
106718.0240374997 107247.25452291637 50 41
107180.96663749969 107710.60967916637 50 45
109542.29737916637 110010.34267916637 50 39
114956.91637916633 115419.23840416632 50 38
117214.56212916631 117933.2716791663 50 40
118582.5251291663 119274.41150208295 50 40
119982.42712916629 120650.39587916629 50 40
123330.11637916631 124575.06565624964 50 35
139843.2967541663 140312.0467541663 50 20
140312.0467541663 140780.7967541663 50 20
140780.7967541663 141249.5467541663 50 23
141249.5467541663 141711.08525416633 50 20
141711.08525416633 142162.21325416633 50 20
142162.21325416633 142606.65775416628 50 24
142606.65775416628 143068.88000416628 50 23
143068.88000416628 143537.88775416632 50 24
172375.8342541662 172830.3797541662 50 41
173497.04650416618 173744.6790812495 50 37
175310.75600416615 175556.6903770828 50 38
175758.54225416612 175993.72746874945 50 35
176891.90725416614 177336.35175416613 50 41
177792.9490041661 178247.49450416607 50 41
178691.93900416605 179146.71950416605 50 41
179372.28350416606 179618.21787708273 50 38
179820.06975416606 180055.25496874942 50 35
180498.88925416608 180953.43475416608 50 41
181397.87925416607 181854.47650416606 50 41
184560.416754166 185512.33991041608 50 39
201150.6485041664 201604.50650416638 50 21
201604.50650416638 202051.69975416642 50 17
202051.69975416642 202492.2282541664 50 17
202492.2282541664 202949.5452541664 50 19
202949.5452541664 203406.86225416645 50 17
203406.86225416645 203864.17925416646 50 17
203864.17925416646 204321.49625416644 50 20
204321.49625416644 204778.81325416642 50 17
204778.81325416642 205249.01775416645 50 17
205249.01775416645 205702.87575416642 50 21
205702.87575416642 206156.73375416643 50 17
206156.73375416643 206610.5917541664 50 17
206610.5917541664 207064.4497541664 50 20
207064.4497541664 207518.30775416637 50 19
207518.30775416637 207968.78375416633 50 20
207968.78375416633 208415.87775416634 50 25
208415.87775416634 208862.97175416633 50 22
208862.97175416633 209336.10275416635 50 22
260073.9599104163 261444.53986666634 50 43
302962.81336666684 303527.5777416669 50 52
303413.94136666687 303991.43774166686 50 33
303868.4868666668 304538.8618666669 50 32
316494.0398666668 316970.43786666676 50 47
317217.3513666668 319431.11892916675 50 31
460.8295 921.659 51 15
921.659 1382.4885 51 15
1382.4885 1843.318 51 17
1843.318 2304.1475 51 15
2304.1475 2764.977 51 15
2764.977 3225.8065000000006 51 18
3225.8065000000006 3686.6360000000004 51 15
3686.6360000000004 4166.634750000001 51 15
4166.634750000001 4623.951750000002 51 18
4623.951750000002 5081.268750000001 51 15
5081.268750000001 5538.585750000001 51 15
5538.585750000001 5995.902750000001 51 17
5995.902750000001 6453.21975 51 15
6453.21975 6910.53675 51 15
6910.53675 7367.85375 51 18
7367.85375 7811.6407500000005 51 15
7811.6407500000005 8279.033500000001 51 15
16464.487749999993 16918.34574999999 51 18
16918.34574999999 17372.203749999986 51 15
17372.203749999986 17826.061749999983 51 15
17826.061749999983 18279.919749999983 51 17
18279.919749999983 18733.77774999998 51 15
18733.77774999998 19187.635749999976 51 15
19187.635749999976 19855.09324999998 51 36
20989.57874999998 21440.029249999978 51 35
21440.029249999978 21890.479749999977 51 35
21890.479749999977 22340.930249999976 51 35
22340.930249999976 22791.380749999975 51 32
22791.380749999975 23241.831249999974 51 32
23241.831249999974 23692.28174999997 51 35
23692.28174999997 24142.73224999997 51 30
24142.73224999997 24604.27074999997 51 30
24604.27074999997 25052.031749999973 51 38
25052.031749999973 25499.79274999997 51 33
25499.79274999997 25964.90924999997 51 33
28670.223499999975 29128.238999999972 51 29
29128.238999999972 29569.415499999974 51 23
29569.415499999974 30010.591999999975 51 23
30010.591999999975 30451.768499999976 51 20
30451.768499999976 30892.944999999978 51 18
30892.944999999978 31334.121499999976 51 17
32706.28349999997 33989.527899999965 51 26
36677.79049999997 37981.142349999966 51 26
39359.64566249995 40703.67276666661 51 28
40713.214756249945 41645.374789583286 51 28
42113.116756249954 43046.01728124995 51 28
43498.39825624995 44454.20197291661 51 28
46990.984256249954 48290.98436458328 51 25
51769.955256249945 52706.58221458328 51 36
54720.73083958328 57577.873839583284 51 32
60462.10783958328 61377.081252083284 51 49
67506.99842291661 68898.90350208327 51 35
79190.74767291652 79652.2861729165 51 38
79652.2861729165 79936.27951874984 51 38
87479.0806729164 87940.6191729164 51 38
107693.69237916636 108258.45675416637 51 54
108144.82037916637 108722.31675416637 51 39
108599.36587916638 109284.77847916637 51 38
117096.45187916631 117255.9007166663 51 36
118358.64462916629 118618.8154541663 51 34
119753.41937916628 120022.01046249962 51 34
121191.17712916629 121595.18496249962 51 48
121814.96512916632 123357.89415208298 51 35
156027.91075416637 156918.53575416637 51 60
156496.66075416637 156965.41075416637 51 20
156965.41075416637 157434.16075416637 51 20
157434.16075416637 157902.91075416637 51 23
157902.91075416637 158364.44925416636 51 20
158364.44925416636 158815.57725416636 51 21
158815.57725416636 159241.50323333303 51 26
159260.02175416637 159722.2440041664 51 27
159722.2440041664 160191.2517541664 51 29
160191.2517541664 161105.05657083308 51 24
172603.10700416623 172845.1945708329 51 34
173052.6020041662 173289.63907083287 51 36
173731.42150416618 174185.96700416613 51 41
174852.6337541661 175119.0266041661 51 37
175536.32000416613 175962.2459833328 51 41
175980.76450416615 176437.3617541661 51 41
178020.22175416606 178262.30932083275 51 34
178469.71675416606 178717.86493333272 51 36
179146.71950416605 179579.05050416608 51 41
180042.29200416608 180479.35800416608 51 41
180726.1620041661 180968.24957083276 51 34
181175.65700416607 181412.69407083275 51 36
181620.10150416606 181867.7340812494 51 37
183659.37500416604 184085.3009833327 51 41
184326.041754166 184670.03214791603 51 35
193332.4445041664 193793.2740041664 51 17
193793.2740041664 194254.10350416639 51 17
194254.10350416639 194714.93300416638 51 19
194714.93300416638 195175.76250416637 51 17
195175.76250416637 195636.59200416633 51 17
195636.59200416633 196097.42150416636 51 20
196097.42150416636 196558.25100416635 51 17
196558.25100416635 197038.24975416635 51 17
197038.24975416635 197495.56675416633 51 21
197495.56675416633 197952.88375416634 51 17
197952.88375416634 198410.20075416638 51 17
198410.20075416638 198867.51775416636 51 19
198867.51775416636 199324.83475416637 51 17
199324.83475416637 199782.15175416638 51 17
199782.15175416638 200239.4687541664 51 20
200239.4687541664 200683.2557541664 51 17
200683.2557541664 201150.6485041664 51 17
209336.10275416635 209789.96075416636 51 21
209789.96075416636 210243.81875416634 51 17
210243.81875416634 210697.67675416634 51 17
210697.67675416634 211151.5347541663 51 19
211151.5347541663 211605.3927541663 51 17
211605.3927541663 212059.2507541663 51 17
212059.2507541663 212726.70825416633 51 36
213861.19375416634 214311.6442541663 51 35
214311.6442541663 214762.0947541663 51 35
214762.0947541663 215212.5452541663 51 35
215212.5452541663 215662.99575416627 51 32
215662.99575416627 216113.44625416625 51 32
216113.44625416625 216563.89675416626 51 35
216563.89675416626 217014.34725416623 51 30
217014.34725416623 217475.88575416626 51 30
217475.88575416626 218337.42430416626 51 48
217937.42425416628 218381.86875416624 51 35
218381.86875416624 218836.64925416626 51 35
221496.25798749956 221954.27348749954 51 29
221954.27348749954 222395.44998749954 51 23
222395.44998749954 222836.62648749957 51 23
222836.62648749957 223277.80298749957 51 26
223277.80298749957 223718.97948749957 51 23
223718.97948749957 224160.1559874996 51 22
225532.31798749967 226815.5623874997 51 26
229503.82498749974 230807.17683749975 51 26
232185.68014999977 233529.70725416654 51 28
233539.2492437499 234436.1102437499 51 30
239024.40124374986 239954.00888958317 51 36
241967.85232708315 244741.34932708312 51 32
247547.48232708313 248446.2324958331 51 49
261438.72591041634 262805.8883666663 51 40
267338.4429104161 267799.98141041613 51 29
267799.98141041613 268261.51991041616 51 29
268261.51991041616 268723.0584104162 51 32
268723.0584104162 269184.5969104162 51 29
269184.5969104162 269660.7874104162 51 29
269660.7874104162 270118.8029104162 51 32
270118.8029104162 270576.81841041625 51 27
270576.81841041625 271034.2096604163 51 27
271034.2096604163 271492.22516041633 51 32
271492.22516041633 271931.15668124973 51 28
271950.24066041637 272384.0073062497 51 28
272403.3871604164 272861.4026604164 51 32
272861.4026604164 273319.4181604164 51 28
273319.4181604164 273758.17586874973 51 28
273777.8609104164 274239.39941041643 51 32
274239.39941041643 274700.9379104164 51 28
274700.9379104164 275166.08216041635 51 28
275166.08216041635 275624.09766041633 51 32
275624.09766041633 276082.1131604163 51 28
276082.1131604163 276549.21616041637 51 28
276549.21616041637 277007.23166041647 51 32
277007.23166041647 277465.2471604165 51 28
277465.2471604165 277923.26266041654 51 28
277923.26266041654 278380.2909104165 51 32
278380.2909104165 278832.09791041655 51 28
278832.09791041655 279278.0014104166 51 28
279298.00141041656 279756.01691041666 51 32
279756.01691041666 280194.94843125 51 28
280214.0324104167 280652.87463958334 51 28
280672.7159104167 281134.25441041664 51 32
281134.25441041664 281576.56213958334 51 28
281595.7929104167 282036.2088687501 51 28
282055.89391041675 282517.4324104167 51 32
282517.4324104167 282978.9709104166 51 28
282978.9709104166 283449.74016041664 51 28
283449.74016041664 284417.2310666666 51 32
300563.9654708336 301163.36026458355 51 24
301044.31263958354 301536.3605500002 51 27
301518.6440125002 302103.42415000027 51 35
301987.14502500027 302516.3755104169 51 41
302450.0876250003 302979.7306666669 51 47
304360.2903666669 305262.54636666685 51 44
309774.9093666668 310677.1653666668 51 44
312483.6831166668 313202.3926666668 51 34
313851.6461166668 314543.5324895835 51 34
315251.5481166668 315924.93522500014 51 34
319391.26386666676 321177.4953041667 51 25
25964.90924999997 26409.353749999973 52 38
26409.353749999973 26853.79824999997 52 33
26853.79824999997 27298.242749999972 52 33
68871.9804229166 70254.79420416661 52 35
95217.04667291639 96178.58523124973 52 23
115408.04437916633 115868.57909583299 52 34
218836.64925416626 219277.82575416626 52 41
219277.82575416626 219719.00225416626 52 35
219719.00225416626 220160.1787541663 52 39
315993.48361666675 316267.74671041674 52 43
12377.402749999992 12831.260749999994 53 18
12831.260749999994 13285.118749999994 53 15
13285.118749999994 13738.976749999994 53 15
13738.976749999994 14192.834749999995 53 17
14192.834749999995 14646.692749999995 53 15
14646.692749999995 15097.168749999995 53 15
15097.168749999995 15544.262749999994 53 18
15544.262749999994 15991.356749999994 53 15
15991.356749999994 16464.487749999993 53 15
27298.242749999972 27742.68724999997 53 38
27742.68724999997 28187.131749999975 53 30
28187.131749999975 28648.484374999975 53 30
31334.121499999976 31753.969041666634 53 20
31792.13699999997 32230.092999999968 53 17
32230.092999999968 32706.28349999997 53 16
39741.32524583328 39808.11917291661 53 27
40246.075172916615 40703.67276666661 53 28
40255.19925624994 40713.214756249945 53 27
41629.24575624995 42132.056152083285 53 39
43022.207756249954 43517.48223541662 53 40
44414.42925624995 45096.24725624995 53 36
45096.24725624995 47027.826364583285 53 23
70225.72442291661 71814.79113333327 53 35
78262.21942291653 78498.43992291653 53 38
78498.43992291653 79375.36307291652 53 51
87248.31142291642 87663.69607291641 53 38
89594.53867291639 90562.02957916638 53 23
96623.4671729164 99388.92152291638 53 35
99388.92152291638 101357.01389791637 53 37
109993.42537916637 110895.68137916636 53 39
112683.65437916634 113346.01347916634 53 37
115855.80537916631 116817.15500416631 53 39
130871.3701291663 133680.89407916632 53 25
139843.2967541663 140312.0467541663 53 26
140312.0467541663 140780.7967541663 53 26
140780.7967541663 141249.5467541663 53 29
141249.5467541663 141711.08525416633 53 26
141711.08525416633 142162.21325416633 53 26
142162.21325416633 142606.65775416628 53 30
142606.65775416628 143068.88000416628 53 30
143068.88000416628 143537.88775416632 53 31
147701.22875416628 148591.85375416628 53 60
148169.97875416628 148638.72875416628 53 20
148638.72875416628 149107.47875416628 53 20
149107.47875416628 149576.22875416628 53 23
149576.22875416628 150037.7672541663 53 20
150037.7672541663 150488.8952541663 53 20
150488.8952541663 150933.33975416626 53 24
150933.33975416626 151395.5620041663 53 24
151395.5620041663 151864.56975416632 53 26
152333.31975416632 152802.06975416632 53 20
152802.06975416632 153270.81975416632 53 20
153270.81975416632 153739.56975416632 53 23
153739.56975416632 154201.10825416635 53 20
154201.10825416635 154652.23625416632 53 20
154652.23625416632 155096.68075416633 53 24
155096.68075416633 155558.90300416635 53 23
155558.90300416635 156027.91075416637 53 24
169669.89400416624 170124.43950416622 53 41
170791.10625416617 171057.4991041662 53 37
172830.3797541662 173274.8242541662 53 41
173274.8242541662 173731.42150416618 53 41
173958.69425416616 174200.7818208328 53 34
174408.18925416612 174656.33743333278 53 36
178247.49450416607 178691.93900416605 53 41
178914.16125416604 179180.55410416605 53 37
180953.43475416608 181397.87925416607 53 41
181854.47650416606 182309.02200416604 53 41
182753.466504166 183208.24700416598 53 41
183433.81100416603 183679.7453770827 53 38
183881.59725416603 184116.78246874936 53 35
184560.416754166 185512.33991041608 53 39
205249.01775416645 205702.87575416642 53 21
205702.87575416642 206156.73375416643 53 17
206156.73375416643 206610.5917541664 53 17
206610.5917541664 207064.4497541664 53 20
207064.4497541664 207518.30775416637 53 19
207518.30775416637 207968.78375416633 53 20
207968.78375416633 208415.87775416634 53 25
208415.87775416634 208862.97175416633 53 22
208862.97175416633 209336.10275416635 53 22
220160.1787541663 220601.35525416626 53 44
220601.35525416626 221031.57881666624 53 36
221031.57881666624 221476.25798749953 53 36
224160.1559874996 224580.00352916634 53 25
224618.17148749967 225056.12748749967 53 22
225056.12748749967 225532.31798749967 53 21
232567.35973333317 232634.15366041652 53 27
233072.10966041652 233529.70725416654 53 28
233081.23374374985 233539.2492437499 53 27
251835.8879104165 253206.46786666647 53 43
265981.33191041613 267094.21212083276 53 34
283209.74016041664 283670.894025 53 38
312014.01036666683 312483.6831166668 53 39
312956.1241166668 313851.6461166668 53 39
314335.5171166668 315251.5481166668 53 39
315751.5481166668 316215.2578250001 53 46
316235.4191166668 316817.56934583344 53 51
168314.30675416626 168768.8522541663 54 41
169435.51900416624 169683.15158124958 54 37
169897.16675416622 170139.2543208329 54 34
170346.6617541662 170594.80993333287 54 36
171023.6645041662 171474.7925041662 54 41
172141.4592541662 172517.8797229162 54 35
174185.96700416613 174630.4115041661 54 41
174630.4115041661 175085.1920041661 54 41
182081.74925416603 182323.8368208327 54 34
182531.244254166 182779.3924333327 54 36
183208.24700416598 183640.57800416602 54 41
184103.81950416605 184540.885504166 54 41
244741.34932708312 245680.31632708313 54 36
248024.4298270831 248928.2116145831 54 53
253200.65391041647 254567.81636666646 54 40
264623.2614104162 265522.02936666616 54 34
460.8295 921.659 55 15
921.659 1382.4885 55 15
1382.4885 1843.318 55 17
1843.318 2304.1475 55 15
2304.1475 2764.977 55 15
2764.977 3225.8065000000006 55 18
3225.8065000000006 3686.6360000000004 55 15
3686.6360000000004 4166.634750000001 55 15
4166.634750000001 4623.951750000002 55 18
4623.951750000002 5081.268750000001 55 15
5081.268750000001 5538.585750000001 55 15
5538.585750000001 5995.902750000001 55 17
5995.902750000001 6453.21975 55 15
6453.21975 6910.53675 55 15
6910.53675 7367.85375 55 18
7367.85375 7811.6407500000005 55 15
7811.6407500000005 8279.033500000001 55 15
17826.061749999983 18279.919749999983 55 17
18279.919749999983 18733.77774999998 55 15
18733.77774999998 19187.635749999976 55 15
28670.223499999975 29128.238999999972 55 35
29128.238999999972 29569.415499999974 55 28
29569.415499999974 30010.591999999975 55 28
30010.591999999975 30451.768499999976 55 25
30451.768499999976 30892.944999999978 55 21
30892.944999999978 31334.121499999976 55 21
32706.28349999997 33989.527899999965 55 31
36677.79049999997 37981.142349999966 55 31
39359.64566249995 39422.62279374995 55 34
39474.14953749996 39588.65341249995 55 34
39588.65341249995 39703.15728749995 55 33
39703.15728749995 39779.49320416661 55 32
39779.49320416661 39820.89288958328 55 27
48885.72125624994 49853.46325624995 55 32
50337.334256249946 52253.826256249944 55 38
52253.826256249944 53189.97696458328 55 38
56149.30233958328 57577.873839583284 55 30
57577.873839583284 58545.61583958328 55 36
60945.97883958328 61859.95212708329 55 53
78039.99717291651 78451.19582291653 55 45
87017.54217291642 87479.0806729164 55 38
93803.12717291639 94774.58633333306 55 23
144006.63775416632 144475.38775416632 55 20
144475.38775416632 144944.13775416632 55 20
144944.13775416632 145412.88775416632 55 23
145412.88775416632 145874.42625416635 55 20
145874.42625416635 146325.55425416632 55 20
146325.55425416632 146769.9987541663 55 24
146769.9987541663 147232.2210041663 55 23
147232.2210041663 147701.22875416628 55 24
193332.4445041664 193793.2740041664 55 17
193793.2740041664 194254.10350416639 55 17
194254.10350416639 194714.93300416638 55 19
194714.93300416638 195175.76250416637 55 17
195175.76250416637 195636.59200416633 55 17
195636.59200416633 196097.42150416636 55 20
196097.42150416636 196558.25100416635 55 17
196558.25100416635 197038.24975416635 55 17
197038.24975416635 197495.56675416633 55 21
197495.56675416633 197952.88375416634 55 17
197952.88375416634 198410.20075416638 55 17
198410.20075416638 198867.51775416636 55 19
198867.51775416636 199324.83475416637 55 17
199324.83475416637 199782.15175416638 55 17
199782.15175416638 200239.4687541664 55 20
200239.4687541664 200683.2557541664 55 17
200683.2557541664 201150.6485041664 55 17
210697.67675416634 211151.5347541663 55 19
211151.5347541663 211605.3927541663 55 17
211605.3927541663 212059.2507541663 55 17
221496.25798749956 221954.27348749954 55 35
221954.27348749954 222395.44998749954 55 28
222395.44998749954 222836.62648749957 55 28
222836.62648749957 223277.80298749957 55 32
223277.80298749957 223718.97948749957 55 27
223718.97948749957 224160.1559874996 55 27
225532.31798749967 226815.5623874997 55 31
229503.82498749974 230807.17683749975 55 31
232185.68014999977 232248.6572812498 55 34
232300.1840249998 232414.68789999982 55 34
232414.68789999982 232529.19177499984 55 33
232529.19177499984 232605.5276916665 55 32
232605.5276916665 232646.9273770832 55 27
233987.67974374988 234897.64874374986 55 28
234897.64874374986 235813.67974374985 55 34
237641.54024374983 239508.27224374985 55 38
239508.27224374985 240437.09845208318 55 38
243354.60082708314 244741.34932708312 55 30
266876.9044104161 268215.36606041616 55 34
274700.9379104164 275119.20716041635 55 38
275166.08216041635 276103.1055374997 55 51
282978.9709104166 283401.74016041664 55 38
284863.6596604166 285831.15056666656 55 23
300563.9654708336 301163.36026458355 55 29
301044.31263958354 301536.3605500002 55 32
301518.6440125002 302103.42415000027 55 43
301987.14502500027 302516.3755104169 55 49
302450.0876250003 302979.7306666669 55 55
304811.4183666669 305279.4636666669 55 39
310226.0373666668 310688.3593916668 55 38
312483.6831166668 313202.3926666668 55 40
313851.6461166668 314543.5324895835 55 40
315251.5481166668 315924.93522500014 55 40
319391.26386666676 321177.4953041667 55 27
8279.033500000001 8732.8915 56 18
8732.8915 9180.084749999998 56 15
9180.084749999998 9620.613249999999 56 15
9620.613249999999 10077.930249999996 56 17
10077.930249999996 10535.247249999997 56 15
10535.247249999997 10992.564249999996 56 15
10992.564249999996 11449.881249999993 56 18
11449.881249999993 11907.198249999994 56 15
11907.198249999994 12377.402749999992 56 15
12377.402749999992 12831.260749999994 56 18
12831.260749999994 13285.118749999994 56 15
13285.118749999994 13738.976749999994 56 15
13738.976749999994 14192.834749999995 56 17
14192.834749999995 14646.692749999995 56 15
14646.692749999995 15097.168749999995 56 15
15097.168749999995 15544.262749999994 56 18
15544.262749999994 15991.356749999994 56 15
15991.356749999994 16464.487749999993 56 15
16464.487749999993 16918.34574999999 56 18
16918.34574999999 17372.203749999986 56 15
17372.203749999986 17826.061749999983 56 15
31334.121499999976 31753.969041666634 56 24
31792.13699999997 32230.092999999968 56 20
32230.092999999968 32706.28349999997 56 20
36223.244999999966 36869.65105624996 56 29
38921.23149999996 39378.729641666614 56 28
39416.897599999946 39531.401474999955 56 27
39531.401474999955 39645.90534999995 56 29
39645.90534999995 39741.32524583328 56 27
39817.243256249945 40703.67276666661 56 34
54143.80783958328 54720.73083958328 56 39
54720.73083958328 56179.06424583328 56 38
64774.23092291663 66148.13737916661 56 43
130871.3701291663 133680.89407916632 56 25
135132.9835041663 137920.38540416633 56 25
152333.31975416632 152802.06975416632 56 26
152802.06975416632 153270.81975416632 56 26
153270.81975416632 153739.56975416632 56 29
153739.56975416632 154201.10825416635 56 26
154201.10825416635 154652.23625416632 56 26
154652.23625416632 155096.68075416633 56 30
155096.68075416633 155558.90300416635 56 30
155558.90300416635 156027.91075416637 56 31
166962.13700416626 167413.2650041663 56 41
168079.93175416626 168456.3522229163 56 35
168541.5795041663 168783.66707083298 56 34
168991.0745041663 169228.11157083293 56 36
170124.43950416622 170568.8840041662 56 41
170568.8840041662 171023.6645041662 56 41
171249.2285041662 171495.16287708285 56 38
171697.0147541662 171932.19996874954 56 35
182309.02200416604 182753.466504166 56 41
182975.68875416598 183242.08160416601 56 37
201150.6485041664 201604.50650416638 56 21
201604.50650416638 202051.69975416642 56 17
202051.69975416642 202492.2282541664 56 17
202492.2282541664 202949.5452541664 56 19
202949.5452541664 203406.86225416645 56 17
203406.86225416645 203864.17925416646 56 17
203864.17925416646 204321.49625416644 56 20
204321.49625416644 204778.81325416642 56 17
204778.81325416642 205249.01775416645 56 17
205249.01775416645 205702.87575416642 56 21
205702.87575416642 206156.73375416643 56 17
206156.73375416643 206610.5917541664 56 17
206610.5917541664 207064.4497541664 56 20
207064.4497541664 207518.30775416637 56 19
207518.30775416637 207968.78375416633 56 20
207968.78375416633 208415.87775416634 56 25
208415.87775416634 208862.97175416633 56 22
208862.97175416633 209336.10275416635 56 22
209336.10275416635 209789.96075416636 56 21
209789.96075416636 210243.81875416634 56 17
210243.81875416634 210697.67675416634 56 17
224160.1559874996 224580.00352916634 56 31
224618.17148749967 225056.12748749967 56 26
225056.12748749967 225532.31798749967 56 26
229049.27948749973 229695.68554374974 56 29
231747.26598749976 232204.76412916646 56 28
232242.9320874998 232357.43596249982 56 27
232357.43596249982 232471.93983749984 56 29
232471.93983749984 232567.35973333317 56 27
232643.27774374984 233529.70725416654 56 34
241390.92932708314 241967.85232708315 56 39
241967.85232708315 243383.49142083313 56 38
250407.31641041648 251864.9576916665 56 53
263265.19091041625 264163.95886666625 56 34
265981.33191041613 267094.21212083276 56 34
274470.1686604164 274931.70716041635 56 38
274931.70716041635 275215.7005062497 56 38
282748.2016604167 283209.74016041664 56 38
289072.24816041655 290043.70732083323 56 23
302962.81336666684 303527.5777416669 56 62
303413.94136666687 303991.43774166686 56 39
303868.4868666668 304538.8618666669 56 38
312365.57286666683 312525.0217041668 56 36
313627.7656166668 313887.9364416668 56 34
315022.5403666668 315291.13145000016 56 34
315751.5481166668 316235.4191166668 56 50
316235.4191166668 316846.98111666675 56 49
317217.3513666668 319431.11892916675 56 31
38406.93958333329 38483.27549999995 57 27
63345.65942291663 64803.30070416663 57 53
76891.4079229165 77123.96617291652 57 36
77123.96617291652 78052.96013749985 57 48
86550.55242291643 86786.77292291643 57 38
86786.77292291643 87202.15757291642 57 51
99388.92152291638 100312.05352291637 57 37
99846.93702291638 100784.49452291637 57 33
100312.05352291637 101357.01389791637 57 32
116744.88937916631 117255.9007166663 57 45
117687.0031291663 118618.8154541663 57 43
119066.3961291663 120022.01046249962 57 43
120482.42712916629 120981.17712916629 57 50
120951.17712916629 121595.18496249962 57 51
121814.96512916632 123357.89415208298 57 35
130158.06812916633 130623.43612916632 57 29
138669.07825416632 139130.64425416634 57 43
231232.97407083312 231309.3099874998 57 27
290486.1676604165 291447.70621874987 57 23
300077.79963750025 300321.7021375003 57 39
310677.1653666668 311137.7000833335 57 34
460.8295 921.659 58 18
921.659 1382.4885 58 18
1382.4885 1843.318 58 20
1843.318 2304.1475 58 18
2304.1475 2764.977 58 18
2764.977 3225.8065000000006 58 21
3225.8065000000006 3686.6360000000004 58 18
3686.6360000000004 4166.634750000001 58 18
4166.634750000001 4623.951750000002 58 22
4623.951750000002 5081.268750000001 58 18
5081.268750000001 5538.585750000001 58 18
5538.585750000001 5995.902750000001 58 20
5995.902750000001 6453.21975 58 18
6453.21975 6910.53675 58 18
6910.53675 7367.85375 58 21
7367.85375 7811.6407500000005 58 18
7811.6407500000005 8279.033500000001 58 18
8279.033500000001 8732.8915 58 22
8732.8915 9180.084749999998 58 18
9180.084749999998 9620.613249999999 58 18
9620.613249999999 10077.930249999996 58 20
10077.930249999996 10535.247249999997 58 18
10535.247249999997 10992.564249999996 58 18
10992.564249999996 11449.881249999993 58 21
11449.881249999993 11907.198249999994 58 18
11907.198249999994 12377.402749999992 58 18
12377.402749999992 12831.260749999994 58 22
12831.260749999994 13285.118749999994 58 18
13285.118749999994 13738.976749999994 58 18
13738.976749999994 14192.834749999995 58 20
14192.834749999995 14646.692749999995 58 18
14646.692749999995 15097.168749999995 58 18
15097.168749999995 15544.262749999994 58 21
15544.262749999994 15991.356749999994 58 18
15991.356749999994 16464.487749999993 58 18
16464.487749999993 16918.34574999999 58 22
16918.34574999999 17372.203749999986 58 18
17372.203749999986 17826.061749999983 58 18
17826.061749999983 18279.919749999983 58 20
18279.919749999983 18733.77774999998 58 18
18733.77774999998 19187.635749999976 58 18
35353.67999999997 36677.79049999997 58 31
37142.90699999996 37584.083499999964 58 38
37584.083499999964 38025.25999999996 58 38
38025.25999999996 38097.77912083329 58 34
38139.76387499997 38254.26774999996 58 34
38254.26774999996 38368.77162499996 58 33
38368.77162499996 38445.10754166662 58 32
38445.10754166662 38496.04921666662 58 27
44414.42925624995 45096.24725624995 58 43
45096.24725624995 47027.826364583285 58 28
49369.59225624995 50317.17296458328 58 37
50337.334256249946 52253.826256249944 58 38
52253.826256249944 52726.26725624995 58 36
52726.26725624995 53210.13825624995 58 40
53210.13825624995 54167.846297916614 58 43
54720.73083958328 57577.873839583284 58 28
57577.873839583284 58545.61583958328 58 43
58061.74483958328 59009.32554791662 58 40
61418.41983958329 61902.290839583286 58 57
62853.85592291663 63345.65942291663 58 54
66142.32342291661 67520.67029791661 58 40
76670.8196729165 76910.78777708318 58 43
86326.67192291643 86739.52882291643 58 45
89594.53867291639 90562.02957916638 58 28
93803.12717291639 94774.58633333306 58 23
95217.04667291639 96178.58523124973 58 23
97085.00567291638 98000.39036458306 58 24
97546.54417291639 98065.35100208304 58 25
98008.26438124971 98524.07179791636 58 32
98475.99487083303 99369.83754374972 58 35
98930.90602291637 99409.91389999971 58 39
100784.49452291637 101703.68617708304 58 38
110444.55337916636 111346.80937916636 58 44
115408.04437916633 116817.15500416631 58 50
117214.56212916631 117933.2716791663 58 48
118582.5251291663 119274.41150208295 58 48
119982.42712916629 120650.39587916629 58 48
123330.11637916631 124575.06565624964 58 39
144006.63775416632 144475.38775416632 58 26
144475.38775416632 144944.13775416632 58 26
144944.13775416632 145412.88775416632 58 29
145412.88775416632 145874.42625416635 58 26
145874.42625416635 146325.55425416632 58 26
146325.55425416632 146769.9987541663 58 30
146769.9987541663 147232.2210041663 58 30
147232.2210041663 147701.22875416628 58 31
156496.66075416637 156965.41075416637 58 20
156965.41075416637 157434.16075416637 58 20
157434.16075416637 157902.91075416637 58 23
157902.91075416637 158364.44925416636 58 20
158364.44925416636 158815.57725416636 58 21
158815.57725416636 159241.50323333303 58 26
159260.02175416637 159722.2440041664 58 27
159722.2440041664 160191.2517541664 58 29
164252.77925416635 164707.32475416636 58 41
165373.99150416633 165621.62408124964 58 37
167187.70100416627 167433.63537708294 58 38
167635.48725416628 167870.6724687496 58 35
168768.8522541663 169213.29675416625 58 41
169213.29675416625 169669.89400416624 58 41
171474.7925041662 171900.71848333286 58 41
171919.2370041662 172375.8342541662 58 41
180498.88925416608 180953.43475416608 58 44
181397.87925416607 181854.47650416606 58 45
184560.416754166 185021.95525416604 58 44
185714.26300416607 186183.12750416607 58 34
193332.4445041664 193793.2740041664 58 20
193793.2740041664 194254.10350416639 58 20
194254.10350416639 194714.93300416638 58 23
194714.93300416638 195175.76250416637 58 20
195175.76250416637 195636.59200416633 58 20
195636.59200416633 196097.42150416636 58 24
196097.42150416636 196558.25100416635 58 21
196558.25100416635 197038.24975416635 58 21
197038.24975416635 197495.56675416633 58 25
197495.56675416633 197952.88375416634 58 20
197952.88375416634 198410.20075416638 58 20
198410.20075416638 198867.51775416636 58 23
198867.51775416636 199324.83475416637 58 20
199324.83475416637 199782.15175416638 58 20
199782.15175416638 200239.4687541664 58 24
200239.4687541664 200683.2557541664 58 21
200683.2557541664 201150.6485041664 58 21
201150.6485041664 201604.50650416638 58 25
201604.50650416638 202051.69975416642 58 20
202051.69975416642 202492.2282541664 58 20
202492.2282541664 202949.5452541664 58 23
202949.5452541664 203406.86225416645 58 20
203406.86225416645 203864.17925416646 58 20
203864.17925416646 204321.49625416644 58 24
204321.49625416644 204778.81325416642 58 21
204778.81325416642 205249.01775416645 58 21
205249.01775416645 205702.87575416642 58 25
205702.87575416642 206156.73375416643 58 20
206156.73375416643 206610.5917541664 58 20
206610.5917541664 207064.4497541664 58 25
207064.4497541664 207518.30775416637 58 23
207518.30775416637 207968.78375416633 58 24
207968.78375416633 208415.87775416634 58 30
208415.87775416634 208862.97175416633 58 27
208862.97175416633 209336.10275416635 58 28
209336.10275416635 209789.96075416636 58 25
209789.96075416636 210243.81875416634 58 20
210243.81875416634 210697.67675416634 58 20
210697.67675416634 211151.5347541663 58 23
211151.5347541663 211605.3927541663 58 20
211605.3927541663 212059.2507541663 58 20
228179.71448749973 229503.82498749974 58 31
229968.94148749975 230410.11798749975 58 38
230410.11798749975 230851.29448749975 58 38
230851.29448749975 230923.81360833306 58 34
230965.7983624997 231080.30223749974 58 34
231080.30223749974 231194.80611249976 58 33
231194.80611249976 231271.14202916645 58 32
231271.14202916645 231322.08370416643 58 27
234436.1102437499 235355.66424374987 58 29
235355.66424374987 236282.42974374985 58 31
236282.42974374985 237179.29074374985 58 32
237641.54024374983 239508.27224374985 58 38
239508.27224374985 239973.38874374985 58 36
239973.38874374985 240457.25974374983 58 40
240457.25974374983 241414.9677854165 58 43
241967.85232708315 244741.34932708312 58 28
244741.34932708312 245680.31632708313 58 43
245210.83282708313 246130.23801458313 58 40
248486.67932708308 248970.5503270831 58 57
249915.51291041647 250407.31641041648 58 54
259597.76941041634 260403.41743124963 58 38
260984.18041041633 261444.53986666634 58 29
262348.94641041633 262805.8883666663 58 27
273541.6404104164 273777.8609104164 58 38
273777.8609104164 274654.7840604164 58 51
282517.4324104167 282932.8170604167 58 38
284863.6596604166 285831.15056666656 58 23
291892.5881604166 294658.0425104166 58 35
294658.0425104166 296626.13488541666 58 37
300199.7508875003 300362.3525541669 58 39
305262.54636666685 306164.80236666685 58 39
307952.77536666684 308609.4953666669 58 37
311124.9263666668 312086.27599166683 58 39
121485.2948791663 121705.07504583297 59 39
129458.35437916634 129883.55127916634 59 33
129930.79537916635 130339.88632916634 59 34
130385.34087916634 130821.78332916633 59 38
130871.3701291663 133680.89407916632 59 25
135132.9835041663 137920.38540416633 59 25
138440.07050416633 138852.28445416634 59 44
138898.0860041663 139325.76625416632 59 50
160191.2517541664 161105.05657083308 59 24
162900.60950416635 163351.73750416635 59 41
164018.40425416635 164394.82472291635 59 35
164480.05200416635 164722.13957083304 59 34
164929.54700416635 165166.58407083302 59 36
165608.36650416633 166062.91200416628 59 41
166729.57875416626 166995.97160416626 59 37
167413.2650041663 167839.19098333293 59 41
167857.70950416627 168314.30675416626 59 41
249436.38882708308 249936.00472291646 59 58
257749.81591041636 259149.356689583 59 34
258645.38841041634 259627.5313166663 59 68
260539.07641041634 261438.72591041634 59 40
261903.8424104163 262800.0744104163 59 40
263265.19091041625 264163.95886666625 59 34
300321.7021375003 300563.9654708336 59 40
24604.27074999997 25992.68703124997 60 72
38082.511937499956 38197.015812499965 60 27
38197.015812499965 38311.51968749996 60 29
38311.51968749996 38406.93958333329 60 27
38483.27549999995 39344.58896666662 60 34
62374.73183958329 62874.347735416624 60 58
70690.84092291661 71814.79113333327 60 34
75754.78867291652 76705.74614583317 60 30
85165.49967291643 85403.59492291644 60 30
85403.59492291644 86363.9853395831 60 40
95217.04667291639 96178.58523124973 60 28
112683.65437916634 113152.40437916634 60 44
117096.45187916631 117255.9007166663 60 43
118358.64462916629 118618.8154541663 60 44
119753.41937916628 120022.01046249962 60 44
121191.17712916629 121595.18496249962 60 62
121595.18496249962 121814.96512916632 60 38
121814.96512916632 123357.89415208298 60 42
129812.68512916633 130158.06812916633 60 28
130623.43612916632 131299.9415791663 60 37
138321.96025416633 138669.07825416632 60 38
139130.64425416634 139401.8905041663 60 51
148169.97875416628 148638.72875416628 60 20
148638.72875416628 149107.47875416628 60 20
149107.47875416628 149576.22875416628 60 23
149576.22875416628 150037.7672541663 60 20
150037.7672541663 150488.8952541663 60 20
150488.8952541663 150933.33975416626 60 24
150933.33975416626 151395.5620041663 60 24
151395.5620041663 151864.56975416632 60 26
180726.1620041661 180968.24957083276 60 41
181175.65700416607 181412.69407083275 60 40
181620.10150416606 181867.7340812494 60 43
183659.37500416604 184085.3009833327 60 44
184326.041754166 184670.03214791603 60 40
184791.18600416603 185050.80141041605 60 37
192383.00275416643 192871.6150041664 60 38
217937.42425416628 219674.88460416626 60 63
230908.54642499975 231023.05029999974 60 27
231023.05029999974 231137.55417499976 60 29
231137.55417499976 231232.97407083312 60 27
231309.3099874998 232170.62345416643 60 34
264623.2614104162 265522.02936666616 60 34
273319.4181604164 273730.6168104164 60 45
282286.6631604167 282748.2016604167 60 38
289072.24816041655 290043.70732083323 60 23
290486.1676604165 291447.70621874987 60 23
299962.07253958355 300102.1898875003 60 42
300442.9977208336 300672.83644583356 60 41
69333.51892291661 70254.79420416661 61 34
115408.04437916633 116744.88937916631 61 60
130871.3701291663 132728.5130791663 61 34
134431.03900416632 134889.0810041663 61 33
139374.5467541663 140835.4842541663 61 59
156496.66075416637 156965.41075416637 61 26
156965.41075416637 157434.16075416637 61 26
157434.16075416637 157902.91075416637 61 29
157902.91075416637 158364.44925416636 61 26
158364.44925416636 158815.57725416636 61 27
158815.57725416636 159241.50323333303 61 33
159260.02175416637 159722.2440041664 61 35
159722.2440041664 160191.2517541664 61 39
161546.8390041664 162001.38450416637 61 41
162668.05125416632 162934.44410416635 61 37
163126.17350416636 163372.107877083 61 38
163573.95975416634 163809.14496874966 61 35
164707.32475416636 165151.76925416634 61 41
165151.76925416634 165608.36650416633 61 41
165835.6392541663 166077.72682083296 61 34
166285.13425416627 166533.28243333293 61 36
185252.72450416605 185512.33991041608 61 38
256388.4674104164 257290.5133666664 61 34
300563.9654708336 300804.8364458336 61 42
36223.244999999966 36869.65105624996 62 27
54143.80783958328 54720.73083958328 62 32
54720.73083958328 56179.06424583328 62 28
71597.48342291662 72935.94507291658 62 34
84944.91142291644 85355.97587291643 62 36
88180.6191729164 89118.34817291639 62 54
91008.45817291638 91964.53592499971 62 23
97085.00567291638 98000.39036458306 62 29
97546.54417291639 98065.35100208304 62 31
98008.26438124971 98524.07179791636 62 39
98475.99487083303 99369.83754374972 62 42
98930.90602291637 99409.91389999971 62 46
100784.49452291637 101703.68617708304 62 40
110895.68137916636 111358.00340416636 62 38
113152.40437916634 114071.57767916634 62 46
116293.76137916632 116817.15500416631 62 48
120716.80212916629 120981.17712916629 62 55
121705.07504583297 121888.19743958297 62 32
132299.9416291663 133680.89407916632 62 34
134203.76625416632 134612.85720416633 62 38
134658.3117541663 135084.2030041663 62 39
135132.9835041663 137920.38540416633 62 25
140780.7967541663 141202.6717541663 62 41
169669.89400416624 170124.43950416622 62 44
170791.10625416617 171057.4991041662 62 37
176437.3617541661 176891.90725416614 62 44
177336.35175416613 177792.9490041661 62 45
180953.43475416608 181397.87925416607 62 46
181854.47650416606 182309.02200416604 62 44
182753.466504166 183208.24700416598 62 44
183433.81100416603 183679.7453770827 62 40
183881.59725416603 184116.78246874936 62 40
185021.95525416604 185483.49375416606 62 44
185483.49375416606 185872.99317083272 62 41
185952.35825416606 186413.89675416608 62 44
187106.2045041661 187571.43275416613 62 34
192617.37775416643 193286.36155416642 62 32
216789.12200416625 217245.11650416625 62 59
229049.27948749973 229695.68554374974 62 27
241390.92932708314 241967.85232708315 62 32
241967.85232708315 243383.49142083313 62 28
266425.7764104161 267094.21212083276 62 27
272170.8289104164 272403.3871604164 62 36
272403.3871604164 273332.3811249998 62 48
281819.6734104167 282055.89391041675 62 38
282055.89391041675 282471.2785604167 62 51
294658.0425104166 295581.17451041663 62 37
295116.05801041663 296053.6155104166 62 33
295581.17451041663 296626.13488541666 62 32
299181.85520416696 299372.61785416695 62 46
299849.28822500026 300013.20890833356 62 44
300684.83644583356 300924.8364458336 62 42
304237.3394916669 304538.8618666669 62 51
312014.01036666683 312525.0217041668 62 45
312956.1241166668 313887.9364416668 62 43
314335.5171166668 315291.13145000016 62 43
19414.56474999998 19855.09324999998 63 55
24142.73224999997 24615.46477499997 63 66
35353.67999999997 36677.79049999997 63 36
36677.79049999997 37539.965849999964 63 47
49853.46325624995 50337.334256249946 63 42
50337.334256249946 52253.826256249944 63 38
52253.826256249944 52726.26725624995 63 36
52726.26725624995 53210.13825624995 63 35
53210.13825624995 54167.846297916614 63 23
56149.30233958328 57577.873839583284 63 32
58061.74483958328 59009.32554791662 63 48
58545.61583958328 59513.35783958329 63 45
61902.290839583286 62394.73183958329 63 62
67975.74842291661 68898.90350208327 63 34
70690.84092291661 71814.79113333327 63 40
75754.78867291652 76670.8196729165 63 35
76670.8196729165 77123.96617291652 63 37
77123.96617291652 79936.27951874984 63 35
84028.88042291645 84990.8673083331 63 30
85165.49967291643 85403.59492291644 63 36
85403.59492291644 86326.67192291643 63 35
86326.67192291643 86786.77292291643 63 35
86786.77292291643 88401.77303749972 63 35
92396.70667291638 93366.11924791639 63 23
93803.12717291639 94774.58633333306 63 28
99388.92152291638 100312.05352291637 63 44
99846.93702291638 100784.49452291637 63 39
100312.05352291637 101357.01389791637 63 38
113035.21687916634 113346.01347916634 63 40
116744.88937916631 117214.56212916631 63 53
117687.0031291663 118582.5251291663 63 51
119066.3961291663 119982.42712916629 63 51
120482.42712916629 120951.17712916629 63 59
120951.17712916629 121485.2948791663 63 69
134085.65600416632 134431.03900416632 63 28
134889.0810041663 135558.1804041663 63 41
148169.97875416628 148638.72875416628 63 26
148638.72875416628 149107.47875416628 63 26
149107.47875416628 149576.22875416628 63 29
149576.22875416628 150037.7672541663 63 26
150037.7672541663 150488.8952541663 63 26
150488.8952541663 150933.33975416626 63 30
150933.33975416626 151395.5620041663 63 31
151395.5620041663 151864.56975416632 63 33
160191.2517541664 161105.05657083308 63 29
161774.11175416637 162016.19932083302 63 34
162223.60675416637 162471.75493333302 63 36
163351.73750416635 163777.66348333302 63 41
163796.18200416636 164252.77925416635 63 41
166062.91200416628 166507.35650416627 63 41
166507.35650416627 166962.13700416626 63 41
168314.30675416626 168768.8522541663 63 44
169435.51900416624 169683.15158124958 63 43
169897.16675416622 170139.2543208329 63 39
170346.6617541662 170594.80993333287 63 41
171023.6645041662 171474.7925041662 63 44
172141.4592541662 172517.8797229162 63 40
175085.1920041661 175536.32000416613 63 44
176202.9867541661 176579.40722291614 63 40
176664.63450416614 176906.72207083282 63 41
177114.12950416614 177351.16657083278 63 40
177558.5740041661 177806.20658124943 63 43
179597.84750416607 180023.77348333274 63 44
180264.51425416608 180640.93472291608 63 40
182081.74925416603 182323.8368208327 63 39
182531.244254166 182779.3924333327 63 41
183208.24700416598 183640.57800416602 63 44
184103.81950416605 184540.885504166 63 44
192871.6150041664 194208.02055416637 63 38
212286.17975416628 212726.70825416633 63 55
217014.34725416623 217429.73190416626 63 69
228179.71448749973 229503.82498749974 63 36
229503.82498749974 230366.00033749975 63 47
235813.67974374985 236730.86024374983 63 31
236730.86024374983 237622.2798479165 63 37
237641.54024374983 239508.27224374985 63 38
239508.27224374985 239973.38874374985 63 36
239973.38874374985 240457.25974374983 63 35
240457.25974374983 241414.9677854165 63 23
243354.60082708314 244741.34932708312 63 32
245210.83282708313 246130.23801458313 63 48
245680.31632708313 246619.2833270831 63 45
248970.5503270831 249456.38882708308 63 62
255027.11891041644 255929.16486666643 63 34
261903.8424104163 262805.8883666663 63 34
265065.0874104162 265522.02936666616 63 27
265981.33191041613 266876.9044104161 63 40
266876.9044104161 268215.36606041616 63 34
271950.24066041637 272190.2087645831 63 43
281595.7929104167 282008.64981041674 63 45
284863.6596604166 285831.15056666656 63 28
289072.24816041655 290043.70732083323 63 28
290486.1676604165 291447.70621874987 63 28
292354.12666041654 293269.5113520833 63 24
292815.66516041657 293334.4719895833 63 25
293277.38536874996 293793.1927854166 63 31
293745.1158583333 294638.9585312499 63 35
294200.0270104166 294679.03488749993 63 39
296053.6155104166 296972.80716458336 63 38
299070.8530125003 299293.71254166693 63 48
299293.71254166693 299480.5724104169 63 45
299737.79017500026 299869.8106041669 63 47
300804.8364458336 300978.83644583356 63 43
304360.2903666669 305279.4636666669 63 56
305713.6743666669 306615.9303666668 63 44
310677.1653666668 312086.27599166683 63 50
312483.6831166668 313202.3926666668 63 48
313851.6461166668 314543.5324895835 63 48
315251.5481166668 315924.93522500014 63 48
319391.26386666676 321177.4953041667 63 27
11678.539749999993 12135.856749999994 64 42
14419.763749999995 14873.621749999995 64 44
104808.67864999971 105052.58114999969 64 39
111346.80937916636 111807.34409583302 64 38
135132.9835041663 136975.50340416632 64 34
153970.33900416634 154218.02555416632 64 48
162001.38450416637 162445.82900416633 64 41
162445.82900416633 162900.60950416635 64 41
186183.12750416607 186644.6660041661 64 39
186644.6660041661 187106.2045041661 64 33
191001.6942541664 191459.8165041664 64 35
204550.15475416643 205007.47175416644 64 42
206950.9852541664 207177.9142541664 64 48
263707.01691041625 264163.95886666625 64 27
264623.2614104162 265516.2154104162 64 40
290947.70616041654 291447.70621874987 64 38
300924.8364458336 301163.36026458355 64 44
316846.98111666675 317093.8946166668 64 35
3456.2212500000005 3917.0507500000003 65 36
9620.613249999999 11404.149549999995 65 55
11449.881249999993 11861.466549999994 65 46
11907.198249999994 12329.093549999992 65 49
14192.834749999995 14601.306949999995 65 48
14646.692749999995 15052.459349999994 65 49
36223.244999999966 36869.65105624996 65 32
53588.92617291661 53664.683756249935 65 27
53664.683756249935 54720.73083958328 65 38
54720.73083958328 56179.06424583328 65 34
64298.04042291663 64803.30070416663 65 38
65687.77792291662 66148.13737916661 65 29
67055.87042291662 67520.67029791661 65 27
76891.4079229165 77123.96617291652 65 43
77123.96617291652 78988.82457916652 65 50
84944.91142291644 85355.97587291643 65 43
86550.55242291643 87017.54217291642 65 43
86786.77292291643 87479.0806729164 65 54
91008.45817291638 91964.53592499971 65 23
104930.6298999997 105093.23156666636 65 39
111794.57037916634 112755.92000416634 65 44
136550.3065041663 137920.38540416633 65 34
153270.81975416632 153692.69475416632 65 41
153739.56975416632 154154.95440416635 65 52
154201.10825416635 154607.1234541663 65 48
166962.13700416626 167413.2650041663 65 44
168079.93175416626 168456.3522229163 65 40
168541.5795041663 168783.66707083298 65 41
168991.0745041663 169228.11157083293 65 40
170124.43950416622 170568.8840041662 65 46
170568.8840041662 171023.6645041662 65 44
171249.2285041662 171495.16287708285 65 40
171697.0147541662 171932.19996874954 65 40
172375.8342541662 172830.3797541662 65 44
173497.04650416618 173744.6790812495 65 43
175310.75600416615 175556.6903770828 65 40
175758.54225416612 175993.72746874945 65 40
176891.90725416614 177336.35175416613 65 46
177792.9490041661 178247.49450416607 65 44
178691.93900416605 179146.71950416605 65 44
179372.28350416606 179618.21787708273 65 40
179820.06975416606 180055.25496874942 65 40
182309.02200416604 182753.466504166 65 46
182975.68875416598 183242.08160416601 65 37
186413.89675416608 186875.4352541661 65 40
186875.4352541661 187342.4250041661 65 39
187342.4250041661 187800.44050416615 65 47
188487.4637541662 188960.96175416623 65 37
190776.13025416638 191227.2582541664 65 35
191227.2582541664 191687.0892541664 65 29
191687.0892541664 192152.23350416642 65 36
192152.23350416642 192617.37775416643 65 32
196327.83625416635 196788.66575416634 65 36
202492.2282541664 204275.76455416644 65 55
204321.49625416644 204733.08155416642 65 46
204778.81325416642 205200.70855416643 65 49
206837.5207541664 207019.0639541664 65 48
207064.4497541664 207291.37875416636 65 49
229049.27948749973 229695.68554374974 65 32
240836.0476604165 240911.80524374978 65 27
240911.80524374978 241967.85232708315 65 38
241967.85232708315 243383.49142083313 65 34
250407.31641041648 251864.9576916665 65 45
257749.81591041636 258645.38841041634 65 34
258645.38841041634 260403.41743124963 65 45
260539.07641041634 261444.53986666634 65 34
271034.2096604163 271985.16713333305 65 30
280434.62066041667 280826.56207708333 65 30
280672.7159104167 281633.10632708337 65 40
291420.1471604165 291948.35739583324 65 42
298960.7064937503 299085.5588958336 65 50
299627.61563125026 299797.0494416669 65 49
301044.31263958354 301282.40788958356 65 45
304114.3886166669 304360.2903666669 65 54
307952.77536666684 308421.52536666684 65 44
312365.57286666683 312525.0217041668 65 43
313627.7656166668 313887.9364416668 65 44
315022.5403666668 315291.13145000016 65 44
316494.0398666668 316970.43786666676 65 61
316970.43786666676 317217.3513666668 65 34
317217.3513666668 319431.11892916675 65 37
16464.487749999993 17854.427874999983 66 58
62374.73183958329 62874.347735416624 66 44
62853.85592291663 63345.65942291663 66 50
63345.65942291663 64774.23092291663 66 45
65239.347422916624 66142.32342291661 66 34
66607.43992291662 67506.99842291661 66 34
67975.74842291661 68898.90350208327 66 40
105052.58114999969 105294.84448333304 66 40
145643.65700416634 145896.98265416635 66 48
153622.38225416632 153756.87744791634 66 48
167187.70100416627 167433.63537708294 66 40
167635.48725416628 167870.6724687496 66 40
168768.8522541663 169213.29675416625 66 46
169213.29675416625 169669.89400416624 66 45
171474.7925041662 171900.71848333286 66 44
171919.2370041662 172375.8342541662 66 44
172603.10700416623 172845.1945708329 66 41
173052.6020041662 173289.63907083287 66 40
173731.42150416618 174185.96700416613 66 44
174852.6337541661 175119.0266041661 66 37
175536.32000416613 175962.2459833328 66 44
175980.76450416615 176437.3617541661 66 44
178020.22175416606 178262.30932083275 66 39
178469.71675416606 178717.86493333272 66 41
179146.71950416605 179579.05050416608 66 44
180042.29200416608 180479.35800416608 66 44
216338.67150416627 216789.12200416625 66 57
245680.31632708313 246149.7998270831 66 54
246149.7998270831 249456.38882708308 66 51
249915.51291041647 250407.31641041648 66 50
253665.77041041644 254567.81636666646 66 34
256388.4674104164 257290.5133666664 66 34
261903.8424104163 262805.8883666663 66 34
263265.19091041625 264158.1449104162 66 40
298294.82701875013 298488.8474395835 66 52
301163.36026458355 301284.39201666694 66 45
310677.1653666668 312014.01036666683 66 60
2764.977 3179.72355 67 38
3225.8065000000006 3640.5530500000004 67 39
3686.6360000000004 4116.717950000001 67 40
11335.551999999994 11678.539749999993 67 39
12135.856749999994 12528.688749999994 67 46
13965.905749999994 14419.763749999995 67 47
14873.621749999995 15320.715749999994 67 44
17826.061749999983 19634.82899999998 67 55
19634.82899999998 20075.357499999976 67 59
23692.28174999997 24558.116899999968 67 68
35353.67999999997 36223.244999999966 67 43
50337.334256249946 52253.826256249944 67 45
52253.826256249944 52726.26725624995 67 43
52726.26725624995 53210.13825624995 67 42
53210.13825624995 53323.774631249944 67 34
53323.774631249944 53437.411006249946 67 34
53437.411006249946 53551.04738124995 67 33
53551.04738124995 53626.80496458327 67 32
53626.80496458327 53684.68375624994 67 27
58545.61583958328 59029.48683958328 67 54
59029.48683958328 62394.73183958329 67 51
69333.51892291661 70254.79420416661 67 40
76670.8196729165 76910.78777708318 67 51
78959.97842291652 79652.2861729165 67 44
84028.88042291645 84944.91142291644 67 35
86326.67192291643 86739.52882291643 67 51
87248.31142291642 87940.6191729164 67 44
92396.70667291638 93366.11924791639 67 23
104692.95155208305 104865.58923333304 67 42
105173.87673333303 105403.71545833304 67 41
144944.13775416632 145366.01275416632 67 41
145412.88775416632 145828.27240416635 67 52
145874.42625416635 146280.4414541663 67 48
154426.67225416633 154678.162183333 67 48
157434.16075416637 159260.02175416637 67 41
159260.02175416637 159722.2440041664 67 45
159722.2440041664 160333.29722291642 67 45
164252.77925416635 164707.32475416636 67 44
165373.99150416633 165621.62408124964 67 43
187571.43275416613 188029.44825416617 67 43
188029.44825416617 188487.4637541662 67 42
190550.56625416633 191001.6942541664 67 41
191459.8165041664 191921.4642541664 67 41
195636.59200416633 196051.33855416637 67 38
196097.42150416636 196512.16805416637 67 39
196558.25100416635 196988.33295416634 67 40
204207.16700416646 204550.15475416643 67 39
205007.47175416644 205400.30375416644 67 46
206724.0562541664 206950.9852541664 67 47
207177.9142541664 207404.84325416636 67 50
212506.4440041663 212946.97250416633 67 59
216563.89675416626 216969.30220416625 67 68
217245.11650416625 217585.50114791625 67 57
217475.88575416626 218337.42430416626 67 69
228179.71448749973 229049.27948749973 67 43
237179.29074374985 237641.54024374983 67 42
237641.54024374983 239508.27224374985 67 45
239508.27224374985 239973.38874374985 67 43
239973.38874374985 240457.25974374983 67 42
240457.25974374983 240570.89611874984 67 34
240570.89611874984 240684.53249374984 67 34
240684.53249374984 240798.16886874984 67 33
240798.16886874984 240873.92645208313 67 32
240873.92645208313 240931.8052437498 67 27
280214.0324104167 280625.09686041664 67 36
283449.74016041664 284387.46916041663 67 54
286277.57916041656 287233.6569124999 67 23
292354.12666041654 293269.5113520833 67 29
292815.66516041657 293334.4719895833 67 30
293277.38536874996 293793.1927854166 67 38
293745.1158583333 294638.9585312499 67 42
294200.0270104166 294679.03488749993 67 46
296053.6155104166 296972.80716458336 67 40
298181.85990416683 298378.1603604168 67 50
298408.69472708344 298598.4628333335 67 46
298851.6406270836 298980.7794770836 67 52
299518.61587916693 299654.9878812503 67 51
301282.40788958356 301518.6440125002 67 46
306164.80236666685 306627.12439166685 67 38
308421.52536666684 309340.6986666668 67 48
311562.8823666668 312086.27599166683 67 48
315993.48361666675 316267.74671041674 67 56
317093.8946166668 317322.4238041668 67 28
3110.599125 3456.2212500000005 68 36
3917.0507500000003 4275.247537500001 68 36
12377.402749999992 14147.448949999995 68 55
15097.168749999995 15499.553349999995 68 50
16214.903749999994 16611.991599999994 68 39
34909.235499999966 35788.462499999965 68 32
35788.462499999965 36677.79049999997 68 37
53266.95644374995 53380.592818749945 68 27
53380.592818749945 53494.22919374995 68 29
53494.22919374995 53588.92617291661 68 27
53664.683756249935 54167.846297916614 68 45
105294.84448333304 105535.71545833304 68 42
145295.70025416632 145430.19544791634 68 48
154652.23625416632 155052.23630416635 68 60
155787.91075416634 156057.20762916637 68 59
156027.91075416637 157461.50450416637 68 70
160191.2517541664 161105.05657083308 68 49
162900.60950416635 163351.73750416635 68 49
164018.40425416635 164394.82472291635 68 45
164480.05200416635 164722.13957083304 68 41
164929.54700416635 165166.58407083302 68 40
165608.36650416633 166062.91200416628 68 44
166729.57875416626 166995.97160416626 68 37
167413.2650041663 167839.19098333293 68 44
167857.70950416627 168314.30675416626 68 44
172830.3797541662 173274.8242541662 68 46
173274.8242541662 173731.42150416618 68 45
173958.69425416616 174200.7818208328 68 39
174408.18925416612 174656.33743333278 68 41
178247.49450416607 178691.93900416605 68 46
178914.16125416604 179180.55410416605 68 37
187800.44050416615 188258.4560041662 68 50
188258.4560041662 188735.3977541662 68 53
188735.3977541662 189186.52575416624 68 41
190325.00225416632 190776.13025416638 68 36
191921.4642541664 192383.00275416643 68 41
195982.21412916636 196327.83625416635 68 36
196788.66575416634 197146.86254166634 68 36
205249.01775416645 206837.5207541664 68 55
207291.37875416636 207472.92195416638 68 50
227735.26998749972 228614.49698749973 68 32
228614.49698749973 229503.82498749974 68 37
240514.07793124983 240627.71430624984 68 27
240627.71430624984 240741.35068124984 68 29
240741.35068124984 240836.0476604165 68 27
240911.80524374978 241414.9677854165 68 45
249436.38882708308 249936.00472291646 68 44
252301.00441041647 253206.46786666647 68 34
255027.11891041644 255929.16486666643 68 34
258194.26041041635 259149.356689583 68 27
258645.38841041634 260403.41743124963 68 45
260539.07641041634 261444.53986666634 68 34
271034.2096604163 271950.24066041637 68 35
271950.24066041637 272403.3871604164 68 37
272403.3871604164 275215.7005062497 68 35
279298.00141041656 280259.98829583335 68 30
280434.62066041667 280672.7159104167 68 36
280672.7159104167 281595.7929104167 68 35
281595.7929104167 282055.89391041675 68 35
282055.89391041675 283670.894025 68 35
287665.82766041654 288635.24023541657 68 23
294658.0425104166 295581.17451041663 68 44
295116.05801041663 296053.6155104166 68 39
295581.17451041663 296626.13488541666 68 38
298069.76533333346 298270.20580416685 68 50
298743.4011687502 298909.61162708356 68 54
299406.70876666694 299585.6448479169 68 52
301400.5337625002 301536.3605500002 68 47
303991.43774166686 304237.3394916669 68 57
308304.33786666684 308609.4953666669 68 40
312014.01036666683 312483.6831166668 68 53
312956.1241166668 313851.6461166668 68 51
314335.5171166668 315251.5481166668 68 51
315751.5481166668 316215.2578250001 68 60
316235.4191166668 316817.56934583344 68 66
4166.634750000001 5607.183300000001 69 44
7589.74725 8033.534250000001 69 42
9069.952625 9136.031899999998 69 41
62374.73183958329 62874.347735416624 69 44
71135.9449229166 71814.79113333327 69 34
76212.80417291653 76705.74614583317 69 47
79421.5169229165 79936.27951874984 69 46
80268.34075624985 80363.76065208318 69 38
85165.49967291643 85403.59492291644 69 43
85403.59492291644 86363.9853395831 69 50
87709.8499229164 88401.77303749972 69 46
103912.73421666634 104103.49686666635 69 46
104580.16723749971 104744.08792083304 69 44
105415.71545833304 105655.71545833306 69 42
108968.21850416638 109284.77847916637 69 51
112683.65437916634 113346.01347916634 69 50
138669.07825416632 139130.64425416634 69 51
146099.99025416633 146360.73944374966 69 48
149107.47875416628 149529.35375416628 69 41
158133.68000416635 158396.40415416638 69 49
175536.32000416613 175980.76450416615 69 60
175980.76450416615 176579.40722291614 69 60
179597.84750416607 180042.29200416608 69 60
180042.29200416608 180640.93472291608 69 60
183659.37500416604 184103.81950416605 69 60
184103.81950416605 184670.03214791603 69 60
197038.24975416635 198478.79830416635 69 44
200461.36225416636 200905.14925416638 69 42
201941.5676291664 202007.64690416638 69 41
215888.22100416626 216338.67150416627 69 57
297405.2302125001 297597.7855083334 69 53
301518.6440125002 301753.55728333356 69 49
306615.9303666668 307076.4650833335 69 38
5538.585750000001 7322.12205 70 51
7367.85375 7767.26205 70 49
7811.6407500000005 8229.93365 70 51
15320.715749999994 15767.809749999995 70 45
19855.09324999998 20295.621749999977 70 62
23241.831249999974 24097.68719999997 70 65
33157.411499999966 33595.367499999964 70 43
33595.367499999964 34033.32349999997 70 43
34033.32349999997 34909.235499999966 70 49
59029.48683958328 62394.73183958329 70 60
62853.85592291663 63345.65942291663 70 50
66607.43992291662 67520.67029791661 70 34
69777.96342291661 70254.79420416661 70 34
70690.84092291661 71597.48342291662 70 34
71597.48342291662 72935.94507291658 70 34
75514.78867291652 75766.23906041653 70 47
75754.78867291652 76231.8881520832 70 54
79886.6611729165 80192.00483958318 70 51
80192.00483958318 80298.8751229165 70 38
80344.67667291651 80756.89062291651 70 51
84944.91142291644 85355.97587291643 70 51
88180.6191729164 89118.34817291639 70 54
91008.45817291638 91964.53592499971 70 28
92396.70667291638 93366.11924791639 70 28
103801.7320249997 104024.59155416636 70 48
104024.59155416636 104211.45142291636 70 45
104468.6691874997 104600.68961666638 70 47
105535.71545833304 105709.71545833306 70 43
109091.16937916637 110010.34267916637 70 56
111346.80937916636 112755.92000416634 70 56
113152.40437916634 114071.57767916634 70 56
146325.55425416632 146725.55430416632 70 55
147461.22875416628 147730.52562916628 70 64
147701.22875416628 149134.82250416628 70 70
154874.45850416634 155111.495570833 70 54
155318.90300416635 155574.17018749967 70 56
157434.16075416637 157856.03575416637 70 49
157902.91075416637 158318.2954041664 70 53
158364.44925416636 158770.46445416636 70 50
161546.8390041664 162001.38450416637 70 49
162668.05125416632 162934.44410416635 70 42
163126.17350416636 163372.107877083 70 45
163573.95975416634 163809.14496874966 70 45
164707.32475416636 165151.76925416634 70 46
165151.76925416634 165608.36650416633 70 45
165835.6392541663 166077.72682083296 70 39
166285.13425416627 166533.28243333293 70 41
169213.29675416625 169683.15158124958 70 60
171474.7925041662 171919.2370041662 70 60
171919.2370041662 172517.8797229162 70 60
173274.8242541662 173744.6790812495 70 60
174185.96700416613 174630.4115041661 70 46
174630.4115041661 175085.1920041661 70 44
176437.3617541661 179618.21787708273 70 65
180498.88925416608 183679.7453770827 70 65
190099.4382541663 190550.56625416633 70 41
198410.20075416638 200193.73705416638 70 51
200239.4687541664 200638.8770541664 70 49
200683.2557541664 201101.54865416637 70 51
207404.84325416636 207631.77225416634 70 51
212726.70825416633 213167.23675416634 70 62
216113.44625416625 216518.85170416624 70 66
225983.44598749967 226421.40198749967 70 43
226421.40198749967 226859.35798749968 70 43
226859.35798749968 227735.26998749972 70 49
246149.7998270831 249456.38882708308 70 60
249915.51291041647 250407.31641041648 70 50
253665.77041041644 254567.81636666646 70 34
256833.57141041642 257290.5133666664 70 27
257749.81591041636 258626.59141041632 70 40
272170.8289104164 272403.3871604164 70 43
272403.3871604164 274268.2455666664 70 50
280214.0324104167 280625.09686041664 70 43
281819.6734104167 282286.6631604167 70 43
282055.89391041675 282748.2016604167 70 54
286277.57916041656 287233.6569124999 70 23
292354.12666041654 293534.3674229166 70 59
297293.10758333345 297487.9370125001 70 47
297518.2400458334 297736.78652291675 70 51
297958.5298395835 298161.1832041668 70 52
298635.9628395836 298806.3507833336 70 55
301636.36978333356 301870.74478333356 70 50
303868.4868666668 304114.3886166669 70 60
307063.6913666668 308025.04099166684 70 44
8033.534250000001 8347.1122 71 46
8279.033500000001 9069.952625 71 50
9014.8865625 9125.018687499998 71 33
9125.018687499998 9189.262427083331 71 37
15767.809749999995 16214.903749999994 71 45
68420.8524229166 68898.90350208327 71 34
69333.51892291661 70225.72442291661 71 34
95678.58517291638 96178.58523124973 71 38
105655.71545833306 105894.23927708305 71 44
138440.07050416633 138852.28445416634 71 52
138898.0860041663 139325.76625416632 71 59
149806.9980041663 150069.7221541663 71 48
155096.68075416633 155510.90300416635 71 64
155558.90300416635 155979.91075416637 71 67
157785.72325416637 157924.06460208303 71 48
158590.01325416638 158843.35503541635 71 50
160191.2517541664 160645.79725416645 71 49
161312.4640041664 161560.09658124973 71 48
161774.11175416637 162016.19932083302 71 44
162223.60675416637 162471.75493333302 71 46
163351.73750416635 163777.66348333302 71 49
163796.18200416636 164252.77925416635 71 49
166062.91200416628 166507.35650416627 71 46
166507.35650416627 166962.13700416626 71 44
172375.8342541662 173289.63907083287 71 65
188960.96175416623 189412.08975416626 71 36
189412.08975416626 189873.8742541663 71 37
200905.14925416638 201218.72720416638 71 46
201150.6485041664 201941.5676291664 71 50
201886.50156666638 201996.63369166641 71 33
201996.63369166641 202060.87743124974 71 37
250407.31641041648 251864.9576916665 71 45
252301.00441041647 253206.46786666647 71 34
255472.22291041643 255929.16486666643 71 27
256388.4674104164 257284.69941041642 71 40
289533.7866604166 290043.70732083323 71 40
301753.55728333356 301886.36978333356 71 52
7253.5245 7589.74725 72 39
8959.8205 9069.952625 72 39
9510.481124999998 9653.006537499998 72 44
15544.262749999994 15946.647349999994 72 54
15991.356749999994 16414.570949999994 72 48
34471.27949999997 35353.67999999997 72 41
63345.65942291663 64803.30070416663 72 45
65239.347422916624 66148.13737916661 72 34
75297.39742291653 75706.78867291652 72 48
80115.6689229165 80268.34075624985 72 44
80573.68442291651 80823.68454999985 72 47
84486.89592291645 84990.8673083331 72 47
96151.02617291639 96679.23640833306 72 42
103691.5855062497 103816.43790833301 72 50
104358.4946437497 104527.92845416637 72 49
105775.19165208306 106013.28690208304 72 45
108845.26762916637 109091.16937916637 72 54
113035.21687916634 113346.01347916634 72 53
138321.96025416633 138669.07825416632 72 45
139130.64425416634 139401.8905041663 72 61
146547.7765041663 146797.77653541628 72 50
146992.2210041663 147255.1217791663 72 60
149107.47875416628 149529.35375416628 72 49
149576.22875416628 149991.6134041663 72 52
150037.7672541663 150443.7824541663 72 48
189186.52575416624 189648.31025416625 72 41
189873.8742541663 190325.00225416632 72 36
200125.13950416638 200461.36225416636 72 39
201831.43550416638 201941.5676291664 72 39
202382.0961291664 202524.62154166642 72 44
207518.30775416637 207745.23675416634 72 52
219277.82575416626 220603.19348958295 72 69
227297.3139874997 228179.71448749973 72 41
271950.24066041637 272190.2087645831 72 51
274239.39941041643 274931.70716041635 72 44
279298.00141041656 280214.0324104167 72 35
281595.7929104167 282008.64981041674 72 51
282517.4324104167 283209.74016041664 72 44
287665.82766041654 288635.24023541657 72 23
290009.97716041654 290882.3215395832 72 42
293512.8830479166 293681.6543145833 72 60
297181.84445208346 297380.7941125001 72 49
297848.1540145835 298052.97429583344 72 54
298523.4628270835 298702.0342791669 72 56
301870.74478333356 302103.42415000027 72 54
66607.43992291662 67520.67029791661 73 40
67975.74842291661 68871.9804229166 73 34
88642.15767291638 89148.11007916639 73 40
103025.70603124969 103219.72645208304 73 52
105894.23927708305 106015.27102916637 73 45
111346.80937916636 112683.65437916634 73 67
139374.5467541663 140835.4842541663 73 70
141480.31600416632 141728.00255416633 73 52
146769.9987541663 147184.2210041663 73 64
147232.2210041663 147653.22875416628 73 68
149459.04125416628 149597.38260208297 73 48
158815.57725416636 159215.57730416633 73 64
159951.2517541664 160333.29722291642 73 69
160418.52450416645 160868.0195041664 73 46
160868.0195041664 161105.05657083308 73 45
162001.38450416637 162445.82900416633 73 52
162445.82900416633 162900.60950416635 73 49
251359.6974104165 251864.9576916665 73 38
252746.10841041646 253206.46786666647 73 29
254110.87441041644 254567.81636666646 73 27
255027.11891041644 255923.35091041646 73 40
301987.14502500027 302184.8195375002 73 56
9180.084749999998 9576.560399999998 74 53
31715.8010833333 31792.13699999997 74 43
32230.092999999968 32892.373799999965 74 47
74381.36642291656 75306.45539166653 74 57
80802.6921729165 81210.2713604165 74 49
81210.2713604165 81296.51274374982 74 48
83788.88042291647 84028.88042291645 74 51
84028.88042291645 84513.61349374977 74 57
89118.34817291639 89815.69253749971 74 44
94264.6656729164 94774.58633333306 74 40
102912.73891666636 103109.03937291636 74 50
103139.57373958302 103329.34184583303 74 46
103582.51963958301 103711.65848958303 74 52
104249.49489166636 104385.8668937497 74 51
106013.28690208304 106249.5230249997 74 46
112232.52637916635 112755.92000416634 74 54
140780.7967541663 141202.6717541663 74 49
141249.5467541663 141664.93140416633 74 57
141711.08525416633 142117.10045416633 74 52
150263.3312541663 150516.6730354163 74 48
153270.81975416632 153692.69475416632 74 49
167413.2650041663 167857.70950416627 74 60
167857.70950416627 168456.3522229163 74 60
189648.31025416625 190099.4382541663 74 41
202051.69975416642 202448.1754041664 74 53
207631.77225416634 207857.01025416635 74 51
215437.77050416628 215888.22100416626 74 57
224541.835570833 224618.17148749967 74 43
225056.12748749967 225718.40828749968 74 47
271492.22516041633 271985.16713333305 74 47
274700.9379104164 275215.7005062497 74 46
275547.76174374967 275643.181639583 74 38
280434.62066041667 280826.56207708333 74 43
280672.7159104167 281633.10632708337 74 50
282978.9709104166 283670.894025 74 46
293629.32870833325 293793.1927854166 74 62
296626.13488541666 296815.06627916667 74 50
297071.42777708336 297272.58520416677 74 51
297738.6113395834 297947.41872708354 74 54
302103.42415000027 302334.81955000025 74 58
303754.8504916668 303991.43774166686 74 63
307952.77536666684 308609.4953666669 74 50
20075.357499999976 20539.128249999976 75 66
22791.380749999975 23647.236699999972 75 65
29128.238999999972 30848.827349999974 75 60
30451.768499999976 31290.003849999976 75 56
30892.944999999978 31391.373437499977 75 54
31334.121499999976 31400.91542708331 75 53
31448.625374999974 31563.129249999973 75 54
31563.129249999973 31677.633124999968 75 52
31677.633124999968 31746.33544999997 75 51
31753.969041666634 31861.4800333333 75 43
32706.28349999997 33551.571899999966 75 47
60945.97883958328 61418.41983958329 75 70
61418.41983958329 61882.12954791662 75 64
61902.290839583286 62374.73183958329 75 67
62374.73183958329 62844.7318395833 75 57
62853.85592291663 63325.16761041663 75 64
63345.65942291663 64803.30070416663 75 68
65239.347422916624 66148.13737916661 75 40
81031.69992291651 81222.1761229165 75 50
83559.87267291645 83980.88042291645 75 53
94740.85617291639 95613.20055208306 75 42
102800.64434583303 103001.08481666636 75 50
103474.28018124968 103640.49063958302 75 54
104137.58777916635 104316.52386041636 75 52
106131.4127749997 106267.2395624997 75 47
108722.31675416637 108968.21850416638 75 57
112683.65437916634 113152.40437916634 75 59
141132.3592541663 141276.469833333 75 52
141936.64925416632 142193.69473958298 75 52
150488.8952541663 150888.89530416628 75 60
151624.56975416632 151936.83537916632 75 64
151864.56975416632 153292.30412916632 75 70
159037.79950416635 159295.20694374968 75 60
159482.24400416636 159743.2363812497 75 64
160645.79725416645 161090.2417541664 75 52
161090.2417541664 161546.8390041664 75 51
163351.73750416635 163796.18200416636 75 60
163796.18200416636 164394.82472291635 75 60
165151.76925416634 165621.62408124964 75 60
168314.30675416626 169228.11157083293 75 65
207745.23675416634 207924.07435416634 75 53
212946.97250416633 213410.74325416633 75 66
215662.99575416627 216068.40120416626 75 64
221954.27348749954 223674.86183749957 75 60
223277.80298749957 224116.0383374996 75 56
223718.97948749957 224217.4079249996 75 54
224160.1559874996 224226.94991458295 75 53
224274.65986249963 224389.16373749965 75 54
224389.16373749965 224503.66761249967 75 52
224503.66761249967 224572.36993749966 75 51
224580.00352916634 224687.51452083298 75 43
225532.31798749967 226377.60638749966 75 47
248024.4298270831 248486.67932708308 75 70
248486.67932708308 248950.38903541645 75 64
248970.5503270831 249436.38882708308 75 67
249436.38882708308 249906.3888270831 75 57
249915.51291041647 250386.82459791648 75 64
250407.31641041648 251835.8879104165 75 68
252301.00441041647 253200.65391041647 75 40
253665.77041041644 254562.00241041646 75 40
270794.2096604163 271045.66004791635 75 47
271034.2096604163 271511.309139583 75 54
275166.08216041635 275471.425827083 75 51
275471.425827083 275578.2961104163 75 38
275624.09766041633 276036.3116104163 75 51
280214.0324104167 280625.09686041664 75 51
283449.74016041664 284387.46916041663 75 54
286277.57916041656 287233.6569124999 75 28
287665.82766041654 288635.24023541657 75 28
293745.1158583333 293940.139425 75 64
296053.6155104166 296740.6387604167 75 58
296961.85826458334 297165.1777833334 75 53
297629.9283708334 297840.80107291683 75 59
302219.43492500024 302442.5118666669 75 60
306615.9303666668 308025.04099166684 75 56
308421.52536666684 309340.6986666668 75 56
82643.84167291645 83056.05562291646 76 47
90056.07717291637 90562.02957916638 76 41
102136.1092249997 102328.66452083304 76 53
106249.5230249997 106484.43629583302 76 49
144944.13775416632 145366.01275416632 76 49
159260.02175416637 159674.2440041664 76 70
159722.2440041664 160143.2517541664 76 75
164252.77925416635 165166.58407083302 76 65
207857.01025416635 207983.68688749967 76 54
302334.81955000025 302516.3755104169 76 61
28409.353999999974 28670.223499999975 77 60
28670.223499999975 29216.474299999973 77 67
31391.373437499977 31503.968914583307 77 43
31505.87731249997 31620.38118749997 77 46
31620.38118749997 31715.8010833333 77 44
31792.13699999997 32658.664449999967 77 54
81269.79517291649 82653.3836624998 77 57
82872.84942291646 83136.20833541645 77 52
83330.86492291646 83575.13985624979 77 51
90532.26767291638 91205.02315833305 77 44
97085.00567291638 98265.24643541637 77 59
102023.98659583303 102218.81602499972 77 47
102249.11905833305 102467.66553541637 77 51
102689.40885208303 102892.06221666637 77 52
103366.84185208303 103537.22979583302 77 55
106367.24879583302 106601.62379583302 77 50
108599.36587916638 108845.26762916637 77 60
142162.21325416633 142562.2133041663 77 58
143297.88775416632 143649.21587916632 77 60
143537.88775416632 144957.80962916632 77 70
150711.1175041663 150968.5249437496 77 56
151155.56200416628 151416.55438124962 77 58
207968.78375416633 208192.33075416632 77 56
209211.31075416633 209589.50680416636 77 53
221376.25798749953 221496.25798749956 77 62
221496.25798749956 222042.50878749954 77 67
224217.4079249996 224330.00340208295 77 43
224331.91179999962 224446.41567499965 77 46
224446.41567499965 224541.835570833 77 44
224618.17148749967 225484.69893749966 77 54
270576.81841041625 270986.2096604163 77 48
275395.08991041634 275547.76174374967 77 44
275853.1054104163 276103.1055374997 77 47
279756.01691041666 280259.98829583335 77 47
293859.9867125 294048.09398124996 77 66
295581.17451041663 296626.13488541666 77 66
296853.1097479167 297060.3983645834 77 54
302450.0876250003 302588.89463125024 77 64
303641.2141166669 303868.4868666668 77 66
308304.33786666684 308609.4953666669 77 53
92858.24517291639 93366.11924791639 78 41
106484.43629583302 106617.24879583302 78 52
150933.33975416626 151347.5620041663 78 64
151395.5620041663 151816.56975416632 78 67
209336.10275416635 210726.0428791663 78 58
214987.32000416628 215437.77050416628 78 55
283911.27866041666 284417.2310666666 78 40
302541.1846833336 302661.97156041686 78 65
306615.9303666668 307952.77536666684 78 67
20295.621749999977 20910.749912499978 79 69
22340.930249999976 23196.786199999973 79 69
28187.131749999975 28618.049599999973 79 67
83101.85717291645 83514.07112291646 79 53
93330.6861729164 94089.66565833306 79 44
98243.76206041637 98412.53332708305 79 60
101912.72346458303 102111.6731249997 79 49
102579.03302708305 102783.85330833304 79 54
103254.34183958304 103432.91329166635 79 56
106601.62379583302 106834.3031624997 79 54
142384.4355041663 142634.4355354163 79 55
142828.88000416628 143108.9563604163 79 55
208080.55725416634 208304.10425416633 79 57
209086.51875416632 209286.18595416634 79 56
210697.67675416634 212506.4440041663 79 55
213167.23675416634 213782.36491666632 79 69
215212.5452541663 215617.9507041663 79 62
221256.25798749953 221448.25798749956 79 64
269660.7874104162 270585.87637916626 79 57
276082.1131604163 276489.69234791637 79 49
276489.69234791637 276575.9337312497 79 48
279058.00141041656 279298.00141041656 79 51
279298.00141041656 279782.73448125 79 57
284387.46916041663 285084.81352499995 79 44
293974.2303375 294157.1165812499 79 68
296740.6387604167 296954.55899791664 79 57
302633.1254041669 302737.55299166683 79 67
307501.6473666669 308025.04099166684 79 54
27964.909499999972 28409.353999999974 80 61
106718.0240374997 106915.6985499997 80 56
142606.65775416628 143020.88000416628 80 62
143068.88000416628 143489.88775416632 80 66
208192.33075416632 208371.16835416635 80 59
208974.7452541663 209211.31075416633 80 58
221143.07706874955 221376.25798749953 80 65
276311.12091041636 276501.5971104164 80 50
278832.09791041655 279250.00141041656 80 53
294087.56768124993 294638.9585312499 80 70
295116.05801041663 296053.6155104166 80 70
302725.9250791669 302935.03559583356 80 69
303527.5777416669 303754.8504916668 80 69
307952.77536666684 308421.52536666684 80 59
91466.47367291639 91964.53592499971 81 40
98360.20772083304 98524.07179791636 81 62
101357.01389791637 101545.94529166637 81 50
101802.30678958305 102003.46421666637 81 51
102469.49035208304 102678.29773958302 81 54
106834.3031624997 107065.69856249969 81 58
108485.72950416637 108722.31675416637 81 63
277923.26266041654 278335.11021041655 81 47
285325.1981604166 285831.15056666656 81 41
302829.48006666685 302979.7306666669 81 70
20539.128249999976 22746.335699999974 82 72
27742.68724999997 28142.687299999972 82 67
91931.59017291637 92485.16821874972 82 44
98475.99487083303 98671.0184374997 82 64
100784.49452291637 101471.51777291637 82 58
101692.73727708304 101896.05679583304 82 53
102360.80738333304 102571.68008541637 82 59
106950.31393749968 107173.39087916636 82 60
208304.10425416633 208527.65125416633 82 60
208862.97175416633 209086.51875416632 82 60
213410.74325416633 215167.50020416628 82 72
221031.57881666624 221144.94273958288 82 67
276549.21616041637 277932.89285833325 82 57
278154.3874104165 278414.17643541656 82 52
278606.19441041653 278847.15814374987 82 51
285801.3886604166 286474.1441458332 82 44
294200.0270104166 295581.17451041663 82 72
302962.81336666684 303641.2141166669 82 80
107065.69856249969 107247.25452291637 83 61
208527.65125416633 208751.19825416632 83 59
220706.69736458294 220815.22086458292 83 62
288127.36616041657 288635.24023541657 83 41
25964.90924999997 27964.909499999972 84 72
98590.8657249997 98778.9729937497 84 66
100312.05352291637 101357.01389791637 84 66
101583.98876041638 101791.27737708305 84 54
107180.96663749969 107319.7736437497 84 64
108372.09312916637 108599.36587916638 84 66
208415.87775416634 208639.42475416634 84 63
208751.19825416632 208974.7452541663 84 61
220601.35525416626 220708.45792708296 84 69
220921.71389583292 221033.41705208292 84 68
278380.2909104165 278786.9172104166 84 53
288599.80716041656 289358.7866458332 84 44
107272.06369583303 107392.85057291636 85 65
98705.10934999971 98887.99559374971 86 68
101471.51777291637 101685.43801041637 86 57
107364.00441666636 107468.43200416636 86 67
208639.42475416634 208818.26235416633 86 63
220813.4351499996 220923.5254895829 86 69
286735.59466041654 287233.6569124999 86 40
98818.4466937497 99369.83754374972 87 70
99846.93702291638 100784.49452291637 87 70
107456.80409166636 107665.91460833303 87 69
108258.45675416637 108485.72950416637 87 69
287200.7111604166 287754.2892062499 87 44
107560.35907916636 107710.60967916637 88 70
98930.90602291637 100312.05352291637 89 72
107693.69237916636 108372.09312916637 89 80
