102007.65950625017 102252.18150625018 33 45
113708.17875625005 113952.70075625005 33 45
57895.59769583344 58206.233945833446 34 24
90882.10850625034 91192.74475625035 34 24
182821.27062083347 183139.06749583347 34 24
29830.71978541667 30353.83228541667 38 51
62835.77187291676 63358.88437291676 38 51
96379.36775625026 96618.41175625027 38 46
100676.48050625021 100920.38300625021 38 56
101042.3342562502 101279.74742291686 38 42
102132.65950625017 102371.70350625018 38 60
102610.74750625019 103094.83650625018 38 57
108086.4377562501 108325.48175625011 38 46
112376.99975625008 112620.90225625008 38 56
112742.85350625007 112980.26667291672 38 42
113833.17875625005 114072.22275625006 38 60
114311.26675625006 114795.35575625006 38 57
124023.11750624997 124267.02000624996 38 56
124388.97125624996 124626.38442291661 38 42
135674.72125625037 135918.62375625037 38 56
136040.57500625035 136277.98817291702 38 42
154780.22568333356 155303.33818333354 38 51
100547.72525625021 100798.43175625021 40 41
100798.43175625021 101042.3342562502 40 42
112248.24450625009 112498.95100625008 40 41
112498.95100625008 112742.85350625007 40 42
123894.36225624998 124145.06875624997 40 41
124145.06875624997 124388.97125624996 40 42
135545.96600625035 135796.67250625035 40 41
135796.67250625035 136040.57500625035 40 42
36867.984570833374 37376.41557083337 41 30
44019.38407083341 44265.68957083342 41 37
45502.05307083342 45747.27107083341 41 37
54096.91632083342 54457.77192083343 41 29
55115.05275833343 55471.61245833344 41 31
56133.18919583344 56474.81498333345 41 33
56639.452195833444 56887.96119583344 41 46
57136.47019583345 57398.57969583345 41 49
69870.44363125012 70378.87463125013 41 30
77019.73488125022 77266.04038125022 41 37
78498.79938125021 78744.0173812502 41 37
87083.42713125027 87444.28273125028 41 29
88101.5635687503 88458.12326875029 41 31
89119.70000625029 89461.32579375031 41 33
89625.96300625031 89874.47200625032 41 46
90122.98100625032 90385.09050625033 41 49
100186.27925625021 100427.24325625022 41 55
100427.24325625022 100676.48050625021 41 41
100920.38300625021 101164.28550625019 41 42
102252.18150625018 102491.2255062502 41 46
111886.79850625008 112127.76250625009 41 55
112127.76250625009 112376.99975625008 41 41
112620.90225625008 112864.80475625007 41 42
113952.70075625005 114191.74475625006 41 46
161805.7174958335 162314.14849583348 41 30
168954.74049583348 169201.04599583347 41 37
170433.8049958335 170679.0229958335 41 37
179015.5022458335 179376.35784583347 41 29
180029.26868333347 180385.82838333346 41 31
181047.4051208335 181389.03090833343 41 33
181553.66812083343 181802.17712083345 41 46
182050.68612083347 182312.79562083347 41 49
94925.61800625028 95169.52050625028 42 42
96498.88975625027 96737.93375625028 42 46
106632.68800625014 106876.59050625014 42 42
108205.95975625011 108445.00375625011 42 47
123532.91625624997 123773.88025624998 42 55
123773.88025624998 124012.3879020833 42 41
124267.02000624996 124510.92250624996 42 42
135184.52000625033 135425.48400625034 42 55
135425.48400625034 135663.9916520837 42 41
135918.62375625037 136162.52625625033 42 42
30353.83228541667 31345.27273541667 43 51
63358.88437291676 64350.324822916744 43 51
94803.6667562503 95047.56925625028 43 56
95047.56925625028 95281.3091520836 43 42
100059.69700625022 100201.33950625022 43 42
100306.76125625023 100547.72525625021 43 41
101164.28550625019 101405.24950625018 43 55
101525.7315062502 101761.67542291686 43 41
106510.73675625016 106754.63925625014 43 56
106754.63925625014 106988.37915208346 43 42
111760.21625625009 111901.85875625009 43 42
112007.2805062501 112248.24450625009 43 41
112864.80475625007 113105.76875625005 43 55
113226.25075625007 113462.19467291672 43 41
123406.33400624998 123547.97650624998 43 42
123653.39825624999 123894.36225624998 43 41
124510.92250624996 124751.88650624994 43 55
124872.36850624996 125108.31242291661 43 41
125479.29650624994 125718.34050624995 43 60
125957.38450624995 126421.52827291662 43 57
135057.93775625032 135199.58025625034 43 42
135305.00200625035 135545.96600625035 43 41
136162.52625625033 136403.49025625037 43 55
136523.97225625036 136759.91617291703 43 41
137130.90025625037 137369.94425625037 43 60
137608.98825625033 138203.78797708367 43 57
155303.33818333354 156294.77863333354 43 51
101766.69550625018 102007.65950625017 44 45
113467.21475625006 113708.17875625005 44 45
123049.19150624999 123287.28650624998 44 57
123287.28650624998 123532.91625624997 44 42
134696.4917562503 134937.4557562503 44 57
134937.4557562503 135184.52000625033 44 42
44142.53682083341 44388.84232083342 45 38
45624.662070833416 45869.88007083341 45 41
77142.88763125023 77389.19313125023 45 38
78621.4083812502 78866.6263812502 45 41
94674.9115062503 94925.61800625028 45 41
95169.52050625028 95406.93367291693 45 42
95411.95375625027 95652.91775625026 45 42
96618.41175625027 96857.45575625027 45 42
99698.25100625023 99939.21500625022 45 57
99939.21500625022 100186.27925625021 45 42
101284.7675062502 101416.29368958353 45 42
101646.21350625019 101887.17750625018 45 57
101887.17750625018 102132.65950625017 45 45
102371.70350625018 102610.74750625019 45 46
106381.98150625016 106632.68800625014 45 41
106876.59050625014 107114.00367291679 45 42
107119.02375625013 107359.98775625012 45 42
108325.48175625011 108564.52575625012 45 48
111403.0737562501 111641.1687562501 45 57
111641.1687562501 111886.79850625008 45 42
112985.28675625006 113116.8129395834 45 42
113346.73275625006 113587.69675625005 45 57
113587.69675625005 113833.17875625005 45 45
114072.22275625006 114311.26675625006 45 46
124631.40450624995 124762.93068958329 45 42
125354.29650624994 125598.81850624994 45 45
136283.00825625035 136414.5344395837 45 42
137005.90025625037 137250.42225625037 45 45
169077.8932458335 169324.19874583348 45 38
170556.4139958335 170801.63199583354 45 41
1601.9342500000002 1855.09875 46 40
13749.750000000002 14001.851000000002 46 40
37896.97582083337 38144.378320833384 46 40
48390.85782083339 48638.260320833404 46 40
51622.412820833415 51930.294695833414 46 30
52115.02382083341 52380.82850625008 46 30
52607.63482083342 53111.69432083342 46 29
53604.30532083342 53870.110006250085 46 30
54354.67032083343 54813.25764583343 46 40
55372.80675833344 55823.87625833343 46 36
56390.943195833446 56639.452195833444 46 45
56887.96119583344 57136.47019583345 46 47
57398.57969583345 57895.59769583344 46 24
57895.59769583344 58206.233945833446 46 30
70899.43488125011 71146.83738125011 46 40
81384.1496312502 81631.5521312502 46 40
84615.70463125024 84923.58650625024 46 30
85108.31563125025 85373.85190208357 46 30
85597.53613125025 86101.59563125027 46 29
86594.20663125027 86859.7429020836 46 30
87341.18113125028 87799.7684562503 46 40
88359.3175687503 88810.38706875031 46 36
89377.45400625031 89625.96300625031 46 45
89874.47200625032 90122.98100625032 46 47
90385.09050625033 90882.10850625034 46 24
90882.10850625034 91192.74475625035 46 30
94313.4655062503 94554.42950625031 46 55
94554.42950625031 94792.93715208363 46 41
95291.47175625028 95532.43575625027 46 55
95532.43575625027 95773.39975625026 46 41
99570.59150625023 99778.57233958357 46 44
99818.73300625023 100059.69700625022 46 44
101405.24950625018 101646.21350625019 46 41
106023.41550625017 106262.45950625015 46 55
106262.45950625015 106500.00715208349 46 41
106998.54175625014 107239.50575625013 46 55
107239.50575625013 107480.46975625011 46 41
111275.41425625012 111482.4387562501 46 44
111522.1212562501 111760.21625625009 46 44
113105.76875625005 113346.73275625006 46 41
122921.53200625001 123128.55650625 46 44
123168.23900624999 123406.33400624998 46 44
124751.88650624994 124992.85050624995 46 41
125233.81450624994 125479.29650624994 46 45
125598.81850624994 125837.86250624995 46 46
134568.83225625026 134776.81308958362 46 44
134816.97375625029 135057.93775625032 46 44
136403.49025625037 136644.45425625035 46 41
136885.41825625038 137130.90025625037 46 45
137250.42225625037 137489.46625625037 46 46
138743.57900625034 138996.74350625038 46 40
162834.7087458335 163082.11124583348 46 40
173319.15524583354 173566.55774583353 46 40
176550.71024583353 176858.59212083352 46 30
177043.3212458335 177308.77997291685 46 30
177531.5622458335 178035.62174583352 46 29
178528.2327458335 178793.61456250015 46 30
179273.25624583347 179731.84357083347 46 40
180287.02268333346 180738.09218333347 46 36
181305.15912083344 181553.66812083343 46 45
181802.17712083345 182050.68612083347 46 47
182312.79562083347 182821.27062083347 46 24
182821.27062083347 183139.06749583347 46 30
34831.69832083337 35212.463652083374 47 43
67841.06713125012 68214.92271250012 47 43
95652.91775625026 95788.46000625026 47 41
95893.88175625027 96128.82165625026 47 47
107359.98775625012 107495.53000625012 47 41
107600.95175625013 107841.91575625012 47 47
159780.7487458335 160150.1965770835 47 43
29198.74053541667 29335.91478541667 48 45
35204.46182083337 35458.12141458337 48 32
44265.68957083342 44511.99507083342 48 39
45747.27107083341 45992.489070833406 48 43
53850.61082083342 54225.79332083342 48 34
54868.74725833343 55243.929758333434 48 35
55886.883695833436 56262.06619583344 48 44
56763.70669583344 56903.49300833344 48 39
57260.72469583344 57522.83419583345 48 43
62203.79262291676 62340.96687291676 48 45
68206.92088125013 68460.58047500013 48 32
77266.04038125022 77511.14438125023 48 39
78744.0173812502 78988.0838812502 48 43
86840.51213125026 87212.30413125028 48 34
87855.25806875029 88230.4405687503 48 35
88873.39450625029 89248.5770062503 48 44
89750.21750625031 89890.00381875031 48 39
90247.23550625033 90509.34500625034 48 43
94186.8832562503 94328.5257562503 48 42
94433.9475062503 94674.9115062503 48 41
95773.39975625026 96014.36375625026 48 59
96014.36375625026 96253.59575625027 48 48
105896.83325625016 106038.35575625015 48 42
106142.93750625015 106381.98150625016 48 41
107480.46975625011 107721.43375625012 48 59
107721.43375625012 107966.91575625012 48 48
122560.08600625 122801.05000625 48 59
122801.05000625 123038.55321458333 48 45
125113.33250624995 125250.88278958327 48 45
134207.38625625026 134448.35025625024 48 59
134448.35025625024 134685.8534645836 48 45
136764.93625625037 136902.4865395837 48 45
154148.24643333355 154285.42068333353 48 45
160142.19474583352 160395.85433958351 48 32
169201.04599583347 169446.1499958335 48 39
170679.0229958335 170923.08949583353 48 43
178774.5382458335 179144.37924583346 48 34
179787.33318333345 180158.14568333345 48 35
180801.09962083347 181176.28212083346 48 44
181677.92262083344 181817.70893333346 48 39
182174.94062083345 182439.91437083346 48 43
53111.69432083342 53419.57619583342 49 30
86101.59563125027 86409.47750625027 49 30
96128.82165625026 96259.84575625027 49 48
99209.14550625024 99450.10950625024 49 59
99450.10950625024 99687.61271458356 49 45
107841.91575625012 107978.86795625012 49 48
110913.96825625011 111154.93225625012 49 59
111154.93225625012 111392.43546458344 49 45
178035.62174583352 178343.5036208335 49 30
27818.33503541667 28590.860568750002 50 62
28574.06653541667 28825.977035416672 50 46
29335.91478541667 29637.952004166666 50 53
29830.71978541667 30353.83228541667 50 61
31369.964085416672 31522.93153333334 50 25
31615.73062083334 31776.921027083336 50 27
31858.554018750005 32007.84321875001 50 28
32098.48073541668 32255.936539583352 50 30
32335.64165625002 32463.316477083346 50 33
32572.219864583345 32750.18211041669 50 36
32812.70252083336 32983.4526291667 50 38
33057.282112500034 33320.23532083336 50 40
33320.23532083336 33824.05632083336 50 54
33824.05632083336 34596.5818541667 50 53
34831.69832083337 35212.463652083374 50 51
35341.636070833374 35898.29169583337 50 38
51868.71832083342 52330.54113333341 50 34
52865.388820833425 53357.99982083342 50 40
53357.99982083342 53789.034445833415 50 34
54612.42432083343 54991.90000833343 50 30
55630.560758333435 56010.03644583344 50 31
56515.19769583344 56652.91310000011 50 37
57012.215695833445 57143.71837500011 50 41
57398.57969583345 57895.59769583344 50 30
60827.29837291676 61599.823906250094 50 62
61583.02987291676 61834.94037291675 50 46
62340.96687291676 62643.004091666764 50 53
62835.77187291676 63358.88437291676 50 61
64375.40523541675 64537.20636250009 50 25
64624.77852291676 64772.38742500009 50 27
64867.92282916676 65017.212029166774 50 29
65107.84954583343 65265.305350000075 50 32
65345.01046666675 65472.6852875001 50 34
65581.58867500011 65759.55092083344 50 37
65822.07133125012 65992.82143958345 50 39
66066.65092291679 66329.60413125015 50 42
66329.60413125015 66833.42513125014 50 54
66833.42513125014 67605.95066458346 50 53
67841.06713125012 68214.92271250012 50 51
68344.09513125013 68900.75075625013 50 38
84862.01013125024 85323.83294375025 50 34
85855.29013125025 86347.90113125027 50 40
86347.90113125027 86778.93575625027 50 34
87598.93513125028 87978.41081875029 50 30
88617.07156875031 88996.5472562503 50 31
89501.7085062503 89639.42391041698 50 37
89998.72650625033 90130.22918541699 50 41
90385.09050625033 90882.10850625034 50 30
93825.43725625031 94066.4012562503 50 57
94066.4012562503 94313.4655062503 50 42
96259.84575625027 96498.88975625027 50 60
96737.93375625028 96976.97775625027 50 57
99082.56325625024 99215.16960625025 50 45
99329.62750625025 99570.59150625023 50 45
102491.2255062502 102969.31350625018 50 42
105535.38725625018 105776.35125625017 50 57
105776.35125625017 106023.41550625017 50 42
107966.91575625012 108205.95975625011 50 60
108445.00375625011 108684.04775625012 50 57
110787.38600625012 110919.99235625012 50 45
111034.45025625013 111275.41425625012 50 45
114191.74475625006 114669.83275625006 50 42
119149.12950625006 119760.83550625008 50 56
122433.50375625001 122566.11010625001 50 45
122680.56800625002 122921.53200625001 50 45
124992.85050624995 125233.81450624994 50 57
125718.34050624995 125957.38450624995 50 46
130792.1262562501 131403.8322562501 50 56
134080.80400625026 134213.41035625024 50 45
134327.86825625025 134568.83225625026 50 45
136644.45425625035 136885.41825625038 50 57
137369.94425625037 137608.98825625033 50 46
152771.75218333356 153544.2777166669 50 62
153527.48368333356 153779.39418333358 50 46
154285.42068333353 154587.45790208355 50 53
154780.22568333356 155303.33818333354 50 61
156319.85904583355 156481.6601729169 50 25
156569.23233333355 156716.84123541688 50 27
156812.29228958357 156962.60881875022 50 29
157050.43285000022 157189.5306062502 50 32
157284.6920812502 157412.36690208354 50 34
157521.27028958354 157699.2325354168 50 37
157761.75294583352 157932.50305416685 50 39
158006.3325375002 158269.28574583348 50 41
158269.28574583348 158773.1067458335 50 54
158773.1067458335 159545.63227916686 50 53
159780.7487458335 160150.1965770835 50 51
160279.3689958335 160836.02462083352 50 38
176797.01574583355 177258.83855833352 50 34
177789.3162458335 178281.9272458335 50 40
178281.9272458335 178712.96187083347 50 34
179531.01024583346 179908.30093333346 50 30
180544.77668333345 180924.25237083348 50 31
181429.41362083342 181567.1290250001 50 37
181926.43162083346 182057.93430000014 50 41
182312.79562083347 182821.27062083347 50 30
28825.977035416672 29198.74053541667 51 57
31493.21843541667 31679.755027083338 51 22
31737.447339583337 31866.58615208334 51 24
31978.843218750008 32103.460818750016 51 24
32217.39901458335 32344.465181250016 51 28
32453.473956250014 32577.180177083348 51 29
32691.949143750015 32831.9332916667 51 33
32934.4730291667 33101.52078125003 51 33
33180.99832083336 33572.145820833364 51 38
34579.787820833364 34893.825570833375 51 36
35204.46182083337 35458.12141458337 51 39
35836.441070833374 36508.90517708337 51 34
52361.329320833414 52736.511820833424 51 34
61834.94037291675 62203.79262291676 51 57
64500.89933125008 64655.51621041676 51 22
64747.08377916676 64875.95496250009 51 24
64988.21202916676 65112.82962916675 51 25
65226.76782500008 65353.83399166676 51 29
65462.84276666677 65586.54898750011 51 30
65701.31795416678 65841.30210208344 51 34
65943.84183958346 66110.88959166681 51 34
66190.36713125014 66581.51463125015 51 38
67589.15663125014 67902.04275625013 51 36
68206.92088125013 68460.58047500013 51 39
68838.90013125014 69511.36423750014 51 34
85354.62113125024 85726.41313125026 51 34
93697.77775625032 93888.69030625031 51 44
93945.9192562503 94186.8832562503 51 44
105407.72775625018 105598.64030625018 51 44
105655.86925625017 105896.83325625016 51 44
122072.05775625001 122313.02175625 51 58
122313.02175625 122560.08600625 51 46
133719.35800625026 133960.32200625024 51 58
133960.32200625024 134207.38625625026 51 46
153779.39418333358 154148.24643333355 51 57
156445.35314166688 156599.97002083354 51 22
156691.53758958358 156820.29228958357 51 24
156931.85488125024 157077.0076562502 51 25
157168.0462312502 157293.5156062502 51 29
157402.5243812502 157526.23060208352 51 30
157640.99956875018 157780.98371666684 51 34
157883.52345416683 158050.57120625017 51 34
158130.04874583348 158521.1962458335 51 38
159528.83824583353 159840.9897458335 51 36
160142.19474583352 160395.85433958351 51 39
160774.1739958335 161446.63810208353 51 34
177289.62674583352 177660.43924583352 51 34
98721.11725625025 98962.08125625024 52 58
98962.08125625024 99209.14550625024 52 46
110425.94000625014 110666.90400625012 52 58
110666.90400625012 110913.96825625011 52 46
6106.289249999999 7100.474749999999 53 40
7871.4617499999995 9598.805 53 36
9353.587000000001 11209.115750000006 53 42
11085.963000000007 11640.150375000003 53 38
11578.574000000004 12231.299443750002 53 32
18237.725750000012 19231.911250000016 53 40
20002.89825000001 21719.462250000008 53 36
21476.547250000007 23326.318500000005 53 42
23203.165750000007 23757.353125000005 53 38
23695.776750000005 24354.99819375001 53 32
33824.05632083336 34596.5818541667 53 64
35341.636070833374 35898.29169583337 53 45
36359.55357083337 36885.99150208337 53 36
42377.364320833396 43371.549820833396 53 40
44388.84232083342 44635.14782083342 53 40
45869.88007083341 46115.0980708334 53 44
47357.038070833376 47972.80182083339 53 38
47849.64907083339 48449.615914583395 53 32
51118.35332083341 51622.412820833415 53 29
53973.76357083342 54225.79332083342 53 39
54612.42432083343 54837.95907083343 53 33
54991.90000833343 55243.929758333434 53 40
55630.560758333435 55856.095508333434 53 34
56010.03644583344 56262.06619583344 53 43
56515.19769583344 56652.91310000011 53 41
56763.70669583344 56903.49300833344 53 43
57012.215695833445 57143.71837500011 53 46
57260.72469583344 57522.83419583345 53 47
66833.42513125014 67605.95066458346 53 64
68344.09513125013 68900.75075625013 53 45
69362.01263125014 69888.45056250012 53 36
75377.71513125021 76371.9006312502 53 40
77389.19313125023 77633.09563125021 53 40
78866.6263812502 79109.54138125021 53 44
80350.32988125019 80966.0936312502 53 38
80842.9408812502 81442.9077250002 53 32
84111.64513125023 84615.70463125024 53 29
86961.96963125026 87212.30413125028 53 39
87598.93513125028 87824.46988125029 53 33
87978.41081875029 88230.4405687503 53 40
88617.07156875031 88842.6063187503 53 34
88996.5472562503 89248.5770062503 53 43
89501.7085062503 89639.42391041698 53 41
89750.21750625031 89890.00381875031 53 43
89998.72650625033 90130.22918541699 53 46
90247.23550625033 90509.34500625034 53 47
98593.45775625025 98728.14537291692 53 46
98841.59925625025 99082.56325625024 53 46
110298.28050625014 110432.96812291679 53 46
110546.42200625013 110787.38600625012 53 46
121944.39825625003 122079.08587291668 53 46
122192.53975625001 122433.50375625001 53 46
133591.69850625025 133726.3861229169 53 46
133839.84000625022 134080.80400625026 53 46
143241.54850625034 144235.73400625034 53 40
145006.72100625033 146722.90125625033 53 36
146479.98625625033 148316.99550625036 53 42
148193.84275625035 148748.03013125036 53 38
148686.45375625035 149339.17920000033 53 32
158773.1067458335 159545.63227916686 53 64
160279.3689958335 160836.02462083352 53 45
161297.2864958335 161823.7244270835 53 36
167312.72074583347 168306.90624583347 53 40
169324.19874583348 169568.10124583347 53 40
170801.63199583354 171044.54699583352 53 44
172285.3354958335 172901.09924583352 53 38
172777.94649583354 173377.91333958352 53 32
176046.65074583355 176550.71024583353 53 29
178895.02024583347 179144.37924583346 53 39
179531.01024583346 179756.54499583345 53 33
179908.30093333346 180158.14568333345 53 40
180544.77668333345 180770.31143333347 53 34
180924.25237083348 181176.28212083346 53 43
181429.41362083342 181567.1290250001 53 41
181677.92262083344 181817.70893333346 53 43
181926.43162083346 182057.93430000014 53 46
182174.94062083345 182439.91437083346 53 47
93336.33175625032 93577.29575625033 54 59
93577.29575625033 93814.79896458365 54 45
96857.45575625027 96982.95385625027 54 53
105049.16175625018 105288.20575625017 54 59
105288.20575625017 105524.74896458352 54 45
108564.52575625012 108690.02385625012 54 49
5846.755249999998 6106.289249999999 55 30
17979.444000000014 18237.725750000012 55 30
30353.83228541667 31345.27273541667 55 61
34579.787820833364 34893.825570833375 55 43
35836.441070833374 36508.90517708337 55 41
42117.83032083339 42377.364320833396 55 30
53850.61082083342 54096.91632083342 55 42
54096.91632083342 54354.67032083343 55 42
54868.74725833343 55115.05275833343 55 43
55115.05275833343 55372.80675833344 55 44
55886.883695833436 56133.18919583344 55 46
56133.18919583344 56390.943195833446 55 47
63358.88437291676 64350.324822916744 55 61
67589.15663125014 67902.04275625013 55 43
68838.90013125014 69511.36423750014 55 41
75113.8268812502 75377.71513125021 55 30
86840.51213125026 87083.42713125027 55 42
87083.42713125027 87341.18113125028 55 42
87855.25806875029 88101.5635687503 55 43
88101.5635687503 88359.3175687503 55 44
88873.39450625029 89119.70000625029 55 46
89119.70000625029 89377.45400625031 55 47
92359.19800625034 92600.16200625034 55 63
92848.30350625032 93089.26750625031 55 58
93209.7495062503 93342.35585625032 55 45
93456.81375625033 93697.77775625032 55 45
98232.01175625027 98472.97575625026 55 63
98472.97575625026 98721.11725625025 55 46
104074.90800625019 104313.95200625017 55 63
104561.13350625017 104802.09750625017 55 58
104922.57950625016 105055.13785625016 55 45
105168.68375625018 105407.72775625018 55 45
109938.28050625013 110178.28050625013 55 63
110178.28050625013 110425.94000625014 55 46
116244.65525625006 116856.36125625006 55 56
119637.88475625007 120001.79950625007 55 56
121582.95225625004 121823.91625625003 55 63
121823.91625625003 122072.05775625001 55 46
125837.86250624995 126405.59200624995 55 42
127884.77200624994 128496.47800624996 55 56
131280.88150625012 131644.79625625015 55 56
133230.25250625025 133471.21650625023 55 63
133471.21650625023 133719.35800625026 55 46
137489.46625625037 137893.34825625035 55 42
142982.01450625033 143241.54850625034 55 30
155303.33818333354 156294.77863333354 55 61
159528.83824583353 159840.9897458335 55 43
160774.1739958335 161446.63810208353 55 41
167046.16224583346 167312.72074583347 55 30
178774.5382458335 179015.5022458335 55 42
179015.5022458335 179273.25624583347 55 42
179787.33318333345 180029.26868333347 55 43
180029.26868333347 180287.02268333346 55 44
180801.09962083347 181047.4051208335 55 46
181047.4051208335 181305.15912083344 55 47
31369.964085416672 31522.93153333334 56 25
31615.73062083334 31776.921027083336 56 27
31858.554018750005 32007.84321875001 56 28
32098.48073541668 32255.936539583352 56 30
32335.64165625002 32463.316477083346 56 33
32572.219864583345 32750.18211041669 56 36
32812.70252083336 32983.4526291667 56 38
33057.282112500034 33320.23532083336 56 40
33320.23532083336 33824.05632083336 56 65
64375.40523541675 64537.20636250009 56 25
64624.77852291676 64772.38742500009 56 27
64867.92282916676 65017.212029166774 56 29
65107.84954583343 65265.305350000075 56 32
65345.01046666675 65472.6852875001 56 34
65581.58867500011 65759.55092083344 56 37
65822.07133125012 65992.82143958345 56 39
66066.65092291679 66329.60413125015 56 42
66329.60413125015 66833.42513125014 56 65
156319.85904583355 156481.6601729169 56 25
156569.23233333355 156716.84123541688 56 27
156812.29228958357 156962.60881875022 56 29
157050.43285000022 157189.5306062502 56 32
157284.6920812502 157412.36690208354 56 34
157521.27028958354 157699.2325354168 56 37
157761.75294583352 157932.50305416685 56 39
158006.3325375002 158269.28574583348 56 41
158269.28574583348 158773.1067458335 56 65
5351.950249999999 5661.203374999998 57 30
8117.767249999998 8487.225499999997 57 40
17487.14350000001 17795.770500000013 57 30
20245.813250000007 20610.185750000008 57 40
41623.02532083339 41932.27844583339 57 30
44511.99507083342 44758.300570833424 57 41
45992.489070833406 46237.7070708334 57 46
53819.82263333342 53870.110006250085 57 36
54225.79332083342 54457.77192083343 57 39
54837.95907083343 54991.90000833343 57 37
55243.929758333434 55471.61245833344 57 40
55856.095508333434 56010.03644583344 57 39
56262.06619583344 56474.81498333345 57 44
56639.452195833444 56887.96119583344 57 50
57136.47019583345 57398.57969583345 57 52
74619.02188125018 74928.2750062502 57 30
77511.14438125023 77755.04688125021 57 41
78988.0838812502 79230.99888125021 57 46
86809.72394375027 86859.7429020836 57 36
87212.30413125028 87444.28273125028 57 39
87824.46988125029 87978.41081875029 57 37
88230.4405687503 88458.12326875029 57 40
88842.6063187503 88996.5472562503 57 39
89248.5770062503 89461.32579375031 57 44
89625.96300625031 89874.47200625032 57 50
90122.98100625032 90385.09050625033 57 52
92230.44275625034 92402.370722917 57 47
92479.68000625033 92720.64400625032 57 46
92720.64400625032 92855.33162291697 57 46
93089.26750625031 93325.78323541698 57 46
96982.95385625027 97251.94025625028 57 56
98103.25650625027 98307.31300625028 57 47
98352.49375625027 98593.45775625025 57 46
103946.15275625019 104117.73672291684 57 47
104194.43000625017 104433.47400625018 57 46
104433.47400625018 104568.16162291683 57 46
104802.09750625017 105038.61323541684 57 46
108690.02385625012 108958.20900625012 57 53
109809.52525625013 110013.28050625013 57 47
110058.28050625013 110298.28050625014 57 46
119149.12950625006 119760.83550625008 57 67
121454.19700625005 121658.25350625004 57 47
121703.43425625004 121944.39825625003 57 46
130792.1262562501 131403.8322562501 57 67
133101.49725625024 133305.55375625024 57 47
133350.73450625024 133591.69850625025 57 46
142487.2095062503 142796.46263125032 57 30
145253.02650625035 145622.48475625034 57 40
166551.35724583347 166860.61037083348 57 30
169446.1499958335 169690.05249583346 57 41
170923.08949583353 171166.0044958335 57 46
178743.75005833348 178793.61456250015 57 36
179144.37924583346 179376.35784583347 57 39
179756.54499583345 179908.30093333346 57 37
180158.14568333345 180385.82838333346 57 40
180770.31143333347 180924.25237083348 57 39
181176.28212083346 181389.03090833343 57 44
181553.66812083343 181802.17712083345 57 50
182050.68612083347 182312.79562083347 57 52
1855.09875 2119.8666229166665 58 29
2361.42775 2630.02434375 58 29
3859.3777499999997 4125.182435416666 58 30
5599.352749999999 5970.456499999998 58 34
12119.782750000002 13111.891250000002 58 30
14001.851000000002 14265.50662916667 58 29
14506.053000000004 14773.336187500003 58 29
15998.941000000003 16264.399727083337 58 30
17734.546000000013 18101.893000000015 58 34
24243.48150000001 25267.57256875001 58 30
31369.964085416672 31522.93153333334 58 30
31615.73062083334 31776.921027083336 58 33
31858.554018750005 32007.84321875001 58 34
32098.48073541668 32255.936539583352 58 36
32335.64165625002 32463.316477083346 58 39
32572.219864583345 32750.18211041669 58 42
32812.70252083336 32983.4526291667 58 45
33057.282112500034 33320.23532083336 58 49
33320.23532083336 33824.05632083336 58 65
38144.378320833384 38403.12010208338 58 29
38639.18332083339 38902.048477083394 58 29
40131.86032083339 40397.55357916672 58 30
41870.42782083339 42241.531570833395 58 34
48638.260320833404 48897.0021020834 58 29
49133.06532083341 49395.93047708341 58 29
49627.87032083342 50133.13132083341 58 31
50625.74232083341 50891.547006250075 58 30
51376.10732083342 51868.71832083342 58 40
54354.67032083343 54813.25764583343 58 42
55372.80675833344 55823.87625833343 58 44
56390.943195833446 56639.452195833444 58 48
56887.96119583344 57136.47019583345 58 51
57398.57969583345 57895.59769583344 58 34
64375.40523541675 64537.20636250009 58 30
64624.77852291676 64772.38742500009 58 33
64867.92282916676 65017.212029166774 58 35
65107.84954583343 65265.305350000075 58 37
65345.01046666675 65472.6852875001 58 41
65581.58867500011 65759.55092083344 58 44
65822.07133125012 65992.82143958345 58 46
66066.65092291679 66329.60413125015 58 50
66329.60413125015 66833.42513125014 58 65
71146.83738125011 71405.57916250011 58 29
71641.64238125012 71904.28878750013 58 29
73130.81938125016 73396.27810833348 58 30
74866.4243812502 75237.5281312502 58 34
81631.5521312502 81890.2939125002 58 29
82126.3571312502 82389.2222875002 58 29
82621.1621312502 83126.42313125022 58 31
83619.03413125023 83884.83881666689 58 30
84369.39913125023 84862.01013125024 58 40
87341.18113125028 87799.7684562503 58 42
88359.3175687503 88810.38706875031 58 44
89377.45400625031 89625.96300625031 58 48
89874.47200625032 90122.98100625032 58 51
90385.09050625033 90882.10850625034 58 34
91868.99675625036 92109.96075625035 58 62
92109.96075625035 92359.19800625034 58 47
92600.16200625034 92848.30350625032 58 46
92968.78550625031 93209.7495062503 58 46
97741.81050625029 97982.77450625028 58 62
97982.77450625028 98232.01175625027 58 47
103584.7067562502 103825.67075625018 58 62
103825.67075625018 104074.90800625019 58 47
104313.95200625017 104561.13350625017 58 46
104681.61550625016 104922.57950625016 58 46
109448.07925625014 109689.04325625014 58 62
109689.04325625014 109938.28050625013 58 47
119028.64750625007 119277.88475625006 58 46
119637.88475625007 120001.79950625007 58 67
121097.05450625006 121335.14950625005 58 62
121335.14950625005 121582.95225625004 58 47
130671.64425625009 130920.88150625011 58 46
131280.88150625012 131644.79625625015 58 67
132740.0512562502 132981.01525625022 58 62
132981.01525625022 133230.25250625025 58 47
138996.74350625038 139261.51137916703 58 29
139503.07250625035 139771.54313125034 58 29
140999.00700625032 141264.46573333367 58 30
142734.61200625033 143105.71575625034 58 34
149227.66250625034 150219.77100625032 58 30
156319.85904583355 156481.6601729169 58 30
156569.23233333355 156716.84123541688 58 33
156812.29228958357 156962.60881875022 58 35
157050.43285000022 157189.5306062502 58 37
157284.6920812502 157412.36690208354 58 41
157521.27028958354 157699.2325354168 58 44
157761.75294583352 157932.50305416685 58 46
158006.3325375002 158269.28574583348 58 49
158269.28574583348 158773.1067458335 58 65
163082.11124583348 163340.85302708347 58 29
163576.91624583348 163839.43971458348 58 29
165064.12624583347 165329.50806250013 58 30
166798.7597458335 167169.86349583347 58 34
173566.55774583353 173825.29952708352 58 29
174061.36274583352 174324.2279020835 58 29
174556.16774583355 175061.42874583355 58 31
175554.03974583352 175819.8444312502 58 30
176304.4047458335 176797.01574583355 58 40
179273.25624583347 179731.84357083347 58 42
180287.02268333346 180738.09218333347 58 44
181305.15912083344 181553.66812083343 58 48
181802.17712083345 182050.68612083347 58 51
182312.79562083347 182821.27062083347 58 34
31493.21843541667 31679.755027083338 59 27
31737.447339583337 31866.58615208334 59 26
31978.843218750008 32103.460818750016 59 30
32217.39901458335 32344.465181250016 59 29
32453.473956250014 32577.180177083348 59 36
32691.949143750015 32831.9332916667 59 34
32934.4730291667 33101.52078125003 59 41
33180.99832083336 33572.145820833364 59 40
64500.89933125008 64655.51621041676 59 27
64747.08377916676 64875.95496250009 59 27
64988.21202916676 65112.82962916675 59 32
65226.76782500008 65353.83399166676 59 30
65462.84276666677 65586.54898750011 59 38
65701.31795416678 65841.30210208344 59 35
65943.84183958346 66110.88959166681 59 42
66190.36713125014 66581.51463125015 59 41
156445.35314166688 156599.97002083354 59 27
156691.53758958358 156820.29228958357 59 27
156931.85488125024 157077.0076562502 59 32
157168.0462312502 157293.5156062502 59 30
157402.5243812502 157526.23060208352 59 38
157640.99956875018 157780.98371666684 59 35
157883.52345416683 158050.57120625017 59 42
158130.04874583348 158521.1962458335 59 41
2861.50575 3366.76675 60 31
4351.9887499999995 4671.5933749999995 60 29
8364.072749999998 8624.063449999998 60 37
9598.805 9966.632000000001 60 48
15001.069000000003 15506.330000000002 60 31
16487.182 16806.786625 60 29
20488.728250000007 20747.023700000005 60 37
21719.462250000008 22083.834750000005 60 48
29198.74053541667 29335.91478541667 60 53
36867.984570833374 37376.41557083337 60 36
39133.98832083339 39639.24932083339 60 31
40623.063820833384 40942.66844583339 60 29
44635.14782083342 44823.654320833426 60 42
46115.0980708334 46302.1455708334 60 48
50872.04782083341 51247.23032083342 60 34
62203.79262291676 62340.96687291676 60 53
69870.44363125012 70378.87463125013 60 36
72132.94738125014 72638.20838125015 60 31
73619.06038125016 73938.66500625017 60 29
77633.09563125021 77820.4006312502 60 42
79109.54138125021 79295.43738125022 60 48
83865.33963125022 84240.52213125023 60 34
91739.12650625035 91989.47875625035 60 48
91989.47875625035 92230.44275625034 60 48
97611.9402562503 97862.29250625029 60 56
97862.29250625029 98103.25650625027 60 48
103454.8365062502 103705.1887562502 60 48
103705.1887562502 103946.15275625019 60 48
109318.20900625014 109568.56125625013 60 49
109568.56125625013 109809.52525625013 60 48
116733.41050625006 117097.32525625006 60 56
118664.22675625008 118908.16550625006 60 59
118908.16550625006 119149.12950625006 60 46
120967.18425625007 121216.10200625006 60 48
121216.10200625006 121454.19700625005 60 48
128373.52725624996 128737.44200624998 60 56
130307.22350625007 130551.16225625009 60 59
130551.16225625009 130792.1262562501 60 46
132610.1810062502 132860.53325625023 60 48
132860.53325625023 133101.49725625024 60 48
140001.13500625032 140506.39600625032 60 31
141487.24800625033 141806.8526312503 60 29
145499.33200625033 145759.21635625034 60 37
146722.90125625033 147087.27375625033 60 48
154148.24643333355 154285.42068333353 60 53
161805.7174958335 162314.14849583348 60 36
164066.25424583346 164571.5152458335 60 31
165551.39574583346 165871.00037083347 60 29
169568.10124583347 169755.4062458335 60 42
171044.54699583352 171230.4429958335 60 48
175800.34524583354 176175.52774583353 60 34
3366.76675 3674.648625 61 30
4857.14525 5166.398374999999 61 30
15506.330000000002 15814.211875 61 30
16992.3385 17301.59162500001 61 30
39639.24932083339 39947.13119583339 61 30
41128.220320833396 41437.47344583339 61 30
50133.13132083341 50441.01319583342 61 30
72638.20838125015 72946.09025625016 61 30
74124.21688125018 74433.4700062502 61 30
83126.42313125022 83434.30500625023 61 30
97096.49975625028 97291.94025625028 61 58
108803.56975625013 108998.20900625014 61 57
140506.39600625032 140814.2778812503 61 30
141992.40450625028 142301.65763125033 61 30
164571.5152458335 164879.39712083348 61 30
166056.55224583345 166365.80537083346 61 30
175061.42874583355 175369.31062083354 61 30
1081.374 1601.9342500000002 62 50
2108.2632500000004 2582.9466875 62 34
3120.4612499999994 3613.0722499999997 62 40
3613.0722499999997 4044.106875 62 34
4609.742749999999 4980.8465 62 40
5104.547749999999 5475.651499999999 62 34
12660.469750000002 13111.891250000002 62 32
13229.189750000003 13749.750000000002 62 50
14253.952000000001 14726.641375000003 62 34
15260.024500000001 15752.635500000002 62 40
15752.635500000002 16183.670125000002 62 34
16744.935999999998 17116.039750000004 62 40
17239.741000000005 17610.844750000007 62 34
24784.16850000001 25267.57256875001 62 32
27818.33503541667 28590.860568750002 62 74
28574.06653541667 28825.977035416672 62 56
29335.91478541667 29637.952004166666 62 63
36359.55357083337 36885.99150208337 62 40
37376.41557083337 37896.97582083337 62 50
38391.78082083338 38855.660508333385 62 34
39392.943820833396 39885.55482083339 62 40
39885.55482083339 40316.589445833386 62 34
40880.81782083339 41251.921570833394 62 40
41375.62282083339 41746.726570833394 62 34
44758.300570833424 44895.138520833425 62 43
48885.6628208334 49349.542508333405 62 34
49886.825820833415 50379.43682083341 62 40
50379.43682083341 50810.471445833406 62 34
54354.67032083343 54991.90000833343 62 34
55372.80675833344 56010.03644583344 62 36
56390.943195833446 56652.91310000011 62 42
56887.96119583344 57143.71837500011 62 49
57398.57969583345 57895.59769583344 62 40
57895.59769583344 58206.233945833446 62 34
60827.29837291676 61599.823906250094 62 74
61583.02987291676 61834.94037291675 62 56
62340.96687291676 62643.004091666764 62 63
69362.01263125014 69888.45056250012 62 40
70378.87463125013 70899.43488125011 62 50
71394.23988125012 71858.11956875013 62 34
72391.90288125015 72884.51388125015 62 40
72884.51388125015 73315.54850625017 62 34
73876.81438125017 74247.91813125018 62 40
74371.61938125019 74742.72313125018 62 34
77755.04688125021 77891.88483125022 62 43
81878.95463125019 82342.8343187502 62 34
82880.11763125022 83372.72863125023 62 40
83372.72863125023 83803.76325625024 62 34
87341.18113125028 87978.41081875029 62 34
88359.3175687503 88996.5472562503 62 36
89377.45400625031 89639.42391041698 62 42
89874.47200625032 90130.22918541699 62 49
90385.09050625033 90882.10850625034 62 40
90882.10850625034 91192.74475625035 62 34
91379.12650625034 91619.12650625035 62 62
91619.12650625035 91868.99675625036 62 48
92359.19800625034 93825.43725625031 62 61
93825.43725625031 95291.47175625028 62 59
97251.94025625028 97491.9402562503 62 66
97491.9402562503 97741.81050625029 62 57
103094.83650625018 103334.8365062502 62 62
103334.8365062502 103584.7067562502 62 48
104074.90800625019 105535.38725625018 62 61
105535.38725625018 106998.54175625014 62 59
108958.20900625012 109198.20900625014 62 62
109198.20900625014 109448.07925625014 62 52
116244.65525625006 116856.36125625006 62 67
118544.70475625007 118787.68350625008 62 46
118787.68350625008 119028.64750625007 62 46
120607.18425625005 120847.18425625005 62 62
120847.18425625005 121097.05450625006 62 48
127884.77200624994 128496.47800624996 62 67
130186.74150625005 130430.68025625007 62 46
130430.68025625007 130671.64425625009 62 46
132250.18100625018 132490.1810062502 62 62
132490.1810062502 132740.0512562502 62 48
138223.01875625033 138743.57900625034 62 50
139249.90800625036 139724.59144375034 62 34
140260.09050625033 140752.70150625033 62 40
140752.70150625033 141183.7361312503 62 34
141745.00200625032 142116.1057562503 62 40
142239.8070062503 142610.91075625032 62 34
149768.34950625032 150219.77100625032 62 32
152771.75218333356 153544.2777166669 62 74
153527.48368333356 153779.39418333358 62 56
154285.42068333353 154587.45790208355 62 63
161297.2864958335 161823.7244270835 62 40
162314.14849583348 162834.7087458335 62 50
163329.51374583348 163793.3934333335 62 34
164325.20974583348 164817.8207458335 62 40
164817.8207458335 165248.85537083348 62 34
165809.14974583345 166180.25349583346 62 40
166303.95474583347 166675.05849583348 62 34
169690.05249583346 169826.89044583347 62 43
173813.96024583353 174277.8399333335 62 34
174815.12324583356 175307.73424583356 62 40
175307.73424583356 175738.76887083353 62 34
179273.25624583347 179908.30093333346 62 34
180287.02268333346 180924.25237083348 62 36
181305.15912083344 181567.1290250001 62 42
181802.17712083345 182057.93430000014 62 49
182312.79562083347 182821.27062083347 62 40
182821.27062083347 183139.06749583347 62 34
1462.6972500000002 1662.0608187500002 63 46
2614.5922499999997 2990.9834999999994 63 34
4105.683249999999 4480.86575 63 34
8617.932999999997 9598.805 63 40
9844.023 10109.813383333336 63 41
11578.574000000004 12231.299443750002 63 32
12119.782750000002 12675.872583333336 63 36
13610.513000000003 13809.623987500003 63 46
14758.154000000002 15130.546750000003 63 34
16245.246500000005 16616.059 63 34
20740.893250000005 21719.462250000008 63 40
21962.377250000005 22227.016133333338 63 41
23695.776750000005 24354.99819375001 63 32
24243.48150000001 24800.662602083343 63 36
28825.977035416672 29198.74053541667 63 68
35836.441070833374 36508.90517708337 63 46
37757.73882083337 37955.733914583376 63 46
38886.58582083339 39263.4660708334 63 34
40378.16582083339 40751.94082083339 63 34
44889.00807083343 45624.662070833416 63 48
46237.7070708334 46380.88845416673 63 49
47849.64907083339 48449.615914583395 63 32
49380.46782083341 49757.34807083342 63 34
53850.61082083342 54457.77192083343 63 34
54868.74725833343 55471.61245833344 63 39
55886.883695833436 56474.81498333345 63 44
56639.452195833444 56903.49300833344 63 40
57136.47019583345 57522.83419583345 63 42
61834.94037291675 62203.79262291676 63 68
68838.90013125014 69511.36423750014 63 46
70760.19788125012 70958.19297500011 63 46
71889.04488125013 72262.42513125014 63 34
73377.12488125016 73747.93738125017 63 34
77885.75438125023 78621.4083812502 63 48
79230.99888125021 79374.18026458354 63 49
80842.9408812502 81442.9077250002 63 32
82373.75963125021 82750.63988125022 63 34
86840.51213125026 87444.28273125028 63 34
87855.25806875029 88458.12326875029 63 39
88873.39450625029 89461.32579375031 63 44
89625.96300625031 89890.00381875031 63 40
90122.98100625032 90509.34500625034 63 42
91499.12650625035 91739.12650625035 63 48
97371.94025625028 97611.9402562503 63 59
103214.8365062502 103454.8365062502 63 48
109078.20900625014 109318.20900625014 63 57
116124.17325625005 116373.41050625006 63 46
116733.41050625006 117097.32525625006 63 67
118182.71000625007 118425.18275625007 63 67
118425.18275625007 118664.22675625008 63 46
120727.18425625005 120967.18425625007 63 48
127764.29000624995 128013.52725624994 63 46
128373.52725624996 128737.44200624998 63 67
129822.82675625004 130066.25950625005 63 67
130066.25950625005 130307.22350625007 63 46
132370.1810062502 132610.1810062502 63 48
138604.34200625034 138803.70557500035 63 46
139756.23700625033 140130.6127562503 63 34
141245.3125062503 141616.1250062503 63 34
145753.19225625033 146722.90125625033 63 40
146965.81625625034 147230.20698958365 63 41
148686.45375625035 149339.17920000033 63 32
149227.66250625034 149783.75233958365 63 36
153779.39418333358 154148.24643333355 63 68
160774.1739958335 161446.63810208353 63 46
162695.4717458335 162893.46683958347 63 46
163824.31874583347 164195.73199583348 63 34
165310.43174583348 165680.27274583347 63 34
169820.75999583348 170556.4139958335 63 48
171166.0044958335 171309.18587916682 63 49
172777.94649583354 173377.91333958352 63 32
174308.76524583352 174685.64549583354 63 34
178774.5382458335 179376.35784583347 63 34
179787.33318333345 180385.82838333346 63 39
180801.09962083347 181389.03090833343 63 44
181553.66812083343 181817.70893333346 63 40
182050.68612083347 182439.91437083346 63 42
1601.9342500000002 2614.5922499999997 65 50
2738.0489999999995 2990.9834999999994 65 45
3613.0722499999997 4074.8950624999998 65 41
4228.835999999999 4480.86575 65 46
6619.417249999999 7100.474749999999 65 35
11085.963000000007 11640.150375000003 65 38
13749.750000000002 14758.154000000002 65 50
14879.611500000003 15130.546750000003 65 45
15752.635500000002 16214.458312500003 65 41
16366.214250000003 16616.059 65 46
18750.853750000013 19231.911250000016 65 35
23203.165750000007 23757.353125000005 65 38
35341.636070833374 35898.29169583337 65 52
37896.97582083337 38886.58582083339 65 50
39010.287070833394 39263.4660708334 65 45
39885.55482083339 40347.37763333339 65 41
40500.61482083338 40751.94082083339 65 46
42890.49232083339 43371.549820833396 65 35
47357.038070833376 47972.80182083339 65 38
50995.20057083341 51247.23032083342 65 46
51868.71832083342 52330.54113333341 65 41
53357.99982083342 53819.82263333342 65 41
68344.09513125013 68900.75075625013 65 52
70899.43488125011 71889.04488125013 65 50
72010.99613125014 72262.42513125014 65 45
72884.51388125015 73346.33669375016 65 41
73498.09263125015 73747.93738125017 65 46
75890.8431312502 76371.9006312502 65 35
80350.32988125019 80966.0936312502 65 38
83988.49238125022 84240.52213125023 65 46
84862.01013125024 85323.83294375025 65 41
86347.90113125027 86809.72394375027 65 41
115759.75250625006 116003.69125625007 65 59
116003.69125625007 116244.65525625006 65 46
118305.66075625006 118544.70475625007 65 46
127399.86925624996 127643.80800624995 65 59
127643.80800624995 127884.77200624994 65 46
129945.77750625004 130186.74150625005 65 46
138743.57900625034 139756.23700625033 65 50
139878.68600625033 140130.6127562503 65 45
140752.70150625033 141214.5243187503 65 41
141366.28025625032 141616.1250062503 65 46
143754.67650625034 144235.73400625034 65 35
148193.84275625035 148748.03013125036 65 38
160279.3689958335 160836.02462083352 65 52
162834.7087458335 163824.31874583347 65 50
163945.28649583348 164195.73199583348 65 45
164817.8207458335 165279.64355833348 65 41
165430.91374583347 165680.27274583347 65 46
167825.84874583347 168306.90624583347 65 35
172285.3354958335 172901.09924583352 65 38
175923.49799583355 176175.52774583353 65 46
176797.01574583355 177258.83855833352 65 41
178281.9272458335 178743.75005833348 65 41
10095.509000000002 11209.115750000006 66 55
22212.711750000006 23326.318500000005 66 55
25380.62368958334 25515.78962708334 66 38
25629.20068333334 25771.481504166677 66 42
25873.946879166673 26024.052485416672 66 45
26114.92103541667 26272.601593750005 66 49
26352.176362500002 26478.145279166667 66 52
26585.14915416667 26815.062695833334 66 55
26819.98395625 27042.872229166664 66 59
27056.761104166664 27314.51403541667 66 63
27314.51403541667 27818.33503541667 66 70
46366.5840708334 47480.19082083338 66 55
52484.482070833415 52736.511820833424 66 46
58392.61569583345 58527.78163333345 66 38
58641.19268958345 58783.47351041678 66 42
58885.86542291677 59021.41290833344 66 45
59125.7735250001 59268.4567625001 66 48
59361.1397000001 59487.108616666774 66 52
59594.11249166677 59824.02603333343 66 55
59828.9472937501 60051.83556666676 66 59
60065.72444166676 60323.47737291676 66 63
60323.47737291676 60827.29837291676 66 70
79359.8758812502 80473.4826312502 66 55
85476.07863125025 85726.41313125026 66 46
93825.43725625031 94803.6667562503 66 59
96259.84575625027 96857.45575625027 66 63
105535.38725625018 106510.73675625016 66 59
107966.91575625012 108564.52575625012 66 63
119149.12950625006 119760.83550625008 66 79
120245.73825625006 120486.70225625005 66 46
124992.85050624995 125250.88278958327 66 62
130792.1262562501 131403.8322562501 66 79
131888.73500625015 132129.6990062502 66 46
136644.45425625035 136902.4865395837 66 62
147216.15075625034 148316.99550625036 66 55
150337.06950625032 150472.23544375028 66 38
150585.64650000032 150727.92732083367 66 41
150830.31923333366 150965.86671875027 66 45
151070.22733541692 151212.9105729169 66 48
151305.59351041692 151431.5624270836 66 52
151538.5663020836 151768.47984375028 66 55
151773.40110416693 151996.28937708357 66 59
152010.17825208357 152267.93118333357 66 63
152267.93118333357 152771.75218333356 66 69
171294.88149583348 172408.48824583352 66 55
177410.59449583353 177660.43924583352 66 46
2614.5922499999997 2861.50575 67 50
2861.50575 3120.4612499999994 67 50
4105.683249999999 4351.9887499999995 67 50
4351.9887499999995 4609.742749999999 67 50
10218.118000000002 10463.336000000003 67 46
14758.154000000002 15001.069000000003 67 50
15001.069000000003 15260.024500000001 67 50
16245.246500000005 16487.182 67 50
16487.182 16744.935999999998 67 50
22335.32075000001 22580.53875000001 67 46
25505.41618958334 25653.89203333334 67 33
25752.093745833343 25881.031900000005 67 38
25994.936002083337 26157.74975208334 67 39
26234.064068750005 26373.49417916667 67 45
26468.4553625 26590.012966666665 67 45
26702.317654166665 26835.731989583335 67 52
26938.129212499996 27156.959416666665 67 52
27175.277035416668 27566.42453541667 67 58
35204.46182083337 35458.12141458337 67 45
38886.58582083339 39133.98832083339 67 50
39133.98832083339 39392.943820833396 67 50
40378.16582083339 40623.063820833384 67 50
40623.063820833384 40880.81782083339 67 50
46489.1930708334 46734.41107083339 67 46
50872.04782083341 51118.35332083341 67 50
51118.35332083341 51376.10732083342 67 50
52361.329320833414 52607.63482083342 67 50
52607.63482083342 52865.388820833425 67 50
58517.40819583345 58665.88403958345 67 33
58764.08575208345 58892.92187500011 67 38
59006.41290833344 59174.19246666677 67 39
59243.946970833436 59382.45751666677 67 45
59477.41870000011 59598.97630416677 67 45
59711.28099166677 59844.69532708343 67 52
59947.092550000096 60165.92275416676 67 51
60184.240372916756 60575.387872916755 67 58
68206.92088125013 68460.58047500013 67 45
71889.04488125013 72132.94738125014 67 50
72132.94738125014 72391.90288125015 67 50
73377.12488125016 73619.06038125016 67 50
73619.06038125016 73876.81438125017 67 50
79482.48488125022 79727.70288125021 67 46
83865.33963125022 84111.64513125023 67 50
84111.64513125023 84369.39913125023 67 50
85354.62113125024 85597.53613125025 67 50
85597.53613125025 85855.29013125025 67 50
92359.19800625034 93336.33175625032 67 61
94803.6667562503 95047.56925625028 67 62
95291.47175625028 96271.79795625027 67 68
98232.01175625027 99698.25100625023 67 61
104074.90800625019 105049.16175625018 67 61
106510.73675625016 106754.63925625014 67 62
106998.54175625014 107978.86795625012 67 68
109938.28050625013 111403.0737562501 67 61
115639.27050625008 115883.20925625006 67 46
115883.20925625006 116124.17325625005 67 46
119028.64750625007 119277.88475625006 67 46
119637.88475625007 120001.79950625007 67 66
120122.28150625006 120366.22025625006 67 63
120366.22025625006 120607.18425625005 67 46
120607.18425625005 121658.25350625004 67 59
121582.95225625004 123049.19150624999 67 61
125479.29650624994 126405.59200624995 67 67
127279.38725624996 127523.32600624996 67 46
127523.32600624996 127764.29000624995 67 46
130671.64425625009 130920.88150625011 67 46
131280.88150625012 131644.79625625015 67 66
131765.27825625017 132009.21700625017 67 63
132009.21700625017 132250.18100625018 67 46
132250.18100625018 133305.55375625024 67 59
133230.25250625025 134696.4917562503 67 61
137130.90025625037 137893.34825625035 67 67
139756.23700625033 140001.13500625032 67 50
140001.13500625032 140260.09050625033 67 50
141245.3125062503 141487.24800625033 67 50
141487.24800625033 141745.00200625032 67 50
147336.6327562503 147577.59675625034 67 46
150461.8620062503 150610.33785000033 67 33
150708.53956250034 150837.37568541698 67 38
150950.8667187503 151118.64627708358 67 39
151188.40078125024 151326.9113270836 67 44
151421.87251041693 151543.4301145836 67 44
151655.7348020836 151789.14913750027 67 51
151891.5463604169 152110.37656458357 67 51
152128.69418333354 152519.84168333357 67 58
160142.19474583352 160395.85433958351 67 45
163824.31874583347 164066.25424583346 67 50
164066.25424583346 164325.20974583348 67 50
165310.43174583348 165551.39574583346 67 50
165551.39574583346 165809.14974583345 67 50
171417.49049583348 171662.7084958335 67 46
175800.34524583354 176046.65074583355 67 50
176046.65074583355 176304.4047458335 67 50
177289.62674583352 177531.5622458335 67 50
177531.5622458335 177789.3162458335 67 50
34831.69832083337 35212.463652083374 68 58
67841.06713125012 68214.92271250012 68 58
115275.35575625008 115518.78850625007 68 67
115518.78850625007 115759.75250625006 68 46
126915.47250624996 127158.90525624997 68 67
127158.90525624997 127399.86925624996 68 46
159780.7487458335 160150.1965770835 68 58
2582.9466875 2630.02434375 69 46
2990.9834999999994 3366.76675 69 43
4074.8950624999998 4125.182435416666 69 43
4480.86575 4671.5933749999995 69 50
4980.8465 5104.547749999999 69 46
6619.417249999999 7100.474749999999 69 48
9598.805 10063.289750000002 69 50
10095.509000000002 10340.727000000003 69 50
10340.727000000003 10548.074500000004 69 52
11964.116500000004 12231.299443750002 69 42
14726.641375000003 14773.336187500003 69 46
15130.546750000003 15506.330000000002 69 43
16214.458312500003 16264.399727083337 69 43
16616.059 16806.786625 69 50
17116.039750000004 17239.741000000005 69 46
18750.853750000013 19231.911250000016 69 48
21719.462250000008 22180.492500000008 69 50
22212.711750000006 22457.92975000001 69 50
22457.92975000001 22665.27725000001 69 52
24081.319250000008 24354.99819375001 69 42
25380.62368958334 25515.78962708334 69 38
25629.20068333334 25771.481504166677 69 42
25873.946879166673 26024.052485416672 69 45
26114.92103541667 26272.601593750005 69 49
26352.176362500002 26478.145279166667 69 52
26585.14915416667 26815.062695833334 69 55
26819.98395625 27042.872229166664 69 59
27056.761104166664 27314.51403541667 69 63
27314.51403541667 27818.33503541667 69 83
36867.984570833374 37376.41557083337 69 42
38855.660508333385 38902.048477083394 69 46
39263.4660708334 39639.24932083339 69 43
40347.37763333339 40397.55357916672 69 43
40751.94082083339 40942.66844583339 69 50
41251.921570833394 41375.62282083339 69 46
42890.49232083339 43371.549820833396 69 48
45869.88007083341 46334.3648208334 69 50
46366.5840708334 46611.80207083339 69 50
46611.80207083339 46819.14957083339 69 52
48235.19157083339 48449.615914583395 69 42
50841.25963333341 50891.547006250075 69 43
51247.23032083342 51622.412820833415 69 46
52330.54113333341 52380.82850625008 69 43
52736.511820833424 53111.69432083342 69 46
58392.61569583345 58527.78163333345 69 38
58641.19268958345 58783.47351041678 69 42
58885.86542291677 59021.41290833344 69 45
59125.7735250001 59268.4567625001 69 48
59361.1397000001 59487.108616666774 69 52
59594.11249166677 59824.02603333343 69 55
59828.9472937501 60051.83556666676 69 59
60065.72444166676 60323.47737291676 69 63
60323.47737291676 60827.29837291676 69 83
69870.44363125012 70378.87463125013 69 42
71858.11956875013 71904.28878750013 69 46
72262.42513125014 72638.20838125015 69 43
73346.33669375016 73396.27810833348 69 43
73747.93738125017 73938.66500625017 69 50
74247.91813125018 74371.61938125019 69 46
75890.8431312502 76371.9006312502 69 48
78866.6263812502 79327.65663125021 69 50
79359.8758812502 79605.09388125021 69 50
79605.09388125021 79812.44138125022 69 52
81228.4833812502 81442.9077250002 69 42
83834.55144375023 83884.83881666689 69 43
84240.52213125023 84615.70463125024 69 46
85323.83294375025 85373.85190208357 69 43
85726.41313125026 86101.59563125027 69 46
93336.33175625032 93577.29575625033 69 62
93825.43725625031 94803.6667562503 69 59
96259.84575625027 96857.45575625027 69 63
105049.16175625018 105288.20575625017 69 62
105535.38725625018 106510.73675625016 69 59
107966.91575625012 108564.52575625012 69 63
118664.22675625008 118908.16550625006 69 63
118908.16550625006 119149.12950625006 69 46
120001.79950625007 120245.73825625006 69 47
120486.70225625005 120647.18425625005 69 46
124992.85050624995 125250.88278958327 69 62
130307.22350625007 130551.16225625009 69 63
130551.16225625009 130792.1262562501 69 46
131644.79625625015 131888.73500625015 69 47
132129.6990062502 132290.18100625018 69 46
136644.45425625035 136902.4865395837 69 62
139724.59144375034 139771.54313125034 69 46
140130.6127562503 140506.39600625032 69 43
141214.5243187503 141264.46573333367 69 43
141616.1250062503 141806.8526312503 69 50
142116.1057562503 142239.8070062503 69 46
143754.67650625034 144235.73400625034 69 48
146722.90125625033 147183.93150625034 69 50
147216.15075625034 147457.11475625032 69 50
147457.11475625032 147662.3352562503 69 52
149071.99625625034 149339.17920000033 69 42
150337.06950625032 150472.23544375028 69 38
150585.64650000032 150727.92732083367 69 41
150830.31923333366 150965.86671875027 69 45
151070.22733541692 151212.9105729169 69 48
151305.59351041692 151431.5624270836 69 52
151538.5663020836 151768.47984375028 69 55
151773.40110416693 151996.28937708357 69 59
152010.17825208357 152267.93118333357 69 63
152267.93118333357 152771.75218333356 69 82
161805.7174958335 162314.14849583348 69 42
163793.3934333335 163839.43971458348 69 46
164195.73199583348 164571.5152458335 69 43
165279.64355833348 165329.50806250013 69 43
165680.27274583347 165871.00037083347 69 50
166180.25349583346 166303.95474583347 69 46
167825.84874583347 168306.90624583347 69 48
170801.63199583354 171262.6622458335 69 50
171294.88149583348 171540.09949583348 69 50
171540.09949583348 171747.44699583348 69 52
173163.48899583356 173377.91333958352 69 42
175769.55705833354 175819.8444312502 69 43
176175.52774583353 176550.71024583353 69 46
177258.83855833352 177308.77997291685 69 43
177660.43924583352 178035.62174583352 69 46
3120.4612499999994 3674.648625 70 50
4609.742749999999 4857.14525 70 50
5104.547749999999 5351.950249999999 70 56
6106.289249999999 6636.521516666665 70 53
10063.289750000002 10109.813383333336 70 43
10463.336000000003 10558.666812500003 70 48
12660.469750000002 13111.891250000002 70 44
15260.024500000001 15814.211875 70 50
16744.935999999998 16992.3385 70 50
17239.741000000005 17487.14350000001 70 56
18237.725750000012 18767.95801666668 70 53
22180.492500000008 22227.016133333338 70 43
22580.53875000001 22675.869562500007 70 48
24784.16850000001 25267.57256875001 70 44
25505.41618958334 25653.89203333334 70 34
25752.093745833343 25881.031900000005 70 34
25994.936002083337 26157.74975208334 70 40
26234.064068750005 26373.49417916667 70 39
26468.4553625 26590.012966666665 70 47
26702.317654166665 26835.731989583335 70 46
26938.129212499996 27156.959416666665 70 53
27175.277035416668 27566.42453541667 70 52
29335.91478541667 29637.952004166666 70 72
30862.26328541667 31345.27273541667 70 61
36359.55357083337 36885.99150208337 70 48
39392.943820833396 39947.13119583339 70 50
40880.81782083339 41128.220320833396 70 50
41375.62282083339 41623.02532083339 70 56
42377.364320833396 42907.59658750006 70 53
46334.3648208334 46380.88845416673 70 43
46734.41107083339 46829.741883333394 70 48
48390.85782083339 48897.0021020834 70 50
51376.10732083342 51930.294695833414 70 50
52865.388820833425 53419.57619583342 70 50
57895.59769583344 58206.233945833446 70 40
58517.40819583345 58665.88403958345 70 34
58764.08575208345 58892.92187500011 70 34
59006.41290833344 59174.19246666677 70 40
59243.946970833436 59382.45751666677 70 39
59477.41870000011 59598.97630416677 70 47
59711.28099166677 59844.69532708343 70 46
59947.092550000096 60165.92275416676 70 53
60184.240372916756 60575.387872916755 70 52
62340.96687291676 62643.004091666764 70 72
63867.31537291675 64350.324822916744 70 61
69362.01263125014 69888.45056250012 70 48
72391.90288125015 72946.09025625016 70 50
73876.81438125017 74124.21688125018 70 50
74371.61938125019 74619.02188125018 70 56
75377.71513125021 75907.94739791687 70 53
79327.65663125021 79374.18026458354 70 43
79727.70288125021 79823.0336937502 70 48
81384.1496312502 81890.2939125002 70 50
84369.39913125023 84923.58650625024 70 50
85855.29013125025 86409.47750625027 70 50
90882.10850625034 91192.74475625035 70 40
92359.19800625034 93336.33175625032 70 61
94803.6667562503 95047.56925625028 70 62
95291.47175625028 96271.79795625027 70 68
98232.01175625027 99778.57233958357 70 61
104074.90800625019 105049.16175625018 70 61
106510.73675625016 106754.63925625014 70 62
106998.54175625014 107978.86795625012 70 68
109938.28050625013 111482.4387562501 70 61
115398.30650625008 115639.27050625008 70 46
118544.70475625007 118787.68350625008 70 47
118787.68350625008 119028.64750625007 70 46
119637.88475625007 119881.31750625007 70 68
119881.31750625007 120122.28150625006 70 47
120607.18425625005 121658.25350625004 70 59
121582.95225625004 123128.55650625 70 61
124510.92250624996 124762.93068958329 70 67
125479.29650624994 126405.59200624995 70 67
127038.42325624997 127279.38725624996 70 46
130186.74150625005 130430.68025625007 70 47
130430.68025625007 130671.64425625009 70 46
131280.88150625012 131524.31425625013 70 68
131524.31425625013 131765.27825625017 70 47
132250.18100625018 133305.55375625024 70 59
133230.25250625025 134776.81308958362 70 61
136162.52625625033 136414.5344395837 70 67
137130.90025625037 137893.34825625035 70 67
140260.09050625033 140814.2778812503 70 50
141745.00200625032 141992.40450625028 70 50
142239.8070062503 142487.2095062503 70 56
143241.54850625034 143771.78077291703 70 53
147183.93150625034 147230.20698958365 70 43
147577.59675625034 147672.9275687503 70 48
149768.34950625032 150219.77100625032 70 44
150461.8620062503 150610.33785000033 70 34
150708.53956250034 150837.37568541698 70 34
150950.8667187503 151118.64627708358 70 40
151188.40078125024 151326.9113270836 70 39
151421.87251041693 151543.4301145836 70 47
151655.7348020836 151789.14913750027 70 46
151891.5463604169 152110.37656458357 70 53
152128.69418333354 152519.84168333357 70 52
154285.42068333353 154587.45790208355 70 72
155811.76918333356 156294.77863333354 70 61
161297.2864958335 161823.7244270835 70 48
164325.20974583348 164879.39712083348 70 50
165809.14974583345 166056.55224583345 70 50
166303.95474583347 166551.35724583347 70 56
167312.72074583347 167842.95301250013 70 53
171262.6622458335 171309.18587916682 70 43
171662.7084958335 171758.03930833348 70 48
173319.15524583354 173825.29952708352 70 50
176304.4047458335 176858.59212083352 70 50
177789.3162458335 178343.5036208335 70 50
182821.27062083347 183139.06749583347 70 40
8740.541999999998 8985.759999999998 71 46
10713.052750000004 10958.270750000005 71 50
20863.50225000001 21108.72025000001 71 46
22830.255500000007 23075.473500000007 71 50
33824.05632083336 34596.5818541667 71 72
45011.617070833425 45256.83507083342 71 46
46984.12782083339 47229.34582083338 71 50
66833.42513125014 67605.95066458346 71 72
78008.36338125022 78253.58138125022 71 46
79977.4196312502 80222.6376312502 71 50
116244.65525625006 116856.36125625006 71 84
117341.26400625006 117582.22800625005 71 46
127884.77200624994 128496.47800624996 71 84
128981.38075624999 129222.34475625001 71 46
145873.67425625032 146115.61375625033 71 46
147825.18650625032 148066.15050625036 71 50
158773.1067458335 159545.63227916686 71 72
169943.36899583347 170188.5869958335 71 46
171912.4252458335 172157.64324583352 71 50
5475.651499999999 5599.352749999999 72 48
8117.767249999998 8585.256124999998 72 50
8617.932999999997 8863.150999999998 72 50
8863.150999999998 9108.369 72 54
10590.443750000004 10835.661750000005 72 53
10835.661750000005 11043.398916666672 72 54
12119.782750000002 12675.872583333336 72 50
17610.844750000007 17734.546000000013 72 48
20245.813250000007 20708.216375000007 72 50
20740.893250000005 20986.11125000001 72 50
20986.11125000001 21231.32925000001 72 54
22707.646500000006 22952.864500000007 72 53
22952.864500000007 23160.601666666676 72 54
24243.48150000001 24800.662602083343 72 50
29830.71978541667 30353.83228541667 72 69
30353.83228541667 30880.27021666667 72 69
34579.787820833364 34893.825570833375 72 49
35836.441070833374 36508.90517708337 72 54
41746.726570833394 41870.42782083339 72 48
44388.84232083342 44856.33119583342 72 50
44889.00807083343 45134.22607083342 72 50
45134.22607083342 45379.444070833415 72 54
46861.518820833386 47106.73682083339 72 53
47106.73682083339 47314.473987500045 72 54
48095.95457083339 48390.85782083339 72 52
62835.77187291676 63358.88437291676 72 69
63358.88437291676 63885.32230416676 72 69
67589.15663125014 67902.04275625013 72 49
68838.90013125014 69511.36423750014 72 54
74742.72313125018 74866.4243812502 72 48
77389.19313125023 77853.07750625022 72 50
77885.75438125023 78130.97238125022 72 50
78130.97238125022 78376.19038125021 72 54
79854.8106312502 80100.0286312502 72 53
80100.0286312502 80307.76579791686 72 54
81089.24638125021 81384.1496312502 72 52
93336.33175625032 93577.29575625033 72 62
105049.16175625018 105288.20575625017 72 62
116124.17325625005 116373.41050625006 72 46
116733.41050625006 117097.32525625006 72 66
117217.80725625006 117582.22800625005 72 63
117461.74600625005 117702.71000625004 72 46
118182.71000625007 118425.18275625007 72 68
118425.18275625007 118664.22675625008 72 47
119517.88475625007 119760.83550625008 72 48
119760.83550625008 120001.79950625007 72 48
122560.08600625 122801.05000625 72 71
123049.19150624999 124267.02000624996 72 66
127764.29000624995 128013.52725624994 72 46
128373.52725624996 128737.44200624998 72 66
128857.92400624999 129222.34475625001 72 63
129101.86275625 129342.82675625003 72 46
129822.82675625004 130066.25950625005 72 68
130066.25950625005 130307.22350625007 72 47
131160.88150625012 131403.8322562501 72 48
131403.8322562501 131644.79625625015 72 48
134207.38625625026 134448.35025625024 72 71
134696.4917562503 135918.62375625037 72 66
142610.91075625032 142734.61200625033 72 48
145253.02650625035 145720.51538125036 72 50
145753.19225625033 145994.15625625034 72 50
145994.15625625034 146237.07125625032 72 54
147704.70450625033 147945.66850625034 72 53
147945.66850625034 148151.27867291702 72 54
149227.66250625034 149783.75233958365 72 50
154780.22568333356 155303.33818333354 72 69
155303.33818333354 155829.77611458354 72 69
159528.83824583353 159840.9897458335 72 49
160774.1739958335 161446.63810208353 72 54
166675.05849583348 166798.7597458335 72 48
169324.19874583348 169788.08312083347 72 50
169820.75999583348 170065.9779958335 72 50
170065.9779958335 170311.19599583352 72 54
171789.8162458335 172035.03424583352 72 53
172035.03424583352 172242.77141250018 72 54
173024.25199583353 173319.15524583354 72 52
25505.41618958334 25653.89203333334 73 41
25752.093745833343 25881.031900000005 73 40
25994.936002083337 26157.74975208334 73 49
26234.064068750005 26373.49417916667 73 47
26468.4553625 26590.012966666665 73 56
26702.317654166665 26835.731989583335 73 54
26938.129212499996 27156.959416666665 73 64
27175.277035416668 27566.42453541667 73 62
58517.40819583345 58665.88403958345 73 41
58764.08575208345 58892.92187500011 73 40
59006.41290833344 59174.19246666677 73 49
59243.946970833436 59382.45751666677 73 47
59477.41870000011 59598.97630416677 73 56
59711.28099166677 59844.69532708343 73 54
59947.092550000096 60165.92275416676 73 63
60184.240372916756 60575.387872916755 73 61
98721.11725625025 99215.16960625025 73 74
99698.25100625023 100798.43175625021 73 66
101646.21350625019 102007.65950625017 73 70
110425.94000625014 110919.99235625012 73 74
111403.0737562501 112498.95100625008 73 66
113346.73275625006 113708.17875625005 73 70
150461.8620062503 150610.33785000033 73 41
150708.53956250034 150837.37568541698 73 40
150950.8667187503 151118.64627708358 73 49
151188.40078125024 151326.9113270836 73 46
151421.87251041693 151543.4301145836 73 56
151655.7348020836 151789.14913750027 73 54
151891.5463604169 152110.37656458357 73 63
152128.69418333354 152519.84168333357 73 61
5599.352749999999 5846.755249999998 74 55
7255.6979999999985 7502.003499999999 74 46
8585.256124999998 8624.063449999998 74 43
8985.759999999998 9162.521308333335 74 51
10558.666812500003 10713.052750000004 74 43
10958.270750000005 11054.039937500005 74 51
11209.115750000006 11455.421250000005 74 52
17734.546000000013 17979.444000000014 74 55
19387.13450000001 19633.44000000001 74 46
20708.216375000007 20747.023700000005 74 43
21108.72025000001 21285.48155833334 74 51
22675.869562500007 22830.255500000007 74 43
23075.473500000007 23171.24268750001 74 51
23326.318500000005 23572.624000000003 74 52
25380.62368958334 25515.78962708334 74 46
25629.20068333334 25771.481504166677 74 50
25873.946879166673 26024.052485416672 74 54
26114.92103541667 26272.601593750005 74 57
26352.176362500002 26478.145279166667 74 62
26585.14915416667 26815.062695833334 74 66
26819.98395625 27042.872229166664 74 71
27056.761104166664 27314.51403541667 74 75
27314.51403541667 27818.33503541667 74 83
35341.636070833374 35898.29169583337 74 61
41870.42782083339 42117.83032083339 74 55
43526.7730708334 43773.07857083341 74 46
44856.33119583342 44895.138520833425 74 43
45256.83507083342 45433.59637916675 74 51
46829.741883333394 46984.12782083339 74 43
47229.34582083338 47325.11500833338 74 51
47480.19082083338 47726.49632083339 74 52
51376.10732083342 51930.294695833414 74 44
58392.61569583345 58527.78163333345 74 46
58641.19268958345 58783.47351041678 74 50
58885.86542291677 59021.41290833344 74 53
59125.7735250001 59268.4567625001 74 57
59361.1397000001 59487.108616666774 74 62
59594.11249166677 59824.02603333343 74 66
59828.9472937501 60051.83556666676 74 71
60065.72444166676 60323.47737291676 74 75
60323.47737291676 60827.29837291676 74 83
68344.09513125013 68900.75075625013 74 61
74866.4243812502 75113.8268812502 74 55
76527.1238812502 76773.42938125021 74 46
77853.07750625022 77891.88483125022 74 43
78253.58138125022 78430.34268958354 74 51
79823.0336937502 79977.4196312502 74 43
80222.6376312502 80318.4068187502 74 51
80473.4826312502 80719.7881312502 74 52
84369.39913125023 84923.58650625024 74 44
92359.19800625034 93825.43725625031 74 79
93825.43725625031 95291.47175625028 74 81
98232.01175625027 98728.14537291692 74 61
100676.48050625021 100920.38300625021 74 74
101164.28550625019 101416.29368958353 74 74
102132.65950625017 102969.31350625018 74 74
104074.90800625019 105535.38725625018 74 79
105535.38725625018 106998.54175625014 74 81
109938.28050625013 110432.96812291679 74 61
112376.99975625008 112620.90225625008 74 74
112864.80475625007 113116.8129395834 74 74
113833.17875625005 114669.83275625006 74 74
115759.75250625006 116003.69125625007 74 63
116003.69125625007 116244.65525625006 74 46
117097.32525625006 117341.26400625006 74 47
117582.22800625005 117822.71000625005 74 46
118062.71000625005 118305.66075625006 74 48
118305.66075625006 118544.70475625007 74 48
119149.12950625006 119397.88475625006 74 74
119397.88475625006 119637.88475625007 74 48
120607.18425625005 121658.25350625004 74 77
121582.95225625004 122566.11010625001 74 61
124510.92250624996 124762.93068958329 74 67
124992.85050624995 125250.88278958327 74 70
125479.29650624994 126405.59200624995 74 74
127399.86925624996 127643.80800624995 74 63
127643.80800624995 127884.77200624994 74 46
128737.44200624998 128981.38075624999 74 47
129222.34475625001 129462.82675625003 74 46
129702.82675625003 129945.77750625004 74 48
129945.77750625004 130186.74150625005 74 48
130792.1262562501 131040.88150625012 74 74
131040.88150625012 131280.88150625012 74 48
132250.18100625018 133305.55375625024 74 77
133230.25250625025 134213.41035625024 74 61
136162.52625625033 136414.5344395837 74 67
136644.45425625035 136902.4865395837 74 70
137130.90025625037 137893.34825625035 74 74
142734.61200625033 142982.01450625033 74 55
144390.95725625035 144637.26275625036 74 46
145720.51538125036 145759.21635625034 74 43
146115.61375625033 146290.714985417 74 51
147672.9275687503 147825.18650625032 74 43
148066.15050625036 148161.91969375036 74 51
148316.99550625036 148563.30100625035 74 52
150337.06950625032 150472.23544375028 74 46
150585.64650000032 150727.92732083367 74 49
150830.31923333366 150965.86671875027 74 53
151070.22733541692 151212.9105729169 74 57
151305.59351041692 151431.5624270836 74 62
151538.5663020836 151768.47984375028 74 66
151773.40110416693 151996.28937708357 74 70
152010.17825208357 152267.93118333357 74 74
152267.93118333357 152771.75218333356 74 82
160279.3689958335 160836.02462083352 74 61
166798.7597458335 167046.16224583346 74 55
168462.12949583348 168708.43499583346 74 46
169788.08312083347 169826.89044583347 74 43
170188.5869958335 170365.34830416684 74 51
171758.03930833348 171912.4252458335 74 43
172157.64324583352 172253.41243333352 74 51
172408.48824583352 172654.79374583354 74 52
176304.4047458335 176858.59212083352 74 44
7132.545249999999 7378.850749999999 75 50
7378.850749999999 7625.156249999999 75 54
9108.369 9844.023 75 59
11085.963000000007 11332.268500000006 75 57
11332.268500000006 11578.574000000004 75 58
19263.981750000014 19510.287250000012 75 50
19510.287250000012 19756.59275000001 75 54
21231.32925000001 21962.377250000005 75 59
23203.165750000007 23449.471250000006 75 57
23449.471250000006 23695.776750000005 75 58
29198.74053541667 29335.91478541667 75 61
35204.46182083337 35458.12141458337 75 53
43403.6203208334 43649.9258208334 75 50
43649.9258208334 43896.23132083341 75 54
45379.444070833415 45992.489070833406 75 59
47357.038070833376 47603.34357083338 75 57
47603.34357083338 47849.64907083339 75 58
47972.80182083339 48235.19157083339 75 59
50872.04782083341 51622.412820833415 75 41
62203.79262291676 62340.96687291676 75 61
68206.92088125013 68460.58047500013 75 53
76403.9711312502 76650.2766312502 75 50
76650.2766312502 76896.58213125021 75 54
78376.19038125021 78988.0838812502 75 59
80350.32988125019 80596.63538125019 75 57
80596.63538125019 80842.9408812502 75 58
80966.0936312502 81228.4833812502 75 59
83865.33963125022 84615.70463125024 75 41
115639.27050625008 115883.20925625006 75 47
115883.20925625006 116124.17325625005 75 46
116733.41050625006 116976.84325625007 75 68
116976.84325625007 117217.80725625006 75 47
117702.71000625004 117942.71000625005 75 74
117942.71000625005 118182.71000625007 75 48
119277.88475625006 119517.88475625007 75 48
122560.08600625 122801.05000625 75 80
123049.19150624999 123547.97650624998 75 59
127279.38725624996 127523.32600624996 75 47
127523.32600624996 127764.29000624995 75 46
128373.52725624996 128616.96000624997 75 68
128616.96000624997 128857.92400624999 75 47
129342.82675625003 129582.82675625003 75 74
129582.82675625003 129822.82675625004 75 48
130920.88150625011 131160.88150625012 75 48
134207.38625625026 134448.35025625024 75 80
134696.4917562503 135199.58025625034 75 59
144267.80450625034 144514.11000625035 75 50
144514.11000625035 144760.41550625034 75 54
146237.07125625032 146965.81625625034 75 59
148193.84275625035 148440.14825625037 75 57
148440.14825625037 148686.45375625035 75 58
154148.24643333355 154285.42068333353 75 61
160142.19474583352 160395.85433958351 75 53
168338.97674583347 168585.28224583346 75 50
168585.28224583346 168831.58774583347 75 54
170311.19599583352 170923.08949583353 75 59
172285.3354958335 172531.64099583353 75 57
172531.64099583353 172777.94649583354 75 58
172901.09924583352 173163.48899583356 75 59
175800.34524583354 176550.71024583353 75 41
5970.456499999998 6094.969854166665 76 59
6106.289249999999 6636.521516666665 76 63
18101.893000000015 18226.40635416668 76 59
18237.725750000012 18767.95801666668 76 63
42241.531570833395 42366.04492500006 76 59
42377.364320833396 42907.59658750006 76 63
75237.5281312502 75366.03288125021 76 59
75377.71513125021 75907.94739791687 76 63
99209.14550625024 99450.10950625024 76 80
99698.25100625023 100201.33950625022 76 59
101164.28550625019 101416.29368958353 76 74
101646.21350625019 102007.65950625017 76 70
110913.96825625011 111154.93225625012 76 80
111403.0737562501 111901.85875625009 76 59
112864.80475625007 113116.8129395834 76 74
113346.73275625006 113708.17875625005 76 70
143105.71575625034 143230.229110417 76 59
143241.54850625034 143771.78077291703 76 63
167169.86349583347 167300.81597500015 76 59
167312.72074583347 167842.95301250013 76 63
6619.417249999999 7100.474749999999 77 57
7100.474749999999 7255.6979999999985 77 43
7502.003499999999 7683.6538062499985 77 51
11054.039937500005 11209.115750000006 77 43
11455.421250000005 11640.150375000003 77 55
18750.853750000013 19231.911250000016 77 57
19231.911250000016 19387.13450000001 77 43
19633.44000000001 19815.09030625001 77 51
23171.24268750001 23326.318500000005 77 43
23572.624000000003 23757.353125000005 77 55
34831.69832083337 35212.463652083374 77 70
42890.49232083339 43371.549820833396 77 57
43371.549820833396 43526.7730708334 77 43
43773.07857083341 43954.72887708341 77 51
47325.11500833338 47480.19082083338 77 43
47726.49632083339 47972.80182083339 77 55
50379.43682083341 50841.25963333341 77 41
67841.06713125012 68214.92271250012 77 70
75890.8431312502 76371.9006312502 77 57
76371.9006312502 76527.1238812502 77 43
76773.42938125021 76955.07968750021 77 51
80318.4068187502 80473.4826312502 77 43
80719.7881312502 80966.0936312502 77 55
83372.72863125023 83834.55144375023 77 41
100676.48050625021 100920.38300625021 77 74
102132.65950625017 102969.31350625018 77 74
112376.99975625008 112620.90225625008 77 74
113833.17875625005 114669.83275625006 77 74
115275.35575625008 115518.78850625007 77 68
115518.78850625007 115759.75250625006 77 47
116613.41050625006 116856.36125625006 77 48
116856.36125625006 117097.32525625006 77 48
117822.71000625005 118062.71000625005 77 48
126915.47250624996 127158.90525624997 77 68
127158.90525624997 127399.86925624996 77 47
128253.52725624996 128496.47800624996 77 48
128496.47800624996 128737.44200624998 77 48
129462.82675625003 129702.82675625003 77 48
143754.67650625034 144235.73400625034 77 57
144235.73400625034 144390.95725625035 77 43
144637.26275625036 144818.91306250033 77 51
148161.91969375036 148316.99550625036 77 43
148563.30100625035 148748.03013125036 77 55
159780.7487458335 160150.1965770835 77 70
167825.84874583347 168306.90624583347 77 57
168306.90624583347 168462.12949583348 77 43
168708.43499583346 168890.08530208346 77 51
172253.41243333352 172408.48824583352 77 43
172654.79374583354 172901.09924583352 77 55
175307.73424583356 175769.55705833354 77 41
27818.33503541667 28590.860568750002 78 84
28574.06653541667 28825.977035416672 78 63
29830.71978541667 30353.83228541667 78 81
49504.16907083341 49757.34807083342 78 45
60827.29837291676 61599.823906250094 78 84
61583.02987291676 61834.94037291675 78 63
62835.77187291676 63358.88437291676 78 81
82497.46088125021 82750.63988125022 78 45
96259.84575625027 96857.45575625027 78 75
107966.91575625012 108564.52575625012 78 75
124023.11750624997 124267.02000624996 78 74
124992.85050624995 125250.88278958327 78 83
135674.72125625037 135918.62375625037 78 74
136644.45425625035 136902.4865395837 78 83
152771.75218333356 153544.2777166669 78 84
153527.48368333356 153779.39418333358 78 63
154780.22568333356 155303.33818333354 78 81
174432.46649583353 174685.64549583354 78 45
7625.156249999999 8364.072749999998 79 59
11578.574000000004 11824.879500000003 79 64
19756.59275000001 20488.728250000007 79 59
23695.776750000005 23942.082250000007 79 64
28825.977035416672 29198.74053541667 79 77
29335.91478541667 29637.952004166666 79 85
30862.26328541667 31345.27273541667 79 72
34579.787820833364 34893.825570833375 79 59
43896.23132083341 44511.99507083342 79 59
47849.64907083339 48095.95457083339 79 61
49380.46782083341 49627.87032083342 79 50
49627.87032083342 49886.825820833415 79 50
61834.94037291675 62203.79262291676 79 77
62340.96687291676 62643.004091666764 79 85
63867.31537291675 64350.324822916744 79 72
67589.15663125014 67902.04275625013 79 59
76896.58213125021 77511.14438125023 79 59
80842.9408812502 81089.24638125021 79 61
82373.75963125021 82621.1621312502 79 50
82621.1621312502 82880.11763125022 79 50
95291.47175625028 96271.79795625027 79 89
98232.01175625027 99698.25100625023 79 79
100186.27925625021 100798.43175625021 79 80
106998.54175625014 107978.86795625012 79 89
109938.28050625013 111403.0737562501 79 79
111886.79850625008 112498.95100625008 79 80
115155.35575625008 115398.30650625008 79 48
115398.30650625008 115639.27050625008 79 48
116244.65525625006 116493.41050625006 79 74
116493.41050625006 116733.41050625006 79 48
121582.95225625004 123049.19150624999 79 86
124510.92250624996 124762.93068958329 79 74
125479.29650624994 126405.59200624995 79 88
126795.47250624996 127038.42325624997 79 48
127038.42325624997 127279.38725624996 79 48
127884.77200624994 128133.52725624994 79 74
128133.52725624994 128373.52725624996 79 48
133230.25250625025 134696.4917562503 79 86
136162.52625625033 136414.5344395837 79 74
137130.90025625037 137893.34825625035 79 88
144760.41550625034 145499.33200625033 79 59
148686.45375625035 148932.75925625034 79 64
153779.39418333358 154148.24643333355 79 77
154285.42068333353 154587.45790208355 79 85
155811.76918333356 156294.77863333354 79 72
159528.83824583353 159840.9897458335 79 59
168831.58774583347 169446.1499958335 79 59
172777.94649583354 173024.25199583353 79 61
174308.76524583352 174556.16774583355 79 50
174556.16774583355 174815.12324583356 79 50
33824.05632083336 34596.5818541667 80 85
66833.42513125014 67605.95066458346 80 85
114795.35575625006 115035.35575625006 80 74
115035.35575625006 115275.35575625008 80 48
116373.41050625006 116613.41050625006 80 48
126435.47250624995 126675.47250624996 80 74
126675.47250624996 126915.47250624996 80 48
128013.52725624994 128253.52725624996 80 48
158773.1067458335 159545.63227916686 80 85
29198.74053541667 29335.91478541667 81 73
30353.83228541667 30880.27021666667 81 82
49349.542508333405 49395.93047708341 81 46
49757.34807083342 50133.13132083341 81 43
62203.79262291676 62340.96687291676 81 73
63358.88437291676 63885.32230416676 81 82
82342.8343187502 82389.2222875002 81 46
82750.63988125022 83126.42313125022 81 43
123532.91625624997 124023.11750624997 81 69
124023.11750624997 124267.02000624996 81 66
135184.52000625033 135674.72125625037 81 69
135674.72125625037 135918.62375625037 81 66
154148.24643333355 154285.42068333353 81 73
155303.33818333354 155829.77611458354 81 82
174277.8399333335 174324.2279020835 81 46
174685.64549583354 175061.42874583355 81 43
28825.977035416672 29198.74053541667 82 91
49886.825820833415 50441.01319583342 82 50
61834.94037291675 62203.79262291676 82 91
82880.11763125022 83434.30500625023 82 50
114915.35575625006 115155.35575625008 82 48
124510.92250624996 124762.93068958329 82 88
126555.47250624995 126795.47250624996 82 48
136162.52625625033 136414.5344395837 82 88
153779.39418333358 154148.24643333355 82 91
174815.12324583356 175369.31062083354 82 50
28574.06653541667 28825.977035416672 84 75
61583.02987291676 61834.94037291675 84 75
123049.19150624999 124267.02000624996 84 86
134696.4917562503 135918.62375625037 84 86
153527.48368333356 153779.39418333358 84 75
99698.25100625023 100798.43175625021 85 86
101646.21350625019 102007.65950625017 85 83
111403.0737562501 112498.95100625008 85 86
113346.73275625006 113708.17875625005 85 83
27818.33503541667 28590.860568750002 86 100
60827.29837291676 61599.823906250094 86 100
100676.48050625021 100920.38300625021 86 88
101164.28550625019 101416.29368958353 86 88
102132.65950625017 102969.31350625018 86 88
112376.99975625008 112620.90225625008 86 88
112864.80475625007 113116.8129395834 86 88
113833.17875625005 114669.83275625006 86 88
152771.75218333356 153544.2777166669 86 100
