29875.814583333296 30049.654333333292 27 48
30514.70324999996 30715.54846041662 27 64
31147.953999999958 31317.699249999958 27 57
31778.69283333328 31960.935583333277 27 62
32414.746749999947 32587.76887499995 27 53
38687.07899999997 38856.98358333329 28 42
39317.208583333275 39505.09847708329 28 38
54713.04916666657 54872.40316666657 28 52
181.11575 720.922875 29 70
24807.933249999976 24982.476874999982 29 60
25445.13074999998 25617.305583333313 29 61
26073.81474999998 26243.323374999974 29 62
26696.54899999998 26864.817416666647 29 56
27323.12599999998 27493.184541666644 29 49
27953.92066666664 28155.099279166647 29 45
28600.662833333317 28772.77337499998 29 47
29237.698583333306 29408.084833333305 29 51
39475.22574999995 39655.85154166662 29 48
48252.04999999994 48437.68108333328 29 38
54792.726166666565 54952.08016666658 29 52
55111.14716666658 55270.07066666659 29 53
37433.804666666656 37601.480833333306 30 42
55031.68541666658 55190.608916666584 30 53
31947.888249999945 32117.503583333273 32 76
32574.52524999995 32746.483833333292 32 63
33045.96524999996 33235.066770833284 32 58
33676.64841666662 33847.42616666663 32 51
34309.23608333329 34499.7878833333 32 42
34937.844749999975 35106.04966666664 32 42
35560.88924999997 35754.77625833331 32 45
12237.958166666638 12406.42791666664 33 46
29394.750083333307 29568.1018333333 33 69
30036.319583333294 30209.62949999996 33 61
30673.14591666662 30847.099791666624 33 78
31304.36449999996 31476.371333333285 33 74
54952.08016666658 55111.14716666658 33 53
55428.644166666585 55587.147666666584 33 55
8417.625833333323 8592.131874999988 34 43
9053.555999999984 9216.922624999985 34 39
9691.013499999983 9864.853249999984 34 37
10329.902166666647 10506.168518749979 34 43
10961.099583333315 11131.081541666646 34 56
24324.287416666644 24502.77833333331 34 77
24969.015749999984 25143.67674999998 34 78
25604.05424999998 25776.03770833331 34 73
26230.235749999974 26400.374874999976 34 79
26851.60666666665 27023.34641666664 34 70
27480.096916666644 27650.674666666644 34 62
28115.557666666646 28295.341583333313 34 56
28759.354166666646 28933.803874999972 34 64
54872.40316666657 55005.19816666658 34 52
55349.39241666659 55507.89591666658 34 54
59662.84258333323 60104.16458333323 34 91
55270.07066666659 55428.644166666585 36 54
55745.23366666658 55876.97199999991 36 56
45273.03033333331 45444.567291666644 37 54
45745.102083333295 45982.124749999966 37 34
46531.08308333329 46702.80087499994 37 56
47003.25408333327 47186.82066666661 37 36
49504.59783333326 49741.935166666604 37 36
50286.09074999996 50457.62770833329 37 56
50755.49658333329 50991.34791666662 37 34
51537.21791666661 51708.583583333275 37 63
52006.12274999994 52189.24720833327 37 43
55190.608916666584 55296.557916666585 37 54
55666.19066666658 55824.27666666658 37 56
29875.814583333296 30049.654333333292 39 63
30514.70324999996 30715.54846041662 39 82
31147.953999999958 31317.699249999958 39 77
31778.69283333328 31960.935583333277 39 82
32414.746749999947 32587.76887499995 39 69
44642.132416666645 44814.19683333332 39 39
45116.46049999999 45286.241083333305 39 42
45903.11924999997 46074.09741666664 39 41
46374.9898333333 46544.41783333328 39 42
47160.543583333274 47330.06370833328 39 39
47627.42883333327 47798.78474999993 39 41
49663.52841666661 49833.15712499995 39 43
50131.40199999996 50299.30149999996 39 42
50912.723416666624 51082.89504166661 39 48
51382.024833333286 51550.55266666661 39 43
52162.970124999934 52483.3460416666 39 48
38213.92891666664 38384.81533333331 40 49
38843.64883333329 39016.67379166662 40 51
39317.208583333275 39505.09847708329 40 45
54713.04916666657 54872.40316666657 40 62
181.11575 720.922875 41 84
4632.703583333334 4804.651791666667 41 40
5267.325583333332 5429.816958333333 41 47
5896.088583333333 6063.887083333332 41 50
6517.631083333333 6679.930920833332 41 46
7143.6037499999975 7313.950083333331 41 42
7777.948999999996 7950.547416666663 41 39
22975.124083333314 23150.09974999998 41 91
24807.933249999976 24982.476874999982 41 79
25445.13074999998 25617.305583333313 41 77
26073.81474999998 26243.323374999974 41 79
26696.54899999998 26864.817416666647 41 74
27323.12599999998 27493.184541666644 41 65
27953.92066666664 28155.099279166647 41 59
28600.662833333317 28772.77337499998 41 62
29237.698583333306 29408.084833333305 41 67
38057.5450833333 38247.999533333306 41 45
39475.22574999995 39655.85154166662 41 57
47785.44999999993 47956.75758333327 41 49
48411.40399999995 48581.246374999944 41 39
48878.858499999944 49050.2144166666 41 40
54792.726166666565 54952.08016666658 41 63
55111.14716666658 55270.07066666659 41 65
55587.147666666584 55745.23366666658 41 56
56060.48708333324 56191.1649999999 41 57
59405.53633333323 59546.2467499999 41 64
36965.71141666664 37135.62962499998 42 49
37588.146083333304 37760.98424999997 42 51
41359.48691666662 41695.677041666626 42 44
55031.68541666658 55190.608916666584 42 65
55507.89591666658 55666.19066666658 42 55
55982.08033333324 56138.89383333323 42 56
36808.89708333331 36988.64356249997 43 45
12864.81516666664 13034.194249999971 44 40
31947.888249999945 32117.503583333273 44 99
32574.52524999995 32746.483833333292 44 82
33202.296999999955 33375.31404166662 44 73
33834.25858333329 34005.437166666634 44 58
34468.252083333304 34638.783874999965 44 49
35092.83891666664 35264.22404166664 44 51
35716.77441666664 35886.83737499998 44 49
36185.08291666666 36352.979333333315 44 42
40706.77841666662 41050.93387499995 44 48
54633.58016666658 54792.726166666565 44 56
11771.55766666664 11941.898333333305 45 73
12393.09316666664 12566.077624999973 45 60
29394.750083333307 29568.1018333333 45 89
30036.319583333294 30209.62949999996 45 81
30673.14591666662 30847.099791666624 45 98
31304.36449999996 31476.371333333285 45 93
44800.98608333332 44893.33183333332 45 23
46060.96991666664 46152.82254166664 45 25
49820.12541666661 49911.17112499995 45 23
51069.827249999944 51161.19354166661 45 30
54952.08016666658 55111.14716666658 45 64
55428.644166666585 55587.147666666584 45 67
55903.24908333324 56060.48708333324 45 56
56373.60891666658 56529.566416666574 45 58
4149.057749999999 4327.548666666666 46 53
4791.232583333333 4965.430666666667 46 57
5425.829083333332 5598.311541666667 46 65
6050.759583333332 6221.417083333334 46 68
6672.688749999999 6843.867333333331 46 60
7300.5746666666655 7474.455083333331 46 54
7937.050666666662 8112.304583333326 46 51
8578.708333333323 8751.422666666655 46 59
9212.909999999985 9386.462333333317 46 56
9851.518499999984 10024.828416666649 46 51
10486.710666666646 10660.24537499998 46 59
11117.510083333313 11292.104041666644 46 68
11594.274583333308 11782.716041666641 46 59
13021.14691666664 13190.883124999973 46 55
13492.217499999973 13662.99524999997 46 39
24324.287416666644 24502.77833333331 46 96
24969.015749999984 25143.67674999998 46 98
25604.05424999998 25776.03770833331 46 93
26230.235749999974 26400.374874999976 46 96
26851.60666666665 27023.34641666664 46 92
27480.096916666644 27650.674666666644 46 77
28115.557666666646 28295.341583333313 46 67
28759.354166666646 28933.803874999972 46 76
40053.640249999946 40396.29733333328 46 44
44560.70466666664 44721.64041666665 46 41
45431.55933333331 45522.65441666664 46 21
46689.792916666614 46780.96674999994 46 28
47317.06724999994 47407.93533333328 46 25
49036.8796666666 49207.71741666659 46 57
50444.61974999996 50535.088583333294 46 21
51695.69299999994 51785.9624166666 46 33
54872.40316666657 55005.19816666658 46 64
55349.39241666659 55507.89591666658 46 67
55824.27666666658 55982.08033333324 46 56
56295.41866666657 56451.58766666658 46 58
59760.60058333323 60114.734116666565 46 72
52162.970124999934 52483.3460416666 47 48
53431.978916666594 53765.75704166659 47 55
54553.47341666658 54673.633541666575 47 57
694.56825 1142.596875 48 47
1116.24225 1505.8341249999999 48 46
1485.9312499999996 1825.1482499999997 48 47
1804.3772499999998 2157.4842499999995 48 48
2136.71325 4149.057749999999 48 46
23237.587583333312 23634.43170833331 48 68
39725.32299999995 40067.24866666661 48 41
41682.450916666625 42013.58612499997 48 40
44238.35358333331 44346.262499999975 48 43
44479.863749999975 44574.23866666664 48 44
55270.07066666659 55428.644166666585 48 65
55745.23366666658 55876.97199999991 48 70
56217.22841666656 56373.60891666658 48 57
56685.16683333324 56840.48683333324 48 60
13649.827666666639 13821.00624999997 49 49
14124.805166666638 14295.08479999997 49 33
14914.7190833333 15086.256041666635 49 49
15386.790833333303 15567.192891666635 49 40
16172.7718333333 16344.489624999962 49 51
16644.94283333329 16813.309285416628 49 36
22352.56074999998 22519.410999999982 49 66
24489.48541666664 24582.53583333331 49 43
25130.549249999982 25222.44174999998 49 42
25763.07024999998 25853.84245833331 49 44
26387.287249999976 26477.709999999977 49 51
27010.135666666643 27101.596958333306 49 49
27637.547166666645 27729.64008333331 49 40
36339.72799999998 36511.60012499998 49 51
41037.32841666662 41372.98729166662 49 41
41399.98804166662 41695.677041666626 49 44
42080.30549999997 42453.28199999997 49 40
43917.082583333315 44051.19574999998 49 45
44157.876916666646 44251.81470833331 49 46
44399.53049999998 44493.32487499998 49 46
47943.8316666666 48034.10195833327 49 26
53111.5519166666 53437.98692291659 49 46
55190.608916666584 55296.557916666585 49 65
55666.19066666658 55824.27666666658 49 70
56138.89383333323 56295.41866666657 49 57
56607.40233333324 56762.93133333324 49 59
43595.45716666664 43729.493833333305 50 47
43836.460333333314 43930.54370833331 50 47
44077.829749999975 44171.265249999975 50 48
8099.011666666661 8192.062083333327 51 22
8738.25508333332 8830.428166666654 51 29
9373.414999999985 9464.746333333316 51 26
10011.535499999984 10104.585916666649 51 24
10647.15774999998 10738.771124999981 51 28
11278.927416666644 11371.02333333331 51 29
14283.821166666636 14455.885583333302 51 41
14758.149249999968 14925.948220833301 51 35
15544.807999999968 15715.786166666632 51 50
16016.678583333298 16186.106583333298 51 36
17420.9523333333 17589.982958333298 51 54
17884.0140833333 18116.18941666663 51 35
18653.798416666632 18821.931624999965 51 52
19114.3540833333 19274.4044208333 51 45
21729.453166666648 21899.63133333331 51 64
22198.128249999976 22356.403949999974 51 55
28282.048666666647 28375.099083333313 51 33
28920.384666666643 29014.319124999973 51 39
29554.767083333303 29648.1103333333 51 42
30196.33658333329 30289.38699999996 51 39
30834.01216666662 30925.625541666624 51 42
31463.332833333287 31554.29529166662 51 46
32104.45624999994 32195.629499999937 51 51
32733.44874999996 32824.6943333333 51 43
34625.716083333304 34717.154541666634 51 30
35873.80566666664 35964.99237499998 51 30
40382.97041666662 40720.41874999995 51 40
42400.44749999997 42772.42049999997 51 40
43276.9765833333 43382.87374999997 51 46
43515.33991666664 43608.88216666664 51 49
43756.200416666645 43849.88533333331 51 49
43998.06924999998 44091.14674999998 51 50
44319.194499999976 44412.883791666645 51 49
48568.21466666661 48659.22466666661 51 25
52791.1249166666 53118.2274791666 51 52
54473.36666666658 54633.58016666658 51 59
21108.794499999978 21278.01020833331 52 59
21573.011666666647 21755.788333333312 52 49
35251.36791666664 35341.36079166664 52 24
36498.743999999984 36588.771333333316 52 24
38371.60458333331 38463.950333333305 52 30
39003.66583333329 39094.760916666615 52 24
43197.2288333333 43290.2914583333 52 48
43435.6498333333 43528.65691666664 52 52
43676.22583333331 43769.55370833331 52 52
694.56825 1142.596875 53 53
1116.24225 1505.8341249999999 53 52
1485.9312499999996 1825.1482499999997 53 53
1804.3772499999998 2157.4842499999995 53 55
2136.71325 4149.057749999999 53 52
4314.255749999999 4396.007187499999 53 23
4952.263083333334 5037.852375 53 27
5585.344083333333 5665.0939520833335 53 28
6208.289583333333 6295.579708333335 53 34
6830.699749999998 6917.521922916664 53 32
7461.079666666664 7549.7181416666635 53 28
13177.795499999971 13260.247537499974 53 28
13807.838666666637 13896.178024999968 53 25
15073.248083333303 15164.343166666635 53 18
16331.48166666663 16422.65549999996 53 24
16802.232333333297 16971.362083333297 53 42
17267.7835833333 17434.039958333302 53 39
18038.633916666633 18206.389041666633 53 42
18501.1105833333 18666.806374999964 53 38
19267.3153333333 19434.8755833333 53 55
19727.756583333303 19890.18904166664 53 40
20491.74766666664 20660.416833333307 53 51
20956.037916666643 21121.605166666643 53 45
22506.521749999978 22596.862499999977 53 30
23257.777083333312 23634.43170833331 53 68
24489.48541666664 24582.53583333331 53 51
25130.549249999982 25222.44174999998 53 50
25763.07024999998 25853.84245833331 53 52
26387.287249999976 26477.709999999977 53 60
27010.135666666643 27101.596958333306 53 58
27637.547166666645 27729.64008333331 53 48
33362.22641666662 33453.839791666614 53 43
33992.2695833333 34084.57216666663 53 38
39767.00587499995 40067.24866666661 53 41
40094.46549999994 40396.29733333328 53 44
42080.30549999997 42453.28199999997 53 40
43117.8370833333 43210.5083333333 53 51
43356.59116666663 43448.89624999997 53 54
45431.55933333331 45522.65441666664 53 32
46689.792916666614 46780.96674999994 53 33
49194.93033333326 49284.6452916666 53 28
49584.27483333327 49741.935166666604 53 42
50444.61974999996 50535.088583333294 53 32
51695.69299999994 51785.9624166666 53 39
55587.147666666584 55745.23366666658 53 70
56060.48708333324 56191.1649999999 53 72
56529.566416666574 56685.16683333324 53 59
56995.45649999992 57124.36233333324 53 60
59405.53633333323 59546.2467499999 53 75
59760.60058333323 60114.734116666565 53 72
8099.011666666661 8192.062083333327 54 22
8738.25508333332 8830.428166666654 54 29
9373.414999999985 9464.746333333316 54 26
10011.535499999984 10104.585916666649 54 24
10647.15774999998 10738.771124999981 54 28
11278.927416666644 11371.02333333331 54 29
11929.087666666639 12018.84091666664 54 36
12553.11016666664 12643.882374999974 54 31
19877.181083333304 20045.387083333306 54 55
20337.172499999975 20506.693593749973 54 39
28282.048666666647 28375.099083333313 54 39
28920.384666666643 29014.319124999973 54 47
29554.767083333303 29648.1103333333 54 50
30196.33658333329 30289.38699999996 54 47
30834.01216666662 30925.625541666624 54 50
31463.332833333287 31554.29529166662 54 55
34625.716083333304 34717.154541666634 54 30
35873.80566666664 35964.99237499998 54 30
37122.597916666644 37213.714124999984 54 30
37748.163083333304 37837.946208333306 54 24
40747.69941666662 41050.93387499995 54 48
41722.041708333294 42013.58612499997 54 40
42400.44749999997 42772.42049999997 54 40
43038.724499999975 43131.0457083333 54 53
44800.98608333332 44893.33183333332 54 28
46060.96991666664 46152.82254166664 54 29
47317.06724999994 47407.93533333328 54 29
49820.12541666661 49911.17112499995 54 28
51069.827249999944 51161.19354166661 54 35
52162.970124999934 52483.3460416666 54 57
52791.1249166666 53118.2274791666 54 52
53111.5519166666 53437.98692291659 54 46
53431.978916666594 53765.75704166659 54 55
54393.25991666658 54553.47341666658 54 59
55507.89591666658 55666.19066666658 54 69
55982.08033333324 56138.89383333323 54 71
56451.58766666658 56555.55933333324 54 58
56918.042333333244 57072.799999999916 54 60
17577.264833333298 17666.3948333333 55 26
18809.2470833333 18898.038874999966 55 26
19421.9863333333 19512.093208333303 56 23
20647.49091666664 20737.86633333331 56 27
38371.60458333331 38463.950333333305 56 30
41078.144791666615 41372.98729166662 56 41
54313.15316666658 54473.36666666658 56 61
14442.674833333302 14535.0205833333 57 20
15702.658666666632 15794.511291666633 57 22
20032.80341666664 20120.99008333331 57 28
21886.583999999977 21977.797208333308 57 30
23277.966583333313 23634.43170833331 57 68
39003.66583333329 39094.760916666615 57 24
44642.132416666645 44748.143083333314 57 40
45903.11924999997 46008.45991666664 57 39
48568.21466666661 48659.22466666661 57 29
49663.52841666661 49820.12541666661 57 40
50912.723416666624 51017.556083333286 57 47
55903.24908333324 56060.48708333324 57 71
56373.60891666658 56529.566416666574 57 73
56840.48683333324 56943.89416666658 57 60
57304.34808333324 57458.27199999992 57 61
13807.838666666637 13896.178024999968 58 25
15073.248083333303 15164.343166666635 58 18
16331.48166666663 16422.65549999996 58 24
21265.292083333312 21354.422083333313 58 29
22506.521749999978 22596.862499999977 58 30
37122.597916666644 37213.714124999984 58 30
40422.951166666615 40720.41874999995 58 40
41440.489166666615 41695.677041666626 58 52
42080.30549999997 42772.42049999997 58 40
44560.70466666664 44721.64041666665 58 50
44721.64041666665 44853.829083333316 58 42
45824.02741666663 45982.124749999966 58 41
45982.124749999966 46139.73491666664 58 41
47082.019083333274 47186.82066666661 58 43
47785.44999999993 47892.12799999993 58 39
47943.8316666666 48034.10195833327 58 30
49504.59783333326 49637.39283333327 58 44
49741.935166666604 49846.18883333329 58 42
50833.83116666663 50991.34791666662 58 41
50991.34791666662 51122.09841666661 58 49
52084.17199999994 52189.24720833327 58 51
53111.5519166666 53437.98692291659 58 46
55824.27666666658 55982.08033333324 58 71
56295.41866666657 56451.58766666658 58 73
56762.93133333324 56918.042333333244 58 60
57227.211333333245 57330.06033333324 58 61
16958.401333333295 17049.022083333297 59 23
18193.532916666634 18283.52579166663 59 23
37748.163083333304 37837.946208333306 59 24
52162.970124999934 52320.46033333326 59 52
52791.1249166666 53118.2274791666 59 52
54233.046416666584 54393.25991666658 59 61
694.56825 1142.596875 60 71
1116.24225 1505.8341249999999 60 70
1485.9312499999996 1825.1482499999997 60 72
1804.3772499999998 2157.4842499999995 60 74
2136.71325 4149.057749999999 60 70
17577.264833333298 17666.3948333333 60 26
18809.2470833333 18898.038874999966 60 26
20032.80341666664 20120.99008333331 60 28
21886.583999999977 21977.797208333308 60 30
32104.45624999994 32195.629499999937 60 61
32733.44874999996 32824.6943333333 60 51
34625.716083333304 34717.154541666634 60 37
35873.80566666664 35964.99237499998 60 37
39003.66583333329 39094.760916666615 60 38
40788.620416666614 41050.93387499995 60 57
42400.44749999997 42772.42049999997 60 47
44238.35358333331 44346.262499999975 60 51
44479.863749999975 44587.77266666664 60 52
44800.98608333332 44959.16974999999 60 42
45587.89108333331 45692.59208333329 60 45
45745.102083333295 45850.3625833333 60 43
46060.96991666664 46218.26066666664 60 42
46846.203416666605 46976.99908333327 60 46
47003.25408333327 47108.35424999994 60 45
47160.543583333274 47291.07433333328 60 39
47706.68058333328 47865.458499999935 60 47
47865.458499999935 47969.683499999934 60 41
49820.12541666661 49950.160499999954 60 42
50599.68283333329 50729.433166666626 60 45
50755.49658333329 50859.966749999956 60 43
51069.827249999944 51200.288666666616 60 50
51850.59199999994 51980.129833333274 60 55
52006.12274999994 52110.507166666604 60 53
56217.22841666656 56373.60891666658 60 72
56685.16683333324 56840.48683333324 60 75
57150.07458333324 57304.34808333324 60 61
57611.85333333325 57765.090833333255 60 63
4314.255749999999 4396.007187499999 61 29
4952.263083333334 5037.852375 61 34
5585.344083333333 5665.0939520833335 61 35
6208.289583333333 6295.579708333335 61 41
6830.699749999998 6917.521922916664 61 38
7461.079666666664 7549.7181416666635 61 34
13177.795499999971 13260.247537499974 61 34
19421.9863333333 19512.093208333303 61 23
20647.49091666664 20737.86633333331 61 27
21265.292083333312 21354.422083333313 61 29
24489.48541666664 24582.53583333331 61 62
25130.549249999982 25222.44174999998 61 62
25763.07024999998 25853.84245833331 61 63
26387.287249999976 26477.709999999977 61 72
27010.135666666643 27101.596958333306 61 68
27637.547166666645 27729.64008333331 61 57
33362.22641666662 33453.839791666614 61 43
33992.2695833333 34084.57216666663 61 45
35251.36791666664 35341.36079166664 61 38
36498.743999999984 36588.771333333316 61 38
40135.29074999994 40396.29733333328 61 52
42080.30549999997 42453.28199999997 61 47
43917.082583333315 44051.19574999998 61 53
44157.876916666646 44292.19808333331 61 54
44399.53049999998 44533.708249999974 61 55
44880.16424999999 45037.93474999999 61 44
45666.4168333333 45771.3570833333 61 44
46139.73491666664 46270.61116666663 61 44
46924.64858333327 47082.019083333274 61 45
47238.94749999994 47369.053083333274 61 41
47943.8316666666 48098.38258333327 61 43
49194.93033333326 49284.6452916666 61 33
49426.61999999994 49584.27483333327 61 45
49898.17466666662 50053.846499999956 61 44
50677.44733333329 50781.55999999996 61 44
51148.16183333327 51304.26033333328 61 52
51928.28683333327 52058.10858333327 61 53
52241.80137499994 52385.98074999993 61 53
56138.89383333323 56295.41866666657 61 72
56607.40233333324 56762.93133333324 61 74
57072.799999999916 57227.211333333245 61 60
57535.13083333325 57688.575833333256 61 63
59760.60058333323 60114.734116666565 61 86
37748.163083333304 37837.946208333306 62 38
38371.60458333331 38463.950333333305 62 37
43595.45716666664 43729.493833333305 62 56
43836.460333333314 43944.00483333331 62 56
44077.829749999975 44184.65358333331 62 57
45431.55933333331 45587.89108333331 62 47
46689.792916666614 46846.203416666605 62 48
50444.61974999996 50547.97916666662 62 47
51695.69299999994 51850.59199999994 62 57
1.5092979166666665 720.922875 63 81
694.56825 1142.596875 63 62
1116.24225 1505.8341249999999 63 64
1485.9312499999996 1825.1482499999997 63 63
1804.3772499999998 2157.4842499999995 63 62
2136.71325 4149.057749999999 63 58
8099.011666666661 8192.062083333327 63 28
8738.25508333332 8830.428166666654 63 35
9373.414999999985 9464.746333333316 63 31
10011.535499999984 10104.585916666649 63 29
10647.15774999998 10738.771124999981 63 33
11278.927416666644 11371.02333333331 63 36
11929.087666666639 12018.84091666664 63 43
12553.11016666664 12643.882374999974 63 37
23298.156083333313 23634.43170833331 63 81
28282.048666666647 28375.099083333313 63 47
28920.384666666643 29014.319124999973 63 57
29554.767083333303 29648.1103333333 63 61
30196.33658333329 30289.38699999996 63 57
30834.01216666662 30925.625541666624 63 61
31463.332833333287 31554.29529166662 63 66
39808.68874999995 40067.24866666661 63 49
41761.59749999996 42013.58612499997 63 47
43276.9765833333 43382.87374999997 63 55
43515.33991666664 43622.30716666664 63 58
43756.200416666645 43890.16033333331 63 59
43998.06924999998 44104.46374999998 63 59
44319.194499999976 44426.23708333331 63 58
44959.16974999999 45116.46049999999 63 45
45509.60708333331 45666.4168333333 63 46
46218.26066666664 46374.9898333333 63 45
46767.919416666606 46872.29808333327 63 48
47317.06724999994 47446.81758333328 63 42
48021.24583333327 48149.66724999993 63 45
49348.994833333265 49452.541499999934 63 47
49976.08199999996 50131.40199999996 63 45
50522.19799999996 50677.44733333329 63 46
51226.28158333328 51382.024833333286 63 54
51773.03649999994 51876.44383333327 63 57
52320.46033333326 52477.4649166666 63 55
53431.978916666594 54086.18404166659 63 65
54152.939666666585 54313.15316666658 63 64
59405.53633333323 59546.2467499999 63 85
23459.672083333313 23621.188083333313 64 67
37122.597916666644 37213.714124999984 64 37
42958.47474999997 43091.419833333304 64 55
43197.2288333333 43303.6063333333 64 57
43435.6498333333 43541.97391666664 64 62
43676.22583333331 43782.90699999998 64 62
45037.93474999999 45142.63574999998 64 46
45273.03033333331 45431.55933333331 64 51
46296.7058333333 46401.08449999996 64 47
46531.08308333329 46637.76108333328 64 51
48411.40399999995 48516.08783333327 64 39
50053.846499999956 50157.25383333329 64 46
50286.09074999996 50444.61974999996 64 51
51304.26033333328 51407.946333333275 64 56
51537.21791666661 51643.89591666661 64 60
52399.0499166666 52533.66233333327 64 56
53111.5519166666 53437.98692291659 64 55
4473.687583333332 4632.703583333334 65 43
13807.838666666637 13896.178024999968 65 29
15073.248083333303 15164.343166666635 65 28
16331.48166666663 16422.65549999996 65 29
22506.521749999978 22596.862499999977 65 37
23378.914083333315 23540.43008333331 65 65
23540.43008333331 23700.64983333331 65 69
23700.64983333331 23807.02733333331 65 68
24648.917249999977 24807.933249999976 65 79
33362.22641666662 33453.839791666614 65 52
41118.96116666662 41372.98729166662 65 49
42639.33624999997 42772.42049999997 65 56
42878.51299999998 42985.176999999974 65 58
43117.8370833333 43250.3468333333 65 60
43356.59116666663 43462.14266666664 65 64
45116.46049999999 45247.01441666664 65 47
45352.29483333331 45509.60708333331 65 49
46374.9898333333 46505.14816666662 65 49
46611.091583333284 46741.82474999994 65 50
47394.97458333328 47524.37308333328 65 44
48098.38258333327 48200.81558333327 65 47
48489.952249999944 48594.27808333328 65 41
48646.26391666661 48801.58391666661 65 44
49271.789166666604 49400.69849999993 65 47
50131.40199999996 50260.37849999996 65 47
50365.35524999996 50470.635666666625 65 49
51382.024833333286 51485.50183333328 65 58
51617.226416666614 51773.03649999994 65 59
56529.566416666574 56685.16683333324 65 74
56995.45649999992 57124.36233333324 65 76
57458.27199999992 57611.85333333325 65 62
57918.05208333325 58070.669583333256 65 64
9610.498249999982 9771.265999999983 66 43
14442.674833333302 14535.0205833333 66 25
15702.658666666632 15794.511291666633 66 27
21886.583999999977 21977.797208333308 66 37
23298.156083333313 23459.672083333313 66 64
23621.188083333313 23753.76783333331 66 70
29795.299333333296 29956.067083333295 66 68
32104.45624999994 32195.629499999937 66 73
32733.44874999996 32824.6943333333 66 61
40462.93191666661 40720.41874999995 66 47
42559.374499999976 42666.03849999997 66 58
42798.90774999998 42931.77249999997 66 60
43038.724499999975 43144.2543333333 66 63
45194.825083333315 45352.29483333331 66 48
46453.11633333329 46611.091583333284 66 51
47472.66941666661 47601.71658333328 66 45
48331.72699999994 48437.68108333328 66 48
48568.21466666661 48724.02841666661 66 42
50208.81616666663 50365.35524999996 66 48
51459.64999999994 51617.226416666614 66 60
52477.4649166666 52634.29491666661 66 58
52791.1249166666 53118.2274791666 66 61
54072.832916666586 54233.046416666584 66 68
56451.58766666658 56555.55933333324 66 73
56918.042333333244 57072.799999999916 66 76
57381.344999999914 57509.55666666658 66 62
57841.605833333255 57994.36083333325 66 64
17577.264833333298 17666.3948333333 67 32
18809.2470833333 18898.038874999966 67 32
21265.292083333312 21354.422083333313 67 34
42320.62574999997 42453.28199999997 67 57
42479.769249999976 42612.63399999997 67 61
42719.585999999974 42825.39499999998 67 63
16958.401333333295 17049.022083333297 68 28
18193.532916666634 18283.52579166663 68 28
19421.9863333333 19512.093208333303 68 28
20647.49091666664 20737.86633333331 68 30
35405.77924999997 35534.967749999974 68 51
36653.294916666644 36756.911249999976 68 51
38213.92891666664 38318.761583333304 68 48
39475.22574999995 39641.957249999956 68 59
42240.51899999997 42374.03024999997 68 59
42400.44749999997 42506.25649999998 68 64
52555.87991666661 52712.7099166666 68 60
53992.72616666659 54152.939666666585 68 70
90.557875 720.922875 69 81
694.56825 1142.596875 69 68
1116.24225 1505.8341249999999 69 67
1485.9312499999996 2157.4842499999995 69 69
2136.71325 4149.057749999999 69 65
4553.195583333333 4711.968083333334 69 45
14283.821166666636 14389.831833333303 69 40
15544.807999999968 15650.148666666633 69 39
20032.80341666664 20120.99008333331 69 34
23136.64008333331 23237.587583333312 69 65
23860.431833333307 23968.055249999972 69 71
24728.425249999975 24888.47449999998 69 80
38135.5943333333 38247.999533333306 69 49
38292.55341666664 38424.447583333305 69 49
39396.133916666615 39505.09847708329 69 50
39558.59149999996 39725.32299999995 69 57
39890.33924999995 40053.640249999946 69 59
42160.41224999997 42320.62574999997 69 62
48801.58391666661 48958.11024999994 69 45
56840.48683333324 56943.89416666658 69 75
57304.34808333324 57458.27199999992 69 77
57765.090833333255 57892.61583333325 69 64
58222.88408333326 58374.75858333325 69 65
59405.53633333323 59546.2467499999 69 85
4632.703583333334 4791.232583333333 70 45
14124.805166666638 14283.821166666636 70 42
14363.329166666636 14495.517833333302 70 42
15465.716166666636 15567.192891666635 70 41
15623.813499999967 15781.423666666631 70 41
16723.707833333294 16813.309285416628 70 43
23055.882083333312 23217.39808333331 70 65
23780.39758333331 23887.13408333331 70 72
24807.933249999976 24969.015749999984 70 81
36965.71141666664 37096.53449999997 70 47
39808.68874999995 39971.98974999995 70 61
41520.16616666662 41682.450916666625 70 58
42080.30549999997 42240.51899999997 70 64
47627.42883333327 47759.51508333327 70 45
48252.04999999994 48411.40399999995 70 47
48724.02841666661 48853.14624999995 70 47
49194.93033333326 49323.2136666666 70 51
52634.29491666661 52791.1249166666 70 62
56762.93133333324 56918.042333333244 70 75
57227.211333333245 57330.06033333324 70 77
57688.575833333256 57841.605833333255 70 63
58146.77683333326 58248.25316666659 70 64
59760.60058333323 60114.734116666565 70 100
9691.013499999983 9851.518499999984 71 44
16802.232333333297 16958.401333333295 71 41
18038.633916666633 18193.532916666634 71 43
29875.814583333296 30036.319583333294 71 69
36887.15949999998 36988.64356249997 71 48
37044.263333333314 37174.72474999998 71 48
38057.5450833333 38161.65774999998 71 50
38371.60458333331 38529.788249999976 71 50
39159.99758333328 39264.69858333328 71 53
39317.208583333275 39422.469083333286 71 51
52712.7099166666 52833.180960416605 71 63
53912.61941666659 54072.832916666586 71 72
2136.71325 4149.057749999999 72 78
4314.255749999999 4447.184916666666 72 41
4711.968083333334 4825.451564583334 72 46
7937.050666666662 8099.011666666661 72 45
9053.555999999984 9212.909999999985 72 51
9529.982999999984 9691.013499999983 72 45
9771.265999999983 9870.853887499983 72 45
9931.526999999984 10091.292999999983 72 46
13886.93049999997 14045.45949999997 72 45
14442.674833333302 14600.858499999968 72 42
15229.579833333302 15334.280833333305 72 45
15386.790833333303 15492.051333333302 72 43
15702.658666666632 15859.949416666632 72 42
16487.89216666663 16618.687833333293 72 46
16644.94283333329 16750.04299999996 72 45
16880.422583333297 17010.244333333296 72 42
17961.219749999967 18116.18941666663 72 45
18116.18941666663 18270.669666666632 72 44
19190.869083333302 19274.4044208333 72 48
21729.453166666648 21860.489333333313 72 56
22975.124083333314 23136.64008333331 72 66
23217.39808333331 23378.914083333315 72 65
24025.48074999997 24152.15441666664 72 71
24406.886416666643 24569.24291666664 72 77
24888.47449999998 25003.341618749982 72 81
28115.557666666646 28282.048666666647 72 61
29237.698583333306 29394.750083333307 72 72
29714.7840833333 29875.814583333296 72 72
29956.067083333295 30078.324045833295 72 70
30116.328083333294 30276.09408333329 72 73
34468.252083333304 34625.716083333304 72 48
35716.77441666664 35873.80566666664 72 45
38450.78274999998 38608.55324999997 72 51
39238.52333333328 39343.46358333328 72 51
39725.32299999995 39844.75105416662 72 58
40870.04491666662 41037.32841666662 72 57
41440.489166666615 41603.094166666626 72 61
42000.271249999976 42160.41224999997 72 57
47550.15424999995 47706.68058333328 72 47
48175.2414166666 48331.72699999994 72 49
57150.07458333324 57304.34808333324 72 77
57611.85333333325 57765.090833333255 72 79
58070.669583333256 58222.88408333326 72 64
58526.4322499999 58653.616666666574 72 66
1804.3772499999998 2219.7972499999996 73 83
4394.01325 4553.195583333333 73 42
4791.232583333333 4952.263083333334 73 48
7857.375833333329 8018.031166666661 73 45
8018.031166666661 8178.76916666666 73 45
8974.870749999985 9133.232999999984 73 51
9851.518499999984 10011.535499999984 73 45
13649.827666666639 13807.838666666637 73 46
14521.852999999968 14679.623499999967 73 44
15308.105583333303 15413.045833333303 73 44
15781.423666666631 15912.299916666634 73 44
16566.337333333293 16723.707833333294 73 45
19267.3153333333 19421.9863333333 73 46
20491.74766666664 20647.49091666664 73 48
21650.918999999983 21755.788333333312 73 52
21808.138833333313 21938.77333333331 73 56
22896.278916666648 22986.56479999998 73 56
23940.61441666664 24055.575833333307 73 74
24569.24291666664 24728.425249999975 73 79
24969.015749999984 25130.549249999982 73 82
28034.90116666664 28155.099279166647 73 61
28198.803166666647 28361.806166666647 73 61
29159.013333333307 29316.224333333306 73 73
30036.319583333294 30196.33658333329 73 72
34388.7440833333 34499.7878833333 73 50
34547.091583333306 34704.1228333333 73 49
35638.72516666664 35754.77625833331 73 47
35795.39891666664 35951.995916666645 73 47
36808.89708333331 36913.29508333331 73 50
37122.597916666644 37252.70349999998 73 50
37902.29574999997 38057.5450833333 73 52
38529.788249999976 38687.07899999997 73 52
39003.66583333329 39159.99758333328 73 54
39641.957249999956 39767.00587499995 73 63
40215.461749999944 40329.662749999945 73 63
40788.620416666614 40955.69566666662 73 63
41359.48691666662 41486.30344166662 73 61
41920.45274999997 42026.900999999976 73 58
49116.8881666666 49220.50449999993 73 53
52791.1249166666 52951.3384166666 73 66
57072.799999999916 57227.211333333245 73 76
57535.13083333325 57688.575833333256 73 79
57994.36083333325 58146.77683333326 73 64
58450.59541666658 58577.17041666657 73 66
9293.162499999984 9451.698999999984 74 48
10011.535499999984 10144.464666666649 74 48
15073.248083333303 15229.579833333302 74 47
16331.48166666663 16487.89216666663 74 48
16958.401333333295 17087.799833333298 74 44
17730.226499999964 17858.301833333295 74 48
17884.0140833333 18012.7820833333 74 46
18193.532916666634 18296.38191666663 74 45
18961.4615833333 19114.3540833333 74 51
19114.3540833333 19241.8790833333 74 49
21886.583999999977 22016.821083333307 74 57
29474.758583333303 29634.7755833333 74 68
30196.33658333329 30329.26574999996 74 74
37200.71766666665 37330.46799999998 74 51
37979.780583333304 38109.530916666634 74 51
38608.55324999997 38713.25424999996 74 53
39081.71358333328 39238.52333333328 74 52
1485.9312499999996 2136.71325 75 81
4231.656749999999 4394.01325 75 40
4871.747833333334 5031.2685833333335 75 49
7777.948999999996 7910.3811666666625 75 46
8099.011666666661 8258.52666666666 75 45
8896.105749999986 9027.380749999984 75 50
9133.232999999984 9293.162499999984 75 51
9451.698999999984 9610.498249999982 75 45
10091.292999999983 10250.475333333314 75 48
10250.475333333314 10408.186166666648 75 50
13492.217499999973 13623.492499999973 75 49
14600.858499999968 14758.149249999968 75 45
15151.295833333303 15308.105583333303 75 46
15859.949416666632 16016.678583333298 75 45
16409.60816666663 16513.986833333296 75 48
17036.09616666663 17139.362166666637 75 45
17807.017166666632 17935.438583333296 75 48
18270.669666666632 18373.30891666663 75 47
19037.8390833333 19190.869083333302 75 51
19344.6508333333 19499.321833333302 75 45
20414.169416666642 20506.693593749973 75 51
20569.72641666664 20699.19458333331 75 51
21964.789249999973 22120.560749999975 75 59
22817.753166666647 22948.788916666646 75 57
24489.48541666664 24622.41458333331 75 78
25049.782499999983 25209.31424999998 75 83
27953.92066666664 28088.888166666646 75 63
28282.048666666647 28441.563666666647 75 62
29080.248333333304 29211.523333333305 75 75
29316.224333333306 29421.419583333303 75 73
29634.7755833333 29795.299333333296 75 66
30276.09408333329 30435.276416666624 75 74
30435.276416666624 30593.967749999956 75 76
34625.716083333304 34756.24966666664 75 50
35251.36791666664 35354.216916666635 75 53
35560.88924999997 35690.710999999974 75 48
35873.80566666664 36003.98174999998 75 48
36498.743999999984 36627.44308333331 75 53
37278.624999999985 37408.02349999998 75 51
37748.163083333304 37876.5145833333 75 53
38843.64883333329 39003.66583333329 75 56
40135.29074999994 40301.112499999945 75 61
40706.77841666662 40838.83219166662 75 63
41278.48466666662 41399.98804166662 75 57
41840.91924999997 41947.011749999976 75 59
49036.8796666666 49143.557666666595 75 56
52871.2316666666 53031.4451666666 75 68
53832.51266666659 53992.72616666659 75 72
1116.24225 1804.3772499999998 76 80
10329.902166666647 10460.37549999998 76 51
14679.623499999967 14784.324499999968 76 46
14914.7190833333 15073.248083333303 76 51
15938.3945833333 16042.773249999964 76 47
16172.7718333333 16279.449833333296 76 51
17113.58099999997 17216.498916666635 76 48
17577.264833333298 17704.6523333333 76 51
18347.666583333295 18475.605583333298 76 49
18809.2470833333 18961.4615833333 76 54
21573.011666666647 21676.98241666665 76 55
22042.755999999976 22198.128249999976 76 60
29554.767083333303 29714.7840833333 76 74
30355.768416666626 30488.281749999955 76 75
30514.70324999996 30646.810749999953 76 78
34704.1228333333 34834.22841666664 76 51
35328.50466666664 35431.56041666664 76 51
35483.264083333306 35612.73224999997 76 50
35951.995916666645 36081.74624999999 76 50
36575.88074999998 36679.14674999998 76 52
36730.98974999998 36861.02391666664 76 51
37356.31983333331 37485.366999999984 76 53
37825.09008333331 37928.076916666636 76 53
38687.07899999997 38817.632916666626 76 53
38923.657333333285 39081.71358333328 76 53
52951.3384166666 53111.5519166666 76 70
694.56825 1221.6607499999998 77 80
4149.057749999999 4314.255749999999 77 39
4952.263083333334 5110.274083333333 77 51
7698.684499999996 7804.370499999995 77 48
8178.76916666666 8285.112499999992 77 46
8817.26058333332 8974.870749999985 77 49
9373.414999999985 9529.982999999984 77 51
10170.967333333316 10303.480666666648 77 48
10408.186166666648 10506.168518749979 77 51
13021.14691666664 13151.620249999973 77 54
13256.321249999972 13387.197499999975 77 51
14758.149249999968 14888.703166666633 77 47
14993.983583333302 15151.295833333303 77 49
16016.678583333298 16146.836916666633 77 49
16252.780333333298 16383.513499999965 77 50
17190.786666666634 17344.5060833333 77 50
17653.642333333297 17781.3748333333 77 48
18424.457249999963 18552.120583333297 77 51
18885.3543333333 19012.3340833333 77 51
19421.9863333333 19575.9500833333 77 47
20647.49091666664 20776.53808333331 77 51
22120.560749999975 22275.463749999974 77 61
22739.54791666665 22896.278916666648 77 58
24324.287416666644 24489.48541666664 77 77
25130.549249999982 25288.07924999998 77 84
27874.656166666642 28034.90116666664 77 65
28361.806166666647 28468.14949999998 77 64
29000.89991666664 29159.013333333307 77 75
30593.967749999956 30715.54846041662 77 79
34071.36141666662 34229.89041666663 77 54
34309.23608333329 34468.252083333304 77 51
34782.2425833333 34911.99291666664 77 52
36029.90324999998 36159.30174999999 77 51
37588.146083333304 37748.163083333304 77 55
38765.4435833333 38878.31918333329 77 55
40053.640249999946 40166.02296666661 77 61
40624.93641666661 40747.69941666662 77 63
41198.722916666615 41359.48691666662 77 58
41761.59749999996 41893.89374999997 77 60
48958.11024999994 49116.8881666666 77 52
57458.27199999992 57611.85333333325 77 78
57918.05208333325 58070.669583333256 77 80
58374.75858333325 58475.83008333324 77 65
58833.46483333324 58937.152583333234 77 68
59405.53633333323 59546.2467499999 77 100
181.11575 1116.24225 78 96
7619.50633333333 7777.948999999996 78 48
8258.52666666666 8417.625833333323 78 47
8738.25508333332 8843.595749999986 78 49
9212.909999999985 9373.414999999985 78 51
10567.225916666644 10725.683499999981 78 53
12708.71966666664 12864.81516666664 78 56
12942.86291666664 13053.112883333306 78 54
14045.45949999997 14204.313166666638 78 42
14204.313166666638 14295.08479999997 78 42
14836.513833333302 14993.983583333302 78 48
16094.805083333298 16188.106795833299 78 50
17420.9523333333 17551.8285833333 78 54
18653.798416666632 18783.877999999964 78 57
19499.321833333302 19651.853333333303 78 49
20337.172499999975 20465.731749999974 78 53
20724.975749999976 20827.96258333331 78 53
22198.128249999976 22352.56074999998 78 61
22661.581166666645 22765.563833333315 78 59
24222.45491666664 24367.651891666643 78 75
27795.477999999977 27953.92066666664 78 66
28441.563666666647 28600.662833333317 78 66
28920.384666666643 29027.738333333302 78 73
29394.750083333307 29554.767083333303 78 77
30753.912666666623 30912.53791666662 78 81
33834.25858333329 33992.2695833333 78 57
34860.14991666664 34989.54841666664 78 53
36107.59808333332 36236.64524999999 78 52
37433.804666666656 37562.503749999974 78 53
37668.15458333331 37825.09008333331 78 54
39971.98974999995 40094.46549999994 78 63
40543.934166666615 40706.77841666662 78 64
41118.96116666662 41278.48466666662 78 59
41682.450916666625 41791.977337499964 78 61
48878.858499999944 49010.94474999994 78 54
53031.4451666666 53164.956416666595 78 72
53752.40591666659 53912.61941666659 78 74
57381.344999999914 57509.55666666658 78 78
57841.605833333255 57994.36083333325 78 80
58298.85533333325 58425.36074999991 78 65
58756.11958333324 58859.31666666657 78 67
5031.2685833333335 5188.799833333333 79 51
17267.7835833333 17395.516083333303 79 51
17499.478083333302 17628.1373333333 79 52
18501.1105833333 18628.429333333297 79 53
18731.84616666663 18885.3543333333 79 56
21495.52683333331 21598.93316666665 79 56
22275.463749999974 22429.424749999976 79 62
25209.31424999998 25366.604999999978 79 84
35092.83891666664 35251.36791666664 79 54
36339.72799999998 36498.743999999984 79 55
37511.07924999998 37630.150545833305 79 54
7540.50083333333 7645.841499999996 80 49
8338.117833333325 8498.167083333323 80 47
8659.249583333321 8817.26058333332 80 48
10486.710666666646 10620.90274999998 80 52
13807.838666666637 13966.194999999969 80 45
13966.194999999969 14098.30249999997 80 44
17344.5060833333 17443.2012958333 80 53
18577.556833333296 18731.84616666663 80 54
19575.9500833333 19727.756583333303 80 50
20802.25033333331 20904.889583333308 80 55
22352.56074999998 22506.521749999978 80 62
24118.838833333306 24297.07058333331 80 74
27716.472499999978 27821.813166666645 80 67
28521.154833333316 28653.668166666648 80 66
28839.869416666643 29000.89991666664 80 71
30673.14591666662 30807.757166666623 80 80
33597.88341666661 33755.41341666662 80 61
34229.89041666663 34388.7440833333 80 51
34937.844749999975 35041.11074999997 80 53
35172.103416666636 35328.50466666664 80 53
36185.08291666666 36288.06974999998 80 53
36419.235999999975 36575.88074999998 80 53
40462.93191666661 40624.93641666661 80 65
41037.32841666662 41161.50076666662 80 60
41603.094166666626 41708.90316666663 80 62
53111.5519166666 53271.765416666596 80 73
53672.29916666659 53832.51266666659 80 77
5110.274083333333 5267.325583333332 81 52
7380.827166666664 7487.830499999996 81 50
10647.15774999998 10751.858749999983 81 55
12473.10166666664 12630.91491666664 81 59
20260.51916666664 20388.45716666664 81 54
22429.424749999976 22558.07874999998 81 62
25288.07924999998 25445.13074999998 81 85
27558.782166666646 27663.802166666646 81 69
35015.32958333331 35143.70030416664 81 55
36262.357499999984 36368.218366666646 81 53
57765.090833333255 57892.61583333325 81 80
58222.88408333326 58374.75858333325 81 82
58679.19083333324 58781.831833333235 81 67
5188.799833333333 5346.577333333333 82 53
7300.5746666666655 7461.079666666664 82 51
7461.079666666664 7619.50633333333 82 49
8417.625833333323 8578.708333333323 82 48
8578.708333333323 8738.25508333332 82 48
10725.683499999981 10882.73499999998 82 56
13728.833166666638 13860.508999999971 82 46
19651.853333333303 19802.468833333303 82 51
20879.24724999998 21032.552916666642 82 56
21418.39108333331 21521.30799999998 82 58
22583.934583333314 22687.516083333314 82 61
25366.604999999978 25524.59249999998 82 86
27480.096916666644 27637.547166666645 82 72
27637.547166666645 27795.477999999977 82 68
28600.662833333317 28759.354166666646 82 68
28759.354166666646 28920.384666666643 82 70
33362.22641666662 33519.277916666615 82 65
34150.62591666663 34282.73341666663 82 53
40382.97041666662 40516.933416666616 82 66
40955.69566666662 41078.144791666615 82 61
53191.6586666666 53351.872166666595 82 76
57688.575833333256 57841.605833333255 82 79
58146.77683333326 58248.25316666659 82 81
58602.60666666657 58704.76499999991 82 67
59760.60058333323 60114.734116666565 82 113
19727.756583333303 19877.181083333304 83 53
20956.037916666643 21083.425416666643 83 58
30834.01216666662 30938.713166666625 83 82
53271.765416666596 53431.978916666594 83 77
53592.19241666659 53752.40591666659 83 78
5267.325583333332 5425.829083333332 84 54
7222.048916666665 7380.827166666664 84 52
8498.167083333323 8606.897770833322 84 49
10882.73499999998 11039.383583333314 84 58
12237.958166666638 12393.09316666664 84 62
13413.452499999976 13570.982499999973 84 50
13570.982499999973 13682.088245833304 84 47
19802.468833333303 19896.04262291664 84 55
20184.277583333307 20286.024166666644 84 56
21032.552916666642 21123.526766666644 84 58
21186.76633333331 21316.16458333331 84 62
22506.521749999978 22635.64624999998 84 61
25445.13074999998 25604.05424999998 84 86
27401.571166666643 27506.272166666644 84 74
28680.08966666665 28816.38580208331 84 70
30912.53791666662 31069.589416666622 84 84
31069.589416666622 31226.23799999996 84 86
33124.012999999955 33235.066770833284 84 69
40301.112499999945 40422.951166666615 84 68
58070.669583333256 58222.88408333326 84 81
58526.4322499999 58653.616666666574 84 83
58989.27941666657 59166.3286249999 84 68
5346.577333333333 5505.586583333333 85 56
7143.6037499999975 7300.5746666666655 85 53
10804.209249999982 10908.910249999983 85 56
10961.099583333315 11065.47824999998 85 59
13177.795499999971 13334.846999999972 85 51
13334.846999999972 13492.217499999973 85 50
19877.181083333304 20007.26066666664 85 56
21108.794499999978 21265.292083333312 85 60
21341.66958333331 21444.033416666643 85 60
25524.59249999998 25634.532316666646 85 87
27323.12599999998 27480.096916666644 85 76
30991.06366666662 31095.764666666626 85 85
32889.86974999997 33045.96524999996 85 74
33992.2695833333 34150.62591666663 85 55
53351.872166666595 53496.73187291659 85 80
57994.36083333325 58146.77683333326 85 81
58450.59541666658 58577.17041666657 85 83
58911.15966666657 59015.4149999999 85 68
11039.383583333314 11133.117260416646 86 60
19955.228833333305 20083.138083333306 86 57
31147.953999999958 31252.332666666625 86 87
5425.829083333332 5585.344083333333 87 56
7065.319749999998 7169.698416666665 87 54
11198.938833333312 11331.633916666644 87 62
12005.95166666664 12160.622666666639 87 65
12864.81516666664 13021.14691666664 87 55
13099.430916666639 13256.321249999972 87 52
20108.372749999973 20209.64666666664 87 56
21265.292083333312 21367.17458333331 87 63
25604.05424999998 25763.07024999998 87 88
27244.84199999998 27349.220666666643 87 77
31226.23799999996 31361.703924999958 87 88
31384.372999999956 31489.409833333288 87 91
32653.986999999957 32811.65924999996 87 80
33755.41341666662 33866.519162499964 87 59
33913.2640833333 34044.939916666626 87 56
53512.08566666659 53672.29916666659 87 78
6909.066749999997 7013.130416666664 88 56
11278.927416666644 11410.34383333331 88 62
27088.588999999974 27192.652666666643 88 82
31304.36449999996 31411.042499999956 88 90
31463.332833333287 31567.23258333329 88 92
53431.978916666594 53592.19241666659 88 81
5505.586583333333 5663.148833333334 89 57
6830.699749999998 6987.114499999997 89 56
6987.114499999997 7143.6037499999975 89 55
11117.510083333313 11226.081749999978 89 61
11357.916499999978 11462.565999999977 89 63
12786.76741666664 12942.86291666664 89 56
20032.80341666664 20133.60741666664 89 58
25683.56224999998 25840.874999999978 89 89
27010.135666666643 27166.636749999972 89 83
27166.636749999972 27323.12599999998 89 79
31541.357999999957 31644.85324999995 89 92
32414.746749999947 32574.52524999995 89 85
33519.277916666615 33676.64841666662 89 62
33676.64841666662 33807.92341666663 89 60
58374.75858333325 58475.83008333324 89 82
58833.46483333324 58937.152583333234 89 85
59067.83133333323 59405.53633333323 89 74
6751.694249999999 6857.034916666664 90 57
11771.55766666664 11929.087666666639 90 67
12630.91491666664 12786.76741666664 90 57
26930.871166666646 27036.55716666664 90 85
31947.888249999945 32104.45624999994 90 95
32182.740249999937 32337.411249999946 90 91
33282.54949999995 33440.75216666662 90 67
33440.75216666662 33571.628416666616 90 64
58298.85533333325 58425.36074999991 90 82
58756.11958333324 58859.31666666657 90 84
5585.344083333333 5740.953583333334 91 58
11678.976416666641 11850.32266666664 91 68
25763.07024999998 25918.679749999978 91 89
31862.09633333328 31989.639716666614 91 97
6672.688749999999 6830.699749999998 92 58
11594.274583333308 11708.89141666664 92 67
12553.11016666664 12708.71966666664 92 57
26851.60666666665 27010.135666666643 92 86
31618.84541666662 31724.40533333328 92 93
31778.69283333328 31890.476416666614 92 96
33045.96524999996 33202.296999999955 92 71
33202.296999999955 33336.05116666662 92 68
5663.148833333334 5818.521083333334 93 59
6517.631083333333 6672.688749999999 93 60
11436.488999999976 11541.004749999976 93 64
12393.09316666664 12553.11016666664 93 60
25840.874999999978 25996.24724999998 93 90
26696.54899999998 26851.60666666665 93 87
58679.19083333324 58781.831833333235 93 84
5740.953583333334 5896.088583333333 94 61
6440.2955833333335 6543.409583333332 94 61
6595.121249999999 6679.930920833332 94 59
11514.651499999976 11621.715416666642 94 65
12315.52566666664 12412.42855416664 94 61
25918.679749999978 26073.81474999998 94 91
26619.21349999998 26722.32749999998 94 88
26774.039166666647 26885.954616666644 94 86
31697.628666666616 31806.210749999947 94 94
32811.65924999996 32967.91749999996 94 76
32967.91749999996 33124.012999999955 94 73
58602.60666666657 58704.76499999991 94 84
5818.521083333334 5973.424083333332 96 62
6363.039583333334 6517.631083333333 96 62
12160.622666666639 12315.52566666664 96 62
25996.24724999998 26152.025249999977 96 91
26541.95749999998 26696.54899999998 96 90
32574.52524999995 32733.44874999996 96 81
32733.44874999996 32889.86974999997 96 78
58989.27941666657 59166.3286249999 96 85
5896.088583333333 6050.759583333332 97 64
6285.942583333334 6388.738583333334 97 63
12083.28716666664 12237.958166666638 97 63
26073.81474999998 26230.235749999974 97 92
26464.860499999977 26567.65649999998 97 91
32337.411249999946 32494.63599999995 97 87
32494.63599999995 32616.904849999955 97 83
58911.15966666657 59015.4149999999 97 85
5973.424083333332 6077.014583333333 99 65
6208.289583333333 6363.039583333334 99 65
11929.087666666639 12083.28716666664 99 66
26152.025249999977 26256.410999999975 99 93
26387.287249999976 26541.95749999998 99 92
32104.45624999994 32260.07574999994 99 93
32260.07574999994 32414.746749999947 99 89
6050.759583333332 6208.289583333333 100 67
26230.235749999974 26387.287249999976 100 94
6129.524583333333 6234.544583333334 101 65
11850.32266666664 12005.95166666664 101 66
26308.761499999975 26413.462499999976 101 92
32026.172249999945 32182.740249999937 101 95
59067.83133333323 59405.53633333323 101 93
