58940.95220833333 60058.58329999999 25 59
93460.09095833334 94577.72205000003 25 60
375873.5795916671 376991.2106833338 25 59
410392.71834166686 411510.3494333335 25 60
71991.90395833332 74193.73795833331 29 77
106511.04270833342 108712.87670833341 29 77
388924.5313416672 391126.3653416672 29 77
423443.67009166686 425645.5040916669 29 77
57865.87620833333 58970.068849999996 32 56
63267.09720833332 65142.097958333325 32 77
93191.32195833333 93486.96785833334 32 57
97786.23595833337 99661.2367083334 32 81
126904.15370833341 128160.35833333342 32 32
135837.63370833348 136831.1107083335 32 33
137807.0297083335 138774.8932083335 32 36
155399.0885000004 156396.43500000043 32 33
167322.4340000006 168315.9110000006 32 33
169291.8300000006 170259.69350000063 32 36
186883.88879166747 187881.2352916675 32 33
190945.93729166753 191944.04529166754 32 34
192928.45079166756 193900.63029166756 32 34
230208.62212500104 231202.09912500106 32 33
232178.01812500108 233145.8816250011 32 36
249770.07691666795 250767.42341666797 32 33
253832.12541666804 254830.23341666802 32 34
255814.63891666802 256786.818416668 32 34
293094.81025000074 294088.28725000075 32 33
295064.20625000075 296032.06975000066 32 36
312656.2650416673 313653.61154166725 32 33
374798.50359166716 375902.6962333338 32 56
380199.7245916671 382074.72534166713 32 77
410123.9493416668 410410.6362750002 32 57
414718.8633416668 416593.8640916668 32 78
92385.01495833334 93460.09095833334 33 57
409317.6423416669 410392.71834166686 33 57
2127.418 3238.5950666666668 34 28
4285.526000000001 5364.009093750001 34 28
6421.019000000001 7538.650091666667 34 28
8571.171000000002 9649.153125000003 34 28
10690.633000000002 11797.033475 34 28
12802.255000000001 13888.579897916668 34 28
14906.150000000003 16023.78109166667 34 28
17056.302000000003 18123.08541666667 34 35
19175.764000000003 20267.145104166673 34 35
21283.890333333344 22359.17867916667 34 35
23387.785333333333 24513.687349999997 34 35
25553.84933333333 26514.201920833333 34 42
27493.015333333333 28609.892083333332 34 38
29659.07933333333 30631.104427083337 34 42
31592.022291666668 32688.59219166667 34 38
33758.086291666674 34833.828675000004 34 32
35877.54829166667 36970.89394166667 34 32
37989.17029166666 39073.287879166666 34 32
40093.065291666666 41199.497675000006 34 32
42243.21729166667 43232.86597083333 34 47
44220.600133333326 45309.09580833333 34 39
46344.49413333333 47333.72649166667 34 47
48331.92720833333 49409.36093541666 34 39
50455.82120833333 51538.28281666666 34 43
52575.28320833333 53672.98046666667 34 45
54686.90520833333 55768.81548541666 34 49
56790.80020833333 57908.43129999999 34 53
67579.07370833331 68681.7527208333 34 66
84974.95995833332 86050.70234166666 34 32
87094.42195833335 88189.94341250001 34 32
89206.04395833335 90285.74692500003 34 32
91309.93895833335 92416.37134166667 34 32
102098.2124583334 103200.89147083339 34 66
119494.09870833339 120569.84109166673 34 32
121613.5607083334 122696.02733750008 34 32
123725.18270833342 124809.30029583343 34 32
125829.07770833341 126948.94854166674 34 32
145666.8112083336 146626.3502083336 34 33
177151.6115000007 178111.1505000007 34 33
194868.4937916676 195606.68279166755 34 34
196848.0922916676 197819.9877916676 34 32
198807.2342916676 199800.71129166763 34 36
200776.63029166762 201344.87137500098 34 39
240037.79962500115 240997.33862500117 34 33
257754.68191666793 258492.87091666798 34 34
259734.28041666796 260706.1759166679 34 32
261693.4224166679 262686.8994166679 34 36
263662.81841666787 264231.05950000114 34 39
302923.9877500006 303883.5267500006 34 33
316865.64004166715 317952.89605833386 34 28
318993.0580416672 320104.23510833393 34 28
321151.1660416672 322229.64913541725 34 28
323286.6590416672 324404.2901333338 34 28
325436.8110416671 326514.7931666671 34 28
327556.2730416671 328662.67351666716 34 28
329667.89504166716 330754.21993958385 34 28
331771.7900416671 332889.4211333338 34 28
333921.9420416672 334993.20494166715 34 35
336041.4040416671 337111.02710416715 34 35
338149.5303750005 339224.81872083386 34 35
340253.4253750005 341363.5331750005 34 35
342419.4893750005 343393.9464020838 34 42
344375.1444583338 345492.0212083339 34 38
346541.20845833386 347503.96761458385 34 42
348497.5573333339 349609.92145000055 34 38
350663.6213333339 351739.36371666717 34 32
352783.08333333384 353869.90157083387 34 32
354894.7053333338 355978.8229208339 34 32
356998.60033333383 358109.5122000005 34 32
359148.75233333383 360148.73082083376 34 47
361136.4649833338 362226.3777000004 34 39
363241.72898333374 364247.38987500046 34 47
365245.59059166716 366346.03746041714 34 39
367388.44859166717 368470.9102000005 34 43
369507.91059166717 370616.48687083385 34 45
371619.53259166714 372697.02824791725 34 49
373723.42759166716 374841.0586833338 34 53
384511.7010916672 385614.3801041672 34 66
401907.5873416669 402983.3297250002 34 32
404027.04934166686 405120.3949916669 34 32
406138.6713416669 407222.7889291669 34 32
408242.5663416669 409351.2384666669 34 32
419030.83984166686 420133.5188541669 34 63
436426.7260916668 437517.8547208335 34 32
438576.56109166675 439685.50033958344 34 32
440815.0760916668 442129.2770083335 34 26
443665.5185916668 450297.55877083354 34 20
202703.80837500095 203282.99070833428 36 40
204682.6689583343 205665.8834583343 36 37
265589.9965000011 266169.1788333345 36 40
267568.8570833344 268552.0715833344 36 37
1044.3860000000002 2169.9730916666667 37 25
3202.494 4561.853129166668 37 23
5329.912000000001 6461.334350000001 37 25
7496.095000000001 8595.104845833335 37 22
9615.557000000003 10726.207533333336 37 25
11757.869 12824.013041666667 37 22
13846.641000000001 14946.465350000004 37 25
15981.226000000002 17080.235845833336 37 22
18100.688000000002 19214.650975000004 37 30
20212.750000000007 21303.472570833343 37 27
22328.27633333334 23428.399033333335 37 30
24470.817333333332 25571.42745833333 37 27
26476.066333333332 27535.885349999997 37 36
28576.047333333332 29678.920604166662 37 27
30599.591833333336 31632.63599166667 37 36
32675.054291666667 33784.19594166667 37 27
34802.47229166667 35906.452600000004 37 28
36944.78429166666 38015.27994166666 37 25
39033.55629166666 40126.66141666667 37 28
41168.141291666674 42259.09030833333 37 25
43194.73038333333 44262.635535416666 37 37
45282.54713333333 46366.49413333333 37 30
47299.53845833333 48362.9006625 37 37
49393.87420833333 50479.75505416666 37 30
51500.20720833332 52608.63433333333 37 37
53642.51920833333 54710.83905416666 37 36
55731.29120833332 56822.15659166666 37 42
58940.95220833333 60058.58329999999 37 74
69721.9317083333 70832.35151874996 37 68
84386.72445833332 84992.36639166666 37 40
86019.34595833333 87118.87945000001 37 28
88161.65795833335 89227.80200000003 37 25
90250.42995833336 91343.53508333335 37 28
93460.09095833334 94577.72205000003 37 76
104241.07045833339 105356.07742291673 37 68
118905.8632083334 119518.03255416673 37 39
120538.4847083334 121638.01820000008 37 28
122680.79670833342 123746.9407500001 37 25
124769.56870833342 125862.67383333342 37 28
127979.22970833341 128974.44470833341 37 33
129958.85020833342 130931.02970833343 37 33
139747.07270833352 140739.9567083335 37 36
141746.49120833355 142729.70570833355 37 33
143710.66370833357 144682.55920833358 37 33
157406.87600000043 158417.31700000048 37 31
159461.13700000048 160459.2450000005 37 33
161443.6505000005 162415.8300000005 37 33
171231.87300000063 172224.7570000006 37 36
173231.29150000063 174214.50600000063 37 33
175195.46400000065 176167.35950000066 37 33
188891.6762916675 189902.11729166753 37 31
206646.84145833433 207618.73695833434 37 37
208586.60045833437 209546.1394583344 37 37
222336.89045833432 223345.433125001 37 33
224329.838625001 225302.01812500102 37 33
234118.0611250011 235110.94512500108 37 36
236117.47962500108 237100.6941250011 37 33
238081.6521250011 239053.54762500114 37 33
251777.864416668 252788.30541666804 37 27
269533.0295833344 270504.9250833343 37 37
271472.7885833343 272432.3275833343 37 37
285223.07858333434 286231.6212500009 37 33
287216.0267500009 288188.20625000086 37 33
297004.2492500007 297997.13325000065 37 36
299003.66775000066 299986.8822500006 37 33
300967.84025000065 301939.73575000063 37 33
317910.0260416672 319019.9349416672 37 25
320068.1340416672 321170.7482791672 37 23
322195.5520416672 323329.2141333338 37 25
324361.7350416671 325462.9206916671 37 22
326481.1970416671 327596.2943916671 37 25
328623.50904166716 329691.8288875005 37 22
330712.28104166716 331812.10539166717 37 25
332846.8660416672 333945.87588750053 37 22
334966.3280416672 336080.29101666715 37 30
337078.39004166715 338175.6400250005 37 27
339193.91637500055 340280.5011750005 37 30
341336.4573750005 342437.48937500047 37 27
343356.42212500045 344408.98920833383 37 36
345458.17645833385 346565.01798333385 37 27
347471.9163333339 348538.17103333387 37 36
349580.5893333339 350698.43420000054 37 27
351708.00733333384 352807.5408250005 37 28
353850.3193333339 354920.81498333387 37 25
355939.09133333387 357032.1964583338 37 28
358073.67633333383 359178.5142395838 37 25
360110.59523333376 361175.93868333375 37 37
362189.09698333376 363263.72898333374 37 30
364213.2018416671 365285.76917916717 37 37
366317.01959166717 367403.6792208339 37 30
368432.83459166717 369541.26171666716 37 37
370575.1465916672 371645.6422416672 37 36
372663.9185916672 373745.82500833384 37 42
375873.5795916671 376991.2106833338 37 74
386654.55909166724 387769.5660562506 37 68
401319.3518416669 401931.5211875002 37 39
402951.97334166686 404051.5068333335 37 28
405094.2853416669 406164.78099166695 37 25
407183.05734166695 408276.1624666669 37 28
410392.71834166686 411510.3494333335 37 76
421173.69784166693 422288.7048062503 37 68
435838.49059166684 436448.7953000001 37 39
437486.04809166683 438605.8773375001 37 28
439659.00709166675 440840.7434458335 37 21
442079.0405916668 443708.8519250002 37 22
131898.89320833344 132637.08220833342 39 33
133878.49170833346 134850.38720833347 39 31
147576.43795833358 148513.62762500028 39 33
163383.69350000055 164121.88250000053 39 33
165363.29200000057 166335.18750000058 39 31
179061.23825000066 179998.42791666737 39 33
210518.03495833438 211474.26995833436 39 40
220187.39037500104 220950.13862500098 39 35
226269.88162500103 227008.070625001 39 33
228249.48012500105 229221.37562500106 39 31
241947.42637500112 242884.61604166782 39 33
273404.22308333433 274360.4580833344 39 40
283073.57850000093 283836.326750001 39 35
289156.06975000084 289894.25875000085 39 33
291135.66825000086 292107.5637500008 39 31
304833.6145000006 305770.8041666673 39 33
80301.40912499999 80430.158 40 61
82451.89854166668 82629.67987499999 40 64
114820.54787500009 114949.29675000008 40 61
116971.03729166675 117148.81862500007 40 64
397234.0365083338 397362.78538333374 40 61
399384.5259250002 399562.3072583336 40 64
431753.1752583336 431881.92413333355 40 61
433903.66467500007 434081.44600833347 40 64
2127.418 3238.5950666666668 41 28
4285.526000000001 5364.009093750001 41 28
6421.019000000001 7538.650091666667 41 28
8571.171000000002 9649.153125000003 41 28
10690.633000000002 11797.033475 41 28
12802.255000000001 13888.579897916668 41 28
14906.150000000003 16023.78109166667 41 28
17056.302000000003 18123.08541666667 41 35
19175.764000000003 20267.145104166673 41 35
21283.890333333344 22359.17867916667 41 35
23387.785333333333 24513.687349999997 41 35
25553.84933333333 26514.201920833333 41 42
27493.015333333333 28609.892083333332 41 38
29659.07933333333 30631.104427083337 41 42
31592.022291666668 32688.59219166667 41 38
33758.086291666674 34833.828675000004 41 32
35877.54829166667 36970.89394166667 41 32
37989.17029166666 39073.287879166666 41 32
40093.065291666666 41199.497675000006 41 32
42243.21729166667 43232.86597083333 41 47
44220.600133333326 45309.09580833333 41 39
46344.49413333333 47333.72649166667 41 47
48331.92720833333 49409.36093541666 41 39
50455.82120833333 51538.28281666666 41 43
52575.28320833333 53672.98046666667 41 45
54686.90520833333 55768.81548541666 41 49
56790.80020833333 57908.43129999999 41 53
71991.90395833332 74193.73795833331 41 92
80403.98 80536.83454166666 41 61
80619.25879166665 80732.68470624999 41 61
80827.37972916666 80987.09612499998 41 64
81032.14116666665 81166.47195833332 41 66
81232.84364583332 81342.68687499997 41 68
81429.64337499997 81601.32037499997 41 70
81622.50681249998 81723.88123749998 41 73
81811.76637499999 81907.59970833332 41 72
81999.79156249999 82105.54570833332 41 69
82191.01579166666 82364.17920833334 41 66
82585.037 82744.99930625 41 55
83820.68695833333 84974.95995833332 41 49
84974.95995833332 86050.70234166666 41 32
87094.42195833335 88189.94341250001 41 32
89206.04395833335 90285.74692500003 41 32
91309.93895833335 92416.37134166667 41 32
106511.04270833342 108712.87670833341 41 92
114923.11875000008 115055.97329166674 41 61
115138.39754166675 115244.87901250008 41 61
115346.51847916674 115506.23487500008 41 64
115551.27991666674 115685.61070833342 41 66
115751.9823958334 115861.82562500007 41 68
115948.78212500007 116120.45912500007 41 70
116141.64556250007 116238.8183083334 41 73
116330.90512500008 116426.7384583334 41 72
116518.93031250007 116624.6844583334 41 69
116710.15454166674 116883.31795833343 41 66
117104.17575000008 117264.13805625007 41 55
118339.8257083334 119494.09870833339 41 51
119494.09870833339 120569.84109166673 41 32
121613.5607083334 122696.02733750008 41 32
123725.18270833342 124809.30029583343 41 32
125829.07770833341 126948.94854166674 41 32
212433.80895833435 213333.37677083438 41 41
218229.2414583344 219205.16845833437 41 36
275319.9970833343 276219.5648958343 41 41
281115.42958333425 282091.3565833343 41 36
316865.64004166715 317952.89605833386 41 28
318993.0580416672 320104.23510833393 41 28
321151.1660416672 322229.64913541725 41 28
323286.6590416672 324404.2901333338 41 28
325436.8110416671 326514.7931666671 41 28
327556.2730416671 328662.67351666716 41 28
329667.89504166716 330754.21993958385 41 28
331771.7900416671 332889.4211333338 41 28
333921.9420416672 334993.20494166715 41 35
336041.4040416671 337111.02710416715 41 35
338149.5303750005 339224.81872083386 41 35
340253.4253750005 341363.5331750005 41 35
342419.4893750005 343393.9464020838 41 42
344375.1444583338 345492.0212083339 41 38
346541.20845833386 347503.96761458385 41 42
348497.5573333339 349609.92145000055 41 38
350663.6213333339 351739.36371666717 41 32
352783.08333333384 353869.90157083387 41 32
354894.7053333338 355978.8229208339 41 32
356998.60033333383 358109.5122000005 41 32
359148.75233333383 360148.73082083376 41 47
361136.4649833338 362226.3777000004 41 39
363241.72898333374 364247.38987500046 41 47
365245.59059166716 366346.03746041714 41 39
367388.44859166717 368470.9102000005 41 43
369507.91059166717 370616.48687083385 41 45
371619.53259166714 372697.02824791725 41 49
373723.42759166716 374841.0586833338 41 53
388924.5313416672 391126.3653416672 41 92
397336.6073833337 397469.4619250004 41 61
397551.8861750004 397658.3676458337 41 61
397760.0071125004 397919.72350833373 41 64
397964.7685500004 398099.099341667 41 66
398165.471029167 398275.3142583337 41 68
398362.2707583337 398533.9477583337 41 70
398555.13419583364 398656.5086208336 41 73
398744.3937583336 398840.2270916669 41 72
398932.4189458336 399038.17309166683 41 69
399123.64317500015 399296.8065916669 41 66
399517.6643833336 399677.6266895836 41 55
400753.31434166693 401907.5873416669 41 49
401907.5873416669 402983.3297250002 41 32
404027.04934166686 405120.3949916669 41 32
406138.6713416669 407222.7889291669 41 32
408242.5663416669 409351.2384666669 41 32
423443.67009166686 425645.5040916669 41 92
431855.74613333354 431988.6006750002 41 61
432071.0249250002 432256.21009166684 41 61
432279.1458625002 432438.86225833354 41 64
432483.9073000002 432618.2380916668 41 66
432684.6097791668 432794.4530083335 41 68
432881.4095083335 433053.08650833345 41 70
433074.27294583345 433173.5465312501 41 73
433263.5325083334 433359.36584166676 41 72
433451.5576958334 433557.31184166664 41 69
433642.781925 433815.94534166675 41 66
434036.8031333334 434212.8204791668 41 55
435272.4530916668 436426.7260916668 41 47
436426.7260916668 437517.8547208335 41 32
438576.56109166675 439685.50033958344 41 32
440815.0760916668 442129.2770083335 41 26
443665.5185916668 450297.55877083354 41 24
1044.3860000000002 2169.9730916666667 42 25
3202.494 4561.853129166668 42 23
5329.912000000001 6461.334350000001 42 25
7496.095000000001 8595.104845833335 42 22
9615.557000000003 10726.207533333336 42 30
11757.869 12824.013041666667 42 27
13846.641000000001 14946.465350000004 42 25
15981.226000000002 17080.235845833336 42 22
18100.688000000002 19214.650975000004 42 37
20212.750000000007 21303.472570833343 42 34
22328.27633333334 23428.399033333335 42 30
24470.817333333332 25571.42745833333 42 27
26476.066333333332 27535.885349999997 42 36
28576.047333333332 29678.920604166662 42 27
30599.591833333336 31632.63599166667 42 36
32675.054291666667 33784.19594166667 42 27
34802.47229166667 35906.452600000004 42 34
36944.78429166666 38015.27994166666 42 31
39033.55629166666 40126.66141666667 42 28
41168.141291666674 42259.09030833333 42 25
43194.73038333333 44262.635535416666 42 37
45282.54713333333 46366.49413333333 42 30
47299.53845833333 48362.9006625 42 37
49393.87420833333 50479.75505416666 42 30
51500.20720833332 52608.63433333333 42 46
53642.51920833333 54710.83905416666 42 46
55731.29120833332 56822.15659166666 42 42
80509.80749999998 80658.61063958332 42 61
80723.42544791666 80896.18704166665 42 56
80930.27794791665 81077.18620833331 42 57
81132.98980208332 81254.96754166664 42 59
81331.7219583333 81515.85029166663 42 61
81526.53405208331 81686.06612499998 42 65
81717.57871874998 81905.51637499999 42 66
81907.59970833332 82020.79995833333 42 63
82094.95248958332 82277.22270833333 42 60
82320.70095833333 82540.394125 42 58
82719.76995833333 84386.72445833332 42 64
86019.34595833333 87118.87945000001 42 34
88161.65795833335 89227.80200000003 42 31
90250.42995833336 91343.53508333335 42 28
115028.94625000008 115180.06420416676 42 61
115242.56419791676 115415.32579166675 42 56
115449.41669791675 115596.32495833341 42 57
115652.1285520834 115774.10629166674 42 59
115850.8607083334 116034.98904166673 42 61
116045.6728020834 116205.20487500008 42 65
116236.71746875007 116424.65512500008 42 66
116426.7384583334 116539.93870833341 42 63
116614.0912395834 116796.36145833341 42 60
116839.83970833341 117059.53287500009 42 58
117238.90870833342 118905.8632083334 42 64
120538.4847083334 121638.01820000008 42 34
122680.79670833342 123746.9407500001 42 31
124769.56870833342 125862.67383333342 42 28
149457.3106250003 150408.7856250003 42 33
180942.11091666739 181893.5859166674 42 33
214365.24345833436 215321.47845833434 42 40
216277.3874583344 217192.31902083443 42 38
243828.29904166784 244779.77404166784 42 33
277251.4315833343 278207.6665833343 42 40
279163.5755833343 280078.5071458343 42 38
306714.48716666724 307665.9621666673 42 33
317910.0260416672 319019.9349416672 42 25
320068.1340416672 321170.7482791672 42 23
322195.5520416672 323329.2141333338 42 25
324361.7350416671 325462.9206916671 42 22
326481.1970416671 327596.2943916671 42 30
328623.50904166716 329691.8288875005 42 27
330712.28104166716 331812.10539166717 42 25
332846.8660416672 333945.87588750053 42 22
334966.3280416672 336080.29101666715 42 37
337078.39004166715 338175.6400250005 42 34
339193.91637500055 340280.5011750005 42 30
341336.4573750005 342437.48937500047 42 27
343356.42212500045 344408.98920833383 42 36
345458.17645833385 346565.01798333385 42 27
347471.9163333339 348538.17103333387 42 36
349580.5893333339 350698.43420000054 42 27
351708.00733333384 352807.5408250005 42 34
353850.3193333339 354920.81498333387 42 31
355939.09133333387 357032.1964583338 42 28
358073.67633333383 359178.5142395838 42 25
360110.59523333376 361175.93868333375 42 37
362189.09698333376 363263.72898333374 42 30
364213.2018416671 365285.76917916717 42 37
366317.01959166717 367403.6792208339 42 30
368432.83459166717 369541.26171666716 42 46
370575.1465916672 371645.6422416672 42 46
372663.9185916672 373745.82500833384 42 42
397442.43488333374 397593.5528375004 42 61
397656.0528312504 397828.81442500034 42 56
397862.9053312504 398009.813591667 42 57
398065.61718541704 398187.59492500033 42 59
398264.349341667 398448.4776750003 42 61
398459.161435417 398618.69350833364 42 65
398650.20610208367 398838.1437583336 42 66
398840.2270916669 398953.42734166683 42 63
399027.5798729168 399209.85009166686 42 60
399253.3283416669 399473.02150833356 42 58
399652.3973416669 401319.3518416669 42 64
402951.97334166686 404051.5068333335 42 34
405094.2853416669 406164.78099166695 42 31
407183.05734166695 408276.1624666669 42 28
431961.57363333355 432103.43232916686 42 61
432175.1915812502 432347.95317500015 42 56
432382.04408125015 432528.9523416668 42 57
432584.7559354168 432706.73367500014 42 59
432783.48809166683 432967.61642500013 42 61
432978.3001854168 433137.83225833345 42 65
433169.3448520834 433357.2825083334 42 66
433359.36584166676 433472.5660916667 42 63
433546.71862291667 433728.9888416667 42 60
433772.4670916667 433992.1602583334 42 58
434171.5360916668 435838.49059166684 42 64
437486.04809166683 438605.8773375001 42 34
439659.00709166675 440840.7434458335 42 26
442079.0405916668 443708.8519250002 42 22
76035.39545833331 76162.31604166664 43 61
78182.62070833333 78360.40204166665 43 64
110554.53420833341 110681.45479166674 43 61
112701.75945833343 112879.54079166675 43 64
151401.8286250003 151961.22154166698 43 33
182886.62891666737 183446.02183333406 43 33
245772.81704166785 246332.20995833454 43 33
308659.0051666673 309218.39808333386 43 33
392968.0228416672 393094.94342500047 43 61
395115.2480916671 395293.0294250004 43 64
427487.161591667 427614.0821750002 43 61
429634.3868416669 429812.16817500023 43 64
57865.87620833333 58970.068849999996 44 71
63267.09720833332 65142.097958333325 44 92
76136.54283333331 76268.0072083333 44 61
76349.98095833331 76535.16612499997 44 61
76558.1018958333 76717.81829166663 44 64
76762.8633333333 76897.19412499997 44 66
76963.56581249996 77073.40904166661 44 68
77160.36554166662 77332.04254166663 44 70
77353.22897916663 77452.5025645833 44 73
77542.48854166664 77638.32187499998 44 72
77730.51372916665 77836.26787499998 44 69
77921.73795833331 78094.90137499999 44 66
78315.75916666666 78471.13431874999 44 55
93191.32195833333 93486.96785833334 44 73
97786.23595833337 99661.2367083334 44 96
110655.68158333341 110787.14595833339 44 61
110869.1197083334 111054.30487500009 44 61
111077.24064583342 111236.95704166674 44 64
111282.00208333341 111416.33287500008 44 66
111482.70456250008 111592.54779166673 44 68
111679.50429166673 111851.18129166674 44 70
111872.36772916674 112019.96062500008 44 73
112061.62729166674 112157.46062500007 44 72
112249.65247916675 112355.40662500008 44 69
112440.87670833341 112614.04012500009 44 66
112834.89791666674 112990.27306875009 44 55
126904.15370833341 128160.35833333342 44 39
128490.65170833342 129462.40820833342 44 27
130455.29220833341 131406.76720833345 44 27
132391.01920833343 133386.36570833344 44 27
134370.61770833348 135330.15670833347 44 24
136347.3177083335 137314.90370833347 44 29
138299.1557083335 139250.6307083335 44 30
140243.51470833353 141236.39870833352 44 30
142253.96820833354 143205.44320833354 44 27
144202.78970833356 145174.6852083336 44 27
153404.39550000036 154388.6475000004 44 33
155904.30900000042 156901.65550000043 44 27
157912.09650000048 158922.5375000005 44 28
159975.4520000005 160947.2085000005 44 27
161940.0925000005 162891.56750000053 44 27
163875.81950000054 164871.16600000055 44 27
165855.4180000006 166814.95700000058 44 24
167832.1180000006 168799.70400000058 44 29
169783.95600000062 170735.43100000062 44 30
171728.3150000006 172721.1990000006 44 30
173738.76850000062 174690.24350000062 44 27
175687.59000000067 176659.48550000068 44 27
184889.19579166744 185873.44779166745 44 33
187389.10929166747 188386.45579166748 44 27
189396.89679166753 190407.33779166755 44 28
191460.25229166757 192432.00879166755 44 28
193424.89279166755 194376.36779166758 44 28
222861.640125001 223833.396625001 44 27
224826.280625001 225777.755625001 44 27
226762.00762500102 227757.35412500103 44 27
228741.60612500107 229701.14512500106 44 24
230718.30612500108 231685.89212500106 44 29
232670.1441250011 233621.6191250011 44 30
234614.50312500107 235607.38712500109 44 30
236624.9566250011 237576.4316250011 44 27
238573.77812500112 239545.67362500113 44 27
247775.38391666792 248759.63591666793 44 33
250275.29741666798 251272.643916668 44 27
252283.08491666804 253293.52591666803 44 25
254346.44041666802 255318.19691666804 44 28
256311.080916668 257262.55591666797 44 28
285747.8282500009 286719.58475000085 44 27
287712.4687500009 288663.94375000085 44 27
289648.1957500009 290643.5422500009 44 27
291627.7942500008 292587.3332500008 44 24
293604.49425000075 294572.08025000076 44 29
295556.33225000073 296507.80725000065 44 30
297500.6912500007 298493.5752500007 44 30
299511.1447500007 300462.6197500006 44 27
301459.96625000064 302431.8617500006 44 27
310661.5720416673 311645.82404166734 44 33
313161.48554166727 314172.6425416673 44 27
374798.50359166716 375902.6962333338 44 71
380199.7245916671 382074.72534166713 44 92
393069.1702166672 393200.63459166716 44 61
393282.6083416671 393467.7935083338 44 61
393490.72927916714 393650.4456750005 44 64
393695.4907166671 393829.8215083337 44 66
393896.19319583377 394006.03642500046 44 68
394092.99292500044 394264.6699250004 44 70
394285.8563625004 394433.4492583337 44 73
394475.1159250004 394570.94925833377 44 72
394663.1411125004 394768.89525833365 44 69
394854.365341667 395027.52875833376 44 66
395248.3865500004 395417.5231645838 44 55
410123.9493416668 410410.6362750002 44 73
414718.8633416668 416593.8640916668 44 92
427588.3089666669 427719.77334166697 44 61
427801.7470916669 427986.9322583336 44 61
428009.8680291669 428169.58442500024 44 64
428214.6294666669 428348.96025833354 44 66
428415.3319458335 428525.1751750002 44 68
428612.13167500024 428783.8086750002 44 70
428804.9951125002 428952.5880083335 44 73
428994.2546750002 429090.0880083336 44 72
429182.2798625002 429288.03400833346 44 69
429373.5040916668 429546.6675083335 44 66
429767.5253000002 429920.6068750003 44 55
92385.01495833334 93460.09095833334 45 73
409317.6423416669 410392.71834166686 45 73
2127.418 3238.5950666666668 46 34
4285.526000000001 5364.009093750001 46 34
6421.019000000001 7538.650091666667 46 34
8571.171000000002 9649.153125000003 46 34
10690.633000000002 11797.033475 46 34
12802.255000000001 13888.579897916668 46 34
14906.150000000003 16023.78109166667 46 34
17056.302000000003 18123.08541666667 46 42
19175.764000000003 20267.145104166673 46 42
21283.890333333344 22359.17867916667 46 42
23387.785333333333 24513.687349999997 46 42
25553.84933333333 26514.201920833333 46 52
27493.015333333333 28609.892083333332 46 46
29659.07933333333 30631.104427083337 46 52
31592.022291666668 32688.59219166667 46 46
33758.086291666674 34833.828675000004 46 39
35877.54829166667 36970.89394166667 46 39
37989.17029166666 39073.287879166666 46 39
40093.065291666666 41199.497675000006 46 39
42243.21729166667 43232.86597083333 46 57
44220.600133333326 45309.09580833333 46 48
46344.49413333333 47333.72649166667 46 57
48331.92720833333 49409.36093541666 46 48
50455.82120833333 51538.28281666666 46 52
52575.28320833333 53672.98046666667 46 54
54686.90520833333 55768.81548541666 46 58
56790.80020833333 57908.43129999999 46 64
67579.07370833331 68681.7527208333 46 78
76241.26924999997 76375.44391874997 46 61
76454.1476145833 76626.90920833331 46 56
76661.00011458331 76807.90837499997 46 57
76863.71196874997 76985.6897083333 46 59
77062.44412499995 77246.57245833329 46 61
77257.25621874996 77416.78829166663 46 65
77448.30088541663 77636.23854166664 46 66
77638.32187499998 77751.52212499997 46 63
77825.67465624998 78007.94487499997 46 60
78051.42312499999 78271.11629166667 46 58
84974.95995833332 86050.70234166666 46 39
87094.42195833335 88189.94341250001 46 39
89206.04395833335 90285.74692500003 46 39
91309.93895833335 92416.37134166667 46 39
102098.2124583334 103200.89147083339 46 78
110760.40800000007 110889.9530395834 46 61
110973.28636458341 111146.04795833341 46 56
111180.13886458341 111327.04712500008 46 57
111382.85071875008 111504.8284583334 46 59
111581.58287500007 111765.7112083334 46 61
111776.39496875007 111935.92704166674 46 65
111967.43963541675 112155.37729166674 46 66
112157.46062500007 112270.66087500007 46 63
112344.81340625006 112527.08362500007 46 60
112570.56187500009 112790.25504166675 46 58
119494.09870833339 120569.84109166673 46 39
121613.5607083334 122696.02733750008 46 39
123725.18270833342 124809.30029583343 46 39
125829.07770833341 126948.94854166674 46 39
146146.5807083336 147106.1197083336 46 29
148045.68212500028 148981.5731250003 46 30
177631.3810000007 178590.92000000068 46 29
179530.48241666736 180466.37341666737 46 30
195360.6197916676 196355.96629166757 46 28
197340.2182916676 198299.75729166763 46 25
199316.91829166762 200284.5042916676 46 31
201268.75629166764 202207.36637500097 46 33
240517.56912500117 241477.10812500116 46 29
242416.6705416678 243352.56154166782 46 30
258246.80791666798 259242.15441666797 46 28
260226.40641666795 261185.9454166679 46 25
262203.10641666787 263170.6924166679 46 31
264154.94441666786 265093.55450000113 46 33
303403.75725000066 304363.2962500006 46 29
305302.8586666673 306238.74966666725 46 30
316865.64004166715 317952.89605833386 46 34
318993.0580416672 320104.23510833393 46 34
321151.1660416672 322229.64913541725 46 34
323286.6590416672 324404.2901333338 46 34
325436.8110416671 326514.7931666671 46 34
327556.2730416671 328662.67351666716 46 34
329667.89504166716 330754.21993958385 46 34
331771.7900416671 332889.4211333338 46 34
333921.9420416672 334993.20494166715 46 42
336041.4040416671 337111.02710416715 46 42
338149.5303750005 339224.81872083386 46 42
340253.4253750005 341363.5331750005 46 42
342419.4893750005 343393.9464020838 46 52
344375.1444583338 345492.0212083339 46 46
346541.20845833386 347503.96761458385 46 52
348497.5573333339 349609.92145000055 46 46
350663.6213333339 351739.36371666717 46 39
352783.08333333384 353869.90157083387 46 39
354894.7053333338 355978.8229208339 46 39
356998.60033333383 358109.5122000005 46 39
359148.75233333383 360148.73082083376 46 57
361136.4649833338 362226.3777000004 46 48
363241.72898333374 364247.38987500046 46 57
365245.59059166716 366346.03746041714 46 48
367388.44859166717 368470.9102000005 46 52
369507.91059166717 370616.48687083385 46 54
371619.53259166714 372697.02824791725 46 58
373723.42759166716 374841.0586833338 46 64
384511.7010916672 385614.3801041672 46 78
393173.8966333338 393303.4416729171 46 61
393386.7749979171 393559.5365916671 46 56
393593.6274979171 393740.53575833375 46 57
393796.33935208374 393918.31709166704 46 59
393995.0715083337 394179.1998416671 46 61
394189.8836020837 394349.4156750004 46 65
394380.9282687504 394568.8659250004 46 66
394570.94925833377 394684.1495083337 46 63
394758.3020395837 394940.5722583337 46 60
394984.0505083337 395203.7436750004 46 58
401907.5873416669 402983.3297250002 46 39
404027.04934166686 405120.3949916669 46 39
406138.6713416669 407222.7889291669 46 39
408242.5663416669 409351.2384666669 46 39
419030.83984166686 420133.5188541669 46 75
427693.0353833336 427827.2100520836 46 61
427905.91374791693 428078.6753416669 46 56
428112.7662479169 428259.67450833356 46 57
428315.47810208355 428437.45584166684 46 59
428514.21025833354 428698.3385916669 46 61
428709.0223520835 428868.5544250002 46 65
428900.0670187502 429088.0046750002 46 66
429090.0880083336 429203.28825833346 46 63
429277.4407895835 429459.7110083335 46 60
429503.1892583335 429722.8824250002 46 58
436426.7260916668 437517.8547208335 46 39
438576.56109166675 439685.50033958344 46 39
440815.0760916668 442129.2770083335 46 31
203200.25037500096 204172.5764583343 48 33
205190.14595833432 206141.62095833433 48 30
218717.2049583344 219611.80470833438 48 32
266086.4385000011 267058.76458333444 48 33
268076.3340833344 269027.8090833344 48 30
281603.3930833343 282497.9928333343 48 32
1044.3860000000002 2169.9730916666667 49 30
3202.494 4561.853129166668 49 28
5329.912000000001 6461.334350000001 49 30
7496.095000000001 8595.104845833335 49 27
9615.557000000003 10726.207533333336 49 30
11757.869 12824.013041666667 49 27
13846.641000000001 14946.465350000004 49 30
15981.226000000002 17080.235845833336 49 27
18100.688000000002 19214.650975000004 49 37
20212.750000000007 21303.472570833343 49 34
22328.27633333334 23428.399033333335 49 37
24470.817333333332 25571.42745833333 49 34
26476.066333333332 27535.885349999997 49 44
28576.047333333332 29678.920604166662 49 35
30599.591833333336 31632.63599166667 49 44
32675.054291666667 33784.19594166667 49 35
34802.47229166667 35906.452600000004 49 34
36944.78429166666 38015.27994166666 49 31
39033.55629166666 40126.66141666667 49 34
41168.141291666674 42259.09030833333 49 31
43194.73038333333 44262.635535416666 49 46
45282.54713333333 46366.49413333333 49 38
47299.53845833333 48362.9006625 49 46
49393.87420833333 50479.75505416666 49 38
51500.20720833332 52608.63433333333 49 46
53642.51920833333 54710.83905416666 49 46
55731.29120833332 56822.15659166666 49 51
60016.02820833332 61091.10420833332 49 64
61091.10420833332 62166.18020833332 49 68
69721.9317083333 70832.35151874996 49 80
78450.49212499999 79570.15912499999 49 68
79551.40912499999 80326.78983333333 49 79
82719.76995833333 84992.36639166666 49 68
86019.34595833333 87118.87945000001 49 34
88161.65795833335 89227.80200000003 49 31
90250.42995833336 91343.53508333335 49 34
94535.16695833334 95610.24295833336 49 67
95610.24295833336 96685.31895833337 49 71
104241.07045833339 105356.07742291673 49 80
112969.63087500008 114845.92858333341 49 68
117238.90870833342 119518.03255416673 49 68
120538.4847083334 121638.01820000008 49 34
122680.79670833342 123746.9407500001 49 31
124769.56870833342 125862.67383333342 49 34
207138.96745833434 208094.47445833436 49 31
209066.36995833437 210025.9089583344 49 33
270025.1555833344 270980.6625833343 49 31
271952.55808333436 272912.0970833343 49 33
314711.2420416672 316327.0405416672 49 23
317910.0260416672 319019.9349416672 49 30
320068.1340416672 321170.7482791672 49 28
322195.5520416672 323329.2141333338 49 30
324361.7350416671 325462.9206916671 49 27
326481.1970416671 327596.2943916671 49 30
328623.50904166716 329691.8288875005 49 27
330712.28104166716 331812.10539166717 49 30
332846.8660416672 333945.87588750053 49 27
334966.3280416672 336080.29101666715 49 37
337078.39004166715 338175.6400250005 49 34
339193.91637500055 340280.5011750005 49 37
341336.4573750005 342437.48937500047 49 34
343356.42212500045 344408.98920833383 49 44
345458.17645833385 346565.01798333385 49 35
347471.9163333339 348538.17103333387 49 44
349580.5893333339 350698.43420000054 49 35
351708.00733333384 352807.5408250005 49 34
353850.3193333339 354920.81498333387 49 31
355939.09133333387 357032.1964583338 49 34
358073.67633333383 359178.5142395838 49 31
360110.59523333376 361175.93868333375 49 46
362189.09698333376 363263.72898333374 49 38
364213.2018416671 365285.76917916717 49 46
366317.01959166717 367403.6792208339 49 38
368432.83459166717 369541.26171666716 49 46
370575.1465916672 371645.6422416672 49 46
372663.9185916672 373745.82500833384 49 51
376948.65559166716 378023.7315916671 49 64
378023.7315916671 379098.8075916671 49 68
386654.55909166724 387769.5660562506 49 80
395383.1195083338 396834.0365083338 49 68
396484.0365083338 397259.41721666715 49 82
399652.3973416669 401931.5211875002 49 68
402951.97334166686 404051.5068333335 49 34
405094.2853416669 406164.78099166695 49 31
407183.05734166695 408276.1624666669 49 34
411467.79434166686 412542.8703416668 49 64
412542.8703416668 413617.94634166674 49 68
421173.69784166693 422288.7048062503 49 80
429902.25825833355 431778.55596666696 49 68
434171.5360916668 436448.7953000001 49 68
437486.04809166683 438605.8773375001 49 34
439659.00709166675 440840.7434458335 49 26
442079.0405916668 443665.5185916668 49 27
443665.5185916668 450297.55877083354 49 26
80619.25879166665 82744.99930625 51 68
115138.39754166675 117264.13805625007 51 68
149933.04812500032 150905.22762500032 51 29
153896.52150000038 154893.8680000004 51 28
181417.8484166674 182390.0279166674 51 29
185381.32179166743 186378.66829166745 51 28
191944.04529166754 192928.45079166756 51 28
193900.63029166756 194868.4937916676 51 28
195863.84029166758 196848.0922916676 51 25
197819.9877916676 198382.49762500095 51 28
205665.8834583343 206646.84145833433 51 33
211010.16095833437 211954.03945833436 51 35
214857.36945833435 215809.44195833436 51 34
220693.728375001 221759.96745833434 51 33
244304.03654166785 245276.21604166785 51 29
248267.50991666794 249264.85641666796 51 28
254830.23341666802 255814.63891666802 51 28
256786.818416668 257754.68191666793 51 28
258750.02841666798 259734.28041666796 51 25
260706.1759166679 261268.68575000123 51 28
268552.0715833344 269533.0295833344 51 33
273896.3490833344 274840.2275833344 51 35
277743.55758333433 278695.63008333434 51 34
283579.916500001 284646.1555833343 51 33
307190.2246666673 308162.40416666726 51 29
311153.69804166735 312151.04454166733 51 28
397551.8861750004 399677.6266895836 51 68
432071.0249250002 434212.8204791668 51 68
92385.01495833334 93460.09095833334 52 76
151899.705791667 152415.5928020837 52 28
183384.50608333407 183900.39309375078 52 28
199800.71129166763 200776.63029166762 52 31
201731.62887500096 202703.80837500095 52 33
246270.69420833452 246786.58121875126 52 28
262686.8994166679 263662.81841666787 52 31
264617.81700000115 265589.9965000011 52 33
309156.88233333384 309672.7693437506 52 28
409317.6423416669 410392.71834166686 52 76
2127.418 3238.5950666666668 53 34
4285.526000000001 5364.009093750001 53 34
6421.019000000001 7538.650091666667 53 34
8571.171000000002 9649.153125000003 53 34
10690.633000000002 11797.033475 53 34
12802.255000000001 13888.579897916668 53 39
14906.150000000003 16023.78109166667 53 34
17056.302000000003 18123.08541666667 53 42
19175.764000000003 20267.145104166673 53 42
21283.890333333344 22359.17867916667 53 48
23387.785333333333 24513.687349999997 53 42
33758.086291666674 34833.828675000004 53 39
35877.54829166667 36970.89394166667 53 39
37989.17029166666 39073.287879166666 53 44
40093.065291666666 41199.497675000006 53 39
68650.50270833331 69759.8781520833 53 63
70793.36070833329 72019.42688333332 53 64
73092.82095833332 74232.72876874998 53 69
74193.73795833331 75331.69198333331 53 64
75294.65495833331 76060.39545833331 53 81
78450.49212499999 79570.15912499999 53 68
84974.95995833332 86050.70234166666 53 39
87094.42195833335 88189.94341250001 53 39
89206.04395833335 90285.74692500003 53 44
91309.93895833335 92416.37134166667 53 39
93460.09095833334 94577.72205000003 53 79
103169.64145833338 104270.08832708339 53 63
105312.49945833339 106536.27205625009 53 64
107611.95970833342 108754.1610958334 53 69
108712.87670833341 110360.08982708342 53 64
109813.79370833341 110579.53420833341 53 81
112969.63087500008 114608.04787500008 53 68
119494.09870833339 120569.84109166673 53 39
121613.5607083334 122696.02733750008 53 39
123725.18270833342 124809.30029583343 53 44
125829.07770833341 126948.94854166674 53 39
128974.44470833341 129958.85020833342 53 27
130931.02970833343 131898.89320833344 53 27
140739.9567083335 141484.6197083335 53 28
142729.70570833355 143710.66370833357 53 29
144682.55920833358 145666.8112083336 53 30
158417.31700000048 159461.13700000048 53 28
160459.2450000005 161443.6505000005 53 27
162415.8300000005 163383.69350000055 53 27
172224.7570000006 172969.42000000062 53 28
174214.50600000063 175195.46400000065 53 29
176167.35950000066 177151.6115000007 53 30
189902.11729166753 190945.93729166753 53 28
212913.57845833438 213873.11745833437 53 35
223345.433125001 224329.838625001 53 27
225302.01812500102 226269.88162500103 53 27
235110.94512500108 235855.60812500108 53 28
237100.6941250011 238081.6521250011 53 29
239053.54762500114 240037.79962500115 53 30
252788.30541666804 253832.12541666804 53 25
275799.7665833343 276759.3055833343 53 35
286231.6212500009 287216.0267500009 53 27
288188.20625000086 289156.06975000084 53 27
297997.13325000065 298741.79625000065 53 28
299986.8822500006 300967.84025000065 53 29
301939.73575000063 302923.9877500006 53 30
314711.2420416672 316327.0405416672 53 23
316865.64004166715 317952.89605833386 53 34
318993.0580416672 320104.23510833393 53 34
321151.1660416672 322229.64913541725 53 34
323286.6590416672 324404.2901333338 53 34
325436.8110416671 326514.7931666671 53 34
327556.2730416671 328662.67351666716 53 34
329667.89504166716 330754.21993958385 53 39
331771.7900416671 332889.4211333338 53 34
333921.9420416672 334993.20494166715 53 42
336041.4040416671 337111.02710416715 53 42
338149.5303750005 339224.81872083386 53 48
340253.4253750005 341363.5331750005 53 42
350663.6213333339 351739.36371666717 53 39
352783.08333333384 353869.90157083387 53 39
354894.7053333338 355978.8229208339 53 44
356998.60033333383 358109.5122000005 53 39
385583.13009166723 386692.50553541724 53 63
387725.98809166724 388954.34784375055 53 64
390025.44834166724 391160.76899791724 53 69
391126.3653416672 392643.94887291716 53 64
392227.2823416672 392993.0228416671 53 87
395383.1195083338 396834.0365083338 53 68
401907.5873416669 402983.3297250002 53 39
404027.04934166686 405120.3949916669 53 39
406138.6713416669 407222.7889291669 53 44
408242.5663416669 409351.2384666669 53 39
410392.71834166686 411510.3494333335 53 79
420102.2688416669 421202.7157104169 53 63
422245.12684166693 423475.7801708336 53 64
424544.58709166694 425684.4949020836 53 69
425645.5040916669 427126.05059791694 53 64
426746.42109166697 427512.1615916669 53 81
429902.25825833355 431368.8002583336 53 68
436426.7260916668 437517.8547208335 53 39
438576.56109166675 439685.50033958344 53 39
440815.0760916668 442129.2770083335 53 36
443665.5185916668 450297.55877083354 53 26
1044.3860000000002 2169.9730916666667 54 34
3202.494 4561.853129166668 54 28
5329.912000000001 6461.334350000001 54 34
7496.095000000001 8595.104845833335 54 28
9615.557000000003 10726.207533333336 54 34
11757.869 12824.013041666667 54 39
13846.641000000001 14946.465350000004 54 37
15981.226000000002 17080.235845833336 54 28
18100.688000000002 19214.650975000004 54 42
20212.750000000007 21303.472570833343 54 48
22328.27633333334 23428.399033333335 54 46
24470.817333333332 25571.42745833333 54 35
34802.47229166667 35906.452600000004 54 39
36944.78429166666 38015.27994166666 54 44
39033.55629166666 40126.66141666667 54 42
41168.141291666674 42259.09030833333 54 32
76349.98095833331 78471.13431874999 54 68
86019.34595833333 87118.87945000001 54 39
88161.65795833335 89227.80200000003 54 44
90250.42995833336 91343.53508333335 54 42
93191.32195833333 93486.96785833334 54 76
110869.1197083334 112990.27306875009 54 68
120538.4847083334 121638.01820000008 54 39
122680.79670833342 123746.9407500001 54 44
124769.56870833342 125862.67383333342 54 42
132894.23970833342 133878.49170833346 54 24
134850.38720833347 135412.89704166682 54 27
136831.1107083335 137807.0297083335 54 29
138774.8932083335 139747.07270833352 54 30
148513.62762500028 149457.3106250003 54 30
156396.43500000043 157406.87600000043 54 27
164379.04000000053 165363.29200000057 54 24
166335.18750000058 166897.69733333393 54 27
168315.9110000006 169291.8300000006 54 29
170259.69350000063 171231.87300000063 54 30
179998.42791666737 180942.11091666739 54 30
187881.2352916675 188891.6762916675 54 27
203676.1344583343 204420.7974583343 54 31
216765.3509583344 217741.27795833442 54 34
227265.228125001 228249.48012500105 54 24
229221.37562500106 229783.8854583344 54 27
231202.09912500106 232178.01812500108 54 29
233145.8816250011 234118.0611250011 54 30
242884.61604166782 243828.29904166784 54 30
250767.42341666797 251777.864416668 54 27
266562.32258333446 267306.98558333446 54 31
279651.53908333427 280627.4660833343 54 34
290151.4162500009 291135.66825000086 54 24
292107.5637500008 292670.0735833341 54 27
294088.28725000075 295064.20625000075 54 29
296032.06975000066 297004.2492500007 54 30
305770.8041666673 306714.48716666724 54 30
313653.61154166725 314711.2420416672 54 27
317910.0260416672 319019.9349416672 54 34
320068.1340416672 321170.7482791672 54 28
322195.5520416672 323329.2141333338 54 34
324361.7350416671 325462.9206916671 54 28
326481.1970416671 327596.2943916671 54 34
328623.50904166716 329691.8288875005 54 39
330712.28104166716 331812.10539166717 54 37
332846.8660416672 333945.87588750053 54 28
334966.3280416672 336080.29101666715 54 42
337078.39004166715 338175.6400250005 54 48
339193.91637500055 340280.5011750005 54 46
341336.4573750005 342437.48937500047 54 35
351708.00733333384 352807.5408250005 54 39
353850.3193333339 354920.81498333387 54 44
355939.09133333387 357032.1964583338 54 42
358073.67633333383 359178.5142395838 54 32
393282.6083416671 395417.5231645838 54 68
402951.97334166686 404051.5068333335 54 39
405094.2853416669 406164.78099166695 54 44
407183.05734166695 408276.1624666669 54 42
410123.9493416668 410410.6362750002 54 76
427801.7470916669 429920.6068750003 54 68
437486.04809166683 438605.8773375001 54 39
439659.00709166675 440840.7434458335 54 37
442079.0405916668 443708.8519250002 54 33
92385.01495833334 93460.09095833334 55 76
409317.6423416669 410392.71834166686 55 76
60016.02820833332 61091.10420833332 56 64
61091.10420833332 62166.18020833332 56 68
62166.18020833332 63267.09720833332 56 73
76349.98095833331 78471.13431874999 56 68
94535.16695833334 95610.24295833336 56 67
95610.24295833336 96685.31895833337 56 71
96685.31895833337 97786.23595833337 56 76
110869.1197083334 112990.27306875009 56 68
146626.3502083336 147375.4194583336 56 29
178111.1505000007 178860.2197500007 56 29
221209.50895833434 222336.89045833432 56 27
240997.33862500117 241746.40787500114 56 29
284095.6970833343 285223.07858333434 56 27
303883.5267500006 304632.5960000006 56 29
376948.65559166716 378023.7315916671 56 64
378023.7315916671 379098.8075916671 56 68
379098.8075916671 380199.7245916671 56 73
393282.6083416671 395417.5231645838 56 68
411467.79434166686 412542.8703416668 56 64
412542.8703416668 413617.94634166674 56 68
413617.94634166674 414718.8633416668 56 73
427801.7470916669 429920.6068750003 56 68
67284.95595833332 67605.8594333333 57 66
74193.73795833331 75331.69198333331 57 64
80619.25879166665 82744.99930625 57 68
101804.09470833339 102124.99818333339 57 66
108712.87670833341 110360.08982708342 57 64
115138.39754166675 117264.13805625007 57 68
219205.16845833437 220021.90970833437 57 32
282091.3565833343 282908.0978333343 57 32
384217.5833416672 384538.4868166672 57 66
391126.3653416672 392643.94887291716 57 64
397551.8861750004 399677.6266895836 57 68
418736.7220916669 419057.6255666669 57 63
425645.5040916669 427126.05059791694 57 64
432071.0249250002 434212.8204791668 57 68
1856.6600000000003 2169.9730916666667 58 36
2127.418 6421.019000000001 58 40
6148.242250000001 6461.334350000001 58 36
6421.019000000001 10663.756100000002 58 40
10421.864000000003 10690.633000000002 58 36
10690.633000000002 11797.033475 58 40
13585.544500000002 13846.641000000001 58 42
13846.641000000001 14879.662275000002 58 44
14641.272750000002 14906.150000000003 58 36
14906.150000000003 17080.235845833336 58 40
17056.302000000003 20267.145104166673 58 42
22067.179833333343 22328.27633333334 58 45
22328.27633333334 23361.297608333334 58 48
23122.908083333336 23387.785333333333 58 39
23387.785333333333 25571.42745833333 58 45
25553.84933333333 26476.066333333332 58 58
26476.066333333332 27535.885349999997 58 55
27493.015333333333 28609.892083333332 58 50
28576.047333333332 29678.920604166662 58 42
29659.07933333333 30599.591833333336 58 58
30599.591833333336 31632.63599166667 58 55
31592.022291666668 32688.59219166667 58 50
32675.054291666667 33784.19594166667 58 42
33758.086291666674 35850.67139166667 58 46
35608.77929166667 35877.54829166667 58 41
35877.54829166667 36970.89394166667 58 46
38772.45979166666 39033.55629166666 58 46
39033.55629166666 40066.57756666667 58 50
39828.18804166666 40093.065291666666 58 41
40093.065291666666 42259.09030833333 58 46
50455.82120833333 51538.28281666666 58 52
51500.20720833332 52548.406308333324 58 53
52306.51420833333 52575.28320833333 58 48
52575.28320833333 53672.98046666667 58 54
55470.19470833332 55731.29120833332 58 59
55731.29120833332 56764.31248333333 58 64
56525.92295833332 56790.80020833333 58 60
56790.80020833333 57908.43129999999 58 63
68650.50270833331 69759.8781520833 58 63
70793.36070833329 72019.42688333332 58 64
73092.82095833332 74232.72876874998 58 69
82719.76995833333 84992.36639166666 58 80
84974.95995833332 87094.42195833335 58 46
86825.65295833333 87118.87945000001 58 41
87094.42195833335 88189.94341250001 58 46
89989.33345833336 90285.74692500003 58 46
90250.42995833336 91309.93895833335 58 50
91045.06170833335 91343.53508333335 58 41
91309.93895833335 92416.37134166667 58 46
103169.64145833338 104270.08832708339 58 63
105312.49945833339 106536.27205625009 58 64
107611.95970833342 108754.1610958334 58 69
117238.90870833342 119518.03255416673 58 80
119494.09870833339 121613.5607083334 58 46
121344.7917083334 121638.01820000008 58 41
121613.5607083334 122696.02733750008 58 46
124508.47220833343 124809.30029583343 58 46
124769.56870833342 125829.07770833341 58 50
125564.20045833342 125862.67383333342 58 41
125829.07770833341 126948.94854166674 58 46
150408.7856250003 151196.48987500032 58 30
181893.5859166674 182681.2901666674 58 30
207618.73695833434 208586.60045833437 58 34
209546.1394583344 210507.78233333438 58 33
211474.26995833436 212433.80895833435 58 37
213393.34795833437 214119.18045833436 58 37
215321.47845833434 216277.3874583344 58 37
217253.3144583344 217985.2597083344 58 37
244779.77404166784 245567.47829166785 58 30
270504.9250833343 271472.7885833343 58 34
272432.3275833343 273393.9704583343 58 33
274360.4580833344 275319.9970833343 58 37
276279.53608333436 277005.3685833343 58 37
278207.6665833343 279163.5755833343 58 37
280139.50258333434 280871.44783333427 58 37
307665.9621666673 308453.6664166673 58 30
316865.64004166715 318965.9822416672 58 40
318722.3000416672 318993.0580416672 58 36
318993.0580416672 323259.38136666716 58 40
323013.88229166716 323286.6590416672 58 36
323286.6590416672 327529.3961416671 58 40
327287.50404166715 327556.2730416671 58 36
327556.2730416671 328662.67351666716 58 40
330451.1845416672 330712.28104166716 58 42
330712.28104166716 331745.30231666716 58 44
331506.91279166716 331771.7900416671 58 36
331771.7900416671 333945.87588750053 58 40
333921.9420416672 337111.02710416715 58 42
338932.8198750005 339193.91637500055 58 45
339193.91637500055 340226.93765000056 58 48
339988.54812500055 340253.4253750005 58 39
340253.4253750005 342437.48937500047 58 45
342419.4893750005 343356.42212500045 58 58
343356.42212500045 344408.98920833383 58 55
344375.1444583338 345492.0212083339 58 50
345458.17645833385 346565.01798333385 58 42
346541.20845833386 347471.9163333339 58 58
347471.9163333339 348538.17103333387 58 55
348497.5573333339 349609.92145000055 58 50
349580.5893333339 350698.43420000054 58 42
350663.6213333339 352756.2064333338 58 46
352514.31433333387 352783.08333333384 58 41
352783.08333333384 353869.90157083387 58 46
355677.9948333339 355939.09133333387 58 46
355939.09133333387 356972.1126083339 58 50
356733.72308333387 356998.60033333383 58 41
356998.60033333383 359178.5142395838 58 46
367388.44859166717 368470.9102000005 58 52
368432.83459166717 369481.03369166714 58 53
369239.1415916672 369507.91059166717 58 48
369507.91059166717 370616.48687083385 58 54
372402.8220916672 372663.9185916672 58 59
372663.9185916672 373696.9398666672 58 64
373458.5503416672 373723.42759166716 58 60
373723.42759166716 374841.0586833338 58 63
385583.13009166723 386692.50553541724 58 63
387725.98809166724 388954.34784375055 58 64
390025.44834166724 391160.76899791724 58 69
399652.3973416669 401931.5211875002 58 80
401907.5873416669 404000.17244166683 58 46
403758.2803416669 404027.04934166686 58 41
404027.04934166686 405120.3949916669 58 46
406921.9608416669 407222.7889291669 58 46
407183.05734166695 408216.07861666696 58 50
407977.68909166695 408242.5663416669 58 41
408242.5663416669 409351.2384666669 58 46
420102.2688416669 421202.7157104169 58 63
422245.12684166693 423475.7801708336 58 64
424544.58709166694 425684.4949020836 58 69
434171.5360916668 436448.7953000001 58 80
436426.7260916668 438549.29826666677 58 46
438303.9328416668 438576.56109166675 58 41
438576.56109166675 439685.50033958344 58 46
441755.06659166684 442079.0405916668 58 36
442079.0405916668 443613.2537916669 58 40
443142.87059166684 443643.7415916669 58 28
443665.5185916668 450297.55877083354 58 31
12541.1585 12802.255000000001 60 45
12802.255000000001 13820.531350000001 60 48
21016.105250000008 21283.890333333344 60 47
21283.890333333344 22302.16668333334 60 51
37728.07379166667 37989.17029166666 60 49
37989.17029166666 39007.44664166666 60 52
54425.80870833333 54710.83905416666 60 59
54686.90520833333 55705.18155833332 60 68
57865.87620833333 58970.068849999996 60 75
66213.52695833331 66481.38420833331 60 59
66481.38420833331 67579.07370833331 60 57
67284.95595833332 67605.8594333333 60 66
74193.73795833331 75331.69198333331 60 64
76349.98095833331 78471.13431874999 60 68
81686.06612499998 82744.99930625 60 68
88944.94745833335 89206.04395833335 60 49
89206.04395833335 90250.42995833336 60 52
93191.32195833333 93486.96785833334 60 76
100732.66570833338 101036.23725833339 60 61
101000.52295833339 102098.2124583334 60 60
101804.09470833339 102124.99818333339 60 66
108712.87670833341 110360.08982708342 60 64
110869.1197083334 112990.27306875009 60 68
116205.20487500008 117264.13805625007 60 68
123464.0862083334 123725.18270833342 60 49
123725.18270833342 124769.56870833342 60 52
133386.36570833344 134370.61770833348 60 24
135330.15670833347 135867.36527500013 60 25
137314.90370833347 138299.1557083335 60 30
139250.6307083335 139776.0318250002 60 31
154388.6475000004 155399.0885000004 60 30
156901.65550000043 157438.45228125044 60 26
164871.16600000055 165855.4180000006 60 24
166814.95700000058 167352.16556666725 60 25
168799.70400000058 169783.95600000062 60 30
170735.43100000062 171254.6265916673 60 31
185873.44779166745 186883.88879166747 60 30
188386.45579166748 188923.2525729175 60 26
192432.00879166755 193424.89279166755 60 29
194376.36779166758 194893.10009166758 60 29
221759.96745833434 222370.544300001 60 23
227757.35412500103 228741.60612500107 60 24
229701.14512500106 230238.35369166773 60 25
231685.89212500106 232670.1441250011 60 30
233621.6191250011 234138.74620833443 60 31
248759.63591666793 249770.07691666795 60 30
251272.643916668 251809.440697918 60 26
255318.19691666804 256311.080916668 60 29
257262.55591666797 257779.28821666798 60 29
284646.1555833343 285256.732425001 60 22
290643.5422500009 291627.7942500008 60 24
292587.3332500008 293124.5418166674 60 25
294572.08025000076 295556.33225000073 60 30
296507.80725000065 297027.00284166733 60 31
311645.82404166734 312656.2650416673 60 30
314172.6425416673 314744.9045104172 60 23
329406.7985416672 329667.89504166716 60 45
329667.89504166716 330686.17139166716 60 48
337881.7452916672 338149.5303750005 60 47
338149.5303750005 339167.8067250005 60 51
354633.6088333338 354894.7053333338 60 49
354894.7053333338 355912.9816833338 60 52
371358.43609166716 371619.53259166714 60 59
371619.53259166714 372637.8089416672 60 68
374798.50359166716 375902.6962333338 60 75
383146.1543416672 383414.0115916672 60 59
383414.0115916672 384511.7010916672 60 57
384217.5833416672 384538.4868166672 60 66
391126.3653416672 392643.94887291716 60 64
393282.6083416671 395417.5231645838 60 68
398618.69350833364 399677.6266895836 60 68
405877.5748416669 406138.6713416669 60 49
406138.6713416669 407183.05734166695 60 52
410123.9493416668 410410.6362750002 60 76
417665.2930916668 417933.1503416669 60 59
417933.1503416669 419030.83984166686 60 58
418736.7220916669 419057.6255666669 60 63
425645.5040916669 427126.05059791694 60 64
427801.7470916669 429920.6068750003 60 68
433137.83225833345 434212.8204791668 60 68
440526.0588416668 440815.0760916668 60 40
440815.0760916668 442046.6431916668 60 42
11757.869 12776.14535 61 49
17056.302000000003 19148.887100000004 61 50
18906.995000000003 19175.764000000003 61 45
19175.764000000003 20267.145104166673 61 50
20212.750000000007 21109.82600000001 61 52
22067.179833333343 22328.27633333334 61 50
22328.27633333334 23361.297608333334 61 55
23122.908083333336 23387.785333333333 61 45
23387.785333333333 25571.42745833333 61 50
25553.84933333333 26476.066333333332 61 58
26476.066333333332 27535.885349999997 61 55
27493.015333333333 28609.892083333332 61 50
28576.047333333332 29678.920604166662 61 51
29659.07933333333 30599.591833333336 61 58
30599.591833333336 31632.63599166667 61 55
31592.022291666668 32688.59219166667 61 50
32675.054291666667 33784.19594166667 61 51
36944.78429166666 37858.62204166666 61 54
37858.62204166666 38015.27994166666 61 45
45282.54713333333 46366.49413333333 61 57
49393.87420833333 50479.75505416666 61 57
53642.51920833333 54686.90520833333 61 68
58940.95220833333 60058.58329999999 61 78
60016.02820833332 61091.10420833332 61 76
65142.097958333325 65409.95520833332 61 65
65409.95520833332 66454.59848333332 61 63
68650.50270833331 69759.8781520833 61 75
70793.36070833329 72019.42688333332 61 64
73092.82095833332 74232.72876874998 61 69
78450.49212499999 79570.15912499999 61 68
80619.25879166665 81717.57871874998 61 68
88161.65795833335 89075.49570833334 61 54
89075.49570833334 89227.80200000003 61 45
92385.01495833334 93460.09095833334 61 97
93460.09095833334 94577.72205000003 61 79
94535.16695833334 95610.24295833336 61 80
99661.2367083334 99969.27254583339 61 67
99929.0939583334 101000.52295833339 61 66
103169.64145833338 104270.08832708339 61 75
105312.49945833339 106536.27205625009 61 64
107611.95970833342 108754.1610958334 61 69
112969.63087500008 114608.04787500008 61 68
115138.39754166675 116236.71746875007 61 68
122680.79670833342 123594.63445833341 61 54
123594.63445833341 123746.9407500001 61 45
129462.40820833342 130455.29220833341 61 28
131406.76720833345 131923.49950833342 61 28
141236.39870833352 141829.23154166687 61 25
143205.44320833354 143733.21948333355 61 27
145174.6852083336 145700.79488125027 61 28
152385.60720833368 152870.8688833337 61 28
158922.5375000005 159482.56679166717 61 28
160947.2085000005 161940.0925000005 61 28
162891.56750000053 163404.19875000053 61 28
172721.1990000006 173314.03183333395 61 25
174690.24350000062 175220.07030000063 61 27
176659.48550000068 177185.59517291735 61 28
183870.40750000076 184355.66917500077 61 28
190407.33779166755 190986.65389583423 61 28
196355.96629166757 197340.2182916676 61 25
198299.75729166763 198836.96585833427 61 26
200284.5042916676 201268.75629166764 61 33
202207.36637500097 202741.04152500094 61 34
223833.396625001 224826.280625001 61 28
225777.755625001 226292.43740000104 61 28
235607.38712500109 236200.21995833443 61 25
237576.4316250011 238104.2079000011 61 27
239545.67362500113 240071.7832979178 61 28
246756.59562500124 247241.85730000125 61 28
253293.52591666803 253866.41308333472 61 25
259242.15441666797 260226.40641666795 61 25
261185.9454166679 261723.15398333455 61 26
263170.6924166679 264154.94441666786 61 33
265093.55450000113 265608.6130750011 61 34
286719.58475000085 287712.4687500009 61 28
288663.94375000085 289180.6760500008 61 28
298493.5752500007 299086.408083334 61 25
300462.6197500006 300984.24445000064 61 27
302431.8617500006 302957.97142291727 61 28
309642.7837500006 310128.04542500054 61 28
314711.2420416672 316327.0405416672 61 27
328623.50904166716 329641.78539166716 61 49
333921.9420416672 336014.52714166715 61 50
335772.63504166715 336041.4040416671 61 45
336041.4040416671 337111.02710416715 61 50
337078.39004166715 337975.46604166715 61 52
338932.8198750005 339193.91637500055 61 50
339193.91637500055 340226.93765000056 61 55
339988.54812500055 340253.4253750005 61 45
340253.4253750005 342437.48937500047 61 50
342419.4893750005 343356.42212500045 61 58
343356.42212500045 344408.98920833383 61 55
344375.1444583338 345492.0212083339 61 50
345458.17645833385 346565.01798333385 61 51
346541.20845833386 347471.9163333339 61 58
347471.9163333339 348538.17103333387 61 55
348497.5573333339 349609.92145000055 61 50
349580.5893333339 350698.43420000054 61 51
353850.3193333339 354764.1570833338 61 54
354764.1570833338 354920.81498333387 61 45
362189.09698333376 363263.72898333374 61 57
366317.01959166717 367403.6792208339 61 57
370575.1465916672 371593.42294166714 61 68
375873.5795916671 376991.2106833338 61 78
376948.65559166716 378023.7315916671 61 76
382074.72534166713 382342.5825916672 61 65
382342.5825916672 383387.22586666717 61 63
385583.13009166723 386692.50553541724 61 75
387725.98809166724 388954.34784375055 61 64
390025.44834166724 391160.76899791724 61 69
395383.1195083338 396834.0365083338 61 68
397551.8861750004 398650.20610208367 61 68
405094.2853416669 406008.1230916669 61 54
406008.1230916669 406164.78099166695 61 45
409317.6423416669 410392.71834166686 61 97
410392.71834166686 411510.3494333335 61 79
411467.79434166686 412542.8703416668 61 77
416593.8640916668 416861.7213416668 61 64
416861.7213416668 417906.36461666686 61 63
420102.2688416669 421202.7157104169 61 75
422245.12684166693 423475.7801708336 61 64
424544.58709166694 425684.4949020836 61 69
429902.25825833355 431368.8002583336 61 68
432071.0249250002 433169.3448520834 61 68
439659.00709166675 440670.5674666668 61 45
440670.5674666668 440840.7434458335 61 37
147106.1197083336 147600.22483333357 62 30
178590.92000000068 179085.02512500065 62 30
241477.10812500116 241969.23101041777 62 30
304363.2962500006 304853.436895834 62 30
21016.105250000008 21283.890333333344 63 53
21283.890333333344 22302.16668333334 63 57
60822.33520833332 61133.659299999985 63 76
62166.18020833332 63267.09720833332 63 73
64338.52620833332 65383.16948333332 63 69
67284.95595833332 67605.8594333333 63 77
77416.78829166663 78471.13431874999 63 68
93191.32195833333 93486.96785833334 63 97
95341.47395833336 95652.79805000003 63 80
96685.31895833337 97786.23595833337 63 76
98857.6649583334 99929.0939583334 63 72
101804.09470833339 102124.99818333339 63 77
111935.92704166674 112990.27306875009 63 68
148981.5731250003 149481.09750000032 63 27
150905.22762500032 151230.7130000003 63 27
180466.37341666737 180965.8977916674 63 27
182390.0279166674 182717.2244479174 63 27
204172.5764583343 204713.69658333433 63 28
206141.62095833433 206675.54880833434 63 30
215809.44195833436 216309.9183583344 63 33
243352.56154166782 243850.1036770845 63 27
245276.21604166785 245598.27910416783 63 27
267058.76458333444 267599.8847083344 63 28
269027.8090833344 269561.7369333344 63 30
278695.63008333434 279196.10648333427 63 33
306238.74966666725 306736.29180208396 63 27
308162.40416666726 308484.46722916723 63 27
337881.7452916672 338149.5303750005 63 53
338149.5303750005 339167.8067250005 63 57
377754.9625916671 378066.28668333375 63 76
379098.8075916671 380199.7245916671 63 73
381271.1535916671 382315.79686666717 63 69
384217.5833416672 384538.4868166672 63 77
394349.4156750004 395417.5231645838 63 68
410123.9493416668 410410.6362750002 63 97
412274.10134166677 412585.42543333344 63 77
413617.94634166674 414718.8633416668 63 73
415790.2923416668 416834.9356166668 63 69
418736.7220916669 419057.6255666669 63 74
428868.5544250002 429920.6068750003 63 68
217741.27795833442 218253.6396333344 64 34
280627.4660833343 281139.8277583343 64 34
20212.750000000007 21109.82600000001 65 59
21153.342083333344 21303.472570833343 65 48
27238.778083333335 27493.015333333333 65 53
27493.015333333333 28609.892083333332 65 59
31344.08829166667 31592.022291666668 65 54
31592.022291666668 32688.59219166667 65 59
43957.44213333333 44220.600133333326 65 52
44220.600133333326 45309.09580833333 65 58
48068.76920833333 48331.92720833333 65 52
48331.92720833333 49409.36093541666 65 58
50455.82120833333 51538.28281666666 65 52
52575.28320833333 53672.98046666667 65 54
54686.90520833333 55768.81548541666 65 68
56790.80020833333 57908.43129999999 65 64
58940.95220833333 60058.58329999999 65 78
60016.02820833332 61091.10420833332 65 74
61091.10420833332 62166.18020833332 65 80
62991.867958333314 63291.65078958331 65 85
67579.07370833331 68681.7527208333 65 80
68650.50270833331 69721.9317083333 65 74
70793.36070833329 72019.42688333332 65 76
76349.98095833331 77448.30088541663 65 68
80619.25879166665 82744.99930625 65 80
93460.09095833334 94577.72205000003 65 101
94535.16695833334 95610.24295833336 65 77
95610.24295833336 96685.31895833337 65 85
97511.00670833339 97810.78953958338 65 89
102098.2124583334 103200.89147083339 65 80
103169.64145833338 104241.07045833339 65 74
105312.49945833339 106536.27205625009 65 76
110869.1197083334 111961.13711666675 65 68
115138.39754166675 117264.13805625007 65 80
208094.47445833436 208620.58413125103 65 32
210025.9089583344 210540.59073333436 65 34
213873.11745833437 214391.90028333437 65 35
219693.82570833436 220210.4996104177 65 31
270980.6625833343 271506.772256251 65 32
272912.0970833343 273426.77885833435 65 34
276759.3055833343 277273.9873583343 65 35
282580.0138333343 283096.6877354176 65 31
337078.39004166715 337975.46604166715 65 59
338018.9821250005 338175.6400250005 65 48
344120.9072083338 344375.1444583338 65 53
344375.1444583338 345492.0212083339 65 59
348241.1470833338 348497.5573333339 65 54
348497.5573333339 349609.92145000055 65 59
360873.3069833337 361136.4649833338 65 52
361136.4649833338 362226.3777000004 65 58
364982.4325916671 365245.59059166716 65 52
365245.59059166716 366346.03746041714 65 58
367388.44859166717 368470.9102000005 65 52
369507.91059166717 370616.48687083385 65 54
371619.53259166714 372697.02824791725 65 68
373723.42759166716 374841.0586833338 65 64
375873.5795916671 376991.2106833338 65 78
376948.65559166716 378023.7315916671 65 74
378023.7315916671 379098.8075916671 65 80
379924.49534166715 380226.51031666715 65 85
384511.7010916672 385614.3801041672 65 80
385583.13009166723 386654.55909166724 65 74
387725.98809166724 388954.34784375055 65 76
393282.6083416671 394376.72658958373 65 68
397551.8861750004 399677.6266895836 65 80
410392.71834166686 411510.3494333335 65 101
411467.79434166686 412542.8703416668 65 74
412542.8703416668 413617.94634166674 65 81
414443.6340916668 414741.1847791668 65 85
419030.83984166686 420133.5188541669 65 77
420102.2688416669 421173.69784166693 65 74
422245.12684166693 423475.7801708336 65 76
427801.7470916669 428900.0670187502 65 68
432071.0249250002 434212.8204791668 65 80
26476.066333333332 27467.591608333332 66 61
30599.591833333336 31567.22889166667 66 61
43194.73038333333 44262.635535416666 66 61
47299.53845833333 48362.9006625 66 63
51500.20720833332 52608.63433333333 66 53
53642.51920833333 54710.83905416666 66 66
55731.29120833332 56822.15659166666 66 64
57865.87620833333 58970.068849999996 66 75
60822.33520833332 61133.659299999985 66 74
61897.41120833332 62209.75817291665 66 80
64338.52620833332 65383.16948333332 66 69
65142.097958333325 65409.95520833332 66 65
65409.95520833332 66454.59848333332 66 63
66213.52695833331 66481.38420833331 66 59
66481.38420833331 67579.07370833331 66 57
95341.47395833336 95652.79805000003 66 77
96416.54995833336 96728.8969229167 66 85
98857.6649583334 99929.0939583334 66 72
99661.2367083334 99969.27254583339 66 67
99929.0939583334 101000.52295833339 66 66
100732.66570833338 101036.23725833339 66 61
101000.52295833339 102098.2124583334 66 60
154893.8680000004 155432.76986666705 66 30
186378.66829166745 186919.6752437508 66 30
211954.03945833436 212465.7935916677 66 33
221759.96745833434 222370.544300001 66 26
249264.85641666796 249805.86336875128 66 30
274840.2275833344 275351.98171666765 66 33
284646.1555833343 285256.732425001 66 26
312151.04454166733 312689.94640833396 66 30
343356.42212500045 344349.7207333338 66 61
347471.9163333339 348471.91630833386 66 61
360110.59523333376 361175.93868333375 66 61
364213.2018416671 365285.76917916717 66 63
368432.83459166717 369541.26171666716 66 53
370575.1465916672 371645.6422416672 66 66
372663.9185916672 373745.82500833384 66 64
374798.50359166716 375902.6962333338 66 75
377754.9625916671 378066.28668333375 66 74
378830.0385916671 379142.3855562504 66 80
381271.1535916671 382315.79686666717 66 69
382074.72534166713 382342.5825916672 66 65
382342.5825916672 383387.22586666717 66 63
383146.1543416672 383414.0115916672 66 59
383414.0115916672 384511.7010916672 66 57
412274.10134166677 412585.42543333344 66 74
413349.1773416668 413661.5243062501 66 81
415790.2923416668 416834.9356166668 66 69
416593.8640916668 416861.7213416668 66 64
416861.7213416668 417906.36461666686 66 63
417665.2930916668 417933.1503416669 66 59
417933.1503416669 419030.83984166686 66 58
69454.0744583333 69759.8781520833 67 74
73092.82095833332 74232.72876874998 67 81
103973.21320833337 104270.08832708339 67 74
107611.95970833342 108754.1610958334 67 81
194868.4937916676 196355.96629166757 67 52
257754.68191666793 259242.15441666797 67 52
386386.70184166724 386692.50553541724 67 74
390025.44834166724 391160.76899791724 67 81
420905.8405916669 421202.7157104169 67 74
424544.58709166694 425684.4949020836 67 81
26022.59933333333 26476.066333333332 68 66
26351.066333333332 26514.201920833333 68 58
30135.269833333332 30599.591833333336 68 65
30471.386708333335 30631.104427083337 68 58
42719.407791666665 43074.40596666666 68 56
43057.01466666666 43119.54030833333 68 64
46824.49413333333 47202.220799999996 68 56
47163.75925833333 47221.63828333333 68 66
57865.87620833333 58970.068849999996 68 75
61091.10420833332 62166.18020833332 68 78
62166.18020833332 63267.09720833332 68 86
66213.52695833331 66481.38420833331 68 71
66481.38420833331 67579.07370833331 68 68
76349.98095833331 79570.15912499999 68 80
95610.24295833336 96685.31895833337 68 82
96685.31895833337 97786.23595833337 68 90
100732.66570833338 101036.23725833339 68 73
101000.52295833339 102098.2124583334 68 71
110869.1197083334 114608.04787500008 68 80
154893.8680000004 155432.76986666705 68 50
186378.66829166745 186919.6752437508 68 50
194376.36779166758 194893.10009166758 68 48
221209.50895833434 222370.544300001 68 46
249264.85641666796 249805.86336875128 68 50
257262.55591666797 257779.28821666798 68 48
284095.6970833343 285256.732425001 68 45
312151.04454166733 312689.94640833396 68 50
342899.48937500047 343356.42212500045 68 67
343230.37175000046 343393.9464020838 68 58
347017.3989583339 347471.9163333339 68 67
347345.8659583339 347503.96761458385 68 58
359624.9428333338 359980.49612500047 68 56
359962.3143083338 360029.0670166671 68 64
363721.7289833338 364080.2149750004 68 56
364061.16735833377 364130.43507500045 68 66
374798.50359166716 375902.6962333338 68 75
378023.7315916671 379098.8075916671 68 78
379098.8075916671 380199.7245916671 68 86
383146.1543416672 383414.0115916672 68 71
383414.0115916672 384511.7010916672 68 68
393282.6083416671 396834.0365083338 68 80
412542.8703416668 413617.94634166674 68 79
413617.94634166674 414718.8633416668 68 86
417665.2930916668 417933.1503416669 68 70
417933.1503416669 419030.83984166686 68 68
427801.7470916669 431368.8002583336 68 80
69721.9317083333 70793.36070833329 69 78
74193.73795833331 75331.69198333331 69 75
104241.07045833339 105312.49945833339 69 78
108712.87670833341 110360.08982708342 69 75
202703.80837500095 204172.5764583343 69 55
265589.9965000011 267058.76458333444 69 55
386654.55909166724 387725.98809166724 69 78
391126.3653416672 392643.94887291716 69 75
421173.69784166693 422245.12684166693 69 78
425645.5040916669 427126.05059791694 69 75
25553.84933333333 26351.066333333332 70 73
29659.07933333333 30179.416041666667 70 73
42243.21729166667 42941.63004166666 70 68
45282.54713333333 47048.37463333333 70 68
49393.87420833333 50479.75505416666 70 68
50455.82120833333 51538.28281666666 70 61
51500.20720833332 52548.406308333324 70 63
52306.51420833333 52575.28320833333 70 57
52575.28320833333 53672.98046666667 70 65
55470.19470833332 55731.29120833332 70 71
55731.29120833332 56764.31248333333 70 77
56525.92295833332 56790.80020833333 70 72
56790.80020833333 57908.43129999999 70 76
61897.41120833332 62209.75817291665 70 78
65142.097958333325 65409.95520833332 70 76
65409.95520833332 66454.59848333332 70 75
68650.50270833331 69721.9317083333 70 74
70525.50345833329 70832.35151874996 70 78
71802.03058333331 74232.72876874998 70 88
96416.54995833336 96728.8969229167 70 82
99661.2367083334 99969.27254583339 70 79
99929.0939583334 101000.52295833339 70 78
103169.64145833338 104241.07045833339 70 74
105044.64220833339 105356.07742291673 70 78
106321.1693333334 108754.1610958334 70 88
149933.04812500032 150905.22762500032 70 52
152868.80037500034 153443.35547500037 70 29
181417.8484166674 182390.0279166674 70 52
184353.60066666742 184926.10524166745 70 29
193900.63029166756 194868.4937916676 70 52
202207.36637500097 202741.04152500094 70 51
215321.47845833434 216309.9183583344 70 56
244304.03654166785 245276.21604166785 70 52
247239.7887916679 247814.34389166793 70 29
256786.818416668 257754.68191666793 70 52
265093.55450000113 265608.6130750011 70 51
278207.6665833343 279196.10648333427 70 56
307190.2246666673 308162.40416666726 70 52
310125.97691666725 310692.3299166673 70 29
342419.4893750005 343230.37175000046 70 73
346541.20845833386 347345.8659583339 70 73
359148.75233333383 359845.53108333383 70 68
362189.09698333376 363943.9512333338 70 68
366317.01959166717 367403.6792208339 70 68
367388.44859166717 368470.9102000005 70 61
368432.83459166717 369481.03369166714 70 63
369239.1415916672 369507.91059166717 70 57
369507.91059166717 370616.48687083385 70 65
372402.8220916672 372663.9185916672 70 71
372663.9185916672 373696.9398666672 70 77
373458.5503416672 373723.42759166716 70 72
373723.42759166716 374841.0586833338 70 76
378830.0385916671 379142.3855562504 70 78
382074.72534166713 382342.5825916672 70 76
382342.5825916672 383387.22586666717 70 75
385583.13009166723 386654.55909166724 70 74
387458.13084166724 387769.5660562506 70 78
388734.65796666726 391160.76899791724 70 88
413349.1773416668 413661.5243062501 70 79
416593.8640916668 416861.7213416668 70 76
416861.7213416668 417906.36461666686 70 75
420102.2688416669 421173.69784166693 70 74
421977.26959166693 422288.7048062503 70 78
423253.79671666696 425684.4949020836 70 88
54425.80870833333 54710.83905416666 72 71
54686.90520833333 55705.18155833332 72 79
57865.87620833333 58970.068849999996 72 95
62166.18020833332 63267.09720833332 72 84
64338.52620833332 65383.16948333332 72 81
67284.95595833332 67605.8594333333 72 75
67579.07370833331 68681.7527208333 72 80
70793.36070833329 71802.03058333331 72 84
74193.73795833331 75331.69198333331 72 76
96685.31895833337 97786.23595833337 72 88
98857.6649583334 99929.0939583334 72 85
101804.09470833339 102124.99818333339 72 75
102098.2124583334 103200.89147083339 72 80
105312.49945833339 106321.1693333334 72 84
108712.87670833341 110360.08982708342 72 76
131898.89320833344 133386.36570833344 72 50
151196.48987500032 151328.24890625032 72 39
153126.98516666703 153317.8903333337 72 40
163383.69350000055 164871.16600000055 72 50
182681.2901666674 182789.0930104174 72 39
184611.7854583341 184802.6906250008 72 40
190945.93729166753 193424.89279166755 72 56
193424.89279166755 194376.36779166758 72 48
201731.62887500096 202703.80837500095 72 55
211474.26995833436 212465.7935916677 72 57
212913.57845833438 213393.34795833437 72 56
214119.18045833436 214365.24345833436 72 58
214365.24345833436 215809.44195833436 72 59
216765.3509583344 217253.3144583344 72 56
217985.2597083344 218253.6396333344 72 56
218229.2414583344 219611.80470833438 72 50
226269.88162500103 227757.35412500103 72 50
245567.47829166785 245772.81704166785 72 39
247497.9735833346 247688.87875000125 72 40
253832.12541666804 256311.080916668 72 56
256311.080916668 257262.55591666797 72 48
264617.81700000115 265589.9965000011 72 55
274360.4580833344 275351.98171666765 72 57
275799.7665833343 276279.53608333436 72 56
277005.3685833343 277251.4315833343 72 58
277251.4315833343 278695.63008333434 72 59
279651.53908333427 280139.50258333434 72 56
280871.44783333427 281115.42958333425 72 56
281115.42958333425 282497.9928333343 72 50
289156.06975000084 290643.5422500009 72 50
308453.6664166673 308659.0051666673 72 39
310384.16170833394 310575.0668750006 72 40
371358.43609166716 371619.53259166714 72 71
371619.53259166714 372637.8089416672 72 79
374798.50359166716 375902.6962333338 72 95
379098.8075916671 380199.7245916671 72 84
381271.1535916671 382315.79686666717 72 81
384217.5833416672 384538.4868166672 72 75
384511.7010916672 385614.3801041672 72 80
387725.98809166724 388734.65796666726 72 84
391126.3653416672 392643.94887291716 72 76
413617.94634166674 414718.8633416668 72 84
415790.2923416668 416834.9356166668 72 81
418736.7220916669 419057.6255666669 72 72
419030.83984166686 420133.5188541669 72 77
422245.12684166693 423253.79671666696 72 84
425645.5040916669 427126.05059791694 72 76
42243.21729166667 43119.54030833333 73 68
43101.19169166667 43167.71958333333 73 57
43194.73038333333 44262.635535416666 73 74
44220.600133333326 45309.09580833333 73 69
45282.54713333333 47221.63828333333 73 68
47202.220799999996 47272.25683333333 73 58
47299.53845833333 48362.9006625 73 76
48331.92720833333 49409.36093541666 73 69
49393.87420833333 50479.75505416666 73 68
53642.51920833333 54686.90520833333 73 82
58940.95220833333 60058.58329999999 73 100
60016.02820833332 61091.10420833332 73 74
61091.10420833332 62166.18020833332 73 78
62991.867958333314 63291.65078958331 73 88
68650.50270833331 69721.9317083333 73 74
69721.9317083333 70793.36070833329 73 78
71637.19545833331 71865.32170833331 73 88
94535.16695833334 95610.24295833336 73 77
95610.24295833336 96685.31895833337 73 82
97511.00670833339 97810.78953958338 73 92
103169.64145833338 104241.07045833339 73 74
104241.07045833339 105312.49945833339 73 78
106156.3342083334 106384.4604583334 73 88
131406.76720833345 131923.49950833342 73 46
139747.07270833352 141236.39870833352 73 50
151299.15925000032 151401.8286250003 73 39
151401.8286250003 151589.61025000032 73 39
151589.61025000032 151776.31462500032 73 40
151776.31462500032 151899.705791667 73 42
151961.22154166698 152144.381291667 73 44
152144.381291667 152305.64562500035 73 46
152325.63602083368 152465.56879166703 73 48
152505.2135833337 152596.83340416703 73 47
152685.2940833337 152786.77937500036 73 44
152868.80037500034 153037.626041667 73 42
153268.33633333372 153443.35547500037 73 35
157406.87600000043 158922.5375000005 73 50
162891.56750000053 163404.19875000053 73 46
171231.87300000063 172721.1990000006 73 50
182783.9595416674 183074.4105416674 73 39
183074.4105416674 183261.1149166674 73 40
183261.1149166674 183384.50608333407 73 42
183446.02183333406 183629.18158333408 73 44
183629.18158333408 183790.44591666744 73 46
183810.43631250077 183950.3690833341 73 48
183990.0138750008 184081.6336958341 73 47
184170.0943750008 184271.57966666744 73 44
184353.60066666742 184522.4263333341 73 42
184753.1366250008 184926.10524166745 73 35
188891.6762916675 190407.33779166755 73 50
192928.45079166756 193900.63029166756 73 52
198807.2342916676 201268.75629166764 73 55
201268.75629166764 202207.36637500097 73 50
210025.9089583344 210518.03495833438 73 52
210518.03495833438 211954.03945833436 73 59
213393.34795833437 214354.99083333436 73 59
217253.3144583344 218229.2414583344 73 59
225777.755625001 226292.43740000104 73 46
234118.0611250011 235607.38712500109 73 50
245670.14766666785 245960.59866666785 73 39
245960.59866666785 246147.30304166788 73 40
246147.30304166788 246270.69420833452 73 42
246332.20995833454 246515.36970833456 73 44
246515.36970833456 246676.63404166792 73 46
246696.62443750125 246836.5572083346 73 48
246876.20200000127 246967.8218208346 73 47
247056.28250000125 247157.7677916679 73 44
247239.7887916679 247408.61445833457 73 42
247639.32475000125 247814.34389166793 73 35
251777.864416668 253293.52591666803 73 45
255814.63891666802 256786.818416668 73 52
261693.4224166679 264154.94441666786 73 55
264154.94441666786 265093.55450000113 73 50
272912.0970833343 273404.22308333433 73 52
273404.22308333433 274840.2275833344 73 59
276279.53608333436 277237.0779083343 73 59
280139.50258333434 281101.1973145843 73 59
288663.94375000085 289180.6760500008 73 46
297004.2492500007 298493.5752500007 73 50
308556.3357916673 308846.7867916672 73 39
308846.7867916672 309033.4911666672 73 40
309033.4911666672 309156.88233333384 73 42
309218.39808333386 309401.55783333385 73 44
309401.55783333385 309562.8221666672 73 46
309582.8125625006 309722.7453333339 73 48
309762.3901250006 309854.00994583394 73 47
309942.47062500054 310043.95591666724 73 44
310125.97691666725 310294.8025833339 73 42
310525.51287500066 310692.3299166673 73 35
314711.2420416672 316327.0405416672 73 45
359148.75233333383 360029.0670166671 73 68
360009.2650333338 360082.2942666671 73 57
360110.59523333376 361175.93868333375 73 74
361136.4649833338 362226.3777000004 73 69
362189.09698333376 364130.43507500045 73 68
364110.0269083338 364185.04500000045 73 58
364213.2018416671 365285.76917916717 73 76
365245.59059166716 366346.03746041714 73 69
366317.01959166717 367403.6792208339 73 68
370575.1465916672 371593.42294166714 73 82
375873.5795916671 376991.2106833338 73 100
376948.65559166716 378023.7315916671 73 74
378023.7315916671 379098.8075916671 73 78
379924.49534166715 380226.51031666715 73 88
385583.13009166723 386654.55909166724 73 74
386654.55909166724 387725.98809166724 73 78
388569.8228416672 388797.94909166725 73 88
411467.79434166686 412542.8703416668 73 74
412542.8703416668 413617.94634166674 73 79
414443.6340916668 414741.1847791668 73 88
420102.2688416669 421173.69784166693 73 74
421173.69784166693 422245.12684166693 73 78
423088.9615916669 423317.08784166694 73 88
147106.1197083336 147475.92870833358 74 46
148045.68212500028 148981.5731250003 74 51
178590.92000000068 178960.72900000066 74 46
179530.48241666736 180466.37341666737 74 51
241477.10812500116 241846.91712500114 74 46
242416.6705416678 243352.56154166782 74 51
304363.2962500006 304733.1052500006 74 46
305302.8586666673 306238.74966666725 74 51
65409.95520833332 67284.95595833332 75 79
67284.95595833332 67605.8594333333 75 75
67579.07370833331 68681.7527208333 75 80
99929.0939583334 101804.09470833339 75 82
101804.09470833339 102124.99818333339 75 75
102098.2124583334 103200.89147083339 75 80
130931.02970833343 131898.89320833344 75 50
139250.6307083335 139776.0318250002 75 46
146626.3502083336 147375.4194583336 75 50
147375.4194583336 147576.43795833358 75 46
147576.43795833358 148513.62762500028 75 53
148513.62762500028 149457.3106250003 75 54
150905.22762500032 151230.7130000003 75 50
151495.7194375003 151652.2041250003 75 36
151683.23175000033 151817.68479166698 75 37
151868.94791666698 151981.726791667 75 38
152052.888135417 152235.092479167 75 39
152235.092479167 152385.60720833368 75 42
152415.5928020837 152544.85837500036 75 42
152596.83340416703 152705.45212500036 75 40
152776.61346875035 152910.170541667 75 38
152994.3734583337 153173.17029166702 75 37
155399.0885000004 157438.45228125044 75 54
162415.8300000005 163383.69350000055 75 50
170735.43100000062 171254.6265916673 75 46
178111.1505000007 178860.2197500007 75 50
178860.2197500007 179061.23825000066 75 46
179061.23825000066 179998.42791666737 75 53
179998.42791666737 180942.11091666739 75 54
182390.0279166674 182717.2244479174 75 50
182980.5197291674 183137.0044166674 75 36
183168.0320416674 183302.48508333406 75 37
183353.74820833406 183466.52708333408 75 38
183537.68842708407 183719.8927708341 75 39
183719.8927708341 183870.40750000076 75 42
183900.39309375078 184029.65866666744 75 42
184081.6336958341 184190.25241666744 75 40
184261.41376041743 184394.9708333341 75 38
184479.17375000077 184657.9705833341 75 37
186883.88879166747 188923.2525729175 75 54
196848.0922916676 198836.96585833427 75 54
200776.63029166762 201344.87137500098 75 55
209546.1394583344 210507.78233333438 75 57
213333.37677083438 213873.11745833437 75 55
217192.31902083443 217741.27795833442 75 59
225302.01812500102 226269.88162500103 75 50
233621.6191250011 234138.74620833443 75 46
240997.33862500117 241746.40787500114 75 50
241746.40787500114 241947.42637500112 75 46
241947.42637500112 242884.61604166782 75 53
242884.61604166782 243828.29904166784 75 54
245276.21604166785 245598.27910416783 75 50
245866.70785416785 246023.19254166787 75 36
246054.2201666679 246188.67320833454 75 37
246239.93633333454 246352.71520833456 75 38
246423.87655208455 246606.08089583457 75 39
246606.08089583457 246756.59562500124 75 42
246786.58121875126 246915.84679166792 75 42
246967.8218208346 247076.44054166792 75 40
247147.6018854179 247281.15895833456 75 38
247365.36187500125 247544.15870833458 75 37
249770.07691666795 251809.440697918 75 54
259734.28041666796 261723.15398333455 75 54
263662.81841666787 264231.05950000114 75 55
272432.3275833343 273393.9704583343 75 57
276219.5648958343 276759.3055833343 75 55
280078.5071458343 280627.4660833343 75 59
288188.20625000086 289156.06975000084 75 50
296507.80725000065 297027.00284166733 75 46
303883.5267500006 304632.5960000006 75 50
304632.5960000006 304833.6145000006 75 46
304833.6145000006 305770.8041666673 75 53
305770.8041666673 306714.48716666724 75 54
308162.40416666726 308484.46722916723 75 50
308752.89597916725 308909.38066666725 75 36
308940.40829166723 309074.8613333338 75 37
309126.1244583338 309238.90333333384 75 38
309310.06467708386 309492.2690208339 75 39
309492.2690208339 309642.7837500006 75 42
309672.7693437506 309802.03491666727 75 42
309854.00994583394 309962.6286666672 75 40
310033.79001041723 310167.3470833339 75 38
310251.55000000057 310430.34683333396 75 37
312656.2650416673 314744.9045104172 75 54
382342.5825916672 384217.5833416672 75 79
384217.5833416672 384538.4868166672 75 75
384511.7010916672 385614.3801041672 75 80
416861.7213416668 418736.7220916669 75 79
418736.7220916669 419057.6255666669 75 72
419030.83984166686 420133.5188541669 75 77
71865.32170833331 74232.72876874998 76 88
106384.4604583334 108754.1610958334 76 88
388797.94909166725 391160.76899791724 76 88
423317.08784166694 425684.4949020836 76 88
43957.44213333333 44220.600133333326 77 61
44220.600133333326 45309.09580833333 77 69
48068.76920833333 48331.92720833333 77 61
48331.92720833333 49409.36093541666 77 69
60016.02820833332 61091.10420833332 77 89
63267.09720833332 65447.90165208332 77 88
67579.07370833331 68681.7527208333 77 102
68650.50270833331 69721.9317083333 77 89
69721.9317083333 70793.36070833329 77 78
70793.36070833329 71802.03058333331 77 84
74193.73795833331 75331.69198333331 77 76
94535.16695833334 95610.24295833336 77 93
97786.23595833337 99969.27254583339 77 92
102098.2124583334 103200.89147083339 77 102
103169.64145833338 104241.07045833339 77 89
104241.07045833339 105312.49945833339 77 78
105312.49945833339 106321.1693333334 77 84
108712.87670833341 110360.08982708342 77 76
127979.22970833341 130455.29220833341 77 54
130455.29220833341 131406.76720833345 77 46
138774.8932083335 139747.07270833352 77 50
143710.66370833357 145700.79488125027 77 52
146146.5807083336 147106.1197083336 77 46
147475.92870833358 147600.22483333357 77 42
148981.5731250003 149481.09750000032 77 55
150408.7856250003 151196.48987500032 77 57
159461.13700000048 161940.0925000005 77 54
161940.0925000005 162891.56750000053 77 46
170259.69350000063 171231.87300000063 77 50
175195.46400000065 177185.59517291735 77 52
177631.3810000007 178590.92000000068 77 46
178960.72900000066 179085.02512500065 77 42
180466.37341666737 180965.8977916674 77 55
181893.5859166674 182681.2901666674 77 57
195863.84029166758 197340.2182916676 77 56
204682.6689583343 206675.54880833434 77 55
206646.84145833433 208620.58413125103 77 59
209066.36995833437 210025.9089583344 77 52
219205.16845833437 220210.4996104177 77 55
222336.89045833432 224826.280625001 77 54
224826.280625001 225777.755625001 77 46
233145.8816250011 234118.0611250011 77 50
238081.6521250011 240071.7832979178 77 52
240517.56912500117 241477.10812500116 77 46
241846.91712500114 241969.23101041777 77 42
243352.56154166782 243850.1036770845 77 55
244779.77404166784 245567.47829166785 77 57
258750.02841666798 260226.40641666795 77 56
267568.8570833344 269561.7369333344 77 55
269533.0295833344 271506.772256251 77 59
271952.55808333436 272912.0970833343 77 52
282091.3565833343 283096.6877354176 77 55
285223.07858333434 287712.4687500009 77 54
287712.4687500009 288663.94375000085 77 46
296032.06975000066 297004.2492500007 77 50
300967.84025000065 302957.97142291727 77 52
303403.75725000066 304363.2962500006 77 46
304733.1052500006 304853.436895834 77 42
306238.74966666725 306736.29180208396 77 55
307665.9621666673 308453.6664166673 77 57
360873.3069833337 361136.4649833338 77 61
361136.4649833338 362226.3777000004 77 69
364982.4325916671 365245.59059166716 77 61
365245.59059166716 366346.03746041714 77 69
376948.65559166716 378023.7315916671 77 89
380199.7245916671 382380.5290354172 77 88
384511.7010916672 385614.3801041672 77 102
385583.13009166723 386654.55909166724 77 89
386654.55909166724 387725.98809166724 77 78
387725.98809166724 388734.65796666726 77 84
391126.3653416672 392643.94887291716 77 76
411467.79434166686 412542.8703416668 77 89
414718.8633416668 416899.6677854169 77 88
419030.83984166686 420133.5188541669 77 98
420102.2688416669 421173.69784166693 77 89
421173.69784166693 422245.12684166693 77 78
422245.12684166693 423253.79671666696 77 84
425645.5040916669 427126.05059791694 77 76
43194.73038333333 44194.28433333333 78 73
47299.53845833333 48305.61140833333 78 73
60822.33520833332 61133.659299999985 78 89
67284.95595833332 67605.8594333333 78 89
95341.47395833336 95652.79805000003 78 93
101804.09470833339 102124.99818333339 78 89
129958.85020833342 130931.02970833343 78 50
135837.63370833348 138299.1557083335 78 51
138299.1557083335 139250.6307083335 78 46
145666.8112083336 146626.3502083336 78 51
149457.3106250003 150408.7856250003 78 57
154388.6475000004 155399.0885000004 78 52
161443.6505000005 162415.8300000005 78 50
167322.4340000006 169783.95600000062 78 51
169783.95600000062 170735.43100000062 78 46
177151.6115000007 178111.1505000007 78 51
180942.11091666739 181893.5859166674 78 57
185873.44779166745 186883.88879166747 78 52
203676.1344583343 204713.69658333433 78 59
208586.60045833437 209546.1394583344 78 58
220187.39037500104 221759.96745833434 78 54
224329.838625001 225302.01812500102 78 50
230208.62212500104 232670.1441250011 78 51
232670.1441250011 233621.6191250011 78 46
240037.79962500115 240997.33862500117 78 51
243828.29904166784 244779.77404166784 78 57
248759.63591666793 249770.07691666795 78 52
266562.32258333446 267599.8847083344 78 59
271472.7885833343 272432.3275833343 78 58
283073.57850000093 284646.1555833343 78 54
287216.0267500009 288188.20625000086 78 50
293094.81025000074 295556.33225000073 78 51
295556.33225000073 296507.80725000065 78 46
302923.9877500006 303883.5267500006 78 51
306714.48716666724 307665.9621666673 78 57
311645.82404166734 312656.2650416673 78 52
360110.59523333376 361110.14918333373 78 73
364213.2018416671 365219.2747916671 78 73
377754.9625916671 378066.28668333375 78 89
384217.5833416672 384538.4868166672 78 89
412274.10134166677 412585.42543333344 78 89
418736.7220916669 419057.6255666669 78 85
69454.0744583333 69759.8781520833 79 89
71928.61283333332 74232.72876874998 79 88
103973.21320833337 104270.08832708339 79 89
106447.75158333342 108754.1610958334 79 88
386386.70184166724 386692.50553541724 79 89
388861.24021666724 391160.76899791724 79 88
420905.8405916669 421202.7157104169 79 89
423380.37896666693 425684.4949020836 79 88
42719.407791666665 43074.40596666666 80 73
43148.11173333333 43232.86597083333 80 59
46824.49413333333 47202.220799999996 80 73
47251.63828333333 47333.72649166667 80 58
61091.10420833332 62166.18020833332 80 93
62166.18020833332 63267.09720833332 80 84
63267.09720833332 67284.95595833332 80 88
95610.24295833336 96685.31895833337 80 97
96685.31895833337 97786.23595833337 80 88
97786.23595833337 101804.09470833339 80 92
133878.49170833346 135867.36527500013 80 52
137807.0297083335 138774.8932083335 80 50
141746.49120833355 143733.21948333355 80 49
153896.52150000038 154893.8680000004 80 50
165363.29200000057 167352.16556666725 80 52
169291.8300000006 170259.69350000063 80 50
173231.29150000063 175220.07030000063 80 49
185381.32179166743 186378.66829166745 80 50
228249.48012500105 230238.35369166773 80 52
232178.01812500108 233145.8816250011 80 50
236117.47962500108 238104.2079000011 80 49
248267.50991666794 249264.85641666796 80 50
291135.66825000086 293124.5418166674 80 52
295064.20625000075 296032.06975000066 80 50
299003.66775000066 300984.24445000064 80 49
311153.69804166735 312151.04454166733 80 50
359624.9428333338 359980.49612500047 80 73
360060.5551333338 360148.73082083376 80 59
363721.7289833338 364080.2149750004 80 73
364162.82278333383 364247.38987500046 80 58
378023.7315916671 379098.8075916671 80 93
379098.8075916671 380199.7245916671 80 84
380199.7245916671 384217.5833416672 80 88
412542.8703416668 413617.94634166674 80 93
413617.94634166674 414718.8633416668 80 84
414718.8633416668 418736.7220916669 80 88
69721.9317083333 70793.36070833329 81 93
104241.07045833339 105312.49945833339 81 93
386654.55909166724 387725.98809166724 81 93
421173.69784166693 422245.12684166693 81 93
42243.21729166667 42941.63004166666 82 83
46344.49413333333 47048.37463333333 82 83
61897.41120833332 62209.75817291665 82 93
70525.50345833329 70832.35151874996 82 93
96416.54995833336 96728.8969229167 82 97
105044.64220833339 105356.07742291673 82 93
132894.23970833342 134370.61770833348 82 54
153404.39550000036 154388.6475000004 82 54
164379.04000000053 165855.4180000006 82 54
184889.19579166744 185873.44779166745 82 54
227265.228125001 228741.60612500107 82 54
247775.38391666792 248759.63591666793 82 54
290151.4162500009 291627.7942500008 82 54
310661.5720416673 311645.82404166734 82 54
359148.75233333383 359845.53108333383 82 83
363241.72898333374 363943.9512333338 82 83
378830.0385916671 379142.3855562504 82 93
387458.13084166724 387769.5660562506 82 93
413349.1773416668 413661.5243062501 82 93
421977.26959166693 422288.7048062503 82 93
62166.18020833332 63267.09720833332 84 99
63267.09720833332 67284.95595833332 84 88
70793.36070833329 71802.03058333331 84 99
74193.73795833331 75331.69198333331 84 90
96685.31895833337 97786.23595833337 84 105
97786.23595833337 101804.09470833339 84 92
105312.49945833339 106321.1693333334 84 99
108712.87670833341 110360.08982708342 84 90
379098.8075916671 380199.7245916671 84 99
380199.7245916671 384217.5833416672 84 88
387725.98809166724 388734.65796666726 84 99
391126.3653416672 392643.94887291716 84 90
413617.94634166674 414718.8633416668 84 100
414718.8633416668 418736.7220916669 84 88
422245.12684166693 423253.79671666696 84 99
425645.5040916669 427126.05059791694 84 90
62991.867958333314 63291.65078958331 85 102
71637.19545833331 71865.32170833331 85 102
71991.90395833332 74232.72876874998 85 103
97511.00670833339 97810.78953958338 85 108
106156.3342083334 106384.4604583334 85 102
106511.04270833342 108754.1610958334 85 103
140739.9567083335 141829.23154166687 85 53
172224.7570000006 173314.03183333395 85 53
235110.94512500108 236200.21995833443 85 53
297997.13325000065 299086.408083334 85 53
379924.49534166715 380226.51031666715 85 102
388569.8228416672 388797.94909166725 85 102
388924.5313416672 391160.76899791724 85 103
414443.6340916668 414741.1847791668 85 103
423088.9615916669 423317.08784166694 85 102
423443.67009166686 425684.4949020836 85 103
65409.95520833332 67284.95595833332 87 95
99929.0939583334 101804.09470833339 87 99
382342.5825916672 384217.5833416672 87 95
416861.7213416668 418736.7220916669 87 95
63267.09720833332 65447.90165208332 89 103
97786.23595833337 99969.27254583339 89 109
380199.7245916671 382380.5290354172 89 103
414718.8633416668 416899.6677854169 89 104
