2436.509916666667 2799.066166666667 39 68
17806.92533333333 18169.48158333333 39 68
43921.30739583334 44283.86364583334 39 68
69832.6352833332 70195.1915333332 39 68
96200.53786666656 96563.09411666656 39 68
122523.6751166665 122886.23136666651 39 68
5013.628249999998 5383.6939999999995 41 40
7569.582916666664 7813.364166666664 41 57
12798.971833333331 13042.753083333331 41 57
15355.449916666663 15674.59891666666 41 70
20447.23366666666 20814.880666666657 41 40
23044.081833333326 23287.86308333333 41 57
28340.61908333333 28633.124416666666 41 57
30993.150083333323 31875.833083333324 41 37
32295.413083333322 33176.37408333332 41 42
33595.95958333332 34445.20308333333 41 42
34881.93608333332 35166.94274999999 41 39
35750.88408333332 36183.38508333333 41 34
36608.46358333332 37044.827583333325 41 34
37469.67158333332 37873.03858333332 41 42
38324.80895833331 38751.16295833332 41 34
39171.696458333325 39601.804458333325 41 34
41469.83197916666 41788.980979166656 41 70
46513.66372916666 46907.02072916666 41 45
49146.47072916666 49390.251979166664 41 57
54354.87156249999 54598.65281249998 41 57
56882.72714583331 57765.41014583331 41 37
58184.990145833304 59065.9511458333 41 42
59485.53664583331 60335.4766458333 41 42
60772.209645833296 61057.216312499964 41 39
61641.1576458333 62073.658645833304 41 34
62499.59006249997 62935.954062499964 41 34
63360.79806249997 63797.16206249996 41 42
64216.6471458333 64643.00114583331 41 34
65064.240645833306 65494.3486458333 41 34
67381.15986666658 67700.30886666656 41 70
72433.99561666657 72806.51236666656 41 45
75061.96511666656 75305.74636666654 41 57
80304.12144999989 80547.90269999986 41 57
92353.71444999991 93855.44544999993 41 22
93749.06244999992 94068.2114499999 41 70
98825.80044999991 99224.7366999999 41 45
101463.72678333324 101707.50803333323 41 57
106676.37111666653 106920.15236666652 41 57
118676.85169999985 120079.29189999988 41 22
120072.19969999987 120391.34869999987 41 70
125160.3790333332 125530.44478333321 41 45
127774.8311999999 128018.6124499999 41 57
133105.71661666653 133424.3642833332 41 57
82880.2134499999 83769.10144999991 42 22
83324.65744999991 84229.52289999991 42 20
84213.54544999992 84719.8204499999 42 22
84664.6734499999 85572.32799999989 42 20
85569.5084499999 86465.0804499999 42 22
86020.6364499999 86920.81742499991 42 20
86917.91044999991 87848.14244999991 42 22
87383.02644999992 88316.9621499999 42 20
88313.2584499999 89202.14644999991 42 22
88757.70244999991 89662.5678999999 42 20
89646.59044999992 90135.3124499999 42 22
90097.7184499999 91011.89139999989 42 20
91005.3124499999 91900.88444999991 42 22
91456.44044999991 92357.59041666659 42 20
109229.52611666652 110118.41411666652 42 22
109673.97011666652 110578.83556666653 42 20
110562.85811666654 111069.13311666652 42 22
111013.98611666652 111925.40006666652 42 20
111918.82111666653 112814.39311666653 42 22
112369.94911666652 113274.0060583332 42 20
113267.22311666653 114197.45511666653 42 22
113732.33911666654 114669.05259166652 42 20
114662.57111666653 115551.45911666653 42 22
115107.01511666653 116011.88056666653 42 20
115995.90311666654 116484.62511666652 42 22
116447.03111666652 117341.61517499984 42 20
117335.13369999985 118224.02169999985 42 22
117779.57769999985 118682.66564999986 42 20
1225.5704999999998 1526.7199166666667 46 70
2026.719916666667 2436.509916666667 46 62
3697.1465 4093.2732499999993 46 43
6305.865666666665 6631.952916666664 46 43
8866.648416666665 9187.005416666665 46 57
10159.855416666665 10579.631166666666 46 36
11503.373833333331 11866.27708333333 46 38
14050.182833333329 14364.86783333333 46 57
16595.98591666666 16897.135333333328 46 70
17397.135333333328 17806.92533333333 46 62
19129.394416666655 19520.019166666658 46 43
21753.984833333325 22107.758333333324 46 43
24348.013333333332 24602.758333333335 46 51
25669.29216666667 26062.649166666666 46 40
26995.5625 27383.493249999996 46 43
29660.96058333333 29995.964249999997 46 57
42710.367979166665 43011.51739583334 46 70
43511.51739583334 43921.30739583334 46 62
45182.40947916667 45590.01797916667 46 48
47833.48072916665 48210.99772916666 46 48
50410.47972916666 50735.15472916666 46 57
51691.284729166655 52098.89322916665 46 40
53024.79956249998 53423.735812499974 46 43
55606.082562499985 55920.767562499976 46 57
68621.69586666656 68922.8452833332 46 70
69422.8452833332 69832.6352833332 46 62
71116.65586666657 71501.93011666655 46 48
73734.09536666657 74124.72011666656 46 48
76362.41861666655 76687.09361666655 46 51
77675.74061666653 78069.09761666654 46 40
78995.62694999989 79373.14394999988 46 43
81563.9684499999 81886.54944999989 46 57
82437.40944999989 82971.8800249999 46 49
94989.5984499999 95290.74786666657 46 70
95790.74786666657 96200.53786666656 46 62
97475.42694999992 97889.0301999999 46 48
100150.64303333324 100530.71078333324 46 48
102759.68228333324 103084.35728333321 46 57
104056.1412833332 104438.79428333319 46 40
105363.60861666653 105743.67636666654 46 43
107927.58211666653 108242.26711666652 46 57
108786.72211666653 109321.19269166653 46 48
121312.73569999986 121613.88511666651 46 70
122113.88511666651 122523.6751166665 46 62
123852.53053333319 124235.18353333318 46 48
126457.4634499999 126827.5291999999 46 48
129088.50569999989 129418.96469999992 46 51
130399.6516999999 130798.58794999993 46 40
131726.74061666656 132131.41661666654 46 43
134380.88944999987 135871.41344999988 46 68
134867.22944999987 136262.62679999985 46 46
31439.469083333322 32085.623083333325 48 25
31875.833083333324 32521.828083333327 48 28
34015.095083333326 35023.27874999999 48 32
36183.38508333333 36608.46358333332 48 31
37044.827583333325 37469.67158333332 48 28
38751.16295833332 39171.696458333325 48 32
39601.804458333325 40626.920733333325 48 38
57329.04614583331 57975.2001458333 48 25
57765.41014583331 58411.405145833305 48 28
59905.3686458333 60913.55231249997 48 32
62073.658645833304 62499.59006249997 48 31
62935.954062499964 63360.79806249997 48 28
64643.00114583331 65064.240645833306 48 32
65494.3486458333 66528.3112291666 48 38
92818.83044999992 93855.44544999993 48 23
119141.96769999986 120079.29189999988 48 23
82880.2134499999 83769.10144999991 49 26
83324.65744999991 84229.52289999991 49 23
84213.54544999992 84719.8204499999 49 26
84664.6734499999 85572.32799999989 49 23
85569.5084499999 86465.0804499999 49 26
86020.6364499999 86920.81742499991 49 23
86917.91044999991 87848.14244999991 49 26
87383.02644999992 88316.9621499999 49 23
88313.2584499999 89202.14644999991 49 26
88757.70244999991 89662.5678999999 49 23
89646.59044999992 90135.3124499999 49 26
90097.7184499999 91011.89139999989 49 23
91005.3124499999 91900.88444999991 49 26
91456.44044999991 92357.59041666659 49 23
92353.71444999991 93516.50444999993 49 26
109229.52611666652 110118.41411666652 49 26
109673.97011666652 110578.83556666653 49 23
110562.85811666654 111069.13311666652 49 26
111013.98611666652 111925.40006666652 49 23
111918.82111666653 112814.39311666653 49 26
112369.94911666652 113274.0060583332 49 23
113267.22311666653 114197.45511666653 49 26
113732.33911666654 114669.05259166652 49 23
114662.57111666653 115551.45911666653 49 26
115107.01511666653 116011.88056666653 49 23
115995.90311666654 116484.62511666652 49 26
116447.03111666652 117341.61517499984 49 23
117335.13369999985 118224.02169999985 49 26
117779.57769999985 118682.66564999986 49 23
118676.85169999985 119839.64169999988 49 26
32740.010083333324 33386.90058333332 50 32
33176.37408333332 33800.04108333333 50 33
35312.928083333325 35750.88408333332 50 28
37909.074749999985 38135.68258333331 50 32
58629.587145833306 59276.4776458333 50 32
59065.9511458333 59690.31464583331 50 33
61203.2016458333 61641.1576458333 50 28
63797.16206249996 64043.921937499974 50 32
2436.509916666667 2799.066166666667 51 80
17806.92533333333 18169.48158333333 51 80
43921.30739583334 44283.86364583334 51 80
69832.6352833332 70195.1915333332 51 80
96200.53786666656 96563.09411666656 51 80
122523.6751166665 122886.23136666651 51 80
40038.53745833333 40626.920733333325 52 38
65931.08164583328 66528.3112291666 52 38
416.667 823.8578458333332 53 50
818.0049999999999 1260.05325 53 51
1626.719916666667 2038.3865833333336 53 52
4174.441999999999 4601.613874999999 53 23
4595.494999999999 5060.914429166665 53 22
5468.921249999999 5893.040216666665 53 22
5886.022666666666 6342.097583333331 53 21
6722.972416666664 7154.248666666664 53 23
7145.5074166666645 7604.305166666663 53 22
7986.975416666664 8924.202416666665 53 39
9291.534916666666 10213.493429166667 53 39
10666.036666666665 11087.03960833333 53 22
11083.53083333333 11589.059322916664 53 21
11956.856833333331 12798.971833333331 53 23
12379.391833333331 12809.388508333332 53 22
13216.36433333333 14155.07783333333 53 39
14469.76283333333 14910.65898333333 53 39
15780.98191666666 16192.299072916661 53 50
16186.386916666659 16630.468666666657 53 51
16997.135333333328 17412.135333333328 53 52
19608.047416666657 20037.84166666666 53 23
20029.100416666657 20494.210783333325 53 22
20903.743166666656 21331.705464583327 53 22
21322.056333333327 21837.51468749999 53 21
22197.471333333324 22829.79633333333 53 23
22620.006333333324 23049.290170833327 53 22
23461.47433333333 24406.621333333333 53 39
24779.43666666667 25719.55445 53 31
26155.932666666664 26586.245824999998 53 22
26575.7195 27087.157260416665 53 21
27476.776749999997 27916.794249999995 53 23
27899.311749999997 28347.94508333333 53 22
28778.57908333333 29664.610216666664 53 39
30107.904499999997 30565.557593749996 53 39
40471.03845833332 40956.038195833324 53 38
41895.36397916666 42306.681135416664 53 50
42300.76897916666 42744.85072916666 53 51
43111.51739583334 43527.35072916667 53 52
45674.47747916667 46103.39760416667 53 27
46095.53047916667 46563.9260125 53 24
46995.46422916666 47422.40966666665 53 26
47413.63772916665 47922.61668749999 53 23
48299.860229166654 48932.18522916666 53 27
48722.39522916666 49150.81101041666 53 24
49563.863229166665 50469.08772916666 53 39
50840.04972916666 51743.36803749998 53 39
52186.92147916665 52610.21972499998 53 22
52604.95656249998 53118.99284374998 53 21
53512.75656249998 54354.87156249999 53 23
53935.29156249998 54357.475731249986 53 22
54772.264062499984 55612.201437499985 53 39
56025.66256249997 56451.537531249975 53 39
66363.58264583327 66876.47966666661 53 38
67806.69186666656 68221.38739791657 53 50
68212.09686666656 68656.17861666656 53 51
69022.8452833332 69436.17861666654 53 52
71594.80936666655 72024.60361666656 53 27
72015.86236666655 72481.59497916656 53 24
72895.79811666657 73323.90149791658 53 26
73314.25236666658 73826.32621041658 53 23
74215.35461666656 74847.67961666656 53 27
74637.88961666655 75065.43734166655 53 24
75479.35761666654 76421.02661666655 53 39
76791.98861666654 77726.00289999988 53 31
78157.59311666654 78583.67869374987 53 22
78575.78394999988 79084.76290833321 53 21
79462.00644999988 80304.12144999989 53 23
79884.54144999989 80338.84369999988 53 22
80721.51394999988 81576.51326666656 53 39
81994.6054499999 82454.0145999999 53 39
94174.5944499999 94782.7019499999 53 50
94579.9994499999 94997.3570687499 53 51
95390.74786666656 95990.74786666657 53 52
97972.7354499999 98603.5784499999 53 27
98393.7884499999 98844.6391062499 53 24
99312.7649499999 100081.67753333323 53 26
99730.80003333325 100155.92175208325 53 23
100617.11628333325 101249.44128333325 53 27
101039.65128333324 101470.67123333325 53 24
101881.11928333323 102766.09253333324 53 39
103189.25228333322 104073.1480833332 53 39
104526.00353333319 105259.55536666654 53 22
104943.76561666654 105366.77584791655 53 21
105834.25611666654 106676.37111666653 53 23
106256.79111666653 106678.97528541653 53 22
107093.76361666652 107931.07861666652 53 39
108347.16211666653 108798.71472499985 53 39
120497.73169999986 121105.83919999986 53 50
120903.13669999986 121318.77018124986 53 51
121713.8851166665 122313.88511666651 53 52
124321.19278333319 125056.93078333318 53 27
124742.24578333319 125181.9662020832 53 24
125619.30728333321 126388.49794999989 53 26
126037.62044999989 126463.6312124999 53 23
126915.9726999999 127560.54569999989 53 27
127350.75569999989 127781.7756499999 53 24
128192.22369999989 129096.9643499999 53 39
129523.85969999991 130420.70666874992 53 31
130888.30094999992 131622.68736666656 53 22
131306.89761666657 131732.36111666655 53 21
132225.16661666654 133105.71661666653 53 23
132647.70161666654 133108.37619166652 53 22
133530.12244999988 134002.9580749999 53 41
133951.0549499999 134547.55603333318 53 44
134867.22944999987 136262.62679999985 53 46
2770.330541666667 3277.499789583332 55 59
18140.74595833333 18650.49252499999 55 59
44255.12802083334 44764.87458750001 55 59
70166.4559083332 70674.48426249989 55 59
96534.35849166657 97044.10505833324 55 59
122857.49574166651 123367.2423083332 55 59
8401.723916666664 8924.202416666665 57 39
13631.112833333329 14155.07783333333 57 39
23876.222833333333 24406.621333333333 57 39
29211.796083333335 29664.610216666664 57 39
31439.469083333322 32085.623083333325 57 30
31875.833083333324 32521.828083333327 57 34
34015.095083333326 35023.27874999999 57 38
36183.38508333333 36608.46358333332 57 37
37044.827583333325 37469.67158333332 57 34
38751.16295833332 39171.696458333325 57 38
39601.804458333325 40180.88612499999 57 45
40471.03845833332 40956.038195833324 57 45
49978.61172916666 50469.08772916666 57 39
55187.01256249998 55612.201437499985 57 39
57329.04614583331 57975.2001458333 57 30
57765.41014583331 58411.405145833305 57 34
59905.3686458333 60913.55231249997 57 38
62073.658645833304 62499.59006249997 57 37
62935.954062499964 63360.79806249997 57 34
64643.00114583331 65064.240645833306 57 38
65494.3486458333 66073.43031249996 57 45
66363.58264583327 66876.47966666661 57 45
75894.10611666656 76421.02661666655 57 39
81136.2624499999 81576.51326666656 57 39
102295.86778333325 102766.09253333324 57 39
107508.51211666653 107931.07861666652 57 39
128606.97219999989 129096.9643499999 57 39
133951.0549499999 134547.55603333318 57 44
1626.719916666667 2038.3865833333336 58 52
2799.066166666667 3277.499789583332 58 59
4174.441999999999 4601.613874999999 58 23
4595.494999999999 5060.914429166665 58 22
6722.972416666664 7154.248666666664 58 23
7145.5074166666645 7604.305166666663 58 22
9291.534916666666 10213.493429166667 58 39
11956.856833333331 12798.971833333331 58 23
12379.391833333331 12809.388508333332 58 22
14469.76283333333 14910.65898333333 58 39
16997.135333333328 17412.135333333328 58 52
18169.48158333333 18650.49252499999 58 59
19608.047416666657 20037.84166666666 58 23
20029.100416666657 20494.210783333325 58 22
22197.471333333324 22829.79633333333 58 23
22620.006333333324 23049.290170833327 58 22
24779.43666666667 25719.55445 58 31
27476.776749999997 27916.794249999995 58 23
27899.311749999997 28347.94508333333 58 22
30107.904499999997 30565.557593749996 58 39
32740.010083333324 33386.90058333332 58 38
33176.37408333332 33800.04108333333 58 39
35312.928083333325 35750.88408333332 58 34
37909.074749999985 38135.68258333331 58 38
40038.53745833333 40626.920733333325 58 45
43111.51739583334 43527.35072916667 58 52
44283.86364583334 44764.87458750001 58 59
45674.47747916667 46103.39760416667 58 27
46095.53047916667 46563.9260125 58 24
48299.860229166654 48932.18522916666 58 27
48722.39522916666 49150.81101041666 58 24
50840.04972916666 51743.36803749998 58 39
53512.75656249998 54354.87156249999 58 23
53935.29156249998 54357.475731249986 58 22
56025.66256249997 56451.537531249975 58 39
58629.587145833306 59276.4776458333 58 38
59065.9511458333 59690.31464583331 58 39
61203.2016458333 61641.1576458333 58 34
63797.16206249996 64043.921937499974 58 38
65931.08164583328 66528.3112291666 58 45
69022.8452833332 69436.17861666654 58 52
70195.1915333332 70674.48426249989 58 59
71594.80936666655 72024.60361666656 58 27
72015.86236666655 72481.59497916656 58 24
74215.35461666656 74847.67961666656 58 27
74637.88961666655 75065.43734166655 58 24
76791.98861666654 77726.00289999988 58 31
79462.00644999988 80304.12144999989 58 23
79884.54144999989 80338.84369999988 58 22
81994.6054499999 82454.0145999999 58 39
95390.74786666656 95990.74786666657 58 52
96563.09411666656 97044.10505833324 58 59
97972.7354499999 98603.5784499999 58 27
98393.7884499999 98844.6391062499 58 24
100617.11628333325 101249.44128333325 58 27
101039.65128333324 101470.67123333325 58 24
103189.25228333322 104073.1480833332 58 39
105834.25611666654 106676.37111666653 58 23
106256.79111666653 106678.97528541653 58 22
108347.16211666653 108798.71472499985 58 39
121713.8851166665 122313.88511666651 58 52
122886.23136666651 123367.2423083332 58 59
124321.19278333319 125056.93078333318 58 27
124742.24578333319 125181.9662020832 58 24
126915.9726999999 127560.54569999989 58 27
127350.75569999989 127781.7756499999 58 24
129523.85969999991 130420.70666874992 58 31
132225.16661666654 133105.71661666653 58 23
132647.70161666654 133108.37619166652 58 22
416.667 823.8578458333332 60 50
818.0049999999999 1260.05325 60 51
5468.921249999999 5893.040216666665 60 22
5886.022666666666 6342.097583333331 60 21
10666.036666666665 11087.03960833333 60 22
11083.53083333333 11589.059322916664 60 21
15780.98191666666 16192.299072916661 60 50
16186.386916666659 16630.468666666657 60 51
20903.743166666656 21331.705464583327 60 22
21322.056333333327 21837.51468749999 60 21
26155.932666666664 26586.245824999998 60 22
26575.7195 27087.157260416665 60 21
41895.36397916666 42306.681135416664 60 50
42300.76897916666 42744.85072916666 60 51
46995.46422916666 47422.40966666665 60 26
47413.63772916665 47922.61668749999 60 23
52186.92147916665 52610.21972499998 60 22
52604.95656249998 53118.99284374998 60 21
67806.69186666656 68221.38739791657 60 50
68212.09686666656 68656.17861666656 60 51
72895.79811666657 73323.90149791658 60 26
73314.25236666658 73826.32621041658 60 23
78157.59311666654 78583.67869374987 60 22
78575.78394999988 79084.76290833321 60 21
94174.5944499999 94782.7019499999 60 50
94579.9994499999 94997.3570687499 60 51
99312.7649499999 100081.67753333323 60 26
99730.80003333325 100155.92175208325 60 23
104526.00353333319 105259.55536666654 60 22
104943.76561666654 105366.77584791655 60 21
120497.73169999986 121105.83919999986 60 50
120903.13669999986 121318.77018124986 60 51
125619.30728333321 126388.49794999989 60 26
126037.62044999989 126463.6312124999 60 23
130888.30094999992 131622.68736666656 60 22
131306.89761666657 131732.36111666655 60 21
1626.719916666667 2038.3865833333336 62 52
4174.441999999999 4601.613874999999 62 28
4595.494999999999 5060.914429166665 62 26
6722.972416666664 7154.248666666664 62 28
7145.5074166666645 7604.305166666663 62 26
9291.534916666666 9720.444291666667 62 47
9709.652916666666 10213.493429166667 62 46
11956.856833333331 12798.971833333331 62 28
12379.391833333331 12809.388508333332 62 26
14469.76283333333 14910.65898333333 62 47
16997.135333333328 17412.135333333328 62 52
19608.047416666657 20037.84166666666 62 28
20029.100416666657 20494.210783333325 62 26
22197.471333333324 22829.79633333333 62 28
22620.006333333324 23049.290170833327 62 26
24779.43666666667 25212.45747916667 62 37
25203.46466666667 25719.55445 62 36
27476.776749999997 27916.794249999995 62 28
27899.311749999997 28347.94508333333 62 26
30107.904499999997 30565.557593749996 62 47
43111.51739583334 43527.35072916667 62 52
45674.47747916667 46103.39760416667 62 31
46095.53047916667 46563.9260125 62 29
48299.860229166654 48932.18522916666 62 31
48722.39522916666 49150.81101041666 62 29
50840.04972916666 51271.32038541666 62 47
51259.629729166656 51743.36803749998 62 46
53512.75656249998 54354.87156249999 62 28
53935.29156249998 54357.475731249986 62 26
56025.66256249997 56451.537531249975 62 47
69022.8452833332 69436.17861666654 62 52
71594.80936666655 72024.60361666656 62 31
72015.86236666655 72481.59497916656 62 29
74215.35461666656 74847.67961666656 62 31
74637.88961666655 75065.43734166655 62 29
76791.98861666654 77223.25927291653 62 37
77211.56861666654 77726.00289999988 62 36
79462.00644999988 80304.12144999989 62 28
79884.54144999989 80338.84369999988 62 26
81994.6054499999 82454.0145999999 62 47
95390.74786666656 95990.74786666657 62 52
97972.7354499999 98603.5784499999 62 31
98393.7884499999 98844.6391062499 62 29
100617.11628333325 101249.44128333325 62 31
101039.65128333324 101470.67123333325 62 29
103189.25228333322 103824.65978333322 62 47
103608.83228333322 104073.1480833332 62 46
105834.25611666654 106676.37111666653 62 28
106256.79111666653 106678.97528541653 62 26
108347.16211666653 108798.71472499985 62 47
121713.8851166665 122313.88511666651 62 52
124321.19278333319 125056.93078333318 62 31
124742.24578333319 125181.9662020832 62 29
126915.9726999999 127560.54569999989 62 31
127350.75569999989 127781.7756499999 62 29
129523.85969999991 130159.2671999999 62 37
129943.43969999992 130420.70666874992 62 36
132225.16661666654 133105.71661666653 62 28
132647.70161666654 133108.37619166652 62 26
134867.22944999987 136262.62679999985 62 56
416.667 823.8578458333332 63 59
818.0049999999999 1260.05325 63 60
2827.8017916666668 3277.499789583332 63 59
5468.921249999999 5893.040216666665 63 27
5886.022666666666 6342.097583333331 63 25
7986.975416666664 8412.068741666666 63 47
8401.723916666664 8924.202416666665 63 46
10666.036666666665 11087.03960833333 63 27
11083.53083333333 11589.059322916664 63 25
13216.36433333333 13634.56110833333 63 47
13631.112833333329 14155.07783333333 63 46
15780.98191666666 16192.299072916661 63 59
16186.386916666659 16630.468666666657 63 60
18198.217208333328 18650.49252499999 63 59
20903.743166666656 21331.705464583327 63 27
21322.056333333327 21837.51468749999 63 25
23461.47433333333 23886.567658333333 63 47
23876.222833333333 24406.621333333333 63 46
26155.932666666664 26586.245824999998 63 27
26575.7195 27087.157260416665 63 25
28778.57908333333 29224.4314625 63 47
29211.796083333335 29664.610216666664 63 46
41895.36397916666 42306.681135416664 63 59
42300.76897916666 42744.85072916666 63 60
44312.59927083334 44764.87458750001 63 59
46995.46422916666 47422.40966666665 63 30
47413.63772916665 47922.61668749999 63 28
49563.863229166665 49989.81862291666 63 47
49978.61172916666 50469.08772916666 63 46
52186.92147916665 52610.21972499998 63 27
52604.95656249998 53118.99284374998 63 25
54772.264062499984 55196.495318749985 63 47
55187.01256249998 55612.201437499985 63 46
67806.69186666656 68221.38739791657 63 59
68212.09686666656 68656.17861666656 63 60
70223.9271583332 70674.48426249989 63 59
72895.79811666657 73323.90149791658 63 30
73314.25236666658 73826.32621041658 63 28
75479.35761666654 75899.27852916656 63 47
75894.10611666656 76421.02661666655 63 46
78157.59311666654 78583.67869374987 63 27
78575.78394999988 79084.76290833321 63 25
80721.51394999988 81144.02106874989 63 47
81136.2624499999 81576.51326666656 63 46
94174.5944499999 94782.7019499999 63 59
94579.9994499999 94997.3570687499 63 60
96591.82974166656 97044.10505833324 63 59
99312.7649499999 100081.67753333323 63 30
99730.80003333325 100155.92175208325 63 28
101881.11928333323 102330.35053333324 63 47
102295.86778333325 102766.09253333324 63 46
104526.00353333319 105259.55536666654 63 27
104943.76561666654 105366.77584791655 63 25
107093.76361666652 107542.99486666653 63 47
107508.51211666653 107931.07861666652 63 46
120497.73169999986 121105.83919999986 63 59
120903.13669999986 121318.77018124986 63 60
122914.9669916665 123367.2423083332 63 59
125619.30728333321 126388.49794999989 63 30
126037.62044999989 126463.6312124999 63 28
128192.22369999989 128641.45494999988 63 47
128606.97219999989 129096.9643499999 63 46
130888.30094999992 131622.68736666656 63 27
131306.89761666657 131732.36111666655 63 25
133530.12244999988 134002.9580749999 63 49
133951.0549499999 134547.55603333318 63 51
6722.972416666664 7604.305166666663 64 44
11956.856833333331 12809.388508333332 64 44
22197.471333333324 23049.290170833327 64 44
27476.776749999997 28347.94508333333 64 44
48299.860229166654 49150.81101041666 64 49
53512.75656249998 54357.475731249986 64 44
74215.35461666656 75065.43734166655 64 49
79462.00644999988 80338.84369999988 64 44
85450.4609499999 85572.32799999989 64 41
87383.02644999992 88316.9621499999 64 42
90886.2649499999 91011.89139999989 64 41
100617.11628333325 101470.67123333325 64 49
105834.25611666654 106678.97528541653 64 44
111799.77361666653 111925.40006666652 64 41
113732.33911666654 114669.05259166652 64 42
117224.02269999986 117341.61517499984 64 41
126915.9726999999 127781.7756499999 64 49
132225.16661666654 133108.37619166652 64 44
312.50025 818.0049999999999 65 66
7569.582916666664 7778.520999999997 65 55
12798.971833333331 13007.909916666664 65 55
14364.86783333333 14504.72783333333 65 57
15355.449916666663 15674.59891666666 65 70
15674.59891666666 16186.386916666659 65 66
23044.081833333326 23253.019916666664 65 55
28340.61908333333 28487.139083333328 65 55
29995.964249999997 30555.665499999996 65 57
41469.83197916666 41788.980979166656 65 70
41788.980979166656 42300.76897916666 65 66
49146.47072916666 49355.4088125 65 55
54354.87156249999 54563.80964583332 65 55
55920.767562499976 56445.242562499974 65 57
67381.15986666658 67700.30886666656 65 70
67700.30886666656 68212.09686666656 65 66
75061.96511666656 75270.90319999988 65 55
80304.12144999989 80513.0595333332 65 55
81886.54944999989 82437.40944999989 65 57
93749.06244999992 94068.2114499999 65 70
94068.2114499999 94579.9994499999 65 66
101463.72678333324 101672.66486666657 65 55
106676.37111666653 106885.30919999986 65 55
108242.26711666652 108786.72211666653 65 57
120072.19969999987 120391.34869999987 65 70
120391.34869999987 120903.13669999986 65 66
127774.8311999999 127983.76928333321 65 55
133105.71661666653 133283.02161666652 65 55
134616.18344999987 135871.41344999988 65 68
41109.23695208332 41296.93902916666 66 62
67007.92147708328 67197.91517499991 66 62
416.667 823.8578458333332 67 70
2856.537416666667 3277.499789583332 67 70
15124.680916666663 15461.832916666663 67 61
15780.98191666666 16192.299072916661 67 70
18226.95283333333 18650.49252499999 67 70
40827.30020833333 40956.038195833324 67 62
41895.36397916666 42306.681135416664 67 70
44341.33489583335 44764.87458750001 67 70
66720.62189583328 66876.47966666661 67 62
67806.69186666656 68221.38739791657 67 70
70252.66278333319 70674.48426249989 67 70
93516.50444999993 93855.44544999993 67 53
94174.5944499999 94782.7019499999 67 70
96620.56536666656 97044.10505833324 67 70
119839.64169999988 120079.29189999988 67 53
120497.73169999986 121105.83919999986 67 70
122943.7026166665 123367.2423083332 67 70
818.0049999999999 1260.05325 69 70
5468.921249999999 6305.865666666665 69 44
7882.808666666664 8021.697666666664 69 58
10666.036666666665 11434.408333333333 69 44
13112.19758333333 13251.086583333328 69 58
14903.278916666663 15355.449916666663 69 64
16186.386916666659 16630.468666666657 69 70
20903.743166666656 21753.984833333325 69 44
23357.30758333333 23496.196583333334 69 58
26155.932666666664 26926.596999999998 69 44
28669.48808333333 28923.506749999997 69 58
30555.665499999996 30808.643333333326 69 44
42300.76897916666 42744.85072916666 69 70
46995.46422916666 47833.48072916665 69 49
49459.69647916667 49598.585479166664 69 58
52186.92147916665 52955.834062499984 69 44
54668.09731249999 54806.98631249999 69 58
56445.242562499974 56698.22039583331 69 44
68212.09686666656 68656.17861666656 69 70
72895.79811666657 73734.09536666657 69 49
75375.19086666654 75514.07986666655 69 58
78157.59311666654 78926.66144999988 69 44
80617.34719999987 80756.23619999987 69 58
92818.83044999992 93749.06244999992 69 42
94579.9994499999 94997.3570687499 69 70
99312.7649499999 100150.64303333324 69 49
101776.95253333323 101915.84153333324 69 58
104526.00353333319 105294.64311666653 69 44
106989.59686666651 107128.48586666652 69 58
119141.96769999986 120072.19969999987 69 42
120903.13669999986 121318.77018124986 69 70
125619.30728333321 126457.4634499999 69 49
128088.0569499999 128226.94594999988 69 58
130888.30094999992 131657.77511666657 69 44
133424.3642833332 133635.7561999999 69 60
1225.5704999999998 1526.7199166666667 70 71
6254.141541666665 6342.097583333331 70 45
11399.32058333333 11503.373833333331 70 42
14469.76283333333 14910.65898333333 70 59
16595.98591666666 16897.135333333328 70 71
21698.634333333324 21837.51468749999 70 45
26891.50925 26995.5625 70 42
30107.904499999997 30565.557593749996 70 59
30772.146999999994 31221.28708333332 70 44
42710.367979166665 43011.51739583334 70 71
47781.75660416665 47922.61668749999 70 50
52920.74631249998 53024.79956249998 70 42
56025.66256249997 56451.537531249975 70 59
56661.724062499976 57110.86414583331 70 44
68621.69586666656 68922.8452833332 70 71
73682.37124166657 73826.32621041658 70 50
78891.57369999988 78995.62694999989 70 42
81994.6054499999 82454.0145999999 70 59
84213.54544999992 84551.8914499999 70 42
85105.8494499999 85450.4609499999 70 37
86917.91044999991 87227.98778333324 70 45
87227.98778333324 87848.14244999991 70 39
89646.59044999992 89984.9364499999 70 42
90541.6534499999 90886.2649499999 70 37
92353.71444999991 92663.79178333325 70 45
92663.79178333325 93516.50444999993 70 39
94989.5984499999 95290.74786666657 70 71
100098.91890833323 100155.92175208325 70 50
105259.55536666654 105363.60861666653 70 42
108347.16211666653 108798.71472499985 70 59
110562.85811666654 110901.20411666651 70 42
111455.16211666653 111799.77361666653 70 37
113267.22311666653 113577.30044999986 70 45
113577.30044999986 114197.45511666653 70 39
115995.90311666654 116334.24911666653 70 42
116890.68969999986 117224.02269999986 70 37
118676.85169999985 118986.9290333332 70 45
118986.9290333332 119839.64169999988 70 39
121312.73569999986 121613.88511666651 70 71
126405.73932499989 126463.6312124999 70 50
131622.68736666656 131726.74061666656 70 42
134867.22944999987 136262.62679999985 70 68
1526.7199166666667 2026.719916666667 72 66
7986.975416666664 8229.310166666664 72 59
13216.36433333333 13458.69908333333 72 59
13837.41683333333 14155.07783333333 72 56
16897.135333333328 17397.135333333328 72 66
23461.47433333333 23703.809083333334 72 59
28778.57908333333 29067.911083333332 72 59
29428.40258333333 29664.610216666664 72 56
30993.150083333323 31439.469083333322 72 46
31439.469083333322 32085.623083333325 72 46
33595.95958333332 34015.095083333326 72 56
34015.095083333326 34657.21708333333 72 56
36183.38508333333 36608.46358333332 72 51
36608.46358333332 37254.61758333332 72 51
38751.16295833332 39171.696458333325 72 56
39171.696458333325 39813.81845833333 72 56
43011.51739583334 43511.51739583334 72 66
49563.863229166665 49806.19797916666 72 59
54772.264062499984 55014.598812499986 72 59
55393.31656249998 55612.201437499985 72 56
56882.72714583331 57329.04614583331 72 46
57329.04614583331 57975.2001458333 72 46
59485.53664583331 59905.3686458333 72 56
59905.3686458333 60547.490645833306 72 56
62073.658645833304 62499.59006249997 72 51
62499.59006249997 63145.744062499965 72 51
64643.00114583331 65064.240645833306 72 56
65064.240645833306 65706.3626458333 72 56
68922.8452833332 69422.8452833332 72 66
75479.35761666654 75721.69236666655 72 59
80721.51394999988 80963.84869999989 72 59
81342.56644999991 81576.51326666656 72 56
83991.32344999991 84229.52289999991 72 37
84664.6734499999 84774.96744999991 72 37
84774.96744999991 85331.41344999992 72 40
86691.4954499999 86920.81742499991 72 37
87072.94911666658 87383.02644999992 72 40
89424.36844999992 89662.5678999999 72 37
90097.7184499999 90172.76561666657 72 37
90210.07903333323 90284.01636666656 72 37
90320.64636666657 90393.7726999999 72 37
90430.4026999999 90504.34003333324 72 37
92240.50694999991 92357.59041666659 72 37
92508.75311666659 92818.83044999992 72 40
95290.74786666657 95790.74786666657 72 66
101881.11928333323 102123.45403333324 72 59
107093.76361666652 107336.09836666653 72 59
107821.19911666654 107931.07861666652 72 56
110340.63611666653 110578.83556666653 72 37
111013.98611666652 111124.28011666653 72 37
111124.28011666653 111680.72611666654 72 40
113040.80811666652 113274.0060583332 72 37
113422.2617833332 113732.33911666654 72 40
115773.68111666654 116011.88056666653 72 37
116447.03111666652 116522.07828333319 72 37
116559.39169999985 116633.32903333318 72 37
116669.95903333319 116743.08536666652 72 37
116779.71536666653 116890.68969999986 72 37
118563.64419999985 118682.66564999986 72 37
118831.89036666653 119141.96769999986 72 40
121613.88511666651 122113.88511666651 72 66
128192.22369999989 128434.55844999988 72 59
133530.12244999988 133811.1949499999 72 62
134269.77844999987 134547.55603333318 72 64
83769.10144999991 84213.54544999992 73 37
84551.8914499999 84719.8204499999 73 37
84719.8204499999 85105.8494499999 73 37
86465.0804499999 86917.91044999991 73 37
89202.14644999991 89646.59044999992 73 37
89984.9364499999 90135.3124499999 73 37
90154.03903333323 90247.11603333322 73 33
90265.5661999999 90357.27636666657 73 35
90375.52453333323 90467.30303333324 73 34
90485.82153333323 90767.21744999991 73 37
91900.88444999991 92353.71444999991 73 37
110118.41411666652 110562.85811666654 73 37
110901.20411666651 111069.13311666652 73 37
111069.13311666652 111455.16211666653 73 37
112814.39311666653 113267.22311666653 73 37
115551.45911666653 115995.90311666654 73 37
116334.24911666653 116484.62511666652 73 37
116503.35169999985 116596.42869999984 73 33
116614.87886666652 116706.58903333319 73 35
116724.83719999985 116816.61569999986 73 34
116835.13419999985 117112.91169999985 73 37
118224.02169999985 118676.85169999985 73 37
1626.719916666667 2038.3865833333336 74 70
4174.441999999999 5013.628249999998 74 44
6305.865666666665 6523.2571666666645 74 49
6631.952916666664 7145.5074166666645 74 47
11451.64970833333 11589.059322916664 74 41
13631.112833333329 13734.32408333333 74 56
13734.32408333333 14050.182833333329 74 61
14050.182833333329 14173.43445833333 74 64
16997.135333333328 17412.135333333328 74 70
19608.047416666657 20447.23366666666 74 44
21753.984833333325 21989.833833333327 74 49
22107.758333333324 22620.006333333324 74 47
26943.838375 27087.157260416665 74 41
29211.796083333335 29269.557816666667 74 56
29320.09933333333 29660.96058333333 74 61
29660.96058333333 29884.023999999998 74 64
31330.378083333322 31875.833083333324 74 42
33386.90058333332 33800.04108333333 74 49
33800.04108333333 34445.20308333333 74 51
35969.862083333326 36390.28158333333 74 50
36390.28158333333 36826.645583333324 74 49
38535.33545833331 38956.64245833332 74 49
38956.64245833332 39386.75045833332 74 51
43111.51739583334 43527.35072916667 74 70
45674.47747916667 46513.66372916666 74 49
47833.48072916665 48085.15872916666 74 56
48210.99772916666 48722.39522916666 74 52
52973.07543749998 53118.99284374998 74 41
55187.01256249998 55290.22381249998 74 56
55290.22381249998 55606.082562499985 74 61
55606.082562499985 55815.87256249998 74 64
57219.95514583331 57765.41014583331 74 42
59276.4776458333 59690.31464583331 74 49
59690.31464583331 60335.4766458333 74 51
61860.1356458333 62108.99431249997 74 50
62281.40806249997 62717.77206249997 74 49
64427.1736458333 64849.18664583332 74 49
64849.18664583332 65279.2946458333 74 51
69022.8452833332 69436.17861666654 74 70
71594.80936666655 72433.99561666657 74 49
73734.09536666657 73994.51186666657 74 56
74124.72011666656 74637.88961666655 74 52
78943.90282499988 79084.76290833321 74 41
81136.2624499999 81239.4736999999 74 56
81239.4736999999 81563.9684499999 74 61
81563.9684499999 81677.76785833323 74 64
95390.74786666656 95990.74786666657 74 70
97972.7354499999 98825.80044999991 74 49
100150.64303333324 100292.11269583326 74 56
100530.71078333324 101039.65128333324 74 52
105311.88449166653 105366.77584791655 74 41
107508.51211666653 107611.72336666654 74 56
107611.72336666654 107927.58211666653 74 61
107927.58211666653 108038.59599166653 74 64
121713.8851166665 122313.88511666651 74 70
124321.19278333319 125160.3790333332 74 49
126457.4634499999 126609.60159166656 74 56
126827.5291999999 127350.75569999989 74 52
131675.01649166655 131732.36111666655 74 41
133951.0549499999 134054.8611999999 74 63
134054.8611999999 134380.88944999987 74 70
134380.88944999987 134867.22944999987 74 76
2026.719916666667 2436.509916666667 75 75
4961.904124999998 5060.914429166665 75 45
8194.708083333331 8412.068741666666 75 60
13424.096999999996 13634.56110833333 75 60
13682.77770833333 13837.41683333333 75 56
17397.135333333328 17806.92533333333 75 75
20395.50954166666 20494.210783333325 75 45
23669.207 23886.567658333333 75 60
28995.708916666666 29224.4314625 75 60
29265.947708333333 29428.40258333333 75 56
43511.51739583334 43921.30739583334 75 75
46461.93960416667 46563.9260125 75 50
49771.59589583333 49989.81862291666 75 60
54979.99672916665 55196.495318749985 75 60
55238.67743749998 55393.31656249998 75 56
69422.8452833332 69832.6352833332 75 75
72382.27149166656 72481.59497916656 75 50
75687.09028333322 75899.27852916656 75 60
80929.24661666654 81144.02106874989 75 60
81187.92732499991 81342.56644999991 75 56
95790.74786666657 96200.53786666656 75 75
98770.2449499999 98844.6391062499 75 50
102088.85194999991 102330.35053333324 75 60
107301.4962833332 107542.99486666653 75 60
107560.17699166654 107714.81611666654 75 56
122113.88511666651 122523.6751166665 75 75
125108.65490833319 125181.9662020832 75 50
128399.95636666655 128641.45494999988 75 60
133741.0194499999 134002.9580749999 75 66
134002.9580749999 134158.6674499999 75 63
31875.833083333324 32295.413083333322 76 49
34445.20308333333 34769.57658333333 76 50
37044.827583333325 37469.67158333332 76 49
39601.804458333325 40038.53745833333 76 55
57765.41014583331 58184.990145833304 76 49
60335.4766458333 60659.850145833305 76 50
62935.954062499964 63360.79806249997 76 49
65494.3486458333 65931.08164583328 76 55
83324.65744999991 83991.32344999991 76 41
86020.6364499999 86691.4954499999 76 41
88757.70244999991 89424.36844999992 76 41
91456.44044999991 92240.50694999991 76 41
109673.97011666652 110340.63611666653 76 41
112369.94911666652 113040.80811666652 76 41
115107.01511666653 115773.68111666654 76 41
117779.57769999985 118563.64419999985 76 41
2226.719916666667 2502.611666666667 77 79
3643.4441249999995 3716.9528374999995 77 46
8737.338166666666 8801.993291666666 77 63
8801.993291666666 8924.202416666665 77 55
9709.652916666666 10213.493429166667 77 55
11503.373833333331 11745.30933333333 77 49
11866.27708333333 12379.391833333331 77 47
17597.135333333328 17873.02708333333 77 79
19058.90566666666 19202.09402291666 77 46
24215.270083333337 24281.641708333336 77 63
24281.641708333336 24406.621333333333 77 49
25203.46466666667 25719.55445 77 49
26995.5625 27254.182999999997 77 49
27383.493249999996 27899.311749999997 77 47
32085.623083333325 32521.828083333327 77 51
33176.37408333332 33595.95958333332 77 52
34769.57658333333 35023.27874999999 77 55
35312.928083333325 36183.38508333333 77 53
37254.61758333332 37687.85358333332 77 51
38324.80895833331 38751.16295833332 77 52
39813.81845833333 40180.88612499999 77 59
40471.03845833332 40907.94537499999 77 66
40947.13787083332 41111.30648958332 77 68
41279.45649583332 41396.589729166655 77 69
41396.589729166655 41576.21497916666 77 66
43711.51739583334 43987.40914583334 77 79
45127.262479166675 45266.19567083334 77 51
50297.69772916666 50354.08872916666 77 63
50354.08872916666 50469.08772916666 77 55
51259.629729166656 51743.36803749998 77 55
53024.79956249998 53290.75706249998 77 49
53423.735812499974 53935.29156249998 77 47
57975.2001458333 58411.405145833305 77 51
59065.9511458333 59485.53664583331 77 52
60659.850145833305 60913.55231249997 77 55
61203.2016458333 62073.658645833304 77 53
63145.744062499965 63578.98006249996 77 51
64216.6471458333 64643.00114583331 77 52
65706.3626458333 66073.43031249996 77 59
66363.58264583327 66845.10314583327 77 66
66845.10314583327 67010.0048104166 77 68
67180.05804166659 67303.03486666658 77 69
67303.03486666658 67384.70596666657 77 66
69622.84528333321 69898.73703333321 77 79
71055.77924166656 71192.64051041656 77 51
76231.41436666656 76296.91649166655 77 63
76296.91649166655 76421.02661666655 77 49
77211.56861666654 77726.00289999988 77 49
78995.62694999989 79247.30494999989 77 49
79373.14394999988 79884.54144999989 77 47
82880.2134499999 83213.5464499999 77 46
83213.5464499999 83769.10144999991 77 37
85569.5084499999 85708.60624999991 77 46
85907.8544499999 86465.0804499999 77 37
88313.2584499999 88646.59144999992 77 46
88646.59144999992 89202.14644999991 77 37
91005.3124499999 91124.67339999991 77 46
91343.6584499999 91900.88444999991 77 37
95990.74786666657 96205.62261666656 77 79
97416.83319999992 97576.52996666658 77 51
102630.92703333324 102695.30465833323 77 63
102695.30465833323 102766.09253333324 77 55
103608.83228333322 104073.1480833332 77 55
105363.60861666653 105512.46848541654 77 49
105743.67636666654 106256.79111666653 77 47
109229.52611666652 109562.85911666653 77 46
109562.85911666653 110118.41411666652 77 37
111918.82111666653 112257.16711666652 77 46
112257.16711666652 112814.39311666653 77 37
114662.57111666653 114995.90411666654 77 46
114995.90411666654 115551.45911666653 77 37
117335.13369999985 117465.68912499986 77 46
117668.46669999986 118224.02169999985 77 37
122313.88511666651 122529.60732499984 77 79
123780.4151583332 123913.1172583332 77 51
128950.89094999988 129088.50569999989 77 63
129019.69832499989 129096.9643499999 77 49
129943.43969999992 130420.70666874992 77 49
131726.74061666656 131925.70631666653 77 49
132131.41661666654 132647.70161666654 77 47
2436.509916666667 2741.594916666667 79 83
3477.0239999999994 3661.9352499999995 79 56
5013.628249999998 5260.338749999999 79 51
5383.6939999999995 5497.330333333332 79 46
8401.723916666664 8799.838120833332 79 67
9500.593916666667 9720.444291666667 79 58
10101.261666666665 10213.493429166667 79 45
17806.92533333333 18112.01033333333 79 83
18847.439416666657 19129.394416666655 79 56
20447.23366666666 20692.331666666658 79 51
20814.880666666657 20933.36399999999 79 46
23876.222833333333 24278.323127083335 79 67
24991.450666666668 25212.45747916667 79 52
25606.79216666667 25719.55445 79 45
32295.413083333322 32740.010083333324 79 55
32740.010083333324 33386.90058333332 79 56
34881.93608333332 35093.95008333332 79 59
35166.94274999999 35531.90608333333 79 56
37469.67158333332 37873.03858333332 79 55
37909.074749999985 37980.251374999985 79 50
38015.33949999999 38084.54570833332 79 52
38118.67579166665 38204.058833333314 79 56
38221.240958333314 38324.80895833331 79 51
40038.53745833333 40252.060458333326 79 64
40325.05312499999 40626.920733333325 79 61
43921.30739583334 44226.39239583334 79 83
44961.821479166676 45182.40947916667 79 56
46513.66372916666 46775.90172916666 79 58
46907.02072916666 47024.94539583332 79 51
49978.61172916666 50351.269179166666 79 67
51049.839729166655 51271.32038541666 79 58
51637.32785416666 51743.36803749998 79 45
58184.990145833304 58629.587145833306 79 55
58629.587145833306 59276.4776458333 79 56
60772.209645833296 60984.22364583331 79 59
61057.216312499964 61422.179645833305 79 56
63360.79806249997 63797.16206249996 79 55
63797.16206249996 63869.431562499965 79 50
63905.019187499965 63975.0745208333 79 52
64009.557687499975 64078.05160416665 79 56
64112.35702083331 64181.68214583331 79 51
65931.08164583328 66144.60464583329 79 64
66217.59731249994 66528.3112291666 79 61
69832.6352833332 70137.72028333321 79 83
70873.14936666655 71116.65586666657 79 56
72433.99561666657 72682.34011666657 79 58
72806.51236666656 72925.56003333324 79 51
75894.10611666656 76293.64138541654 79 67
77001.77861666655 77223.25927291653 79 52
77613.65449166654 77726.00289999988 79 45
96200.53786666656 96505.62286666657 79 83
97241.05194999992 97475.42694999992 79 56
98825.80044999991 99091.7579499999 79 58
99224.7366999999 99342.1076999999 79 51
102295.86778333325 102693.15873749989 79 67
103399.04228333321 103824.65978333322 79 58
103998.27090833322 104073.1480833332 79 45
122523.6751166665 122828.76011666651 79 83
123564.0690333332 123852.53053333319 79 56
125160.3790333332 125407.0895333332 79 58
125530.44478333321 125648.92811666656 79 51
128606.97219999989 129019.69832499989 79 67
129733.64969999992 130159.2671999999 79 52
130339.5555749999 130420.70666874992 79 45
2741.594916666667 2891.625166666667 81 75
3269.7678333333324 3643.4441249999995 81 70
18112.01033333333 18262.040583333328 81 75
18640.183249999987 19058.90566666666 81 70
32630.919083333323 33176.37408333332 81 52
35023.27874999999 35312.928083333325 81 56
37687.85358333332 37926.99591666665 81 52
37962.58354166665 38032.76108333332 81 47
38067.36358333332 38135.68258333331 81 49
38169.81224999998 38238.423083333306 81 49
38272.90583333331 38328.317733333315 81 49
40180.88612499999 40471.03845833332 81 61
44226.39239583334 44376.42264583335 81 75
44754.56531250001 45127.262479166675 81 70
58520.496145833305 59065.9511458333 81 52
60913.55231249997 61203.2016458333 81 56
63578.98006249996 63815.3438958333 81 52
63851.5103958333 63922.6870208333 81 47
63957.7133958333 64043.921937499974 81 49
64060.98677083331 64129.59839583331 81 49
64164.26056249998 64224.541889583306 81 49
66073.43031249996 66363.58264583327 81 61
70137.72028333321 70287.7505333332 81 75
70665.89319999989 71055.77924166656 81 70
96505.62286666657 96655.65311666655 81 75
97033.79578333325 97416.83319999992 81 70
122828.76011666651 122978.79036666651 81 75
123356.93303333319 123780.4151583332 81 70
2856.537416666667 2926.590166666667 82 76
2961.312416666667 3064.2883333333334 82 73
3064.2883333333334 3167.0280833333327 82 70
3167.0280833333327 3269.7678333333324 82 70
3697.1465 3961.2309999999998 82 53
4093.2732499999993 4595.494999999999 82 49
9291.534916666666 9396.064416666666 82 55
9396.064416666666 9709.652916666666 82 60
10159.855416666665 10439.705916666666 82 51
10579.631166666666 10694.838499999998 82 46
18226.95283333333 18297.005583333328 82 76
18331.727833333327 18434.703749999993 82 73
18434.703749999993 18537.44349999999 82 70
18537.44349999999 18640.183249999987 82 70
19129.394416666655 19389.810916666658 82 53
19520.019166666658 20029.100416666657 82 49
24779.43666666667 24885.443666666666 82 50
24885.443666666666 25203.46466666667 82 57
25669.29216666667 25931.530166666667 82 51
26062.649166666666 26187.027166666663 82 46
44341.33489583335 44411.387645833354 82 76
44446.10989583335 44549.085812500016 82 73
44549.085812500016 44651.82556250002 82 70
44651.82556250002 44754.56531250001 82 70
45182.40947916667 45454.148479166666 82 60
45590.01797916667 46095.53047916667 82 55
50840.04972916666 50944.94472916666 82 56
50944.94472916666 51259.629729166656 82 64
51691.284729166655 51963.02372916665 82 51
52098.89322916665 52216.26422916665 82 46
70252.66278333319 70322.71553333319 82 76
70357.4377833332 70460.41369999986 82 73
70460.41369999986 70563.15344999987 82 70
70563.15344999987 70665.89319999989 82 70
71116.65586666657 71373.50536666656 82 60
71501.93011666655 72015.86236666655 82 55
76791.98861666654 76896.88361666654 82 50
76896.88361666654 77211.56861666654 82 57
77675.74061666653 77937.97861666654 82 51
78069.09761666654 78187.09161666654 82 46
96620.56536666656 96690.61811666656 82 76
96725.34036666655 96828.31628333322 82 73
96828.31628333322 96931.05603333324 82 70
96931.05603333324 97033.79578333325 82 70
97475.42694999992 97751.16244999992 82 60
97889.0301999999 98393.7884499999 82 55
103189.25228333322 103294.14728333322 82 56
103294.14728333322 103608.83228333322 82 64
104056.1412833332 104311.2432833332 82 51
104438.79428333319 104555.0732833332 82 46
122943.7026166665 123013.7553666665 82 76
123048.4776166665 123151.45353333317 82 73
123151.45353333317 123254.19328333318 82 70
123254.19328333318 123356.93303333319 82 70
123852.53053333319 124107.63253333319 82 60
124235.18353333318 124742.24578333319 82 55
129523.85969999991 129628.75469999992 82 50
129628.75469999992 129943.43969999992 82 57
130399.6516999999 130665.60919999992 82 51
130798.58794999993 130918.20528333324 82 46
134867.22944999987 136262.62679999985 82 70
2909.107666666667 2995.795166666667 84 67
3012.9184583333335 3115.6582083333333 84 66
3115.6582083333333 3218.3979583333326 84 64
3218.3979583333326 3277.499789583332 84 64
9187.005416666665 9343.799666666666 84 64
9343.799666666666 9500.593916666667 84 54
18279.523083333326 18366.210583333326 84 67
18383.333874999993 18486.073624999994 84 66
18486.073624999994 18588.81337499999 84 64
18588.81337499999 18650.49252499999 84 64
24673.429666666667 24832.440166666667 84 61
24832.440166666667 24991.450666666668 84 49
44393.90514583335 44480.592645833356 84 67
44497.71593750002 44600.45568750001 84 66
44600.45568750001 44703.19543750001 84 64
44703.19543750001 44764.87458750001 84 64
50735.15472916666 50892.497229166656 84 68
50892.497229166656 51049.839729166655 84 55
70305.23303333319 70391.92053333319 84 67
70409.04382499986 70511.78357499986 84 66
70511.78357499986 70614.52332499989 84 64
70614.52332499989 70674.48426249989 84 64
76687.09361666655 76844.43611666655 84 61
76844.43611666655 77001.77861666655 84 49
96673.13561666655 96759.82311666655 84 67
96776.94640833321 96879.68615833324 84 66
96879.68615833324 96982.42590833324 84 64
96982.42590833324 97044.10505833324 84 64
103084.35728333321 103241.69978333321 84 68
103241.69978333321 103399.04228333321 84 55
122996.2728666665 123082.96036666649 84 67
123100.08365833315 123202.82340833318 84 66
123202.82340833318 123305.56315833319 84 64
123305.56315833319 123367.2423083332 84 64
129418.96469999992 129576.30719999992 84 61
129576.30719999992 129733.64969999992 84 49
8866.648416666665 9082.475916666664 86 75
24348.013333333332 24567.793333333335 86 67
50410.47972916666 50630.25972916666 86 75
76362.41861666655 76582.19861666654 86 67
102759.68228333324 102979.46228333323 86 75
129088.50569999989 129314.06969999992 86 67
