5544.589133333336 5716.038725000001 31 58
835.8294583333334 1013.306 35 51
7229.357516666664 7397.142724999999 35 53
1.81159375 165.62920833333334 36 46
1641.2514000000003 1793.7058166666666 36 53
6419.1208333333325 6569.58775 36 51
8024.658333333331 8284.398666666664 36 63
19144.801308333335 19295.268225 36 48
19975.713991666664 20126.18090833333 36 48
20809.793424999996 20960.26034166666 36 48
21633.378108333323 21783.84502499999 36 48
22467.45754166666 22617.924458333327 36 48
23298.43147499999 23448.89839166666 36 48
24135.707908333323 24364.72449166666 36 48
25062.01261666666 25305.92586666666 36 42
26066.172533333323 30717.675408333325 36 38
2414.60785 2574.0502666666666 40 79
8801.787191666668 9026.146233333333 40 79
3166.1783000000005 3322.236675000001 41 84
9569.60029166667 9729.85675 41 84
3910.4592416666674 4133.192825000001 42 91
16496.832550000003 16715.818383333335 42 74
144.20063333333331 306.47916666666663 43 30
972.48965 1175.0147 43 38
1773.9689666666668 1923.5798333333332 43 47
4700.292758333334 4853.355908333335 43 97
5694.1409250000015 5859.061666666667 43 42
6555.950766666666 6704.806083333332 43 37
7363.585683333332 7530.476058333331 43 42
8154.528499999998 8381.801291666665 43 50
10338.741833333335 10497.977458333335 43 89
11870.049066666668 12037.770658333333 43 91
17345.38825833334 17527.877758333336 43 57
18221.09159166667 18382.636483333335 43 59
19281.631241666666 19430.48655833333 43 41
20112.543924999994 20261.39924166666 43 41
20946.623358333327 21095.47867499999 43 41
21770.208041666658 21919.063358333322 43 41
22604.287474999994 22753.142791666658 43 41
23435.261408333325 23584.11672499999 43 42
24288.966908333325 24514.539324999994 43 40
25225.280699999996 25465.29094999999 43 37
26276.16228333332 30717.675408333325 43 33
11099.468737500003 11269.816204166667 45 91
12622.666054166666 12781.098012499999 45 92
13390.092254166668 13576.432504166667 47 67
9697.805458333334 9889.092375 48 69
10466.130333333334 10656.205375000001 48 72
11996.6314 12195.003366666666 48 78
14133.2974625 14287.4698375 48 73
26492.98207499999 30717.675408333325 48 37
4038.2560750000016 4196.085908333335 50 75
14870.214087500002 15022.283545833336 50 77
16643.354633333336 16823.218175000005 51 63
285.50014166666665 458.15099166666664 52 36
1904.224983333333 2064.1971833333337 52 47
2542.404683333333 2699.44335 52 55
3291.1807583333343 3445.3147583333343 52 68
6691.321733333332 6859.472799999998 52 39
8284.398666666664 8427.289858333334 52 63
8929.992358333333 9122.095941666668 52 66
15625.144287500005 15797.19142916667 52 102
17491.645883333338 17670.738550000002 52 61
19417.00220833333 19585.153275 52 36
21081.994324999992 21250.14539166666 52 36
26717.09111666666 30717.675408333325 52 34
1107.9006166666668 1274.9946916666668 53 36
4839.484358333334 5011.567041666668 53 79
5837.934916666668 6012.345399999999 53 38
7497.142724999998 7663.48033333333 53 44
11228.149525 11365.357579166668 53 75
12749.651470833332 12905.709845833333 53 77
18375.002891666667 18533.07449166667 53 53
20247.91489166666 20416.065958333325 53 46
21905.579008333323 22073.73007499999 53 36
144.20063333333331 835.8294583333334 55 36
972.48965 1608.7838583333337 55 47
1773.9689666666668 2381.7131 55 56
2668.19335 2823.6693916666673 55 56
6555.950766666666 7229.357516666664 55 44
7363.585683333332 8024.658333333331 55 51
8154.528499999998 8781.895941666668 55 60
9057.993358333335 9199.996958333335 55 56
13514.7040875 13698.757754166665 55 72
14256.982045833334 14408.316920833337 55 80
14991.98050416667 15172.525295833337 55 84
19144.801308333335 19975.713991666664 55 41
20946.623358333327 21633.378108333323 55 41
22739.65844166666 22907.809508333325 55 36
23570.63237499999 23738.78344166666 55 39
24439.912491666662 24625.37811666666 55 35
25385.92586666666 25583.093616666658 55 30
26948.996699999992 30717.675408333325 55 38
701.6012916666666 852.95275 57 27
1512.0096083333337 1659.5847333333336 57 33
2289.1204749999997 2430.633495833333 57 52
3414.639925000001 3566.7138833333343 57 59
6269.867166666666 6473.975499999999 57 39
7100.325183333332 7241.102481249998 57 38
7898.872166666664 8034.398595833331 57 44
8675.645941666668 8811.402579166668 57 50
9825.398125000002 9984.230666666666 57 60
19832.89765833333 20006.569741666663 57 41
21495.447108333326 21665.948066666657 57 41
10592.914208333335 10750.945583333336 58 61
2542.404683333333 3134.731758333334 59 66
4977.282875000001 5147.742708333334 59 67
5694.1409250000015 6284.792533333332 59 50
8929.992358333333 9569.60029166667 59 66
18525.61180833334 18711.522225 59 41
285.50014166666665 458.15099166666664 60 49
563.1621749999999 835.8294583333334 60 43
1904.224983333333 2064.1971833333337 60 59
2161.602558333333 2381.7131 60 61
3044.911383333334 3192.907860416667 60 62
4164.639366666668 4322.6051750000015 60 64
6691.321733333332 6859.472799999998 60 53
6964.483983333332 7229.357516666664 60 51
8284.398666666664 8427.289858333334 60 64
8546.470358333334 8781.895941666668 60 66
9448.388125000003 9592.036195833336 60 55
11355.803441666667 11523.187412500003 60 58
12122.676320833334 12257.503366666666 60 61
12874.653929166665 13030.3410125 60 61
15778.534720833337 15946.120408333338 60 90
16787.503883333335 17000.023675000004 60 50
17635.277550000003 17810.848300000005 60 56
19349.50549166667 19585.153275 60 51
19690.164458333333 19975.713991666664 60 48
21081.994324999992 21250.14539166666 60 51
21355.15657499999 21633.378108333323 60 48
22604.287474999994 22907.809508333325 60 41
23435.261408333325 23738.78344166666 60 42
24288.966908333325 24625.37811666666 60 40
25225.280699999996 25583.093616666658 60 37
27189.26086666666 30717.675408333325 60 33
9697.805458333334 10305.847083333334 61 69
1107.9006166666668 1274.9946916666668 62 51
1377.694966666667 1608.7838583333337 62 47
3785.2402000000006 3931.292581250001 62 80
4554.711091666667 4709.012070833334 62 84
5396.924066666669 5565.422468750002 62 67
5837.934916666668 6012.345399999999 62 56
6120.998808333333 6284.792533333332 62 50
7497.142724999998 7663.48033333333 62 58
7766.18060833333 8024.658333333331 62 58
10210.910333333335 10346.703614583335 62 58
13637.782170833332 13789.4843375 62 74
18984.850766666666 19170.514433333334 62 49
20664.865924999995 20826.93550833333 62 41
22322.530041666658 22496.599083333327 62 41
10466.130333333334 11044.629995833337 63 72
11996.6314 12622.666054166666 63 91
423.86682499999995 577.360675 64 33
2032.1458916666666 2227.3920583333334 64 46
2668.19335 2823.6693916666673 64 70
2919.014350000001 3134.731758333334 64 70
3291.1807583333343 3878.4079500000007 64 79
4038.2560750000016 4700.292758333334 64 86
4839.484358333334 5522.850008333336 64 86
6825.188633333331 6978.682483333331 64 36
8414.243541666667 8613.145941666668 64 49
9057.993358333335 9199.996958333335 64 70
9319.366783333337 9569.60029166667 64 70
10974.508075000003 11115.597779166668 64 61
12500.714887499998 12646.551397916668 64 66
12749.651470833332 13390.092254166668 64 92
14378.196420833336 14558.200087500003 64 80
18375.002891666667 19123.062183333335 64 56
19550.869108333332 19704.36295833333 64 35
19975.713991666664 20809.793424999996 64 41
21215.861224999993 21369.355074999992 64 35
21770.208041666658 22467.45754166666 64 41
23155.574308333325 23327.573016666658 64 41
23988.64907499999 24168.40021874999 64 41
24899.077741666664 25094.799516666662 64 38
25884.354366666656 26089.610033333323 64 33
27438.50874166666 30717.675408333325 64 33
1241.2838166666668 1391.5665166666668 65 40
5976.884399999999 6135.704691666666 65 41
7629.7694583333305 7780.052158333331 65 45
9825.398125000002 9984.230666666666 65 75
10081.007583333336 10305.847083333334 65 75
11738.690983333336 11885.871858333336 65 63
13258.513254166666 13407.279754166668 65 85
15112.645045833337 15261.634920833338 65 84
22739.65844166666 22907.809508333325 65 51
23012.820691666657 23298.43147499999 65 45
23570.63237499999 23738.78344166666 65 56
23843.79462499999 24135.707908333323 65 45
24439.912491666662 24625.37811666666 65 49
24739.03186666666 25021.028991666662 65 41
25385.92586666666 25583.093616666658 65 44
25706.094033333324 26066.172533333323 65 36
13390.092254166668 14101.850920833334 66 97
423.86682499999995 835.8294583333334 67 53
1241.2838166666668 1608.7838583333337 67 59
2032.1458916666666 2381.7131 67 67
2792.4193916666673 2951.272433333334 67 52
4977.282875000001 5147.742708333334 67 82
5251.941650000002 5522.850008333336 67 74
6825.188633333331 7229.357516666664 67 60
7629.7694583333305 8024.658333333331 67 61
8414.243541666667 8781.895941666668 67 72
9187.020058333335 9332.926100000004 67 52
10592.914208333335 10750.945583333336 67 78
10847.306250000003 11044.629995833337 67 78
11228.149525 11838.028733333334 67 75
12122.676320833334 12257.503366666666 67 82
12374.193941666666 12622.666054166666 67 79
14006.914170833334 14157.18280625 67 62
15924.061583333338 16167.422625000005 67 71
18068.419758333337 18228.72518333334 67 47
18525.61180833334 18711.522225 67 55
18826.030516666666 19123.062183333335 67 49
19550.869108333332 19975.713991666664 67 56
20180.418174999995 20416.065958333325 67 55
20521.077141666658 20809.793424999996 67 48
21215.861224999993 21633.378108333323 67 56
21905.579008333323 22073.73007499999 67 55
22178.74125833332 22467.45754166666 67 48
23155.574308333325 23327.573016666658 67 41
23988.64907499999 24168.40021874999 67 41
24899.077741666664 25094.799516666662 67 38
25884.354366666656 26089.610033333323 67 33
14133.2974625 14870.214087500002 68 99
701.6012916666666 852.95275 69 43
1512.0096083333337 1659.5847333333336 69 45
2289.1204749999997 2430.633495833333 69 65
3414.639925000001 3566.7138833333343 69 75
3658.7476750000005 3878.4079500000007 69 75
4164.639366666668 4322.6051750000015 69 82
4420.9893 4700.292758333334 69 82
6269.867166666666 6473.975499999999 69 47
7100.325183333332 7241.102481249998 69 45
7898.872166666664 8034.398595833331 69 51
8675.645941666668 8811.402579166668 69 62
9952.383541666666 10113.687333333335 69 55
11355.803441666667 11523.187412500003 69 80
11608.771566666668 11838.028733333334 69 75
12874.653929166665 13030.3410125 69 86
13126.4975125 13390.092254166668 69 82
14743.631754166669 14891.555541666668 69 64
17209.994925000003 17372.96178958334 69 50
17345.38825833334 18205.824408333337 69 61
19832.89765833333 20006.569741666663 69 48
21495.447108333326 21665.948066666657 69 48
22873.52534166666 23027.019191666655 69 35
23704.49927499999 23857.99312499999 69 39
24588.613408333327 24778.09436666666 69 33
25544.031116666658 25749.197491666655 69 29
14870.214087500002 15585.764337500004 70 100
2792.4193916666673 3134.731758333334 71 75
5113.650250000001 5266.0559833333355 71 55
5976.884399999999 6284.792533333332 71 59
9187.020058333335 9569.60029166667 71 75
13576.432504166667 13789.4843375 71 81
13881.511170833335 14101.850920833334 71 84
15482.316087500005 15644.829329166672 71 67
16643.354633333336 17310.666050000007 71 66
18673.928225 18903.549933333336 71 36
20381.78179166666 20535.27564166666 71 38
22039.445908333324 22192.93975833332 71 38
3044.911383333334 3192.907860416667 72 78
3536.593383333334 3671.326291666667 72 58
4290.162925000001 4454.141383333334 72 61
9448.388125000003 9592.036195833336 72 69
10719.098458333334 10879.77379166667 72 57
11482.306908333336 11672.465816666667 72 60
12248.128366666666 12383.687616666666 72 61
12998.695429166666 13158.965054166667 72 63
14317.772879166669 14558.200087500003 72 82
14618.990920833337 14870.214087500002 72 82
16359.846216666672 16524.204800000003 72 54
16787.503883333335 17000.023675000004 72 67
17071.45225833334 17310.666050000007 72 63
17563.84896666667 17810.848300000005 72 59
17918.00571666667 18205.824408333337 72 61
22873.52534166666 23738.78344166666 72 56
23704.49927499999 24625.37811666666 72 64
24588.613408333327 25583.093616666658 72 52
25544.031116666658 26089.610033333323 72 46
9952.383541666666 10305.847083333334 73 80
3785.2402000000006 3931.292581250001 74 80
4554.711091666667 4709.012070833334 74 84
5396.924066666669 5565.422468750002 74 82
10210.910333333335 10346.703614583335 74 73
13759.181295833332 13943.623004166668 74 70
15052.404045833337 15261.634920833338 74 82
15351.998587500004 15585.764337500004 74 97
15778.534720833337 16496.832550000003 74 103
18984.850766666666 19170.514433333334 74 49
20664.865924999995 20826.93550833333 74 48
22322.530041666658 22496.599083333327 74 48
10719.098458333334 11044.629995833337 75 82
12248.128366666666 12622.666054166666 75 91
16929.101675000005 17142.88084166667 75 49
3536.593383333334 3878.4079500000007 76 80
4290.162925000001 4700.292758333334 76 88
5113.650250000001 5522.850008333336 76 88
10974.508075000003 11115.597779166668 76 78
12500.714887499998 12646.551397916668 76 86
12998.695429166666 13390.092254166668 76 96
14497.959087500003 14680.340587500003 76 72
15924.061583333338 16167.422625000005 76 97
16218.517491666671 16496.832550000003 76 73
17776.12609166667 17954.770425000002 76 41
18673.928225 19123.062183333335 76 57
20381.78179166666 20809.793424999996 76 61
22039.445908333324 22467.45754166666 76 61
11738.690983333336 11885.871858333336 77 81
13258.513254166666 13407.279754166668 77 85
13759.181295833332 14101.850920833334 78 89
11482.306908333336 11838.028733333334 79 86
14006.914170833334 14157.18280625 79 81
15232.04912916667 15382.486379166672 79 61
16073.219750000004 16240.415291666672 79 82
18068.419758333337 18228.72518333334 79 60
14497.959087500003 14870.214087500002 80 91
14743.631754166669 14891.555541666668 81 85
17209.994925000003 17372.96178958334 81 62
17776.12609166667 18205.824408333337 81 63
15232.04912916667 15585.764337500004 82 100
15482.316087500005 15644.829329166672 83 93
16929.101675000005 17310.666050000007 83 72
16359.846216666672 16524.204800000003 84 75
16073.219750000004 16496.832550000003 86 108
