4074.821999999999 4513.133249999999 32 46
5613.972208333333 6131.213208333332 32 39
10626.430416666659 11079.01629166666 32 38
15671.59899999999 16138.265374999988 32 31
19161.65600000001 19599.967250000012 32 46
21769.84320833335 22523.56570833335 32 30
2868.2674999999995 3238.6375 37 32
7858.48420833333 8222.12020833333 37 33
17955.101500000008 18325.471500000014 37 30
19946.08920833335 20507.391750000013 37 42
22803.72795833335 23343.476858333353 37 31
8994.575208333328 9074.961041666662 38 45
9412.581541666661 9476.890208333327 38 61
8705.186208333329 9091.038208333328 39 45
9091.038208333328 9187.501208333328 39 48
9187.501208333328 9283.96420833333 39 49
9283.96420833333 9380.427208333329 39 54
9380.427208333329 9444.735874999993 39 61
9444.735874999993 9485.818770833326 39 63
14068.228374999992 14500.079666666657 39 55
9139.269708333328 9235.73270833333 40 45
9235.73270833333 9332.19570833333 40 51
9332.19570833333 9412.581541666661 40 56
1762.2694999999997 2130.3675 42 31
2498.4654999999993 2868.2674999999995 42 32
6767.576208333331 7131.212208333331 42 33
7494.84820833333 7858.48420833333 42 30
11014.36116666666 11514.54191666666 42 25
11774.30141666666 12134.661416666659 42 24
12495.021416666657 12811.016416666658 42 26
13676.170333333326 14084.675749999991 42 45
16849.1035 17217.201500000006 42 32
17585.29950000001 17955.101500000008 42 32
2914.56375 3238.6375 44 36
3685.2119999999995 4513.133249999999 44 49
4464.432 4676.747999999999 44 43
4759.365583333331 5613.972208333333 44 37
4859.255208333332 6158.485908333332 44 42
7903.9387083333295 8222.12020833333 44 35
9476.890208333327 9689.206208333326 44 55
9771.82379166666 10626.430416666659 44 48
9871.71341666666 10660.913149999993 44 53
14466.522583333324 14703.821583333325 44 38
14772.668583333323 15671.59899999999 44 38
14876.896999999988 16250.94424999999 44 30
18001.39775000001 18325.471500000014 44 36
18772.04600000001 19599.967250000012 44 44
19551.266000000014 19763.58200000001 44 45
19846.199583333346 20405.859208333346 44 43
21325.399208333347 22523.56570833335 44 30
22214.28720833335 22678.20495833335 44 31
22678.20495833335 22892.64008333335 44 24
11413.94141666666 11774.30141666666 47 27
12134.661416666659 12495.021416666657 47 27
1026.0735000000002 1491.564095833333 49 34
1808.2817499999996 2130.3675 49 35
2130.3675 2498.4654999999993 49 33
2544.4777499999996 2868.2674999999995 49 36
4074.821999999999 4513.133249999999 49 39
6001.902958333332 6555.455208333331 49 30
6813.030708333331 7131.212208333331 49 37
7131.212208333331 7494.84820833333 49 34
7540.30270833333 7858.48420833333 49 35
11079.01629166666 11413.94141666666 49 29
11819.34641666666 12134.661416666659 49 30
12540.066416666657 12811.016416666658 49 30
13676.170333333326 14500.079666666657 49 38
16071.598749999988 16634.379666666664 49 30
16895.11575 17217.201500000006 49 37
17217.201500000006 17585.29950000001 49 31
17631.311750000008 17955.101500000008 49 36
3685.2119999999995 4464.432 51 41
4464.432 4759.365583333331 51 36
8705.186208333329 9485.818770833326 51 45
9476.890208333327 9771.82379166666 51 55
9771.82379166666 10626.430416666659 51 48
9871.71341666666 10660.913149999993 51 53
14466.522583333324 14772.668583333323 51 32
18772.04600000001 19551.266000000014 51 44
19551.266000000014 19846.199583333346 51 45
21325.399208333347 22214.28720833335 51 30
2960.8599999999997 3238.6375 52 39
4759.365583333331 5613.972208333333 52 37
7949.39320833333 8222.12020833333 52 39
14772.668583333323 15671.59899999999 52 32
18047.69400000001 18325.471500000014 52 39
19161.65600000001 19599.967250000012 52 46
19946.08920833335 20507.391750000013 52 42
21769.84320833335 22523.56570833335 52 30
22803.72795833335 23343.476858333353 52 31
4859.255208333332 6001.902958333332 54 35
11458.98641666666 11774.30141666666 54 31
12179.706416666659 12495.021416666657 54 31
13315.810333333326 14500.079666666657 54 44
14876.896999999988 16071.598749999988 54 30
22214.28720833335 22678.20495833335 54 31
22678.20495833335 22892.64008333335 54 24
9091.038208333328 9485.818770833326 55 40
1072.08575 1491.564095833333 56 36
2176.3797499999996 2498.4654999999993 56 36
3331.2299999999996 6001.902958333332 56 45
5613.972208333333 6131.213208333332 56 46
6066.5580833333315 6555.455208333331 56 35
7176.6667083333305 7494.84820833333 56 37
8313.02920833333 9139.269708333328 56 47
9476.890208333327 9771.82379166666 56 55
10626.430416666659 11079.01629166666 56 45
13223.217499999993 13676.170333333326 56 32
14466.522583333324 14772.668583333323 56 32
14772.668583333323 15671.59899999999 56 32
15671.59899999999 16138.265374999988 56 31
16138.265374999988 16634.379666666664 56 36
17263.213750000006 17585.29950000001 56 36
18418.064000000013 19599.967250000012 56 49
19846.199583333346 20405.859208333346 56 51
22214.28720833335 22678.20495833335 56 31
1854.2939999999996 2130.3675 57 40
2590.4899999999993 2868.2674999999995 57 38
3238.6375 3685.2119999999995 57 35
6858.485208333331 7131.212208333331 57 40
7585.75720833333 7858.48420833333 57 38
11143.671416666659 11413.94141666666 57 34
11864.39141666666 12134.661416666659 57 35
12585.111416666658 12811.016416666658 57 34
13131.00416666666 13238.602124999992 57 37
13676.170333333326 14500.079666666657 57 45
16941.128000000004 17217.201500000006 57 40
17677.324000000008 17955.101500000008 57 38
18325.471500000014 18420.27638750001 57 33
20405.859208333346 22523.56570833335 57 50
4074.821999999999 4513.133249999999 58 46
8222.12020833333 8705.186208333329 58 38
9091.038208333328 9485.818770833326 58 48
9771.82379166666 10626.430416666659 58 48
3146.045 3331.2299999999996 59 40
8131.2112083333295 8313.02920833333 59 40
9476.890208333327 9771.82379166666 59 66
9871.71341666666 10660.913149999993 59 53
12947.610333333327 13023.829916666658 59 31
13069.70141666666 13161.678999999995 59 35
18232.879000000015 18418.064000000013 59 38
3685.2119999999995 4464.432 60 49
4464.432 4759.365583333331 60 43
4859.255208333332 6001.902958333332 60 35
8705.186208333329 9139.269708333328 60 53
14466.522583333324 14772.668583333323 60 38
14876.896999999988 16138.265374999988 60 36
18772.04600000001 19551.266000000014 60 52
19551.266000000014 19846.199583333346 60 45
21325.399208333347 22214.28720833335 60 36
22214.28720833335 22678.20495833335 60 31
22678.20495833335 22892.64008333335 60 28
2960.8599999999997 3026.4463541666664 61 35
3084.3166666666666 3238.6375 61 36
4759.365583333331 5613.972208333333 61 45
7949.39320833333 8070.60520833333 61 35
8070.60520833333 8222.12020833333 61 36
9771.82379166666 10626.430416666659 61 57
12856.470916666658 12955.994487499993 61 30
13008.585999999992 13084.991916666659 61 40
13676.170333333326 14084.675749999991 61 45
14772.668583333323 15671.59899999999 61 38
18047.69400000001 18171.15066666668 61 35
18171.15066666668 18325.471500000014 61 33
19161.65600000001 19599.967250000012 61 55
19946.08920833335 20507.391750000013 61 50
21769.84320833335 22523.56570833335 61 36
22803.72795833335 23343.476858333353 61 38
11504.03141666666 11774.30141666666 62 35
12224.751416666659 12495.021416666657 62 35
12765.699166666658 12871.622416666658 62 35
2868.2674999999995 2969.347645833333 63 36
3022.588333333333 3146.045 63 44
4859.255208333332 6001.902958333332 63 42
7858.48420833333 7959.24168333333 63 37
8009.99920833333 8131.2112083333295 63 45
8705.186208333329 9485.818770833326 63 55
9871.71341666666 10660.913149999993 63 63
14068.228374999992 14500.079666666657 63 56
14876.896999999988 16071.598749999988 63 37
17955.101500000008 18058.496458333346 63 35
18109.422333333347 18232.879000000015 63 45
19551.266000000014 19846.199583333346 63 53
22214.28720833335 22678.20495833335 63 37
1118.098 1491.564095833333 64 38
2222.392 2498.4654999999993 64 40
2775.6749999999997 2914.56375 64 40
5613.972208333333 6158.485908333332 64 45
6131.213208333332 6555.455208333331 64 38
7222.12120833333 7494.84820833333 64 40
7767.57520833333 7903.9387083333295 64 40
15671.59899999999 16250.94424999999 64 35
16204.931999999988 16634.379666666664 64 38
17309.226000000006 17585.29950000001 64 40
17862.50900000001 18001.39775000001 64 40
19846.199583333346 20405.859208333346 64 57
22678.20495833335 22892.64008333335 64 35
2590.4899999999993 2713.9466666666663 66 35
2713.9466666666663 2868.2674999999995 66 36
7585.75720833333 7706.96920833333 66 35
7706.96920833333 7858.48420833333 66 36
12585.111416666658 12660.186416666658 66 31
12705.367166666658 12811.016416666658 66 34
12947.610333333327 13023.829916666658 66 45
17677.324000000008 17800.780666666677 66 35
17800.780666666677 17955.101500000008 66 37
2498.4654999999993 2596.662833333333 68 38
2652.218333333333 2775.6749999999997 68 44
2960.8599999999997 3026.4463541666664 68 50
7494.84820833333 7591.06023333333 68 38
7646.3632083333305 7767.57520833333 68 45
7949.39320833333 8070.60520833333 68 50
10626.430416666659 11186.46416666666 68 46
12495.021416666657 12596.372666666659 68 36
12645.171416666659 12735.487666666659 68 40
17585.29950000001 17682.725229166674 68 35
17739.05233333334 17862.50900000001 68 45
18047.69400000001 18171.15066666668 68 50
2406.441 2544.4777499999996 69 40
7403.9392083333305 7540.30270833333 69 40
12404.931416666657 12540.066416666657 69 37
17493.27500000001 17631.311750000008 69 40
20405.859208333346 21340.214008333347 69 49
12224.751416666659 12285.562166666658 71 31
12344.871416666658 12495.021416666657 71 35
2222.392 2345.091333333333 73 35
2345.091333333333 2498.4654999999993 73 37
2590.4899999999993 2713.9466666666663 73 50
7222.12120833333 7343.333208333331 73 35
7343.333208333331 7494.84820833333 73 38
7585.75720833333 7706.96920833333 73 50
12134.661416666659 12230.006666666657 73 35
12284.811416666658 12404.931416666657 73 40
12585.111416666658 12660.186416666658 73 45
17309.226000000006 17431.92533333334 73 35
17431.92533333334 17585.29950000001 73 37
17677.324000000008 17800.780666666677 73 50
12044.571416666658 12179.706416666659 74 39
2130.3675 2227.7600958333333 75 37
2283.7416666666663 2406.441 75 44
7131.212208333331 7228.939383333331 75 38
7282.727208333331 7403.9392083333305 75 45
17217.201500000006 17313.06035416667 75 37
17370.57566666667 17493.27500000001 75 45
2038.3429999999998 2176.3797499999996 76 41
7040.303208333331 7176.6667083333305 76 42
17125.177000000003 17263.213750000006 76 42
1854.2939999999996 1976.9933333333329 78 35
1976.9933333333329 2130.3675 78 37
6858.485208333331 6979.697208333331 78 35
6979.697208333331 7131.212208333331 78 38
11864.39141666666 11984.511416666657 78 30
11984.511416666657 12134.661416666659 78 36
12224.751416666659 12285.562166666658 78 45
16941.128000000004 17063.827333333335 78 35
17063.827333333335 17217.201500000006 78 36
1762.2694999999997 1889.570058333333 80 40
1915.6436666666664 2038.3429999999998 80 45
2222.392 2345.091333333333 80 50
6767.576208333331 6865.303383333331 80 39
6919.0912083333305 7040.303208333331 80 45
7222.12120833333 7343.333208333331 80 50
11774.30141666666 11869.646666666658 80 36
11924.451416666658 12044.571416666658 80 40
16849.1035 16949.56357916667 80 39
17002.477666666666 17125.177000000003 80 44
17309.226000000006 17431.92533333334 80 50
1670.2449999999997 1808.2817499999996 81 45
6676.6672083333315 6813.030708333331 81 43
11684.21141666666 11819.34641666666 81 39
16757.079 16895.11575 81 44
11504.03141666666 11624.15141666666 83 31
11624.15141666666 11774.30141666666 83 36
1486.196 1608.8953333333332 85 35
1608.8953333333332 1762.2694999999997 85 40
1854.2939999999996 1976.9933333333329 85 50
6494.849208333331 6616.061208333331 85 35
6616.061208333331 6767.576208333331 85 40
6858.485208333331 6979.697208333331 85 50
11413.94141666666 11514.54191666666 85 36
11564.091416666659 11684.21141666666 85 40
11864.39141666666 11984.511416666657 85 45
16573.029999999995 16695.729333333333 85 35
16695.729333333333 16849.1035 85 40
16941.128000000004 17063.827333333335 85 50
11323.85141666666 11458.98641666666 86 38
1394.1715 1491.564095833333 87 39
1547.5456666666664 1670.2449999999997 87 45
6403.940208333332 6555.455208333331 87 39
6555.455208333331 6676.6672083333315 87 45
16481.005499999996 16634.379666666664 87 39
16634.379666666664 16757.079 87 45
1302.147 1486.196 88 44
6313.031208333332 6494.849208333331 88 43
16388.980999999992 16573.029999999995 88 45
11143.671416666659 11263.79141666666 90 31
11263.79141666666 11413.94141666666 90 36
11504.03141666666 11624.15141666666 90 45
1056.7483333333334 1179.4476666666667 91 40
750.0000000000001 872.6993333333334 92 50
872.6993333333334 995.3986666666666 92 46
995.3986666666666 1072.08575 92 44
1118.098 1240.7973333333332 92 35
1240.7973333333332 1394.1715 92 37
1486.196 1608.8953333333332 92 50
6131.213208333332 6252.425208333331 92 35
6252.425208333331 6403.940208333332 92 38
6494.849208333331 6616.061208333331 92 50
11203.73141666666 11323.85141666666 92 40
16204.931999999988 16327.631333333326 92 35
16327.631333333326 16481.005499999996 92 40
16573.029999999995 16695.729333333333 92 50
811.3496666666667 934.049 93 43
934.049 1026.0735000000002 93 41
1179.4476666666667 1302.147 93 45
6191.8192083333315 6313.031208333332 93 45
16266.281666666657 16388.980999999992 93 49
1118.098 1240.7973333333332 97 50
6131.213208333332 6252.425208333331 97 50
11143.671416666659 11263.79141666666 97 45
16204.931999999988 16327.631333333326 97 50
