56270.65054166657 56702.57253541656 29 57
66552.07237708312 67160.81387708313 29 85
100802.0640437498 103551.9440437498 29 45
28237.47695833334 28839.987625 30 64
85941.86154374975 87160.17295208308 31 47
89586.84254374974 90805.15395208307 31 47
87142.58854374975 87925.80445624975 33 44
90787.56954374973 91561.02895624973 33 44
76900.75896041645 77371.29821041645 34 50
84108.09454374974 84452.03204374974 34 50
87755.23904374975 88113.14727708307 34 50
91390.46354374973 91748.37177708306 34 50
93199.64404374972 93528.74054374974 34 50
94993.98354374975 95329.43037708309 34 50
102954.1440437498 106540.9440437498 34 46
3581.411333333333 3982.691666666666 39 50
17667.046 18090.608833333335 39 50
84432.98104374974 85032.66654374974 40 43
88080.12554374975 88679.81104374974 40 43
91715.35004374973 92315.03554374972 40 43
93509.68954374973 94109.37504374974 40 43
95304.02904374975 95890.19969166642 40 43
7071.53783333333 7534.98708333333 41 50
8828.907333333329 9295.253833333332 41 50
21223.54429166668 21655.81562500001 41 50
57999.87099583322 58340.042495833215 41 53
59722.0864437499 60041.2817562499 41 56
61403.79678749987 61789.9314708332 41 66
63133.87593541654 63478.2939520832 41 72
64822.631843749834 65174.52257708315 41 79
66552.07237708312 67160.81387708313 41 101
76559.84996041645 76923.48622708312 41 35
78684.63971041646 79049.24212708314 41 55
82291.59012708311 82656.19254374978 41 54
84737.79704374974 85327.53604374974 41 46
88384.94154374974 88974.68054374974 41 46
92020.1660437497 92609.90504374972 41 46
93814.50554374974 94404.24454374974 41 50
95608.84504374975 96185.06919166642 41 50
100802.0640437498 103551.9440437498 41 53
76248.96896041646 76900.75896041645 42 37
14133.384666666665 14548.227499999997 43 50
75960.87212708313 76268.39902291646 43 32
85630.65804374975 86100.48454374976 43 37
89269.55004374974 89816.65854374974 43 37
92904.77454374972 93362.41793124973 43 37
94699.11404374974 95156.75743124975 43 48
75676.05087708312 76104.41287708313 44 37
75390.47237708313 75692.62127708313 45 36
85327.53604374974 85941.86154374975 45 43
88974.68054374974 89586.84254374974 45 43
92609.90504374972 93199.64404374972 45 43
94404.24454374974 94993.98354374975 45 51
96198.58404374977 96788.32304374977 45 51
1800.532 2229.5593333333336 46 50
3267.275333333333 3590.2945812499997 46 40
10614.650249999997 10981.582249999996 46 50
12362.516499999996 12980.730999999996 46 50
15889.663083333327 16313.22591666666 46 50
24701.53812500001 25107.52845833334 46 50
26468.20079166667 26954.015375000003 46 50
27920.01645833334 28254.169070833337 46 32
75104.89387708313 75676.05087708312 46 37
80488.28662708313 80828.41392708312 46 50
85032.66654374974 85630.65804374975 46 39
88679.81104374974 89269.55004374974 46 39
92315.03554374972 92904.77454374972 46 39
94109.37504374974 94699.11404374974 46 43
96493.45354374977 96886.61287708311 46 48
102954.1440437498 106540.9440437498 46 55
1503.5025 1814.4208958333334 48 35
5327.397583333333 5787.487333333332 48 50
6776.66833333333 7080.84634583333 48 41
12053.237999999996 12376.482979166663 48 28
13825.692166666664 14142.693179166665 48 29
19418.406416666676 19785.474916666677 48 50
20915.85179166668 21234.780241666682 48 35
57701.36349583322 58017.53404166655 48 39
74808.39237708312 75125.12235416647 48 36
75676.05087708312 76104.41287708313 48 48
95890.19969166642 96198.58404374977 48 43
28546.129125000003 29127.812625000006 49 41
29705.934125000007 30139.24530833334 49 42
30868.75295833334 31444.087958333344 49 40
32033.572958333345 32608.90795833334 49 41
33185.96895833333 33483.236249999994 49 42
34341.719458333326 34914.02045833332 49 40
35500.47145833331 36077.5324583333 49 41
36658.188958333296 36973.4881020833 49 42
37826.320458333306 38168.051124999976 49 40
39040.88362499998 39348.06534583331 49 37
40217.9682083333 40520.60399999997 49 34
41367.9742083333 41936.69420833329 49 33
74526.70237708313 75104.89387708313 49 36
97083.19254374977 97679.14604374977 49 53
1215.041 1800.532 50 35
2978.813833333333 3581.411333333333 50 40
5028.890083333333 5341.871268749999 50 36
11767.523499999994 12207.877249999996 50 32
13544.556166666664 14133.384666666665 50 32
19118.406416666676 19533.888639583347 50 36
25864.63679166667 26468.20079166667 50 32
27627.333458333338 28237.47695833334 50 29
57414.28199583321 57999.87099583322 50 36
59135.11744374989 59722.0864437499 50 38
61103.79678749987 61422.41381249987 50 44
74240.98787708313 74540.78687708313 50 36
75960.87212708313 76268.39902291646 50 40
97378.06204374977 97980.23004374978 50 61
936.0769166666666 1224.6563833333332 51 32
2700.572333333333 2989.631139583333 51 37
4737.628083333332 5327.397583333333 51 35
6497.713583333331 7071.53783333333 51 40
10024.681249999996 10614.650249999997 51 31
11494.858999999995 11778.237793749995 51 28
13263.085499999997 13558.612966666664 51 28
18837.270416666674 19418.406416666676 51 35
20620.285291666678 21223.54429166668 51 35
25583.500791666673 25871.95386666667 51 32
27339.79195833334 27635.87004583334 51 30
57147.54722083322 57423.85137916655 51 32
58866.38388541656 59149.5405187499 51 35
60824.50373749987 61403.79678749987 51 40
62546.90693541654 63133.87593541654 51 48
73958.39537708313 74526.70237708313 51 36
74808.39237708312 75125.12235416647 51 45
76248.96896041646 76900.75896041645 51 45
79879.96712708312 80488.28662708313 51 32
83486.91754374976 84108.09454374974 51 32
96788.32304374977 97095.47877291644 51 56
651.4956666666667 982.9329166666668 52 32
2419.4401666666668 2886.066666666666 52 35
9742.03283333333 10040.306247916664 52 31
11217.080999999995 11540.764249999995 52 32
12980.730999999996 13497.827166666664 52 32
25299.422458333338 25864.63679166667 52 34
27050.633708333335 27435.945791666672 52 32
56878.59527916656 57161.43612083321 52 32
58601.16404166655 58904.741268749895 52 34
73675.80287708313 73977.23487708313 52 32
77224.95671041645 77537.22610624979 52 43
79588.51496041646 79893.55677916647 52 31
80813.17312708312 81410.67212708312 52 43
83195.46537708309 83498.03634999975 52 31
97980.23004374978 98649.98404374978 52 62
355.0295 668.2420875 53 40
2133.8655000000003 2435.924729166667 53 28
4458.663999999999 4749.763999999999 53 31
6215.849333333331 6516.3581166666645 53 37
9456.54408333333 9931.606166666663 53 36
10313.142749999997 10624.16112083333 53 36
10933.985833333329 11228.733833333328 53 41
12697.711999999998 12992.523458333331 53 28
17345.602 17807.756445833333 53 38
18561.13941666667 18848.984416666673 53 32
20333.883041666682 20631.36903541668 53 32
25010.816625000007 25310.13165208334 53 34
26157.319791666672 26487.64849166667 53 37
26759.84070833334 27072.372833333335 53 35
56599.57623541656 56896.91031249989 53 40
58325.95799583321 58610.18930833322 53 42
59423.5789437499 59740.50749791656 53 42
60555.68673749988 60837.72488958321 53 37
62275.23529166654 62560.12808749987 53 43
64246.85234374985 64822.631843749834 53 53
73393.21037708313 73958.39537708313 53 43
75390.47237708313 75692.62127708313 53 45
76559.84996041645 76923.48622708312 53 50
76900.75896041645 77371.29821041645 53 57
77516.69471041646 78096.40471041646 53 47
79294.96671041645 79831.61121041645 53 34
81117.98912708311 81703.35512708311 53 46
82901.91712708311 83438.5616270831 53 34
87755.23904374975 89816.65854374974 53 48
91390.46354374973 96886.61287708311 53 48
98291.30404374977 98809.8955437498 53 58
100802.0640437498 103551.9440437498 53 60
102954.1440437498 106540.9440437498 53 61
4174.585666666666 4505.519999999999 54 32
5931.028083333332 6357.145583333331 54 35
8531.877833333328 8839.216616666663 54 29
9138.185833333331 9468.448854166663 54 32
18280.48966666667 18607.513000000003 54 32
20043.556791666677 20381.959958333347 54 32
24380.68262500001 24863.90933750001 54 32
28839.987625 29419.783625000004 54 44
29419.783625000004 29753.625875000005 54 46
30001.150458333337 30582.602458333342 54 44
30582.602458333342 31154.903458333345 54 44
31154.903458333345 31744.388458333342 54 46
31744.388458333342 32322.75745833334 54 44
32322.75745833334 32900.878958333335 54 44
32900.878958333335 33471.05895833333 54 46
33471.05895833333 34055.56895833332 54 44
34055.56895833332 34627.86995833332 54 44
34627.86995833332 35214.320958333316 54 46
35214.320958333316 35792.4424583333 54 44
35792.4424583333 36362.622458333295 54 44
36362.622458333295 36962.7574583333 54 46
36962.7574583333 37535.058458333304 54 44
37535.058458333304 38069.038791666644 54 44
38118.299874999975 38477.42545833332 54 46
38751.02862499998 39330.73862499998 54 43
39330.73862499998 39924.79762499998 54 39
39924.79762499998 40363.599208333304 54 36
40508.52670833331 40940.5312083333 54 36
41083.3884583333 41652.33420833329 54 36
41652.33420833329 42221.05420833329 54 37
42221.05420833329 42810.781874999964 54 25
42810.781874999964 43383.08287499996 54 25
43383.08287499996 43716.92512499995 54 26
43964.44970833328 44543.99870833329 54 29
44543.99870833329 45114.17870833328 54 25
45114.17870833328 45710.04570833328 54 26
45710.04570833328 46291.49770833328 54 25
46291.49770833328 46863.79870833328 54 25
46863.79870833328 47436.09970833328 54 26
47436.09970833328 48014.22120833327 54 29
48014.22120833327 48584.401208333264 54 25
48584.401208333264 49169.79170833326 54 26
49169.79170833326 49751.24370833325 54 25
49751.24370833325 50332.695708333245 54 25
50332.695708333245 50940.04470833325 54 26
50940.04470833325 51528.27970833324 54 25
51528.27970833324 52128.27970833324 54 25
52128.27970833324 52490.503791666575 54 26
52762.591624999906 53371.7286249999 54 25
53371.7286249999 53718.78804166657 54 25
53963.168708333236 54349.648791666565 54 26
54540.58079166657 55020.892124999904 54 29
55116.02670833324 55690.18970833324 54 33
55690.18970833324 56171.08854166657 54 38
60293.430256249885 60824.50373749987 54 36
62003.70440624987 62337.51289166654 54 43
66236.61487708312 66558.64440833313 54 64
73099.92637708313 73409.69493958313 54 38
75104.89387708313 75676.05087708312 54 49
76248.96896041646 76900.75896041645 54 52
79000.09721041647 79304.7956937498 54 35
80176.46862708313 80658.85203958313 54 37
82607.04762708311 82916.66060208311 54 35
83783.41904374975 84154.12013124974 54 37
651.4956666666667 982.9329166666668 55 40
2419.4401666666668 2886.066666666666 55 44
3885.979833333333 4191.244412499999 55 39
5643.187083333332 5953.6363812499985 55 32
8242.02283333333 8828.907333333329 55 32
9742.03283333333 10040.306247916664 55 39
11217.080999999995 11540.764249999995 55 41
12980.730999999996 13497.827166666664 55 41
17059.887499999993 17499.44825 55 35
17994.915 18294.619291666666 55 40
19722.974916666677 20053.26552500001 55 32
24098.09012500001 24701.53812500001 55 33
25299.422458333338 25864.63679166667 55 43
27050.633708333335 27435.945791666672 55 41
56878.59527916656 57161.43612083321 55 40
58601.16404166655 58904.741268749895 55 43
60027.743856249894 60306.49645624988 55 45
61722.94578749987 62015.1513020832 55 52
62835.36843541654 63152.1051020832 55 53
63982.18787916652 64257.50474374985 55 47
65952.55087708314 66552.07237708312 55 57
72820.85637708314 73393.21037708313 55 41
73958.39537708313 74526.70237708313 55 49
75960.87212708313 76268.39902291646 55 47
78390.52221041646 78789.79221041646 55 43
81997.47262708312 82396.74262708312 55 37
85941.86154374975 87925.80445624975 55 49
89586.84254374974 91561.02895624973 55 49
97679.14604374977 98291.30404374977 55 55
7962.1032499999965 8251.684666666662 56 31
16783.756499999992 17069.411316666665 56 32
23822.662291666675 24107.509875000007 56 34
63713.942683333196 64019.73202499985 56 46
65682.92361874982 65963.20327708314 56 52
72541.78637708313 72830.15871041646 56 38
74240.98787708313 74540.78687708313 56 45
75676.05087708312 76104.41287708313 56 55
936.0769166666666 1224.6563833333332 57 41
2700.572333333333 2989.631139583333 57 47
4174.585666666666 4505.519999999999 57 40
5931.028083333332 6357.145583333331 57 44
7678.277333333331 8055.815249999997 57 34
10024.681249999996 10614.650249999997 57 39
11494.858999999995 11778.237793749995 57 36
13263.085499999997 13558.612966666664 57 36
15581.970583333328 15900.592049999996 57 37
16503.10674999999 16830.130083333326 57 32
18280.48966666667 18607.513000000003 57 40
20043.556791666677 20381.959958333347 57 40
23542.980458333343 23914.938791666675 57 36
25583.500791666673 25871.95386666667 57 41
27339.79195833334 27635.87004583334 57 38
57147.54722083322 57423.85137916655 57 42
58866.38388541656 59149.5405187499 57 45
60293.430256249885 60824.50373749987 57 46
62003.70440624987 62337.51289166654 57 53
63438.79579791654 63730.86505833319 57 57
64530.916343749836 64840.022293749826 57 59
65407.04763958316 65732.56258541647 57 52
72262.71637708314 72820.85637708314 57 40
74526.70237708313 75104.89387708313 57 48
75390.47237708313 75692.62127708313 57 52
76559.84996041645 76923.48622708312 57 62
78096.40471041646 78684.63971041646 57 43
79294.96671041645 79831.61121041645 57 43
81703.35512708311 82291.59012708311 57 43
82901.91712708311 83438.5616270831 57 43
1215.041 1800.532 58 44
2978.813833333333 3581.411333333333 58 50
7390.68683333333 7694.936079166664 58 33
8531.877833333328 8839.216616666663 58 37
11767.523499999994 12207.877249999996 58 41
13544.556166666664 14133.384666666665 58 41
15294.88908333333 15889.663083333327 58 36
16217.532083333328 16521.946249999994 58 40
23258.902125000008 23552.351658333344 58 36
24380.68262500001 24863.90933750001 58 41
25864.63679166667 26468.20079166667 58 40
26468.20079166667 26954.015375000003 58 51
27627.333458333338 28237.47695833334 58 36
28546.129125000003 29127.812625000006 58 49
29127.812625000006 29705.934125000007 58 40
29705.934125000007 30139.24530833334 58 50
30291.87645833334 30868.75295833334 58 41
30868.75295833334 31444.087958333344 58 48
31444.087958333344 31758.847683333344 58 42
32033.572958333345 32608.90795833334 58 49
32608.90795833334 33185.96895833333 58 40
33185.96895833333 33483.236249999994 58 50
33763.313958333325 34341.719458333326 58 41
34341.719458333326 34914.02045833332 58 48
34914.02045833332 35227.43618958331 58 42
35500.47145833331 36077.5324583333 58 49
36077.5324583333 36658.188958333296 58 40
36658.188958333296 36973.4881020833 58 50
37248.90795833331 37826.320458333306 58 41
37826.320458333306 38168.051124999976 58 48
38424.51537499998 38760.69045833331 58 40
39040.88362499998 39348.06534583331 58 46
39627.76812499997 39974.302541666635 58 34
40217.9682083333 40520.60399999997 58 42
40796.9904583333 41131.00754166663 58 33
41367.9742083333 41936.69420833329 58 39
41936.69420833329 42241.323202083295 58 34
42524.63137499996 43096.93237499996 58 23
43096.93237499996 43669.23337499995 58 23
43669.23337499995 43971.60347083329 58 24
44250.600208333286 44829.088708333285 58 23
44829.088708333285 45409.74520833328 58 23
45409.74520833328 45720.947933333286 58 24
46000.77170833328 46577.64820833328 58 23
46577.64820833328 47149.94920833327 58 23
47149.94920833327 47446.83035208328 58 24
47722.25020833327 48299.31120833327 58 23
48299.31120833327 48869.49120833326 58 23
48869.49120833326 49178.27121666659 58 24
49460.51770833325 50041.96970833325 58 23
50041.96970833325 50636.37020833325 58 23
50636.37020833325 50958.42705208324 58 24
51234.16220833325 51828.27970833324 58 23
51828.27970833324 52179.826124999905 58 23
52437.59370833325 52771.47487291657 58 24
53067.1601249999 53388.22608541657 58 23
53669.526958333234 54108.79970833324 58 23
54253.494958333235 54546.53317708324 58 24
54828.58445833324 55403.10820833324 58 29
55403.10820833324 55977.27120833324 58 32
55977.27120833324 56291.360595833234 58 37
57414.28199583321 57999.87099583322 58 45
59135.11744374989 59722.0864437499 58 48
65120.75384374982 65419.92217708315 58 63
71983.64637708313 72273.18150208313 58 40
73099.92637708313 73409.69493958313 58 47
75104.89387708313 75676.05087708312 58 57
76900.75896041645 77371.29821041645 58 57
77806.54971041647 78390.52221041646 58 43
79588.51496041646 79893.55677916647 58 39
81410.67212708312 81997.47262708312 58 39
83195.46537708309 83498.03634999975 58 39
85941.86154374975 87142.58854374975 58 49
87755.23904374975 89816.65854374974 58 48
89586.84254374974 90787.56954374973 58 49
91390.46354374973 96886.61287708311 58 48
102954.1440437498 106540.9440437498 58 61
4458.663999999999 4749.763999999999 59 39
6215.849333333331 6516.3581166666645 59 47
18561.13941666667 18848.984416666673 59 41
20333.883041666682 20631.36903541668 59 41
60555.68673749988 60837.72488958321 59 47
62275.23529166654 62560.12808749987 59 56
63713.942683333196 64019.73202499985 59 59
1503.5025 1814.4208958333334 60 45
4737.628083333332 5327.397583333333 60 44
6497.713583333331 7071.53783333333 60 50
7962.1032499999965 8251.684666666662 60 39
12053.237999999996 12376.482979166663 60 36
13825.692166666664 14142.693179166665 60 37
15018.75808333333 15306.850812499995 60 33
16503.10674999999 16830.130083333326 60 40
18837.270416666674 19418.406416666676 60 44
20620.285291666678 21223.54429166668 60 44
22967.186625000006 23354.094958333342 60 38
23542.980458333343 23914.938791666675 60 45
55977.27120833324 56291.360595833234 60 45
57701.36349583322 58017.53404166655 60 45
60824.50373749987 61403.79678749987 60 51
62546.90693541654 63133.87593541654 60 61
65407.04763958316 65732.56258541647 60 65
71704.57637708313 72262.71637708314 60 43
72262.71637708314 72820.85637708314 60 52
73675.80287708313 73977.23487708313 60 50
74808.39237708312 75125.12235416647 60 52
75676.05087708312 76104.41287708313 60 70
79879.96712708312 80488.28662708313 60 40
83486.91754374976 84108.09454374974 60 40
86841.14154374976 87160.17295208308 60 54
90486.12254374975 90805.15395208307 60 54
100802.0640437498 103551.9440437498 60 60
14738.108333333332 15065.131666666663 61 33
22675.471125000007 22985.41884375001 61 32
28839.987625 29419.783625000004 61 53
29419.783625000004 29753.625875000005 61 55
30001.150458333337 30582.602458333342 61 53
30582.602458333342 31154.903458333345 61 53
31154.903458333345 31744.388458333342 61 55
31744.388458333342 32322.75745833334 61 53
32322.75745833334 32900.878958333335 61 53
32900.878958333335 33471.05895833333 61 55
33471.05895833333 34055.56895833332 61 53
34055.56895833332 34627.86995833332 61 53
34627.86995833332 35214.320958333316 61 55
35214.320958333316 35792.4424583333 61 53
35792.4424583333 36362.622458333295 61 53
36362.622458333295 36962.7574583333 61 55
36962.7574583333 37535.058458333304 61 53
37535.058458333304 38069.038791666644 61 53
38118.299874999975 38477.42545833332 61 55
38751.02862499998 39330.73862499998 61 51
39330.73862499998 39924.79762499998 61 48
39924.79762499998 40363.599208333304 61 44
40508.52670833331 40940.5312083333 61 44
41083.3884583333 41652.33420833329 61 44
41652.33420833329 42221.05420833329 61 46
42524.63137499996 43096.93237499996 61 27
43669.23337499995 43971.60347083329 61 28
44829.088708333285 45409.74520833328 61 27
46000.77170833328 46577.64820833328 61 27
47149.94920833327 47446.83035208328 61 28
48299.31120833327 48869.49120833326 61 27
49460.51770833325 50041.96970833325 61 27
50636.37020833325 50958.42705208324 61 28
51828.27970833324 52179.826124999905 61 27
53067.1601249999 53388.22608541657 61 27
54253.494958333235 54546.53317708324 61 28
55403.10820833324 55977.27120833324 61 39
63982.18787916652 64257.50474374985 61 62
71424.20237708313 71722.01825208313 61 40
73393.21037708313 73958.39537708313 61 54
74526.70237708313 75104.89387708313 61 55
2133.8655000000003 2435.924729166667 62 36
5028.890083333333 5341.871268749999 62 47
9456.54408333333 9931.606166666663 62 45
12697.711999999998 12992.523458333331 62 36
14452.533666666664 14756.947833333332 62 42
16783.756499999992 17069.411316666665 62 41
19118.406416666676 19533.888639583347 62 46
22398.64162500001 22967.186625000006 62 35
23822.662291666675 24107.509875000007 62 44
25010.816625000007 25310.13165208334 62 43
25864.63679166667 26468.20079166667 62 40
26759.84070833334 27072.372833333335 62 44
57414.28199583321 57999.87099583322 62 41
59135.11744374989 59722.0864437499 62 44
61103.79678749987 61422.41381249987 62 50
64246.85234374985 64822.631843749834 62 67
65682.92361874982 65963.20327708314 62 67
71143.82837708313 71704.57637708313 62 46
72541.78637708313 72830.15871041646 62 50
74240.98787708313 74540.78687708313 62 53
75960.87212708313 76268.39902291646 62 60
76900.75896041645 77371.29821041645 62 73
80488.28662708313 81410.67212708312 62 45
84108.09454374974 85032.66654374974 62 45
85941.86154374975 87142.58854374975 62 58
87444.03554374975 87925.80445624975 62 51
87755.23904374975 89269.55004374974 62 57
89586.84254374974 90787.56954374973 62 58
91089.01654374973 91561.02895624973 62 51
91390.46354374973 96886.61287708311 62 57
98649.98404374978 99407.6955437498 62 69
102954.1440437498 106540.9440437498 62 72
5643.187083333332 5953.6363812499985 63 41
6776.66833333333 7080.84634583333 63 52
8242.02283333333 8828.907333333329 63 40
9138.185833333331 9468.448854166663 63 41
17059.887499999993 17499.44825 63 44
19722.974916666677 20053.26552500001 63 40
20915.85179166668 21234.780241666682 63 45
22123.90987500001 22412.48310000001 63 36
24098.09012500001 24701.53812500001 63 43
25583.500791666673 25871.95386666667 63 41
29127.812625000006 29705.934125000007 63 48
30291.87645833334 30868.75295833334 63 49
31444.087958333344 31758.847683333344 63 50
32608.90795833334 33185.96895833333 63 48
33763.313958333325 34341.719458333326 63 49
34914.02045833332 35227.43618958331 63 50
36077.5324583333 36658.188958333296 63 48
37248.90795833331 37826.320458333306 63 49
38424.51537499998 38760.69045833331 63 48
39627.76812499997 39974.302541666635 63 42
40796.9904583333 41131.00754166663 63 40
41936.69420833329 42241.323202083295 63 42
43096.93237499996 43669.23337499995 63 27
44250.600208333286 44829.088708333285 63 27
45409.74520833328 45720.947933333286 63 28
46577.64820833328 47149.94920833327 63 27
47722.25020833327 48299.31120833327 63 27
48869.49120833326 49178.27121666659 63 28
50041.96970833325 50636.37020833325 63 27
51234.16220833325 51828.27970833324 63 27
52437.59370833325 52771.47487291657 63 28
53669.526958333234 54108.79970833324 63 27
54828.58445833324 55403.10820833324 63 33
57147.54722083322 57423.85137916655 63 37
58866.38388541656 59149.5405187499 63 39
60824.50373749987 61403.79678749987 63 46
62546.90693541654 63133.87593541654 63 55
65952.55087708314 66552.07237708312 63 73
70855.36687708314 71152.00595208314 63 41
72820.85637708314 73393.21037708313 63 54
73958.39537708313 74526.70237708313 63 54
74808.39237708312 75125.12235416647 63 65
76248.96896041646 76923.48622708312 63 69
79000.09721041647 79304.7956937498 63 44
79879.96712708312 80658.85203958313 63 40
82607.04762708311 82916.66060208311 63 44
83486.91754374976 84154.12013124974 63 40
87142.58854374975 87755.23904374975 63 58
90787.56954374973 91390.46354374973 63 58
100802.0640437498 103551.9440437498 63 71
14738.108333333332 15065.131666666663 64 42
21844.70112500001 22170.04812500001 64 38
25299.422458333338 25864.63679166667 64 43
42221.05420833329 42810.781874999964 64 27
43383.08287499996 43716.92512499995 64 30
44543.99870833329 45114.17870833328 64 29
45710.04570833328 46291.49770833328 64 27
46863.79870833328 47436.09970833328 64 30
48014.22120833327 48584.401208333264 64 29
49169.79170833326 49751.24370833325 64 27
50332.695708333245 50940.04470833325 64 30
51528.27970833324 52128.27970833324 64 29
52762.591624999906 53371.7286249999 64 27
53963.168708333236 54349.648791666565 64 30
55116.02670833324 55690.18970833324 64 40
55690.18970833324 56171.08854166657 64 46
56878.59527916656 57161.43612083321 64 36
58601.16404166655 58904.741268749895 64 38
70574.23087708314 71143.82837708313 64 49
73675.80287708313 73977.23487708313 64 55
79588.51496041646 79893.55677916647 64 39
83195.46537708309 83498.03634999975 64 39
7678.277333333331 8055.815249999997 65 43
17345.602 17807.756445833333 65 48
21560.622791666676 21857.58652500001 65 40
22675.471125000007 22985.41884375001 65 41
25010.816625000007 25310.13165208334 65 43
26157.319791666672 26487.64849166667 65 47
56599.57623541656 56896.91031249989 65 46
58325.95799583321 58610.18930833322 65 49
60555.68673749988 60837.72488958321 65 41
62275.23529166654 62560.12808749987 65 49
64246.85234374985 64822.631843749834 65 61
66867.52987708313 67172.4309812498 65 67
67439.62437708314 68005.79137708314 65 67
68005.79137708314 68569.77287708316 65 69
68569.77287708316 69129.54487708314 65 70
69129.54487708314 69695.58287708314 65 71
69695.58287708314 70003.04238749981 65 73
70285.63037708314 70581.25927708314 65 50
71424.20237708313 71722.01825208313 65 53
73393.21037708313 73958.39537708313 65 62
75390.47237708313 75692.62127708313 65 65
79294.96671041645 79831.61121041645 65 43
80488.28662708313 81410.67212708312 65 45
82901.91712708311 83438.5616270831 65 43
84108.09454374974 85032.66654374974 65 45
87755.23904374975 89816.65854374974 65 57
91390.46354374973 96886.61287708311 65 57
100802.0640437498 106540.9440437498 65 71
7390.68683333333 7694.936079166664 66 42
15018.75808333333 15306.850812499995 66 43
19910.474916666677 20043.556791666677 66 49
23258.902125000008 23552.351658333344 66 46
24380.68262500001 24863.90933750001 66 41
30001.150458333337 31444.087958333344 66 71
33471.05895833333 35227.43618958331 66 68
42810.781874999964 43383.08287499996 66 29
43964.44970833328 45409.74520833328 66 39
45114.17870833328 45710.04570833328 66 30
46291.49770833328 46863.79870833328 66 29
47436.09970833328 48869.49120833326 66 38
48584.401208333264 49169.79170833326 66 30
49751.24370833325 50332.695708333245 66 29
50940.04470833325 51528.27970833324 66 29
52128.27970833324 52490.503791666575 66 30
53371.7286249999 53718.78804166657 66 29
54540.58079166657 55020.892124999904 66 34
60293.430256249885 60824.50373749987 66 41
62003.70440624987 62337.51289166654 66 47
66236.61487708312 66558.64440833313 66 73
67160.81387708313 67726.98087708313 66 62
67726.98087708313 68290.96237708315 66 61
68290.96237708315 68852.79187708315 66 66
68852.79187708315 69412.56387708314 66 63
69412.56387708314 69997.02987708314 66 68
69997.02987708314 70574.23087708314 66 55
71983.64637708313 72273.18150208313 66 53
73099.92637708313 73409.69493958313 66 55
75104.89387708313 75676.05087708312 66 73
79000.09721041647 79304.7956937498 66 44
80176.46862708313 80658.85203958313 66 47
82607.04762708311 82916.66060208311 66 44
83783.41904374975 84154.12013124974 66 47
5327.397583333333 6516.3581166666645 67 52
15294.88908333333 15889.663083333327 67 46
19418.406416666676 19722.974916666677 67 60
19722.974916666677 19847.974916666677 67 49
19847.974916666677 19957.349916666677 67 49
19974.59129166668 20053.26552500001 67 51
21844.70112500001 22170.04812500001 67 48
24098.09012500001 24701.53812500001 67 42
25299.422458333338 25864.63679166667 67 54
56878.59527916656 57161.43612083321 67 46
58601.16404166655 58904.741268749895 67 49
60027.743856249894 60306.49645624988 67 52
61722.94578749987 62015.1513020832 67 60
63982.18787916652 64257.50474374985 67 53
65952.55087708314 66552.07237708312 67 66
70574.23087708314 71143.82837708313 67 62
72820.85637708314 73393.21037708313 67 60
73958.39537708313 74526.70237708313 67 70
85941.86154374975 87925.80445624975 67 58
89586.84254374974 91561.02895624973 67 58
22967.186625000006 23354.094958333342 68 48
23822.662291666675 24107.509875000007 68 43
63713.942683333196 64019.73202499985 68 53
65682.92361874982 65963.20327708314 68 58
71704.57637708313 72262.71637708314 68 56
72541.78637708313 72830.15871041646 68 57
74240.98787708313 74540.78687708313 68 66
7071.53783333333 7694.936079166664 69 57
15581.970583333328 15900.592049999996 69 48
19785.474916666677 19910.474916666677 69 49
21223.54429166668 21655.81562500001 69 55
22123.90987500001 22412.48310000001 69 46
23542.980458333343 23914.938791666675 69 45
25583.500791666673 25871.95386666667 69 52
57147.54722083322 57423.85137916655 69 48
58866.38388541656 59149.5405187499 69 51
60293.430256249885 60824.50373749987 69 52
62003.70440624987 62337.51289166654 69 62
63438.79579791654 63730.86505833319 69 66
65407.04763958316 65732.56258541647 69 58
69997.02987708314 70574.23087708314 69 55
70855.36687708314 71152.00595208314 69 55
72262.71637708314 72820.85637708314 69 59
74526.70237708313 75104.89387708313 69 70
79294.96671041645 79831.61121041645 69 54
82901.91712708311 83438.5616270831 69 54
15889.663083333327 17667.046 70 61
17499.44825 17807.756445833333 70 54
22398.64162500001 22967.186625000006 70 44
23258.902125000008 23552.351658333344 70 46
24380.68262500001 24863.90933750001 70 52
25864.63679166667 26468.20079166667 70 50
28237.47695833334 30139.24530833334 70 77
30001.150458333337 31444.087958333344 70 71
31744.388458333342 33483.236249999994 70 71
33471.05895833333 35227.43618958331 70 68
36362.622458333295 36973.4881020833 70 73
39330.73862499998 39974.302541666635 70 61
42221.05420833329 43971.60347083329 70 43
43964.44970833328 45409.74520833328 70 39
45710.04570833328 47446.83035208328 70 39
47436.09970833328 49178.27121666659 70 38
50332.695708333245 50958.42705208324 70 40
53371.7286249999 54108.79970833324 70 38
57414.28199583321 57999.87099583322 70 52
59135.11744374989 59722.0864437499 70 55
65120.75384374982 65419.92217708315 70 73
67160.81387708313 67726.98087708313 70 62
67726.98087708313 68290.96237708315 70 61
68290.96237708315 68852.79187708315 70 66
68852.79187708315 69412.56387708314 70 63
69412.56387708314 69997.02987708314 70 68
71143.82837708313 71704.57637708313 70 59
71983.64637708313 72273.18150208313 70 59
73099.92637708313 73409.69493958313 70 69
79588.51496041646 79893.55677916647 70 50
80488.28662708313 81410.67212708312 70 45
83195.46537708309 83498.03634999975 70 50
84108.09454374974 85032.66654374974 70 45
31154.903458333345 31758.847683333344 71 66
38584.95545833331 38760.69045833331 71 68
38751.02862499998 39348.06534583331 71 67
45114.17870833328 45720.947933333286 71 37
52597.743124999906 53388.22608541657 71 38
60555.68673749988 60837.72488958321 71 54
62275.23529166654 62560.12808749987 71 63
63713.942683333196 64019.73202499985 71 67
20620.285291666678 21234.780241666682 72 55
22967.186625000006 23354.094958333342 72 48
23542.980458333343 23914.938791666675 72 57
57701.36349583322 58017.53404166655 72 50
60824.50373749987 61403.79678749987 72 58
62546.90693541654 63133.87593541654 72 70
65407.04763958316 65732.56258541647 72 75
71704.57637708313 72262.71637708314 72 63
72262.71637708314 72820.85637708314 72 75
73675.80287708313 73977.23487708313 72 70
79879.96712708312 80658.85203958313 72 50
83486.91754374976 84154.12013124974 72 50
22675.471125000007 22985.41884375001 73 41
28237.47695833334 30139.24530833334 73 77
31744.388458333342 33483.236249999994 73 71
35214.320958333316 36658.188958333296 73 76
38118.299874999975 38639.60029166665 73 69
42221.05420833329 43971.60347083329 73 43
45710.04570833328 47446.83035208328 73 39
49169.79170833326 50636.37020833325 73 43
52128.27970833324 52652.09095833324 73 38
63982.18787916652 64257.50474374985 73 71
71424.20237708313 71722.01825208313 73 59
73393.21037708313 73958.39537708313 73 78
1800.532 2978.813833333333 74 52
3581.411333333333 5341.871268749999 74 55
9456.54408333333 10040.306247916664 74 55
12362.516499999996 13558.612966666664 74 52
21560.622791666676 21857.58652500001 74 50
22398.64162500001 22967.186625000006 74 44
23822.662291666675 24107.509875000007 74 55
25010.816625000007 25310.13165208334 74 55
57999.87099583322 58340.042495833215 74 60
59423.5789437499 59740.50749791656 74 53
61103.79678749987 61422.41381249987 74 56
64246.85234374985 64822.631843749834 74 76
65682.92361874982 65963.20327708314 74 76
70285.63037708314 70581.25927708314 74 63
71143.82837708313 71704.57637708313 74 67
72541.78637708313 72830.15871041646 74 72
80488.28662708313 81410.67212708312 74 58
84108.09454374974 85032.66654374974 74 58
2978.813833333333 3590.2945812499997 75 59
7678.277333333331 8251.684666666662 75 58
8242.02283333333 8839.216616666663 75 56
8828.907333333329 9349.017249999999 75 58
9295.253833333332 9402.780666666666 75 49
9402.780666666666 9520.82984583333 75 54
10024.681249999996 10624.16112083333 75 56
20043.556791666677 20631.36903541668 75 57
22123.90987500001 22412.48310000001 75 46
24098.09012500001 24701.53812500001 75 54
31154.903458333345 31758.847683333344 75 66
45114.17870833328 45720.947933333286 75 37
61403.79678749987 62015.1513020832 75 74
62835.36843541654 63152.1051020832 75 68
65952.55087708314 66552.07237708312 75 83
67160.81387708313 67726.98087708313 75 73
67726.98087708313 68290.96237708315 75 72
68290.96237708315 68852.79187708315 75 77
68852.79187708315 69412.56387708314 75 75
69412.56387708314 69997.02987708314 75 80
69997.02987708314 70574.23087708314 75 69
70855.36687708314 71152.00595208314 75 60
72820.85637708314 73393.21037708313 75 76
79000.09721041647 79304.7956937498 75 56
82607.04762708311 82916.66060208311 75 56
21844.70112500001 22170.04812500001 76 48
70574.23087708314 71143.82837708313 76 70
2886.066666666666 3072.563820833333 77 53
9349.017249999999 9456.54408333333 77 51
12207.877249999996 12376.482979166663 77 48
21560.622791666676 21857.58652500001 77 50
22675.471125000007 22985.41884375001 77 52
56270.65054166657 56896.91031249989 77 62
64530.916343749836 64840.022293749826 77 74
66867.52987708313 67172.4309812498 77 84
67439.62437708314 68005.79137708314 77 85
68005.79137708314 68569.77287708316 77 86
68569.77287708316 69129.54487708314 77 89
69129.54487708314 69695.58287708314 77 91
69695.58287708314 70003.04238749981 77 93
70285.63037708314 70581.25927708314 77 73
71424.20237708313 71722.01825208313 77 76
23258.902125000008 23552.351658333344 78 58
30001.150458333337 31444.087958333344 78 84
33471.05895833333 35227.43618958331 78 80
36362.622458333295 36973.4881020833 78 73
36962.7574583333 38168.051124999976 78 78
39330.73862499998 39974.302541666635 78 61
43964.44970833328 45409.74520833328 78 48
47436.09970833328 49178.27121666659 78 46
50332.695708333245 50958.42705208324 78 40
50940.04470833325 52179.826124999905 78 44
53371.7286249999 54108.79970833324 78 38
66236.61487708312 66558.64440833313 78 81
67160.81387708313 67726.98087708313 78 79
67726.98087708313 68290.96237708315 78 77
68290.96237708315 68852.79187708315 78 82
68852.79187708315 69412.56387708314 78 80
69412.56387708314 69997.02987708314 78 85
69997.02987708314 70574.23087708314 78 79
71983.64637708313 72273.18150208313 78 76
10614.650249999997 12362.516499999996 79 57
17667.046 19533.888639583347 79 66
21844.70112500001 22170.04812500001 79 60
59722.0864437499 60306.49645624988 79 64
70574.23087708314 71143.82837708313 79 89
22967.186625000006 23354.094958333342 80 60
38584.95545833331 38760.69045833331 80 68
38751.02862499998 39348.06534583331 80 67
52597.743124999906 53388.22608541657 80 38
71704.57637708313 72262.71637708314 80 80
22123.90987500001 22412.48310000001 81 58
63133.87593541654 63730.86505833319 81 81
70855.36687708314 71152.00595208314 81 78
14133.384666666665 15900.592049999996 82 70
22398.64162500001 22967.186625000006 82 55
28237.47695833334 30139.24530833334 82 90
31744.388458333342 33483.236249999994 82 84
35214.320958333316 36658.188958333296 82 76
36362.622458333295 36973.4881020833 82 87
36962.7574583333 38168.051124999976 82 78
38118.299874999975 38639.60029166665 82 73
39330.73862499998 39974.302541666635 82 71
42221.05420833329 43971.60347083329 82 51
45710.04570833328 47446.83035208328 82 48
49169.79170833326 50636.37020833325 82 43
50332.695708333245 50958.42705208324 82 49
50940.04470833325 52179.826124999905 82 44
52128.27970833324 52652.09095833324 82 40
53371.7286249999 54108.79970833324 82 44
64822.631843749834 65419.92217708315 82 90
67160.81387708313 67726.98087708313 82 79
67726.98087708313 68290.96237708315 82 77
68290.96237708315 68852.79187708315 82 82
68852.79187708315 69412.56387708314 82 80
69412.56387708314 69997.02987708314 82 85
71143.82837708313 71704.57637708313 82 85
31154.903458333345 31758.847683333344 83 78
38584.95545833331 39348.06534583331 83 79
45114.17870833328 45720.947933333286 83 44
52597.743124999906 53388.22608541657 83 46
35214.320958333316 36658.188958333296 85 90
38118.299874999975 38639.60029166665 85 84
49169.79170833326 50636.37020833325 85 51
52128.27970833324 52652.09095833324 85 48
21560.622791666676 21857.58652500001 86 63
70285.63037708314 70581.25927708314 86 92
67160.81387708313 67726.98087708313 87 92
67726.98087708313 68290.96237708315 87 91
68290.96237708315 68852.79187708315 87 96
68852.79187708315 69412.56387708314 87 95
69412.56387708314 69997.02987708314 87 101
69997.02987708314 70574.23087708314 87 100
36962.7574583333 38168.051124999976 90 93
50940.04470833325 52179.826124999905 90 52
