2824.804 3005.3296666666665 32 35
22790.602958333326 22971.128624999994 32 41
103735.59896666642 103938.29496666644 32 39
104341.61729999977 104539.67629999977 32 28
104939.83396666643 105091.55979999976 32 26
105544.13779999975 105695.28163333308 32 25
106158.56988333307 106361.26588333308 32 34
106764.58821666641 106962.64721666642 32 26
107362.80488333307 107514.5307166664 32 25
107967.1087166664 108118.25254999973 32 23
108581.54079999971 108788.76913333304 32 35
121902.37877499982 125777.07389166646 32 28
74616.36621666668 74819.06221666667 34 67
75820.60121666666 75972.32705 34 71
40201.91299999999 40413.834749999995 36 44
40836.00141666666 40993.62058333333 36 24
41467.870583333315 41680.07374999998 36 26
42110.09408333331 42245.488124999974 36 24
12812.44916666668 12966.26366666668 37 44
32770.09271666665 32923.90721666665 37 48
64902.61088333354 65105.30688333353 37 59
66106.84588333352 66258.57171666685 37 63
120459.29771666645 120707.74155833313 38 26
20119.883708333327 20334.179458333325 39 51
20758.806041666656 20967.914041666656 39 27
21385.494041666658 21515.516541666657 39 28
22026.753583333328 22166.335958333326 39 29
52737.336008333376 52942.118925000046 39 47
67337.10180000016 67539.79780000016 39 67
68541.33680000014 68693.06263333347 39 68
69771.59271666678 69974.28871666678 39 67
70975.82771666677 71127.5535500001 39 70
77050.85713333332 77253.55313333332 39 63
78255.09213333332 78406.81796666665 39 67
79473.82804999997 79676.24804999997 39 56
80668.6866333333 80863.95921666663 39 58
81873.37829999994 82080.9116333333 39 60
83100.39196666662 83300.73263333329 39 64
84292.46554999995 84499.99888333328 39 67
85519.47921666662 85719.81988333327 39 64
101312.62804999977 101515.32404999978 39 37
101918.6463833331 102116.70538333312 39 29
102516.86304999977 102628.28661666645 39 28
103121.1668833331 103272.31071666644 39 25
103836.94696666644 104039.64296666643 39 27
104241.15429999978 104440.64679999977 39 28
104440.64679999977 104641.02429999977 39 27
104840.23404999977 105041.18196666642 39 27
105041.18196666642 105191.15971666641 39 26
105442.79154999975 105593.93363333309 39 26
105644.60763333309 105797.52154999974 39 25
106055.4132166664 106259.91788333308 39 24
106259.91788333308 106462.61388333308 39 26
106664.12521666642 106863.61771666641 39 26
106863.61771666641 107063.99521666642 39 26
107263.20496666641 107464.15288333307 39 25
107464.15288333307 107614.13063333306 39 25
107865.76246666639 108016.90454999972 39 24
108067.57854999973 108220.49246666639 39 23
108478.38413333305 108599.59321666638 39 23
108685.00246666638 108892.53579999972 39 23
120663.62390833312 120848.75869166647 39 31
120888.44123333314 121027.12188333314 39 33
121061.30991666648 121171.91399166647 39 33
121230.7374999998 121363.86770833314 39 33
121396.65460833315 121503.68622499981 39 30
121562.01955833315 121671.76173333314 39 30
121731.59079166647 121844.18449166648 39 30
42757.84624999997 42997.71908333331 40 39
43456.56333333332 43676.28766666665 40 26
44106.86583333331 44318.19283333332 40 27
44740.84683333332 44952.49966666665 40 27
45384.77533333331 45603.46791666664 41 34
46022.9720833333 46230.50541666663 41 30
46643.43524999995 46846.43258333329 41 33
47254.239666666625 47458.1413333333 41 34
53951.46309166672 54150.646425000064 41 51
72206.08363333342 72408.77963333341 41 69
73410.31863333337 73612.12963333337 41 58
120975.39773333314 121112.59196666647 41 27
121146.49026666647 121255.94757499981 41 27
121314.28090833315 121445.83495833316 41 27
121478.89282499981 121612.43970833314 41 24
121646.33800833314 121783.31494166648 41 26
121818.09754166647 121979.30185833314 41 26
37643.75775833336 37804.18550833336 43 41
38281.223425000004 38441.03205 43 28
38909.59105000001 39071.300883333344 43 27
39546.952216666665 39708.24563333333 43 27
40308.01458333332 40519.65491666666 43 23
40730.738249999995 40859.68562916666 43 26
40941.26458333333 41098.88374999999 43 24
41361.768999999986 41497.12590833331 43 25
41574.25358333332 41733.26524999998 43 26
42002.11916666664 42127.80525624998 43 24
42218.577458333304 42351.64237499997 43 23
47862.6483333333 48065.344333333305 43 42
48471.03074999998 48674.90441666666 43 35
49080.29466666667 49281.806000000004 43 38
49684.53600000001 49885.462000000014 43 35
54549.01309166674 54749.353758333404 43 39
3523.5210833333335 3688.7495000000004 44 30
4173.823583333335 4385.150583333336 44 20
4807.804583333337 4966.299833333338 44 23
5451.733083333337 5616.604333333337 44 26
6089.929833333339 6297.463166666673 44 24
6710.393000000008 6863.012500000008 44 23
7321.197416666674 7474.425083333341 44 23
7929.6060833333395 8132.302083333339 44 24
8537.988500000007 8741.862166666673 44 26
9147.252416666674 9348.763750000007 44 29
9751.493750000007 9952.419750000006 44 30
10374.348500000007 10528.163000000006 44 29
10984.223750000006 11181.99833333334 44 31
11583.298333333343 11782.790833333342 44 28
12181.74775000001 12332.884750000012 44 31
23489.32004166666 23654.548458333324 44 36
24139.622541666657 24350.949541666654 44 20
24773.60354166665 24932.098791666645 44 23
25417.53204166665 25582.403291666647 44 26
26055.728791666646 26263.26212499998 44 24
26676.191958333307 26828.811458333308 44 23
27286.996374999973 27440.224041666635 44 23
27895.40504166664 28098.10104166664 44 25
28503.78745833331 28707.661124999977 44 28
29113.05137499998 29314.562708333313 44 31
29717.292708333312 29918.218708333316 44 35
30331.99204999998 30485.80654999998 44 31
30941.86729999998 31139.641883333315 44 35
31540.941883333315 31740.434383333308 44 31
32139.391299999977 32290.528299999984 44 35
50299.23534166669 50504.01825833335 44 38
50909.110591666686 51106.88517500003 44 35
51508.18517500003 51707.677675000035 44 38
52106.63459166671 52308.74000833337 44 40
72812.10196666673 73010.16096666672 44 40
89153.29688333326 89355.99288333325 44 68
89759.3152166666 89957.37421666659 44 39
90357.53188333326 90509.25771666659 44 31
90961.83571666657 91112.9795499999 44 34
91576.2677999999 91778.96379999988 44 39
92182.28613333323 92380.34513333322 44 44
92780.50279999989 92932.22863333322 44 40
93384.8066333332 93535.95046666653 44 40
94010.75871666653 94213.45471666651 44 49
94616.77704999986 94814.83604999985 44 36
95214.99371666652 95366.71954999985 44 31
95819.29754999983 95970.44138333316 44 34
96433.72963333316 96636.42563333314 44 39
97039.74796666649 97237.80696666648 44 36
97659.40121666648 97811.1270499998 44 26
98263.7050499998 98414.84888333314 44 28
98889.65713333314 99092.35313333313 44 37
99495.67546666646 99693.73446666647 44 29
100093.89213333312 100245.61796666645 44 28
100698.19596666645 100849.33979999978 44 28
101413.97604999978 101616.67204999978 44 29
101818.18338333312 101931.02507083312 44 29
102017.67588333311 102218.05338333311 44 28
102417.26313333311 102537.13264999978 44 28
102618.21104999977 102768.18879999977 44 27
103019.82063333312 103138.59542499976 44 26
103221.63671666644 103374.5506333331 44 25
103632.44229999976 103749.53431666642 44 25
103938.29496666644 104140.39863333311 44 27
104140.39863333311 104291.53213333311 44 27
104539.67629999977 104691.4021333331 44 27
104741.48729999976 104889.74879999977 44 27
105141.64496666641 105290.47688333309 44 26
105340.8547166664 105493.75996666642 44 26
105746.25004999974 105952.25654999974 44 24
105952.25654999974 106158.56988333307 44 24
106361.26588333308 106563.36954999976 44 26
106563.36954999976 106714.50304999975 44 26
106962.64721666642 107114.37304999975 44 26
107164.4582166664 107312.71971666641 44 25
107564.61588333306 107713.44779999973 44 25
107763.82563333305 107916.73088333306 44 25
108169.22096666638 108375.22746666639 44 23
108375.22746666639 108581.54079999971 44 23
108788.76913333304 108995.69246666638 44 24
119321.89471666644 119769.04153749978 44 33
122131.39535833313 125777.07389166646 44 31
60067.5273833335 60270.2233833335 45 35
60673.54571666683 60871.604716666836 45 29
61271.76238333352 61423.488216666854 45 34
61876.06621666687 62027.210050000205 45 30
62492.328300000205 62695.0243000002 45 37
63098.34663333353 63296.40563333353 45 35
63696.56330000021 63848.28913333355 45 39
64300.86713333355 64452.01096666687 45 44
17664.50029166667 17875.19479166667 46 47
18287.523958333328 18489.33145833333 46 31
18892.354125 19093.865458333334 46 34
19496.888125000005 19650.702625000005 46 31
20226.53679166666 20441.154291666655 46 29
20653.458791666657 20782.438016666656 46 33
20863.519041666656 21072.309041666656 46 27
21281.099041666657 21404.950291666657 46 28
21489.417791666656 21620.863791666656 46 27
21916.723333333328 22082.296833333327 46 24
22138.02016666666 22283.458708333328 46 28
22638.590624999997 22833.01689166666 46 25
70377.61105000011 70575.67005000012 46 46
71580.1315500001 71731.27538333343 46 53
75222.38455 75420.44355 46 46
76424.90504999999 76576.04888333332 46 45
17045.700041666678 17196.843875000013 47 41
58228.20980000012 58426.26880000013 47 36
58826.42646666681 58978.15230000015 47 34
59430.73030000016 59581.8741333335 47 30
15237.161208333344 15439.857208333346 48 50
15843.17954166668 16041.23854166668 48 37
35194.804758333325 35397.50075833332 48 55
35800.82309166666 35998.88209166666 48 39
36399.03975833334 36550.76559166668 48 35
37003.34359166669 37154.48742500003 48 36
40413.834749999995 40625.47508333333 48 25
40625.47508333333 40836.00141666666 48 26
41046.252166666665 41203.59575 48 24
41256.22733333333 41414.67908333332 48 25
41680.07374999998 41840.21708333331 48 26
41893.980499999976 42055.940499999975 48 25
42325.22649999997 42456.03929166664 48 25
42589.94429166664 42795.71583333331 48 19
42938.37191666664 43173.368499999975 48 24
43287.76008333331 43512.10658333331 48 24
43621.79174999998 43839.090749999974 48 24
43946.73341666664 44153.09361458331 48 24
44265.361083333315 44529.51983333332 48 24
44582.35158333332 44760.65873958332 48 24
44899.342083333315 45166.78733333331 48 24
45220.940916666645 45398.572249999976 48 24
45549.646583333306 45814.182083333304 48 27
45866.379583333306 46041.13124999996 48 27
46178.62208333329 46437.42874999996 48 28
46489.007083333294 46657.534912499956 48 28
46796.05474999995 47051.54541666662 48 29
47102.51383333329 47271.8719083333 48 29
47407.46733333329 47659.9523333333 48 30
47710.626333333305 47906.9880833333 48 30
53346.91509166672 53549.611091666724 48 41
55162.04805000007 55364.74405000007 48 37
55768.066383333404 55966.12538333341 48 27
56366.28305000009 56518.00888333343 48 31
56970.586883333446 57121.73071666678 48 27
57622.191466666794 57824.88746666679 48 33
67943.12013333349 68141.17913333348 48 46
69145.64063333346 69296.7844666668 48 53
73310.71871666671 73417.91973333337 48 39
74014.62246666668 74216.73471666667 48 44
74517.33671666667 74630.30156666668 48 46
77656.87546666666 77854.93446666666 48 46
78859.39596666663 79010.53979999997 48 53
108685.00246666638 108892.53579999972 48 28
108892.53579999972 109098.84913333305 48 24
13422.028250000016 13624.724250000016 49 46
14026.576250000015 14225.759583333347 49 35
14624.126250000016 14824.46691666668 49 50
22253.57941666666 22406.396333333327 49 27
22503.15804166666 22673.81183333333 49 26
33379.67179999999 33582.36779999999 49 40
33984.219799999984 34183.40313333332 49 38
34581.769799999995 34782.11046666666 49 41
65508.629216666865 65706.68821666687 49 46
66711.14971666684 66862.29355000018 49 53
37750.70959166669 37963.76000833335 50 25
38175.68175833335 38291.987691666676 50 26
38388.200300000004 38545.27188333334 50 26
38804.87905000001 38935.90684166668 50 27
39017.47955000001 39177.12105 50 27
39440.28480000001 39600.42813333333 50 27
39654.19155 39815.057591666664 50 28
40085.11349999999 40220.530024999985 50 26
54100.85059166673 54349.8297583334 50 34
54399.625591666736 54564.03864166673 50 30
54699.26859166674 54900.34442500007 50 30
55054.77263333341 55175.98340000007 50 30
2945.5710833333333 3123.6251666666662 51 17
3411.349416666667 3579.0643333333337 51 18
3633.9069166666673 3797.7413333333343 51 19
4067.1785833333347 4279.487083333335 51 20
4279.487083333335 4490.814083333336 51 20
4702.141083333337 4860.6363333333375 51 22
4913.468083333338 5072.615000000004 51 23
5342.394583333337 5506.920750000005 51 24
5562.1084166666715 5723.913083333338 51 26
5985.534833333339 6108.089000000006 51 24
6193.696500000006 6401.22983333334 51 24
6607.543166666674 6761.664500000008 51 23
6812.338500000008 6963.768166666674 51 23
7220.145583333341 7371.575250000007 51 23
7422.846750000008 7575.476916666674 51 23
7828.25808333334 7973.94583333334 51 22
8030.954083333339 8233.65008333334 51 24
8436.34608333334 8639.92533333334 51 26
8639.92533333334 8792.83058333334 51 27
9046.20058333334 9248.008083333341 51 28
9248.008083333341 9449.519416666673 51 29
9651.030750000005 9851.66408333334 51 30
9851.66408333334 10002.79758333334 51 30
10260.740666666674 10388.448162500006 51 28
10476.891500000005 10681.068250000006 51 29
10883.46808333334 11034.01958333334 51 27
11083.53433333334 11282.754000000006 51 31
11482.246500000008 11597.152237500008 51 29
20334.179458333325 20547.469458333326 51 31
20547.469458333326 20706.290541666658 51 33
20967.914041666656 21176.704041666657 51 28
21176.704041666657 21385.494041666658 51 28
21594.447916666657 21754.25249999999 51 26
21808.073833333325 21971.56591666666 51 24
22375.001124999995 22536.231208333327 51 31
22911.37004166666 23089.424124999994 51 17
23377.148374999993 23544.863291666657 51 18
23599.705874999992 23763.540291666657 51 19
24032.977541666656 24245.286041666655 51 20
24245.286041666655 24456.613041666653 51 20
24667.94004166665 24826.435291666647 51 22
24879.267041666648 25038.413958333316 51 23
25308.19354166665 25472.719708333316 51 24
25527.90737499998 25689.712041666644 51 26
25951.333791666646 26073.88795833331 51 24
26159.495458333313 26367.028791666646 51 24
26573.342124999977 26727.463458333306 51 23
26778.13745833331 26929.567124999972 51 23
27185.94454166664 27337.374208333305 51 23
27388.645708333304 27541.275874999967 51 23
27794.057041666638 27939.74479166664 51 22
27996.753041666638 28199.449041666638 51 25
28402.14504166664 28605.724291666644 51 27
28605.724291666644 28758.629541666643 51 28
29011.999541666646 29120.60804999998 51 30
29213.807041666645 29415.31837499998 51 31
29616.829708333316 29817.463041666648 51 35
29817.463041666648 29933.332058333315 51 35
30225.965658333313 30346.09171249998 51 31
30434.53504999998 30638.71179999998 51 31
30841.111633333312 30991.663133333313 51 29
31041.177883333316 31240.397549999983 51 35
31439.89004999998 31553.536341666648 51 33
48014.670333333306 48268.04033333331 51 30
48318.71433333331 48572.96758333332 51 30
48623.93599999999 48877.89483333333 51 31
48928.56883333333 49089.110787499994 51 33
49231.428166666665 49483.31733333333 51 34
49533.695166666665 49702.06580833335 51 34
49835.084166666675 50017.00603333335 51 30
50140.88425000002 50313.335004166685 51 30
50453.04984166668 50707.30309166669 51 30
50757.97709166669 50915.33507083336 51 31
51057.65317500003 51258.01867500003 51 31
51357.6185916667 51554.78467083337 51 33
51658.16292500003 51857.65542500004 51 34
51957.24709166671 52109.13885000005 51 35
52257.7715916667 52463.47317500004 51 36
52570.4845916667 52806.55253333337 51 37
63797.91130000022 63947.88905000022 51 39
64199.520883333564 64322.03036250021 51 42
64401.33696666687 64605.52238333353 51 44
64803.581383333534 64916.54623333353 51 46
67438.44980000016 67641.14580000016 51 44
67842.6571333335 67961.6881645835 51 46
68042.14963333348 68242.52713333348 51 48
68441.73688333348 68642.68480000013 51 49
68642.68480000013 68792.66255000012 51 50
69044.29438333347 69195.4364666668 51 53
69246.1104666668 69399.02438333345 51 50
69663.95005000013 69785.52806666678 51 49
69872.94071666678 70075.63671666678 51 44
70277.14805000012 70399.89268750012 51 46
70476.64055000011 70677.01805000012 51 48
70876.22780000011 71026.50171666677 51 49
71077.17571666677 71227.15346666676 51 50
71478.7853000001 71600.04988333343 51 53
71680.60138333343 71833.51530000009 51 50
72098.44096666676 72220.01898333342 51 49
73862.30780000002 74064.41830000002 51 39
77152.20513333332 77354.90113333333 51 44
77556.41246666668 77674.20562916667 51 46
77755.90496666667 77956.28246666667 51 48
78155.49221666667 78356.44013333332 51 49
78356.44013333332 78506.41788333331 51 50
78758.04971666665 78909.19179999997 51 53
78959.86579999997 79112.77971666664 51 50
79370.6713833333 79494.87181874998 51 49
80078.69571666663 80277.3168833333 51 39
80571.59846666665 80688.04959999997 51 41
81263.50304999996 81414.63654999994 51 46
81770.83529999995 81891.5374666666 51 41
82492.31096666661 82696.18463333328 51 44
82999.63629999995 83144.21648749996 51 47
83697.97496666662 83894.06421666662 51 48
84192.00254999996 84305.43638333328 51 45
84911.3982166666 85115.27188333326 51 49
85418.72354999994 85530.74837916662 51 51
86117.06221666661 86268.20604999995 51 46
86718.80596666661 86921.50196666659 51 70
87324.82429999993 87522.88329999993 51 51
87923.0409666666 88074.76679999994 51 52
88527.34479999992 88678.48863333325 51 51
89254.64488333325 89457.34088333327 51 40
89658.85221666661 89775.4075104166 51 39
89858.34471666659 90058.72221666659 51 29
90257.93196666658 90458.87988333325 51 30
90458.87988333325 90608.85763333325 51 31
90860.48946666658 91011.6315499999 51 34
91062.3055499999 91215.21946666657 51 35
91473.11113333324 91590.2031499999 51 36
91677.61579999988 91880.3117999999 51 39
92081.82313333324 92187.23760833322 51 42
92281.31563333322 92481.69313333322 51 42
92680.90288333321 92881.85079999988 51 40
92881.85079999988 93031.82854999987 51 40
93283.46038333321 93434.60246666653 51 40
93485.27646666653 93638.19038333319 51 40
93903.11604999987 94024.69406666653 51 41
94112.10671666652 94314.80271666653 51 36
94516.31404999987 94624.20426249986 51 36
94715.80654999985 94916.18404999985 51 29
95115.39379999985 95316.34171666652 51 30
95316.34171666652 95466.31946666651 51 31
95717.95129999984 95869.09338333317 51 34
95919.76738333316 96072.68129999982 51 35
96330.5729666665 96447.66498333316 51 36
96535.07763333315 96737.77363333314 51 38
96939.28496666648 97044.69944166648 51 36
97138.77746666648 97336.83646666649 51 36
97554.82013333315 97760.74921666649 51 34
97760.74921666649 97910.72696666648 51 26
98162.35879999981 98313.50088333314 51 28
98364.17488333314 98517.0887999998 51 27
98782.01446666647 98903.59248333312 51 30
98991.00513333314 99193.70113333313 51 29
99395.21246666647 99594.70496666647 51 29
99594.70496666647 99795.08246666647 51 29
99994.29221666646 100195.24013333314 51 29
100195.24013333314 100345.21788333313 51 28
100596.84971666646 100705.66534166645 51 28
100798.66579999978 100951.57971666644 51 28
101209.4713833331 101365.83574999978 51 27
101515.32404999978 101717.42771666645 51 29
101717.42771666645 101868.56121666645 51 29
102116.70538333312 102268.43121666645 51 28
102318.5163833331 102466.77788333311 51 28
102718.67404999978 102867.50596666645 51 27
102917.88379999978 103070.78904999977 51 26
103323.2791333331 103529.2856333331 51 25
103529.2856333331 103735.59896666642 51 25
104039.64296666643 104241.15429999978 51 27
104641.02429999977 104791.00204999976 51 27
105240.39171666642 105442.79154999975 51 26
105849.09988333308 106055.4132166664 51 24
106462.61388333308 106664.12521666642 51 26
107063.99521666642 107213.9729666664 51 26
107663.36263333306 107865.76246666639 51 25
108272.07079999972 108478.38413333305 51 23
108788.76913333304 108995.69246666638 51 28
108995.69246666638 109150.42746666638 51 25
119321.89471666644 119769.04153749978 51 33
122353.08894166647 125777.07389166646 51 35
11683.761333333341 11832.305583333342 52 28
12082.156083333342 12231.832916666677 52 30
12282.210750000011 12435.12466666668 52 31
12702.229333333345 12857.31172916668 52 35
31641.404883333307 31789.94913333331 52 31
32039.79963333331 32189.47646666665 52 34
32239.854299999985 32392.768216666653 52 35
32659.872883333323 32789.319529166656 52 39
55263.39605000007 55466.09205000007 52 26
55667.6033833334 55785.396545833406 52 26
57071.05671666678 57223.970633333454 52 26
57496.06988333345 57636.12681666679 52 28
57723.539466666785 57926.23546666679 52 26
58127.74680000012 58245.53996250012 52 28
59531.2001333335 59684.11405000017 52 29
59949.03971666683 60081.462733333494 52 28
60168.87538333349 60371.571383333496 52 26
60573.082716666824 60690.87587916683 52 28
61976.536050000206 62129.44996666688 52 29
62388.561633333535 62506.2636500002 52 28
62593.676300000196 62796.3723000002 52 30
62997.88363333353 63197.376133333535 52 34
63197.376133333535 63397.75363333354 52 35
63596.96338333355 63714.29920000021 52 38
75921.94921666668 76071.92696666667 52 48
76323.5588 76474.70088333332 52 46
76525.37488333332 76678.2888 52 45
76943.21446666666 77104.06483333332 52 44
16441.396208333346 16593.122041666677 53 34
17146.169875000014 17299.08379166668 53 29
17558.836791666672 17694.87854791667 53 28
17770.16379166667 17927.392291666667 53 28
18185.587124999995 18338.197958333327 53 29
18388.57579166666 18590.087125 53 31
18791.598458333334 18906.208029166668 53 35
18993.109791666666 19194.621125 53 34
19396.132458333337 19509.706000000006 53 33
19599.431125000006 19753.859291666668 53 31
20014.53645833333 20141.016408333326 53 29
47558.6043333333 47761.3003333333 53 39
55867.095883333415 56067.47338333342 53 27
56266.68313333342 56467.63105000009 53 29
56467.63105000009 56617.6088000001 53 31
56869.240633333444 56989.26032083345 53 29
58327.23930000013 58527.616800000134 53 30
58726.82655000014 58927.77446666681 53 33
58927.77446666681 59077.75221666681 53 34
59329.38405000016 59446.9139458335 53 30
72358.10563333341 72610.88330000009 53 40
72661.2611333334 72831.90786666672 53 40
72960.64621666672 73161.88680000005 53 40
73211.97196666671 73360.23346666672 53 46
73562.0444666667 73760.96155000004 53 39
74165.76630000002 74418.30721666668 53 44
74418.30721666668 74616.36621666668 53 46
74717.71421666666 74920.41021666667 53 44
75121.92155000001 75227.336025 53 46
75321.41405 75521.79155000001 53 48
75721.0013 75840.87081666666 53 49
60772.57521666684 60972.95271666684 54 30
61172.16246666685 61373.11038333352 54 33
61373.11038333352 61523.08813333352 54 34
61774.71996666687 61899.719237500205 54 30
63898.37430000022 64047.20621666689 54 40
64097.58405000022 64250.48930000023 54 42
64502.97938333354 64704.55188333354 54 45
64704.55188333354 64902.61088333354 54 46
8132.302083333339 8334.99808333334 55 24
8334.99808333334 8487.02008333334 55 25
8741.862166666673 8944.85258333334 55 27
8944.85258333334 9096.87458333334 55 28
9348.763750000007 9550.27508333334 55 29
9550.27508333334 9701.40858333334 55 30
9952.419750000006 10154.819583333341 55 29
10154.819583333341 10323.077000000007 55 29
14724.29658333335 14849.509500000015 55 37
15129.885791666678 15251.096558333344 55 38
15338.509208333346 15541.205208333346 55 39
15742.716541666678 15860.50970416668 55 37
15942.20904166668 16142.58654166668 55 36
16341.796291666678 16459.132108333346 55 35
21700.76508333333 21862.227416666658 55 26
22375.001124999995 22536.231208333327 55 27
28098.10104166664 28300.79704166664 55 26
28300.79704166664 28452.819041666644 55 27
28707.661124999977 28910.651541666644 55 29
28910.651541666644 29062.67354166665 55 30
29314.562708333313 29516.07404166665 55 34
29516.07404166665 29667.20754166665 55 35
29918.218708333316 30049.762741666647 55 34
30121.75762499998 30241.720308333315 55 33
34681.94013333333 34807.153049999986 55 40
35087.52934166666 35208.740108333324 55 41
35296.15275833332 35498.848758333326 55 42
35700.360091666655 35899.852591666655 55 39
35899.852591666655 36100.23009166666 55 38
36299.439841666666 36416.77565833334 55 36
36500.38775833334 36650.36550833334 55 35
36901.99734166668 37053.13942500002 55 31
37103.81342500003 37256.727341666694 55 29
37528.8265916667 37674.506410416696 55 28
37857.37700833335 38016.951508333346 55 25
38069.86159166668 38228.591841666675 55 26
38493.38855 38700.712383333346 55 26
38700.712383333346 38909.59105000001 55 27
39124.21096666667 39281.83305000001 55 27
39334.46463333334 39493.4763 55 27
39761.90000833334 39883.390466666664 55 28
39973.93274999999 40102.21532499999 55 26
40519.65491666666 40730.738249999995 55 25
41151.23974999999 41308.85891666666 55 25
41786.741166666645 41948.03458333331 55 26
42429.94054166664 42617.53812499998 55 23
46948.388749999955 47153.18783333329 55 37
52891.150508333376 53094.72975833338 55 38
53195.48542500005 53448.263091666726 55 38
53498.937091666725 53751.12242500005 55 38
53801.20759166672 53961.42225833339 55 38
54951.464383333405 55080.87138333341 55 30
55364.74405000007 55566.847716666736 55 25
55566.847716666736 55717.98121666673 55 26
57824.88746666679 58026.99113333345 55 27
58026.99113333345 58178.12463333346 55 28
69974.28871666678 70176.39238333346 55 45
70176.39238333346 70327.52588333345 55 45
70575.67005000012 70727.39588333345 55 48
70777.4810500001 70925.74255000011 55 49
71177.63871666677 71326.47063333343 55 52
71376.84846666676 71529.75371666676 55 52
71782.24380000008 71936.97696666676 55 49
71990.7983000001 72206.08363333342 55 49
91778.96379999988 91981.06746666656 55 40
91981.06746666656 92132.20096666655 55 42
92380.34513333322 92532.07096666655 55 42
92582.15613333322 92730.41763333321 55 40
92982.31379999987 93131.14571666654 55 40
93181.52354999987 93334.42879999986 55 40
93586.9188833332 93741.65204999987 55 40
93795.4733833332 94010.75871666653 55 41
96636.42563333314 96838.52929999982 55 38
96838.52929999982 96989.66279999982 55 37
97237.80696666648 97445.82829999982 55 35
97445.82829999982 97609.31604999982 55 34
97861.21221666648 98010.04413333314 55 26
98060.42196666647 98213.32721666647 55 27
98465.81729999979 98620.55046666648 55 27
98674.3717999998 98889.65713333314 55 28
3064.676833333333 3240.32625 56 18
3297.71175 3467.617666666667 56 18
3743.2454166666676 3906.0485000000012 56 19
3959.8698333333346 4120.666000000002 56 20
4385.150583333336 4596.477583333336 56 20
4596.477583333336 4807.804583333337 56 22
5019.457416666671 5233.745083333339 56 23
5233.745083333339 5396.890500000004 56 24
5670.425666666671 5881.139833333338 56 25
5881.139833333338 6089.929833333339 56 25
6297.463166666673 6504.386500000007 56 24
6504.386500000007 6659.1215000000075 56 23
6913.390333333341 7118.503166666675 56 23
7118.503166666675 7270.819583333341 56 23
7525.099083333341 7726.9100833333405 56 22
7726.9100833333405 7929.6060833333395 56 22
10579.131416666673 10782.416250000006 56 28
10782.416250000006 10984.223750000006 56 28
11181.99833333334 11333.13183333334 56 30
11383.217000000008 11532.624333333342 56 29
11782.790833333342 11932.768583333343 56 29
11982.564416666677 12181.74775000001 56 29
12383.853166666679 12538.586333333345 56 33
12591.101833333345 12761.17766666668 56 34
12914.99216666668 13119.16891666668 56 31
13320.976416666681 13523.376250000016 56 33
13523.376250000016 13725.479916666682 56 34
13926.405916666681 14126.167916666682 56 35
14126.167916666682 14325.351250000014 56 35
14524.534583333349 14647.916704166682 56 36
16542.744208333344 16692.721958333343 56 34
16944.353791666676 17078.067333333343 56 31
17247.81229166668 17402.24045833334 56 29
17454.123791666676 17664.50029166667 56 28
17875.19479166667 18031.158958333333 56 28
18082.737291666665 18287.523958333328 56 29
18489.33145833333 18690.842791666666 56 33
18690.842791666666 18892.354125 56 34
19093.865458333334 19295.37679166667 56 34
19295.37679166667 19494.36923333334 56 33
19702.280958333336 19857.625958333334 56 31
19909.823458333332 20067.051958333326 56 29
21072.309041666656 21281.099041666657 56 28
23030.47579166666 23206.125208333327 56 18
23263.510708333324 23433.41662499999 56 18
23709.04437499999 23871.847458333326 56 19
23925.66879166666 24086.464958333323 56 20
24350.949541666654 24562.27654166665 56 20
24562.27654166665 24773.60354166665 56 22
24985.256374999983 25199.54404166665 56 23
25199.54404166665 25362.689458333316 56 24
25636.22462499998 25846.938791666646 56 25
25846.938791666646 26055.728791666646 56 25
26263.26212499998 26470.18545833331 56 24
26470.18545833331 26624.920458333312 56 23
26879.18929166664 27084.302124999973 56 23
27084.302124999973 27236.61854166664 56 23
27490.898041666635 27692.709041666636 56 22
27692.709041666636 27895.40504166664 56 22
30536.774966666646 30740.05979999998 56 30
30740.05979999998 30941.86729999998 56 30
31139.641883333315 31290.775383333315 56 34
31340.86054999998 31490.267883333312 56 33
31740.434383333308 31890.412133333306 56 33
31940.20796666664 32139.391299999977 56 33
32341.496716666654 32496.229883333323 56 37
32548.74538333332 32718.821216666656 56 38
32872.63571666665 33076.812466666655 56 34
33278.61996666665 33481.019799999995 56 36
33481.019799999995 33683.12346666666 56 37
33884.04946666666 34083.81146666665 56 38
34083.81146666665 34282.99479999999 56 38
34482.17813333333 34634.359225 56 39
46334.27208333329 46540.585416666625 56 37
52411.589841666704 52627.11617500004 56 45
55966.12538333341 56117.85121666675 56 28
56167.93638333342 56316.19788333342 56 29
56568.0940500001 56716.92596666677 56 31
56767.30380000011 56920.209050000114 56 29
57172.69913333345 57327.43230000012 56 26
57381.25363333345 57557.52513333346 56 24
58426.26880000013 58577.99463333347 56 30
58628.07980000014 58776.34130000014 56 31
59028.23746666682 59177.06938333349 56 33
59227.44721666683 59380.35246666683 56 31
59632.84255000017 59787.57571666683 56 28
59841.39705000017 60002.86105000017 56 27
62078.178466666875 62284.79496666687 56 28
62284.79496666687 62492.328300000205 56 27
65003.95888333352 65206.654883333526 56 44
65408.16621666687 65513.58069166686 56 46
65607.65871666686 65808.03621666686 56 48
66007.24596666686 66208.19388333352 56 49
66208.19388333352 66358.1716333335 56 50
66609.80346666685 66760.94555000018 56 53
66811.61955000018 66964.53346666684 56 49
67229.45913333351 67351.03715000016 56 46
67539.79780000016 67741.90146666684 56 45
67741.90146666684 67893.03496666683 56 45
68141.17913333348 68292.90496666681 56 48
68342.99013333347 68491.25163333348 56 49
68743.14780000014 68891.9797166668 56 52
68942.35755000013 69095.26280000013 56 52
69347.75288333345 69502.48605000012 56 49
69556.30738333346 69771.59271666678 56 49
72510.12763333341 72711.63896666674 56 40
73111.50896666672 73261.48671666671 56 39
76022.41221666666 76171.24413333333 56 48
76221.62196666666 76374.52721666667 56 46
76627.01729999999 76781.75046666666 56 45
76835.57179999999 77050.85713333332 56 44
77253.55313333332 77455.6568 56 45
77455.6568 77606.7903 56 45
77854.93446666666 78006.66029999999 56 48
78056.74546666666 78205.00696666665 56 49
78456.90313333331 78605.73504999997 56 52
78656.1128833333 78809.01813333332 56 52
79061.50821666664 79267.51471666664 56 49
79267.51471666664 79473.82804999997 56 49
89355.99288333325 89558.09654999993 56 40
89558.09654999993 89709.23004999993 56 39
89957.37421666659 90109.10004999992 56 29
90159.18521666659 90307.44671666659 56 30
90559.34288333324 90708.1747999999 56 33
90758.55263333324 90911.45788333323 56 33
91163.94796666657 91369.95446666658 56 35
91369.95446666658 91576.2677999999 56 36
94213.45471666651 94415.55838333319 56 36
94415.55838333319 94566.69188333319 56 36
94814.83604999985 94966.56188333318 56 29
95016.64704999985 95164.90854999985 56 30
95416.8047166665 95565.63663333317 56 33
95616.0144666665 95768.9197166665 56 33
96021.40979999983 96227.41629999984 56 35
96227.41629999984 96433.72963333316 56 36
99092.35313333313 99294.45679999981 56 29
99294.45679999981 99445.5902999998 56 29
99693.73446666647 99845.4602999998 56 29
99895.54546666646 100043.80696666647 56 29
100295.70313333313 100444.53504999979 56 28
100494.91288333312 100647.81813333312 56 28
100900.30821666644 101106.31471666644 56 28
101106.31471666644 101312.62804999977 56 28
101616.67204999978 101818.18338333312 56 29
102218.05338333311 102368.0311333331 56 28
102817.42079999977 103019.82063333312 56 26
103426.12896666644 103632.44229999976 56 25
104641.02429999977 104791.00204999976 56 29
105849.09988333308 106055.4132166664 56 28
107063.99521666642 107213.9729666664 56 28
108272.07079999972 108478.38413333305 56 26
108892.53579999972 109098.84913333305 56 29
109098.84913333305 109304.24196666638 56 26
110428.30954999971 110583.65454999972 56 30
111649.33313333306 111855.03279999972 56 29
112876.2742166664 113029.1794666664 56 30
114112.00671666641 114314.70271666642 56 35
114722.49913333308 114876.62046666643 56 30
115337.82621666642 115493.17121666642 56 34
115961.14971666642 116174.43971666643 56 33
116599.77004999976 116814.38754999977 56 31
117242.65029999975 117462.71079999975 56 29
117895.30188333309 118060.8648833331 56 26
118579.22871666643 119321.89471666644 56 34
60270.2233833335 60472.32705000016 57 27
60472.32705000016 60623.46055000016 57 28
60871.604716666836 61023.33055000017 57 30
61073.415716666845 61221.677216666845 57 31
61473.573383333525 61622.405300000195 57 33
61672.783133333534 61825.68838333354 57 31
62695.0243000002 62897.12796666686 57 31
62897.12796666686 63048.26146666687 57 34
63296.40563333353 63448.13146666687 57 36
63498.21663333354 63646.47813333355 57 38
73710.87638333337 73913.2762166667 57 39
74319.27771666668 74517.33671666667 57 45
79625.27963333331 79878.35171666664 57 36
79928.72954999997 80178.2873833333 57 38
80227.8021333333 80425.01288333331 57 39
80473.96529999998 80620.27921666665 57 40
80814.72721666662 81012.78454999997 57 42
81113.24754999996 81272.31917083329 57 44
81414.63654999994 81566.65854999995 57 45
81668.59538333329 81873.37829999994 57 42
19805.742625 19962.02095833333 58 35
20441.154291666655 20600.62704166666 58 39
21072.309041666656 21281.099041666657 58 36
21700.76508333333 21862.227416666658 58 32
22138.02016666666 22283.458708333328 58 35
22503.15804166666 22673.81183333333 58 30
43115.215416666644 43344.39166666665 58 33
43784.93716666664 44000.22083333331 58 33
44423.85633333332 44635.18333333332 58 33
45059.144666666645 45275.43683333331 58 35
45709.78708333331 45918.5770833333 58 36
51807.2775916667 52007.042925000045 58 42
65105.30688333353 65307.4105500002 58 45
65307.4105500002 65458.5440500002 58 45
65706.68821666687 65858.4140500002 58 48
65908.49921666685 66056.76071666686 58 49
66308.65688333352 66457.48880000018 58 52
66507.86663333351 66660.77188333351 58 52
66913.26196666683 67067.9951333335 58 48
67121.81646666685 67337.10180000016 58 46
74819.06221666667 75021.16588333333 58 45
75021.16588333333 75172.29938333335 58 45
75420.44355 75572.16938333333 58 48
75622.25455 75770.51604999999 58 49
82029.02829999995 82287.22496666662 58 40
82338.4964666666 82594.24779999995 58 42
82645.21621666661 82898.88063333328 58 45
82898.88063333328 83095.35418333329 58 46
86820.15396666659 87022.8499666666 58 50
87224.36129999995 87423.85379999994 58 51
87423.85379999994 87624.23129999994 58 51
87823.44104999994 87943.3105666666 58 52
88024.38896666661 88174.3667166666 58 51
88425.99854999993 88541.03865416658 58 51
88627.81463333326 88780.72854999993 58 50
89045.65421666659 89158.36428333326 58 51
104039.64296666643 104241.15429999978 58 29
105240.39171666642 105442.79154999975 58 28
106462.61388333308 106664.12521666642 58 29
107663.36263333306 107865.76246666639 58 27
37963.76000833335 38175.68175833335 59 26
38597.085383333346 38804.87905000001 59 27
54849.67042500007 54977.1001333334 59 35
56067.47338333342 56217.45113333342 59 28
58527.616800000134 58677.59455000014 59 31
60972.95271666684 61122.93046666685 59 31
83250.64746666662 83499.91596666662 59 48
83549.43071666663 83795.87979999995 59 50
83844.83221666662 84042.32571666663 59 47
84092.12154999995 84242.08771666662 59 46
3182.1731666666665 3354.7178333333336 60 18
3851.8949166666675 4013.691166666668 60 19
4490.814083333336 4702.141083333337 60 20
5126.102416666671 5287.8986666666715 60 24
5776.744833333339 5985.534833333339 60 25
6401.22983333334 6607.543166666674 60 24
7015.346500000008 7169.471583333341 60 23
7625.5620833333405 7828.25808333334 60 22
10681.068250000006 10833.090250000007 60 28
11282.754000000006 11482.246500000008 60 30
11882.39075000001 12082.156083333342 60 29
12486.703000000012 12645.597750000014 60 34
15439.857208333346 15641.960875000012 60 39
15641.960875000012 15793.094375000011 60 38
16041.23854166668 16192.964375000012 60 36
16243.049541666678 16391.31104166668 60 35
16643.207208333344 16792.03912500001 60 33
16842.416958333342 16995.322208333342 60 31
23147.972124999993 23320.516791666658 60 18
23817.693874999994 23979.49012499999 60 19
24456.613041666653 24667.94004166665 60 20
25091.901374999983 25253.697624999983 60 24
25742.543791666645 25951.333791666646 60 25
26367.028791666646 26573.342124999977 60 24
26981.145458333307 27135.27054166664 60 23
27591.361041666634 27794.057041666638 60 22
30638.71179999998 30790.73379999998 60 30
31240.397549999983 31439.89004999998 60 34
31840.034299999974 32039.79963333331 60 33
32444.346549999984 32603.241299999987 60 38
35397.50075833332 35599.60442499999 60 42
35599.60442499999 35750.73792499999 60 41
35998.88209166666 36150.607925 60 38
36200.69309166667 36348.95459166667 60 36
36600.85075833334 36749.68267500002 60 34
36800.06050833335 36952.965758333354 60 33
37205.4558416667 37360.189008333364 60 29
37414.0103416667 37590.2818416667 60 28
40519.65491666666 40730.738249999995 60 25
41151.23974999999 41308.85891666666 60 26
41786.741166666645 41948.03458333331 60 26
42429.94054166664 42562.696333333304 60 24
43115.215416666644 43287.76008333331 60 22
43784.93716666664 43946.73341666664 60 24
44423.85633333332 44582.35158333332 60 26
45059.144666666645 45220.940916666645 60 28
45709.78708333331 45866.379583333306 60 29
46334.27208333329 46489.007083333294 60 31
46948.388749999955 47102.51383333329 60 34
47558.6043333333 47710.626333333305 60 37
51207.640841666696 51407.1333416667 60 40
53044.05575833338 53245.86325833339 60 39
53650.36675833339 53851.292758333395 60 44
54250.23809166673 54449.421425000066 60 35
55466.09205000007 55667.6033833334 60 25
57926.23546666679 58127.74680000012 60 27
63997.12105000023 64199.520883333564 60 40
64605.52238333353 64803.581383333534 60 45
67641.14580000016 67842.6571333335 60 45
68242.52713333348 68392.50488333347 60 49
68841.89455000013 69044.29438333347 60 52
69450.60271666679 69663.95005000013 60 49
73111.50896666672 73261.48671666671 60 49
73710.87638333337 73862.30780000002 60 48
77354.90113333333 77556.41246666668 60 45
77956.28246666667 78106.26021666666 60 49
78555.64988333332 78758.04971666665 60 52
79164.35804999998 79370.6713833333 60 49
79777.59604999998 79978.81471666663 60 37
80375.78088333331 80522.91771666663 60 40
80962.98871666663 81163.33271666661 60 44
84448.11554999994 84706.3122166666 60 44
84757.5837166666 85013.33504999994 60 48
85064.3034666666 85317.96788333327 60 50
85317.96788333327 85519.47921666662 60 51
85669.73471666661 85919.0032166666 60 52
85968.51796666661 86166.85804999995 60 53
86217.53204999995 86421.71746666661 60 46
86619.7764666666 86732.74131666661 60 46
89457.34088333327 89658.85221666661 60 40
90058.72221666659 90208.69996666658 60 29
90658.08963333325 90860.48946666658 60 33
91266.79779999991 91473.11113333324 60 35
94314.80271666653 94516.31404999987 60 36
94916.18404999985 95066.16179999984 60 29
95515.55146666651 95717.95129999984 60 33
96124.25963333316 96330.5729666665 60 35
99193.70113333313 99395.21246666647 60 29
99795.08246666647 99945.06021666646 60 29
100394.44988333313 100596.84971666646 60 28
101003.15804999978 101209.4713833331 60 28
102218.05338333311 102368.0311333331 60 33
103426.12896666644 103632.44229999976 60 29
103836.94696666644 104039.64296666643 60 29
104140.39863333311 104291.53213333311 60 29
104440.64679999977 104641.02429999977 60 29
104741.48729999976 104889.74879999977 60 29
105041.18196666642 105191.15971666641 60 28
105340.8547166664 105493.75996666642 60 28
105644.60763333309 105797.52154999974 60 28
105952.25654999974 106158.56988333307 60 28
106259.91788333308 106462.61388333308 60 29
106563.36954999976 106714.50304999975 60 29
106863.61771666641 107063.99521666642 60 28
107164.4582166664 107312.71971666641 60 28
107464.15288333307 107614.13063333306 60 27
107763.82563333305 107916.73088333306 60 27
108067.57854999973 108220.49246666639 60 26
108375.22746666639 108581.54079999971 60 26
108995.69246666638 109150.42746666638 60 30
109201.69896666639 109355.51346666638 60 26
119321.89471666644 119769.04153749978 60 33
122569.43752499981 125777.07389166646 60 33
8233.65008333334 8436.34608333334 61 25
8843.50458333334 9046.20058333334 61 27
9449.519416666673 9651.030750000005 61 29
10053.471583333341 10205.197416666675 61 29
13017.232083333347 13169.842916666681 61 31
13220.220750000015 13371.354250000015 61 33
13624.724250000016 13826.235583333348 61 34
13826.235583333348 14026.576250000015 61 34
14225.759583333347 14424.942916666681 61 36
14424.942916666681 14624.126250000016 61 36
14824.46691666668 14975.457583333347 61 37
15026.57754166668 15155.984541666678 61 38
20441.154291666655 20600.62704166666 61 31
21808.073833333325 21971.56591666666 61 31
22253.57941666666 22406.396333333327 61 34
22638.590624999997 22833.01689166666 61 29
28199.449041666638 28402.14504166664 61 26
28809.303541666643 29011.999541666646 61 29
29415.31837499998 29616.829708333316 61 34
30019.18169166665 30173.64095833331 61 33
32974.87563333332 33127.486466666654 61 34
33177.86429999999 33328.99779999999 61 36
33582.36779999999 33783.87913333332 61 37
33783.87913333332 33984.219799999984 61 37
34183.40313333332 34382.58646666666 61 39
34382.58646666666 34581.769799999995 61 39
34782.11046666666 34933.10113333332 61 40
34984.22109166665 35113.628091666666 61 41
48166.69233333331 48369.388333333314 61 40
48776.54683333333 48979.24283333333 61 42
49382.56166666667 49584.073000000004 61 44
49986.42498333335 50172.20275000002 61 39
50605.955091666685 50808.35492500002 61 40
60371.571383333496 60573.082716666824 61 27
62796.3723000002 62997.88363333353 61 31
63397.75363333354 63547.73138333354 61 36
65206.654883333526 65408.16621666687 61 45
65808.03621666686 65958.01396666685 61 49
66407.40363333351 66609.80346666685 61 52
67016.11180000017 67229.45913333351 61 46
70075.63671666678 70277.14805000012 61 53
70677.01805000012 70826.9958000001 61 58
71276.38546666676 71478.7853000001 61 60
71885.09363333342 72098.44096666676 61 57
72510.12763333341 72661.2611333334 61 50
74920.41021666667 75121.92155000001 61 45
75521.79155000001 75671.7693 61 49
76121.15896666667 76323.5588 61 46
76729.86713333333 76943.21446666666 61 44
82184.06829999996 82338.4964666666 61 48
82797.53263333328 82999.63629999995 61 45
88124.8519666666 88273.68388333326 61 51
88324.06171666659 88476.9669666666 61 51
88729.45704999992 88884.1902166666 61 50
88938.01154999992 89153.29688333326 61 49
91880.3117999999 92081.82313333324 61 41
92481.69313333322 92631.67088333321 61 40
93081.06054999988 93283.46038333321 61 40
93689.76871666654 93903.11604999987 61 41
96737.77363333314 96939.28496666648 61 37
97336.83646666649 97554.82013333315 61 35
97959.95896666648 98162.35879999981 61 27
98568.66713333313 98782.01446666647 61 27
101616.67204999978 101818.18338333312 61 34
102817.42079999977 103019.82063333312 61 30
19194.621125 19396.132458333337 62 33
19805.742625 19962.02095833333 62 29
39229.47705000001 39440.28480000001 62 27
39867.73121666666 39990.28152499999 62 26
41574.25358333332 41733.26524999998 62 26
41893.980499999976 42055.940499999975 62 26
56067.47338333342 56217.45113333342 62 30
56666.8408000001 56869.240633333444 62 30
57275.548966666785 57437.52188333345 62 24
58527.616800000134 58677.59455000014 62 36
59126.98421666682 59329.38405000016 62 33
59735.6923833335 59949.03971666683 62 28
60972.95271666684 61122.93046666685 62 36
61572.320133333524 61774.71996666687 62 33
62181.02830000021 62388.561633333535 62 28
83400.32429999995 83598.94546666661 62 49
86921.50196666659 87123.60563333327 62 51
87123.60563333327 87274.73913333326 62 51
87522.88329999993 87674.60913333326 62 52
87724.69429999993 87872.95579999992 62 52
3182.1731666666665 3354.7178333333336 63 22
3851.8949166666675 4013.691166666668 63 24
4490.814083333336 4702.141083333337 63 26
5126.102416666671 5287.8986666666715 63 28
5776.744833333339 5985.534833333339 63 29
6401.22983333334 6607.543166666674 63 29
7015.346500000008 7169.471583333341 63 27
7625.5620833333405 7828.25808333334 63 26
8233.65008333334 8436.34608333334 63 28
8843.50458333334 9046.20058333334 63 31
9449.519416666673 9651.030750000005 63 36
10053.471583333341 10205.197416666675 63 37
10681.068250000006 10833.090250000007 63 40
11282.754000000006 11482.246500000008 63 37
17350.66212500001 17506.321291666674 63 29
17979.275625 18134.315624999996 63 29
18590.087125 18791.598458333334 63 33
20863.519041666656 21072.309041666656 63 35
21176.704041666657 21385.494041666658 63 37
21489.417791666656 21620.863791666656 63 33
21916.723333333328 22026.753583333328 63 29
22026.753583333328 22833.01689166666 63 55
23147.972124999993 23320.516791666658 63 22
23817.693874999994 23979.49012499999 63 24
24456.613041666653 24667.94004166665 63 26
25091.901374999983 25253.697624999983 63 28
25742.543791666645 25951.333791666646 63 29
26367.028791666646 26573.342124999977 63 29
26981.145458333307 27135.27054166664 63 27
27591.361041666634 27794.057041666638 63 26
28199.449041666638 28402.14504166664 63 31
28809.303541666643 29011.999541666646 63 36
29415.31837499998 29616.829708333316 63 41
30019.18169166665 30173.64095833331 63 38
30638.71179999998 30790.73379999998 63 44
31240.397549999983 31439.89004999998 63 40
48166.69233333331 48318.71433333331 63 36
48776.54683333333 48928.56883333333 63 38
49382.56166666667 49533.695166666665 63 41
49986.42498333335 50140.88425000002 63 41
50605.955091666685 50757.97709166669 63 37
51207.640841666696 51357.6185916667 63 39
51807.2775916667 51957.24709166671 63 42
52411.589841666704 52570.4845916667 63 46
67641.14580000016 67842.6571333335 63 53
68242.52713333348 68392.50488333347 63 58
68841.89455000013 69044.29438333347 63 60
69450.60271666679 69663.95005000013 63 57
70075.63671666678 70277.14805000012 63 45
70677.01805000012 70826.9958000001 63 49
71276.38546666676 71478.7853000001 63 52
71885.09363333342 72098.44096666676 63 49
73511.66663333337 73661.64438333336 63 48
73811.33938333337 73964.24463333335 63 48
77354.90113333333 77556.41246666668 63 53
77956.28246666667 78106.26021666666 63 53
78555.64988333332 78758.04971666665 63 56
79164.35804999998 79370.6713833333 63 57
79777.59604999998 79928.72954999997 63 41
80375.78088333331 80522.91771666663 63 46
80962.98871666663 81113.24754999996 63 49
81566.65854999995 81719.56379999995 63 45
84603.15554999994 84757.5837166666 63 52
85216.61988333326 85418.72354999994 63 51
86319.1744666666 86520.7469666666 63 46
86520.7469666666 86718.80596666661 63 46
88832.30688333327 89045.65421666659 63 49
89457.34088333327 89658.85221666661 63 39
90058.72221666659 90208.69996666658 63 34
90658.08963333325 90860.48946666658 63 37
91266.79779999991 91473.11113333324 63 40
92481.69313333322 92631.67088333321 63 44
93081.06054999988 93283.46038333321 63 44
93689.76871666654 93903.11604999987 63 39
94314.80271666653 94516.31404999987 63 36
94916.18404999985 95066.16179999984 63 34
95515.55146666651 95717.95129999984 63 37
96124.25963333316 96330.5729666665 63 40
96737.77363333314 96939.28496666648 63 42
97336.83646666649 97554.82013333315 63 38
97959.95896666648 98162.35879999981 63 31
98568.66713333313 98782.01446666647 63 34
99193.70113333313 99395.21246666647 63 35
99795.08246666647 99945.06021666646 63 34
100394.44988333313 100596.84971666646 63 31
101003.15804999978 101209.4713833331 63 33
101413.97604999978 101616.67204999978 63 34
101717.42771666645 101868.56121666645 63 34
102017.67588333311 102218.05338333311 63 33
102318.5163833331 102466.77788333311 63 33
102618.21104999977 102768.18879999977 63 31
102917.88379999978 103070.78904999977 63 30
103221.63671666644 103374.5506333331 63 29
103529.2856333331 103735.59896666642 63 29
103938.29496666644 104140.39863333311 63 29
104241.15429999978 104440.64679999977 63 29
104539.67629999977 104691.4021333331 63 29
104840.23404999977 105041.18196666642 63 29
105141.64496666641 105290.47688333309 63 28
105442.79154999975 105593.93363333309 63 28
105746.25004999974 105952.25654999974 63 28
106055.4132166664 106259.91788333308 63 27
106361.26588333308 106563.36954999976 63 29
106664.12521666642 106863.61771666641 63 29
106962.64721666642 107114.37304999975 63 28
107263.20496666641 107464.15288333307 63 28
107564.61588333306 107713.44779999973 63 27
107865.76246666639 108016.90454999972 63 26
108169.22096666638 108375.22746666639 63 26
108478.38413333305 108599.59321666638 63 27
109098.84913333305 109304.24196666638 63 30
109304.24196666638 109508.41871666639 63 27
110325.76654999971 110479.88788333305 63 26
110531.77121666638 110686.81121666639 63 25
111547.39629999972 111751.87613333306 63 24
111751.87613333306 111958.18946666639 63 24
112774.33738333306 112978.21104999974 63 27
112978.21104999974 113182.9939666664 63 26
114009.76679999975 114213.35471666642 63 28
114213.35471666642 114416.05071666642 63 28
114619.3424666664 114774.07746666642 63 29
114825.34896666642 114978.55729999975 63 33
115233.42738333308 115441.59288333308 63 35
115441.59288333308 115595.71421666643 63 37
115855.1603833331 116068.12454999976 63 38
116068.12454999976 116280.10321666644 63 35
116491.7951333331 116707.41271666643 63 33
116707.41271666643 116920.70271666642 63 34
117134.00079999975 117353.02563333309 63 31
117353.02563333309 117571.70263333309 63 31
117786.65238333309 118005.67721666643 63 28
118005.67721666643 118225.3926333331 63 28
118456.74854999977 118950.56171666645 63 28
120888.44123333314 121979.30185833314 63 26
11882.39075000001 12082.156083333342 64 37
12486.703000000012 12645.597750000014 64 40
16142.58654166668 16292.564291666678 64 36
31840.034299999974 32039.79963333331 64 40
32444.346549999984 32603.241299999987 64 47
36699.59750833335 36901.99734166668 64 34
37308.305675000025 37470.2785916667 64 29
40941.26458333333 41098.88374999999 64 26
41256.22733333333 41414.67908333332 64 26
42218.577458333304 42351.64237499997 64 25
42535.61954166664 42757.84624999997 64 22
55466.09205000007 55667.6033833334 64 28
57275.548966666785 57437.52188333345 64 29
57926.23546666679 58127.74680000012 64 31
59735.6923833335 59949.03971666683 64 31
60371.571383333496 60573.082716666824 64 31
62181.02830000021 62388.561633333535 64 31
62796.3723000002 62997.88363333353 64 38
76121.15896666667 76323.5588 64 55
76729.86713333333 76943.21446666666 64 53
13119.16891666668 13320.976416666681 65 31
13725.479916666682 13926.405916666681 65 34
14325.351250000014 14524.534583333349 65 36
14924.783583333348 15052.21329166668 65 38
15541.205208333346 15742.716541666678 65 38
16741.953958333343 16944.353791666676 65 33
17350.66212500001 17506.321291666674 65 31
17979.275625 18134.315624999996 65 33
18590.087125 18791.598458333334 65 36
19194.621125 19396.132458333337 65 37
19599.431125000006 19753.859291666668 65 36
19909.823458333332 20067.051958333326 65 35
20226.53679166666 20441.154291666655 65 39
20547.469458333326 20706.290541666658 65 40
33076.812466666655 33278.61996666665 65 34
33683.12346666666 33884.04946666666 65 37
34282.99479999999 34482.17813333333 65 39
34882.42713333332 35009.85684166665 65 41
35498.848758333326 35700.360091666655 65 41
36100.23009166666 36250.20784166666 65 38
37963.76000833335 38175.68175833335 65 33
38597.085383333346 38804.87905000001 65 28
39229.47705000001 39440.28480000001 65 29
39867.73121666666 39990.28152499999 65 30
40308.01458333332 40519.65491666666 65 25
40625.47508333333 40836.00141666666 65 26
45495.15066666664 45656.95533333331 65 28
45814.182083333304 46022.9720833333 65 29
46126.73874999996 46334.27208333329 65 30
46437.42874999996 46592.163749999956 65 31
54250.23809166673 54399.625591666736 65 48
54849.67042500007 54977.1001333334 65 41
56666.8408000001 56869.240633333444 65 31
59126.98421666682 59329.38405000016 65 36
65206.654883333526 65408.16621666687 65 53
65808.03621666686 65958.01396666685 65 58
66407.40363333351 66609.80346666685 65 60
67016.11180000017 67229.45913333351 65 53
72307.43163333341 72510.12763333341 65 50
72610.88330000009 72762.01680000007 65 50
72911.13146666672 73111.50896666672 65 49
73211.97196666671 73360.23346666672 65 49
73612.12963333337 73760.96155000004 65 48
73913.2762166667 74064.41830000002 65 48
74920.41021666667 75121.92155000001 65 53
75521.79155000001 75671.7693 65 58
81566.65854999995 81719.56379999995 65 44
82184.06829999996 82389.76796666661 65 41
82797.53263333328 82999.63629999995 65 51
83400.32429999995 83549.43071666663 65 56
83992.81096666663 84141.91738333329 65 53
91880.3117999999 92081.82313333324 65 41
61572.320133333524 61774.71996666687 66 36
85819.41154999995 86018.03271666661 66 52
14924.783583333348 15052.21329166668 67 42
15541.205208333346 15742.716541666678 67 39
16142.58654166668 16292.564291666678 67 38
21594.447916666657 21754.25249999999 67 32
34882.42713333332 35009.85684166665 67 49
35498.848758333326 35700.360091666655 67 42
36100.23009166666 36250.20784166666 67 40
36699.59750833335 36901.99734166668 67 36
37308.305675000025 37470.2785916667 67 31
40413.834749999995 40625.47508333333 67 25
40730.738249999995 40859.68562916666 67 27
41046.252166666665 41203.59575 67 26
41361.768999999986 41497.12590833331 67 26
41680.07374999998 41840.21708333331 67 26
42002.11916666664 42127.80525624998 67 25
42325.22649999997 42456.03929166664 67 25
42645.30974999997 42795.71583333331 67 20
42878.613333333305 43056.66741666664 67 22
43230.75399999998 43400.65991666665 67 22
43566.94916666664 43730.783583333316 67 23
43892.91208333331 44053.70824999998 67 24
44212.52933333332 44423.85633333332 67 26
44529.51983333332 44740.84683333332 67 27
44846.51033333331 45005.657249999975 67 27
45166.78733333331 45329.93274999998 67 28
46745.38074999995 46896.81041666662 67 34
47051.54541666662 47203.86183333329 67 35
53044.05575833338 53195.48542500005 67 48
53650.36675833339 53801.20759166672 67 52
55263.39605000007 55466.09205000007 67 28
55566.847716666736 55717.98121666673 67 29
57723.539466666785 57926.23546666679 67 29
58026.99113333345 58178.12463333346 67 31
69872.94071666678 70075.63671666678 67 52
70176.39238333346 70327.52588333345 67 53
70476.64055000011 70677.01805000012 67 57
70777.4810500001 70925.74255000011 67 58
71077.17571666677 71227.15346666676 67 59
71376.84846666676 71529.75371666676 67 62
71680.60138333343 71833.51530000009 67 57
71990.7983000001 72206.08363333342 67 57
83992.81096666663 84141.91738333329 67 46
84603.15554999994 84808.8552166666 67 45
88832.30688333327 89045.65421666659 67 56
2945.5710833333333 3123.6251666666662 68 22
3297.71175 3467.617666666667 68 22
3633.9069166666673 3797.7413333333343 68 23
3959.8698333333346 4120.666000000002 68 24
4279.487083333335 4490.814083333336 68 26
4596.477583333336 4807.804583333337 68 27
4913.468083333338 5072.615000000004 68 27
5233.745083333339 5396.890500000004 68 28
5562.1084166666715 5723.913083333338 68 30
5881.139833333338 6089.929833333339 68 29
6193.696500000006 6401.22983333334 68 29
6504.386500000007 6659.1215000000075 68 28
6812.338500000008 6963.768166666674 68 27
7118.503166666675 7270.819583333341 68 27
7422.846750000008 7575.476916666674 68 26
7726.9100833333405 7929.6060833333395 68 26
13119.16891666668 13320.976416666681 68 37
13725.479916666682 13926.405916666681 68 39
14325.351250000014 14524.534583333349 68 39
16741.953958333343 16944.353791666676 68 35
19295.37679166667 19494.36923333334 68 37
19702.280958333336 19857.625958333334 68 35
20014.53645833333 20141.016408333326 68 37
20334.179458333325 20547.469458333326 68 39
20653.458791666657 20782.438016666656 68 42
20967.914041666656 21176.704041666657 68 36
21281.099041666657 21404.950291666657 68 37
22911.37004166666 23089.424124999994 68 22
23263.510708333324 23433.41662499999 68 22
23599.705874999992 23763.540291666657 68 23
23925.66879166666 24086.464958333323 68 24
24245.286041666655 24456.613041666653 68 26
24562.27654166665 24773.60354166665 68 27
24879.267041666648 25038.413958333316 68 27
25199.54404166665 25362.689458333316 68 28
25527.90737499998 25689.712041666644 68 30
25846.938791666646 26055.728791666646 68 29
26159.495458333313 26367.028791666646 68 29
26470.18545833331 26624.920458333312 68 28
26778.13745833331 26929.567124999972 68 27
27084.302124999973 27236.61854166664 68 27
27388.645708333304 27541.275874999967 68 26
27692.709041666636 27895.40504166664 68 26
33076.812466666655 33278.61996666665 68 42
33683.12346666666 33884.04946666666 68 45
34282.99479999999 34482.17813333333 68 47
46230.50541666663 46437.42874999996 68 31
46540.585416666625 46657.534912499956 68 33
47355.88899999996 47508.51916666663 68 36
47659.9523333333 47862.6483333333 68 37
50401.778341666686 50605.955091666685 68 36
50707.30309166669 50909.110591666686 68 37
51008.421175000025 51207.640841666696 68 39
51308.1038416667 51457.511175000036 68 40
51608.64817500003 51757.19242500004 68 41
51907.45125833337 52106.63459166671 68 44
52207.0975916667 52360.01150833337 68 44
52515.98867500004 52686.06450833337 68 47
55867.095883333415 56067.47338333342 68 30
56167.93638333342 56316.19788333342 68 31
56467.63105000009 56617.6088000001 68 33
56767.30380000011 56920.209050000114 68 31
57071.05671666678 57223.970633333454 68 29
57381.25363333345 57557.52513333346 68 28
58327.23930000013 58527.616800000134 68 34
58628.07980000014 58776.34130000014 68 36
58927.77446666681 59077.75221666681 68 37
59227.44721666683 59380.35246666683 68 36
59531.2001333335 59684.11405000017 68 33
59841.39705000017 60002.86105000017 68 31
61976.536050000206 62129.44996666688 68 33
62284.79496666687 62492.328300000205 68 31
64605.52238333353 64803.581383333534 68 50
68642.68480000013 68792.66255000012 68 59
68942.35755000013 69095.26280000013 68 62
69246.1104666668 69399.02438333345 68 57
69556.30738333346 69771.59271666678 68 57
72408.77963333341 72610.88330000009 68 50
72711.63896666674 72831.90786666672 68 50
73010.16096666672 73161.88680000005 68 49
73310.71871666671 73417.91973333337 68 49
78356.44013333332 78506.41788333331 68 55
78656.1128833333 78809.01813333332 68 56
78959.86579999997 79112.77971666664 68 58
79267.51471666664 79473.82804999997 68 57
85216.61988333326 85418.72354999994 68 56
87022.8499666666 87224.36129999995 68 50
87624.23129999994 87774.20904999993 68 52
88223.5987166666 88425.99854999993 68 51
89254.64488333325 89457.34088333327 68 44
89558.09654999993 89709.23004999993 68 38
89858.34471666659 90058.72221666659 68 33
90159.18521666659 90307.44671666659 68 35
90458.87988333325 90608.85763333325 68 36
90758.55263333324 90911.45788333323 68 38
91062.3055499999 91215.21946666657 68 39
91369.95446666658 91576.2677999999 68 41
94112.10671666652 94314.80271666653 68 36
94415.55838333319 94566.69188333319 68 36
94715.80654999985 94916.18404999985 68 33
95016.64704999985 95164.90854999985 68 35
95316.34171666652 95466.31946666651 68 36
95616.0144666665 95768.9197166665 68 38
95919.76738333316 96072.68129999982 68 39
96227.41629999984 96433.72963333316 68 41
98991.00513333314 99193.70113333313 68 35
99294.45679999981 99445.5902999998 68 35
99594.70496666647 99795.08246666647 68 34
99895.54546666646 100043.80696666647 68 33
100195.24013333314 100345.21788333313 68 33
100494.91288333312 100647.81813333312 68 31
100798.66579999978 100951.57971666644 68 33
101106.31471666644 101312.62804999977 68 33
101515.32404999978 101717.42771666645 68 34
101818.18338333312 101931.02507083312 68 34
102116.70538333312 102268.43121666645 68 33
102417.26313333311 102537.13264999978 68 33
102718.67404999978 102867.50596666645 68 31
103019.82063333312 103138.59542499976 68 30
103323.2791333331 103529.2856333331 68 29
103632.44229999976 103749.53431666642 68 29
104341.61729999977 105041.18196666642 68 49
105544.13779999975 106259.91788333308 68 49
106764.58821666641 107464.15288333307 68 40
107967.1087166664 108599.59321666638 68 42
109201.69896666639 109355.51346666638 68 31
109406.48188333305 109610.35554999973 68 28
110223.22354999972 110428.30954999971 68 27
110428.30954999971 110583.65454999972 68 37
110635.23288333305 110789.3542166664 68 26
111445.75388333306 111649.33313333306 68 25
111649.33313333306 111855.03279999972 68 34
111855.03279999972 112009.76779999972 68 25
112672.98938333306 112876.2742166664 68 28
112876.2742166664 113029.1794666664 68 34
113080.45096666641 113285.5369666664 68 27
113906.91696666641 114061.03829999975 68 28
114112.00671666641 114314.70271666642 68 31
114314.70271666642 114466.42854999975 68 30
114517.10254999975 114670.92079999975 68 31
114722.49913333308 114876.62046666643 68 35
114927.58888333308 115079.60913333308 68 36
115130.57754999974 115285.31071666641 68 36
115337.82621666642 115493.17121666642 68 37
115544.44271666642 115698.56404999975 68 38
115750.4473833331 115907.9921333331 68 40
115961.14971666642 116174.43971666643 68 39
116174.43971666643 116332.30071666643 68 37
116384.81621666644 116545.94871666643 68 36
116599.77004999976 116814.38754999977 68 37
116814.38754999977 116973.53446666642 68 36
117026.69204999975 117188.15438333308 68 34
117242.65029999975 117462.71079999975 68 33
117462.71079999975 117678.67746666643 68 31
117678.67746666643 117840.80596666642 68 31
117895.30188333309 118060.8648833331 68 29
118115.70746666644 118279.88854999977 68 29
118338.04163333311 118517.3398833331 68 29
118579.22871666643 119321.89471666644 68 39
122799.7997749998 125777.07389166646 68 37
60168.87538333349 60371.571383333496 69 29
60472.32705000016 60623.46055000016 69 31
60772.57521666684 60972.95271666684 69 34
61073.415716666845 61221.677216666845 69 36
61373.11038333352 61523.08813333352 69 37
61672.783133333534 61825.68838333354 69 36
62593.676300000196 62796.3723000002 69 36
62897.12796666686 63048.26146666687 69 38
63397.75363333354 63547.73138333354 69 42
63997.12105000023 64199.520883333564 69 46
79574.31121666664 79777.59604999998 69 40
79878.35171666664 80028.8998833333 69 42
80178.2873833333 80375.78088333331 69 45
80473.96529999998 80620.27921666665 69 46
80765.77479999996 80962.98871666663 69 48
81062.86971666662 81263.50304999996 69 50
81364.2587166666 81536.25414999995 69 48
81668.59538333329 81873.37829999994 69 44
85819.41154999995 85968.51796666661 69 60
86421.71746666661 86619.7764666666 69 46
8030.954083333339 8233.65008333334 70 27
8334.99808333334 8487.02008333334 70 29
8639.92533333334 8792.83058333334 70 30
8944.85258333334 9096.87458333334 70 33
9248.008083333341 9449.519416666673 70 34
9550.27508333334 9701.40858333334 70 36
9851.66408333334 10002.79758333334 70 37
10154.819583333341 10323.077000000007 70 36
17770.16379166667 17927.392291666667 70 31
18082.737291666665 18287.523958333328 70 33
18388.57579166666 18590.087125 70 35
18690.842791666666 18892.354125 70 36
18993.109791666666 19194.621125 70 38
19396.132458333337 19496.888125000005 70 36
19509.706000000006 20141.016408333326 70 68
20119.883708333327 20782.438016666656 70 70
27996.753041666638 28199.449041666638 70 30
28300.79704166664 28452.819041666644 70 33
28605.724291666644 28758.629541666643 70 35
28910.651541666644 29062.67354166665 70 38
29213.807041666645 29415.31837499998 70 39
29516.07404166665 29667.20754166665 70 41
29817.463041666648 29933.332058333315 70 41
30121.75762499998 30241.720308333315 70 37
42997.71908333331 43173.368499999975 70 22
43344.39166666665 43512.10658333331 70 23
43676.28766666665 43839.090749999974 70 24
44000.22083333331 44153.09361458331 70 24
44318.19283333332 44529.51983333332 70 26
44635.18333333332 44760.65873958332 70 27
44952.49966666665 45166.78733333331 70 28
45275.43683333331 45398.572249999976 70 28
45603.46791666664 45814.182083333304 70 28
45918.5770833333 46041.13124999996 70 29
47963.99633333331 48166.69233333331 70 35
48268.04033333331 48420.06233333331 70 36
48572.96758333332 48725.87283333333 70 38
48877.89483333333 49029.91683333333 70 39
49181.05033333333 49382.56166666667 70 40
49483.31733333333 49634.450833333336 70 42
49784.70633333335 49900.575350000014 70 44
50089.000916666686 50208.96360000002 70 40
66208.19388333352 66358.1716333335 70 59
66507.86663333351 66660.77188333351 70 62
66811.61955000018 66964.53346666684 70 53
67121.81646666685 67337.10180000016 70 52
69974.28871666678 70176.39238333346 70 53
70277.14805000012 70399.89268750012 70 55
70575.67005000012 70727.39588333345 70 57
70876.22780000011 71026.50171666677 70 59
71177.63871666677 71326.47063333343 70 60
71478.7853000001 71600.04988333343 70 62
71782.24380000008 71936.97696666676 70 57
72098.44096666676 72220.01898333342 70 57
75921.94921666668 76071.92696666667 70 57
76221.62196666666 76374.52721666667 70 55
76525.37488333332 76678.2888 70 53
76835.57179999999 77050.85713333332 70 52
81977.14496666662 82184.06829999996 70 47
82287.22496666662 82492.31096666661 70 48
82594.24779999995 82797.53263333328 70 50
82898.88063333328 83095.35418333329 70 52
87022.8499666666 87224.36129999995 70 58
87624.23129999994 87774.20904999993 70 58
88223.5987166666 88425.99854999993 70 61
91677.61579999988 91880.3117999999 70 47
91981.06746666656 92132.20096666655 70 42
92281.31563333322 92481.69313333322 70 44
92582.15613333322 92730.41763333321 70 44
92881.85079999988 93031.82854999987 70 44
93181.52354999987 93334.42879999986 70 44
93485.27646666653 93638.19038333319 70 42
93795.4733833332 94010.75871666653 70 38
96535.07763333315 96737.77363333314 70 44
96838.52929999982 96989.66279999982 70 41
97138.77746666648 97336.83646666649 70 39
97445.82829999982 97609.31604999982 70 37
97760.74921666649 97910.72696666648 70 31
98060.42196666647 98213.32721666647 70 31
98364.17488333314 98517.0887999998 70 34
98674.3717999998 98889.65713333314 70 34
103735.59896666642 104440.64679999977 70 61
104939.83396666643 105593.93363333309 70 52
106158.56988333307 106863.61771666641 70 55
107362.80488333307 108016.90454999972 70 50
17146.169875000014 17299.08379166668 71 33
17454.123791666676 17664.50029166667 71 31
37750.70959166669 37963.76000833335 71 28
38069.86159166668 38228.591841666675 71 29
38388.200300000004 38545.27188333334 71 28
38700.712383333346 38909.59105000001 71 28
39017.47955000001 39177.12105 71 29
39334.46463333334 39493.4763 71 29
39654.19155 39815.057591666664 71 28
39973.93274999999 40102.21532499999 71 30
54649.18342500007 54774.39634166674 71 44
54951.464383333405 55080.87138333341 71 40
55966.12538333341 56117.85121666675 71 30
56266.68313333342 56467.63105000009 71 31
56568.0940500001 56716.92596666677 71 31
56869.240633333444 56989.26032083345 71 30
57172.69913333345 57327.43230000012 71 29
57496.06988333345 57636.12681666679 71 28
58426.26880000013 58577.99463333347 71 35
58726.82655000014 58927.77446666681 71 37
59028.23746666682 59177.06938333349 71 36
59329.38405000016 59446.9139458335 71 34
59632.84255000017 59787.57571666683 71 33
59949.03971666683 60081.462733333494 71 31
60871.604716666836 61023.33055000017 71 35
61172.16246666685 61373.11038333352 71 37
61473.573383333525 61622.405300000195 71 36
61774.71996666687 61899.719237500205 71 34
83200.56229999996 83400.32429999995 71 53
83499.91596666662 83697.97496666662 71 56
83795.87979999995 83943.29621666663 71 57
84092.12154999995 84242.08771666662 71 52
3064.676833333333 3240.32625 72 22
3411.349416666667 3579.0643333333337 72 23
3743.2454166666676 3906.0485000000012 72 24
4067.1785833333347 4279.487083333335 72 24
4385.150583333336 4596.477583333336 72 26
4702.141083333337 4860.6363333333375 72 27
5019.457416666671 5233.745083333339 72 28
5342.394583333337 5506.920750000005 72 28
5670.425666666671 5881.139833333338 72 29
5985.534833333339 6108.089000000006 72 29
6297.463166666673 6504.386500000007 72 29
6607.543166666674 6761.664500000008 72 28
6913.390333333341 7118.503166666675 72 27
7220.145583333341 7371.575250000007 72 27
7525.099083333341 7726.9100833333405 72 26
7828.25808333334 7973.94583333334 72 26
10476.891500000005 10681.068250000006 72 41
10782.416250000006 10984.223750000006 72 39
11083.53433333334 11282.754000000006 72 38
11383.217000000008 11532.624333333342 72 37
11683.761333333341 11832.305583333342 72 36
11982.564416666677 12181.74775000001 72 38
12282.210750000011 12435.12466666668 72 39
12591.101833333345 12761.17766666668 72 41
15338.509208333346 15541.205208333346 72 40
15641.960875000012 15793.094375000011 72 39
15942.20904166668 16142.58654166668 72 38
16243.049541666678 16391.31104166668 72 37
16542.744208333344 16692.721958333343 72 36
16842.416958333342 16995.322208333342 72 35
20758.806041666656 21404.950291666657 72 62
23030.47579166666 23206.125208333327 72 22
23377.148374999993 23544.863291666657 72 23
23709.04437499999 23871.847458333326 72 24
24032.977541666656 24245.286041666655 72 24
24350.949541666654 24562.27654166665 72 26
24667.94004166665 24826.435291666647 72 27
24985.256374999983 25199.54404166665 72 28
25308.19354166665 25472.719708333316 72 28
25636.22462499998 25846.938791666646 72 29
25951.333791666646 26073.88795833331 72 29
26263.26212499998 26470.18545833331 72 29
26573.342124999977 26727.463458333306 72 28
26879.18929166664 27084.302124999973 72 27
27185.94454166664 27337.374208333305 72 27
27490.898041666635 27692.709041666636 72 26
27794.057041666638 27939.74479166664 72 26
30434.53504999998 30638.71179999998 72 45
30740.05979999998 30941.86729999998 72 42
31041.177883333316 31240.397549999983 72 41
31340.86054999998 31490.267883333312 72 41
31641.404883333307 31789.94913333331 72 38
31940.20796666664 32139.391299999977 72 41
32239.854299999985 32392.768216666653 72 45
32548.74538333332 32718.821216666656 72 48
35296.15275833332 35498.848758333326 72 44
35599.60442499999 35750.73792499999 72 42
35899.852591666655 36100.23009166666 72 40
36200.69309166667 36348.95459166667 72 39
36500.38775833334 36650.36550833334 72 37
36800.06050833335 36952.965758333354 72 36
37103.81342500003 37256.727341666694 72 33
37414.0103416667 37590.2818416667 72 31
40836.00141666666 41497.12590833331 72 52
41467.870583333315 42127.80525624998 72 53
42110.09408333331 42795.71583333331 72 47
42757.84624999997 43512.10658333331 72 49
43456.56333333332 44153.09361458331 72 44
44740.84683333332 45398.572249999976 72 49
45384.77533333331 46041.13124999996 72 52
46846.43258333329 47051.54541666662 72 34
47153.18783333329 47271.8719083333 72 35
47458.1413333333 47659.9523333333 72 36
47761.3003333333 47906.9880833333 72 37
51106.88517500003 51258.01867500003 72 39
51407.1333416667 51554.78467083337 72 40
51707.677675000035 51857.65542500004 72 42
52007.042925000045 52109.13885000005 72 44
52308.74000833337 52463.47317500004 72 45
52627.11617500004 52806.55253333337 72 48
52839.87900833337 53044.05575833338 72 46
53145.10759166672 53296.24109166672 72 48
53448.263091666726 53650.36675833339 72 51
53751.12242500005 53951.46309166672 72 53
54051.05475833339 54250.23809166673 72 50
54349.8297583334 54549.01309166674 72 47
55364.74405000007 55566.847716666736 72 28
55667.6033833334 55785.396545833406 72 29
57824.88746666679 58026.99113333345 72 30
58127.74680000012 58245.53996250012 72 33
67438.44980000016 67641.14580000016 72 52
67741.90146666684 67893.03496666683 72 53
68042.14963333348 68242.52713333348 72 57
68342.99013333347 68491.25163333348 72 58
68743.14780000014 68891.9797166668 72 60
69044.29438333347 69195.4364666668 72 62
69347.75288333345 69502.48605000012 72 57
69663.95005000013 69785.52806666678 72 57
72812.10196666673 73417.91973333337 72 77
73410.31863333337 74064.41830000002 72 75
74319.27771666668 74517.33671666667 72 50
77152.20513333332 77354.90113333333 72 52
77455.6568 77606.7903 72 53
77755.90496666667 77956.28246666667 72 52
78056.74546666666 78205.00696666665 72 53
78456.90313333331 78605.73504999997 72 56
78758.04971666665 78909.19179999997 72 57
79061.50821666664 79267.51471666664 72 57
79370.6713833333 79494.87181874998 72 57
79676.24804999997 79878.35171666664 72 41
79978.81471666663 80178.2873833333 72 42
80277.3168833333 80425.01288333331 72 45
80571.59846666665 80688.04959999997 72 47
80863.95921666663 81012.78454999997 72 49
81163.33271666661 81272.31917083329 72 51
81465.31054999994 81668.59538333329 72 47
81770.83529999995 81891.5374666666 72 41
84396.2322166666 84603.15554999994 72 52
84706.3122166666 84911.3982166666 72 52
85013.33504999994 85216.61988333326 72 55
85317.96788333327 85519.47921666662 72 56
85619.64954999994 85819.41154999995 72 58
85919.0032166666 86117.06221666661 72 60
89355.99288333325 89558.09654999993 72 41
89658.85221666661 89775.4075104166 72 36
89957.37421666659 90109.10004999992 72 34
90257.93196666658 90458.87988333325 72 35
90559.34288333324 90708.1747999999 72 37
90860.48946666658 91011.6315499999 72 38
91163.94796666657 91369.95446666658 72 40
91473.11113333324 91590.2031499999 72 41
94213.45471666651 94415.55838333319 72 36
94516.31404999987 94624.20426249986 72 37
94814.83604999985 94966.56188333318 72 34
95115.39379999985 95316.34171666652 72 35
95416.8047166665 95565.63663333317 72 37
95717.95129999984 95869.09338333317 72 38
96021.40979999983 96227.41629999984 72 40
96330.5729666665 96447.66498333316 72 41
99092.35313333313 99294.45679999981 72 35
99395.21246666647 99594.70496666647 72 34
99693.73446666647 99845.4602999998 72 34
99994.29221666646 100195.24013333314 72 33
100295.70313333313 100444.53504999979 72 31
100596.84971666646 100705.66534166645 72 31
100900.30821666644 101106.31471666644 72 33
101209.4713833331 101365.83574999978 72 33
101918.6463833331 102116.70538333312 72 33
103121.1668833331 103749.53431666642 72 51
109304.24196666638 109508.41871666639 72 33
109508.41871666639 109711.70354999973 72 28
110120.68054999971 110325.76654999971 72 28
110325.76654999971 110479.88788333305 72 31
110531.77121666638 110686.81121666639 72 31
110738.0827166664 110891.29104999972 72 27
111344.40588333305 111496.42788333306 72 26
111547.39629999972 111751.87613333306 72 30
111751.87613333306 111958.18946666639 72 29
111958.18946666639 112163.58229999972 72 27
112571.64138333306 112774.33738333306 72 29
112774.33738333306 112978.21104999974 72 31
112978.21104999974 113182.9939666664 72 28
113182.9939666664 113388.69363333307 72 28
113803.15029999975 113958.49529999975 72 29
114009.76679999975 114213.35471666642 72 31
114213.35471666642 114416.05071666642 72 34
114619.3424666664 114774.07746666642 72 35
114825.34896666642 114978.55729999975 72 34
115233.42738333308 115441.59288333308 72 37
115441.59288333308 115595.71421666643 72 38
115855.1603833331 116068.12454999976 72 39
116068.12454999976 116280.10321666644 72 41
116491.7951333331 116707.41271666643 72 38
116707.41271666643 116920.70271666642 72 35
117134.00079999975 117353.02563333309 72 34
117353.02563333309 117571.70263333309 72 33
117786.65238333309 118005.67721666643 72 29
118005.67721666643 118225.3926333331 72 29
118456.74854999977 118950.56171666645 72 29
120888.44123333314 121979.30185833314 72 26
8132.302083333339 8334.99808333334 73 27
8436.34608333334 8639.92533333334 73 29
8741.862166666673 8944.85258333334 73 30
9046.20058333334 9248.008083333341 73 33
9348.763750000007 9550.27508333334 73 35
9651.030750000005 9851.66408333334 73 37
9952.419750000006 10154.819583333341 73 37
10260.740666666674 10388.448162500006 73 34
12914.99216666668 13119.16891666668 73 37
13220.220750000015 13371.354250000015 73 37
13523.376250000016 13725.479916666682 73 38
13826.235583333348 14026.576250000015 73 39
14126.167916666682 14325.351250000014 73 39
14424.942916666681 14624.126250000016 73 39
14724.29658333335 14849.509500000015 73 40
15026.57754166668 15155.984541666678 73 42
21385.494041666658 22082.296833333327 73 63
28098.10104166664 28300.79704166664 73 31
28402.14504166664 28605.724291666644 73 34
28707.661124999977 28910.651541666644 73 35
29011.999541666646 29120.60804999998 73 38
29314.562708333313 29516.07404166665 73 40
29616.829708333316 29817.463041666648 73 42
29918.218708333316 30049.762741666647 73 40
30225.965658333313 30346.09171249998 73 36
32872.63571666665 33076.812466666655 73 41
33177.86429999999 33328.99779999999 73 42
33481.019799999995 33683.12346666666 73 44
33783.87913333332 33984.219799999984 73 45
34083.81146666665 34282.99479999999 73 46
34382.58646666666 34581.769799999995 73 47
34681.94013333333 34807.153049999986 73 48
34984.22109166665 35113.628091666666 73 49
44106.86583333331 44760.65873958332 73 51
48065.344333333305 48268.04033333331 73 35
48369.388333333314 48572.96758333332 73 37
48674.90441666666 48877.89483333333 73 38
48979.24283333333 49089.110787499994 73 39
49281.806000000004 49483.31733333333 73 41
49584.073000000004 49702.06580833335 73 42
49885.462000000014 50017.00603333335 73 42
50193.20895000002 50313.335004166685 73 39
50504.01825833335 50707.30309166669 73 36
50808.35492500002 50915.33507083336 73 38
60270.2233833335 60472.32705000016 73 30
60573.082716666824 60690.87587916683 73 33
62695.0243000002 62897.12796666686 73 36
62997.88363333353 63197.376133333535 73 39
63197.376133333535 63397.75363333354 73 40
63498.21663333354 63646.47813333355 73 42
65003.95888333352 65206.654883333526 73 52
65307.4105500002 65458.5440500002 73 53
65607.65871666686 65808.03621666686 73 57
65908.49921666685 66056.76071666686 73 58
66308.65688333352 66457.48880000018 73 60
66609.80346666685 66760.94555000018 73 62
66913.26196666683 67067.9951333335 73 53
67229.45913333351 67351.03715000016 73 53
72206.08363333342 72831.90786666672 73 84
74717.71421666666 74920.41021666667 73 52
75021.16588333333 75172.29938333335 73 53
75321.41405 75521.79155000001 73 57
75622.25455 75770.51604999999 73 58
76022.41221666666 76171.24413333333 73 57
76323.5588 76474.70088333332 73 55
76627.01729999999 76781.75046666666 73 53
76943.21446666666 77104.06483333332 73 53
82080.9116333333 82287.22496666662 73 47
82389.76796666661 82594.24779999995 73 49
82696.18463333328 82898.88063333328 73 51
82999.63629999995 83144.21648749996 73 52
83300.73263333329 83499.91596666662 73 55
83598.94546666661 83795.87979999995 73 57
83894.06421666662 84042.32571666663 73 55
84192.00254999996 84305.43638333328 73 51
88627.81463333326 88780.72854999993 73 58
88938.01154999992 89153.29688333326 73 55
91778.96379999988 91981.06746666656 73 41
92081.82313333324 92187.23760833322 73 44
92380.34513333322 92532.07096666655 73 44
92680.90288333321 92881.85079999988 73 44
92982.31379999987 93131.14571666654 73 44
93283.46038333321 93434.60246666653 73 44
93586.9188833332 93741.65204999987 73 40
93903.11604999987 94024.69406666653 73 37
96636.42563333314 96838.52929999982 73 42
96939.28496666648 97044.69944166648 73 40
97237.80696666648 97445.82829999982 73 39
97554.82013333315 97760.74921666649 73 37
97861.21221666648 98010.04413333314 73 31
98162.35879999981 98313.50088333314 73 31
98465.81729999979 98620.55046666648 73 34
98782.01446666647 98903.59248333312 73 34
101312.62804999977 101931.02507083312 73 60
102516.86304999977 103138.59542499976 73 57
19093.865458333334 19295.37679166667 74 38
38493.38855 38700.712383333346 74 28
38804.87905000001 38935.90684166668 74 28
40201.91299999999 40859.68562916666 74 53
46022.9720833333 46657.534912499956 74 55
54150.646425000064 54349.8297583334 74 49
54449.421425000066 54564.03864166673 74 46
54749.353758333404 54900.34442500007 74 42
55054.77263333341 55175.98340000007 74 39
55768.066383333404 56467.63105000009 74 58
58228.20980000012 58927.77446666681 74 58
60673.54571666683 61373.11038333352 74 62
62078.178466666875 62284.79496666687 74 33
62388.561633333535 62506.2636500002 74 31
2126.967 2885.3953333333334 75 49
2824.804 3579.0643333333337 75 40
3523.5210833333335 4279.487083333335 75 44
4173.823583333335 4860.6363333333375 75 49
4807.804583333337 5506.920750000005 75 52
6089.929833333339 6761.664500000008 75 52
6710.393000000008 7371.575250000007 75 50
7321.197416666674 7973.94583333334 75 51
7929.6060833333395 8639.92533333334 75 55
8537.988500000007 9248.008083333341 75 60
9751.493750000007 10388.448162500006 75 61
10579.131416666673 10782.416250000006 75 40
10883.46808333334 11034.01958333334 75 39
11181.99833333334 11333.13183333334 75 38
11482.246500000008 11597.152237500008 75 36
17247.81229166668 17402.24045833334 75 33
17558.836791666672 17694.87854791667 75 31
17875.19479166667 18031.158958333333 75 31
18185.587124999995 18338.197958333327 75 34
18489.33145833333 18690.842791666666 75 35
18791.598458333334 18906.208029166668 75 37
22790.602958333326 23544.863291666657 75 51
23489.32004166666 24245.286041666655 75 44
24139.622541666657 24826.435291666647 75 49
24773.60354166665 25472.719708333316 75 52
26055.728791666646 26727.463458333306 75 52
26676.191958333307 27337.374208333305 75 50
27286.996374999973 27939.74479166664 75 51
27895.40504166664 28605.724291666644 75 59
30536.774966666646 30740.05979999998 75 44
30841.111633333312 30991.663133333313 75 42
31139.641883333315 31290.775383333315 75 41
31439.89004999998 31553.536341666648 75 39
47862.6483333333 48572.96758333332 75 59
48471.03074999998 49089.110787499994 75 67
49684.53600000001 50313.335004166685 75 66
50299.23534166669 50915.33507083336 75 72
52942.118925000046 53094.72975833338 75 47
53245.86325833339 53448.263091666726 75 49
53549.611091666724 53751.12242500005 75 51
53851.292758333395 53961.42225833339 75 53
63797.91130000022 63947.88905000022 75 45
64097.58405000022 64250.48930000023 75 46
64401.33696666687 64605.52238333353 75 49
64704.55188333354 64902.61088333354 75 50
67539.79780000016 67741.90146666684 75 53
67842.6571333335 67961.6881645835 75 55
68141.17913333348 68292.90496666681 75 57
68441.73688333348 68642.68480000013 75 59
69145.64063333346 69785.52806666678 75 79
69771.59271666678 70399.89268750012 75 84
71580.1315500001 72220.01898333342 75 79
74115.09230000002 74319.27771666668 75 49
74418.30721666668 74616.36621666668 75 50
77253.55313333332 77455.6568 75 53
77556.41246666668 77674.20562916667 75 55
77854.93446666666 78006.66029999999 75 52
78155.49221666667 78356.44013333332 75 53
78859.39596666663 79494.87181874998 75 79
79473.82804999997 80178.2873833333 75 69
84499.99888333328 84706.3122166666 75 52
84808.8552166666 85013.33504999994 75 53
85115.27188333326 85317.96788333327 75 55
85418.72354999994 85530.74837916662 75 56
85719.81988333327 85919.0032166666 75 59
86018.03271666661 86166.85804999995 75 61
86421.71746666661 86619.7764666666 75 59
88729.45704999992 88884.1902166666 75 57
89045.65421666659 89158.36428333326 75 55
89759.3152166666 90458.87988333325 75 61
90357.53188333326 91011.6315499999 75 64
90961.83571666657 91590.2031499999 75 69
92182.28613333323 92881.85079999988 75 68
94616.77704999986 95316.34171666652 75 61
95214.99371666652 95869.09338333317 75 64
95819.29754999983 96447.66498333316 75 69
97039.74796666649 97760.74921666649 75 61
99495.67546666646 100195.24013333314 75 55
100698.19596666645 101365.83574999978 75 56
109406.48188333305 109610.35554999973 75 33
109610.35554999973 109813.05154999973 75 29
110018.13754999972 110223.22354999972 75 28
110223.22354999972 110428.30954999971 75 33
110635.23288333305 110789.3542166664 75 33
110840.32263333305 110992.63904999972 75 28
111243.65021666638 111445.75388333306 75 27
111445.75388333306 111649.33313333306 75 31
111855.03279999972 112009.76779999972 75 30
112061.03929999971 112266.12529999971 75 28
112469.99896666639 112672.98938333306 75 30
112672.98938333306 112876.2742166664 75 31
113080.45096666641 113285.5369666664 75 30
113285.5369666664 113491.85029999973 75 29
113699.38363333307 113906.91696666641 75 30
113906.91696666641 114061.03829999975 75 31
114416.05071666642 114568.0709666664 75 34
115028.93513333309 115181.84904999974 75 38
115646.98571666642 115802.64488333311 75 41
116280.10321666644 116437.97379999977 75 39
116920.70271666642 117080.17946666642 75 37
117571.70263333309 117732.49879999975 75 33
118225.3926333331 118396.98996666644 75 30
11782.790833333342 11932.768583333343 76 36
12082.156083333342 12231.832916666677 76 38
12383.853166666679 12538.586333333345 76 39
12702.229333333345 12857.31172916668 76 42
16041.23854166668 16192.964375000012 76 38
16341.796291666678 16459.132108333346 76 37
31740.434383333308 31890.412133333306 76 39
32039.79963333331 32189.47646666665 76 42
32341.496716666654 32496.229883333323 76 46
32659.872883333323 32789.319529166656 76 49
36600.85075833334 36749.68267500002 76 36
36901.99734166668 37053.13942500002 76 34
37205.4558416667 37360.189008333364 76 33
37528.8265916667 37674.506410416696 76 31
37857.37700833335 38016.951508333346 76 28
38175.68175833335 38291.987691666676 76 29
39761.90000833334 39883.390466666664 76 28
40085.11349999999 40220.530024999985 76 33
46643.43524999995 47271.8719083333 76 58
55162.04805000007 55785.396545833406 76 64
56970.586883333446 57636.12681666679 76 57
57622.191466666794 58245.53996250012 76 64
59430.73030000016 60081.462733333494 76 57
60067.5273833335 60690.87587916683 76 67
61876.06621666687 62506.2636500002 76 67
62492.328300000205 63197.376133333535 76 72
63296.40563333353 63448.13146666687 76 40
63596.96338333355 63714.29920000021 76 44
70377.61105000011 71026.50171666677 76 81
76424.90504999999 77104.06483333332 76 79
88024.38896666661 88174.3667166666 76 60
88324.06171666659 88476.9669666666 76 61
5451.733083333337 6108.089000000006 77 55
9147.252416666674 9851.66408333334 77 62
13017.232083333347 13169.842916666681 77 37
13320.976416666681 13523.376250000016 77 38
13624.724250000016 13826.235583333348 77 38
13926.405916666681 14126.167916666682 77 39
14225.759583333347 14424.942916666681 77 39
14524.534583333349 14647.916704166682 77 40
14824.46691666668 14975.457583333347 77 40
15129.885791666678 15251.096558333344 77 42
15439.857208333346 15641.960875000012 77 40
15742.716541666678 15860.50970416668 77 39
16643.207208333344 16792.03912500001 77 35
16944.353791666676 17045.700041666678 77 34
17045.700041666678 17694.87854791667 77 70
17664.50029166667 18338.197958333327 77 72
25417.53204166665 26073.88795833331 77 55
32974.87563333332 33127.486466666654 77 41
33278.61996666665 33481.019799999995 77 42
33582.36779999999 33783.87913333332 77 44
33884.04946666666 34083.81146666665 77 45
34183.40313333332 34382.58646666666 77 46
34482.17813333333 34634.359225 77 47
34782.11046666666 34933.10113333332 77 48
35087.52934166666 35208.740108333324 77 49
35397.50075833332 35599.60442499999 77 44
35700.360091666655 35899.852591666655 77 41
35998.88209166666 36150.607925 77 40
36299.439841666666 36416.77565833334 77 39
39124.21096666667 39281.83305000001 77 29
39440.28480000001 39600.42813333333 77 28
47254.239666666625 47906.9880833333 77 60
49080.29466666667 49702.06580833335 77 70
50909.110591666686 51554.78467083337 77 75
54549.01309166674 55175.98340000007 77 75
56366.28305000009 56989.26032083345 77 61
58826.42646666681 59446.9139458335 77 61
65105.30688333353 65307.4105500002 77 53
65408.16621666687 65513.58069166686 77 55
65706.68821666687 65858.4140500002 77 57
66007.24596666686 66208.19388333352 77 59
66711.14971666684 67351.03715000016 77 79
70975.82771666677 71600.04988333343 77 82
74216.73471666667 74418.30721666668 77 49
74517.33671666667 74630.30156666668 77 52
74819.06221666667 75021.16588333333 77 53
75121.92155000001 75227.336025 77 55
75420.44355 75572.16938333333 77 57
75721.0013 75840.87081666666 77 59
80078.69571666663 80688.04959999997 77 64
81263.50304999996 81891.5374666666 77 69
81873.37829999994 82594.24779999995 77 78
86820.15396666659 87022.8499666666 77 58
87123.60563333327 87274.73913333326 77 58
87423.85379999994 87624.23129999994 77 58
87724.69429999993 87872.95579999992 77 58
91576.2677999999 92187.23760833322 77 77
96433.72963333316 97044.69944166648 77 75
100093.89213333312 100705.66534166645 77 55
61271.76238333352 61899.719237500205 78 69
63898.37430000022 64047.20621666689 78 45
64199.520883333564 64322.03036250021 78 48
64502.97938333354 64704.55188333354 78 49
64803.581383333534 64916.54623333353 78 52
80668.6866333333 81272.31917083329 78 73
18287.523958333328 18906.208029166668 79 72
29717.292708333312 30346.09171249998 79 66
35800.82309166666 36416.77565833334 79 82
36399.03975833334 37053.13942500002 79 80
37003.34359166669 37674.506410416696 79 71
37643.75775833336 38291.987691666676 79 64
38281.223425000004 38935.90684166668 79 66
38909.59105000001 39600.42813333333 79 68
39546.952216666665 40220.530024999985 79 60
51508.18517500003 52109.13885000005 79 80
52737.336008333376 53448.263091666726 79 80
53346.91509166672 53961.42225833339 79 81
82492.31096666661 83144.21648749996 79 79
83697.97496666662 84305.43638333328 79 78
84292.46554999995 85013.33504999994 79 85
88527.34479999992 89158.36428333326 79 79
93384.8066333332 94024.69406666653 79 69
98263.7050499998 98903.59248333312 79 61
10984.223750000006 11597.152237500008 80 64
11583.298333333343 12231.832916666677 80 70
12181.74775000001 12857.31172916668 80 69
12812.44916666668 13523.376250000016 80 73
13422.028250000016 14126.167916666682 80 70
14026.576250000015 14647.916704166682 80 77
16441.396208333346 17078.067333333343 80 77
18892.354125 19509.706000000006 80 75
30941.86729999998 31553.536341666648 80 71
31540.941883333315 32189.47646666665 80 80
32139.391299999977 32789.319529166656 80 82
32770.09271666665 33481.019799999995 80 80
33379.67179999999 34083.81146666665 80 81
33984.219799999984 34634.359225 80 84
52106.63459166671 52806.55253333337 80 82
53951.46309166672 54564.03864166673 80 84
67943.12013333349 68642.68480000013 80 81
77656.87546666666 78356.44013333332 80 78
83100.39196666662 83795.87979999995 80 82
84911.3982166666 85530.74837916662 80 89
86921.50196666659 87123.60563333327 80 58
87224.36129999995 87423.85379999994 80 58
87522.88329999993 87674.60913333326 80 58
87823.44104999994 87943.3105666666 80 58
88124.8519666666 88273.68388333326 80 61
88425.99854999993 88541.03865416658 80 61
89153.29688333326 89775.4075104166 80 81
94010.75871666653 94624.20426249986 80 72
98889.65713333314 99594.70496666647 80 64
109508.41871666639 109711.70354999973 80 34
109711.70354999973 109915.59454999972 80 29
109915.59454999972 110120.68054999971 80 29
110120.68054999971 110325.76654999971 80 34
110738.0827166664 110891.29104999972 80 34
110941.96504999972 111143.1872166664 80 29
111143.1872166664 111344.40588333305 80 28
111344.40588333305 111496.42788333306 80 33
111958.18946666639 112163.58229999972 80 31
112163.58229999972 112368.06213333305 80 30
112368.06213333305 112520.96738333306 80 31
112571.64138333306 112774.33738333306 80 33
113182.9939666664 113388.69363333307 80 31
113388.69363333307 113595.61696666639 80 30
113595.61696666639 113803.15029999975 80 31
113803.15029999975 113958.49529999975 80 33
114314.70271666642 114466.42854999975 80 35
114517.10254999975 114670.92079999975 80 36
114927.58888333308 115079.60913333308 80 37
115130.57754999974 115285.31071666641 80 38
115544.44271666642 115698.56404999975 80 41
115750.4473833331 115907.9921333331 80 42
116174.43971666643 116332.30071666643 80 42
116384.81621666644 116545.94871666643 80 40
116814.38754999977 116973.53446666642 80 37
117026.69204999975 117188.15438333308 80 35
117462.71079999975 117678.67746666643 80 34
117678.67746666643 117840.80596666642 80 33
118115.70746666644 118279.88854999977 80 30
118338.04163333311 118517.3398833331 80 30
119321.89471666644 119769.04153749978 80 41
63098.34663333353 63714.29920000021 81 74
85519.47921666662 86166.85804999995 81 89
86217.53204999995 86421.71746666661 81 58
86520.7469666666 86718.80596666661 81 59
10374.348500000007 11034.01958333334 82 66
14624.126250000016 15251.096558333344 82 77
15843.17954166668 16459.132108333346 82 77
28503.78745833331 29120.60804999998 82 68
30331.99204999998 30991.663133333313 82 72
34581.769799999995 35208.740108333324 82 84
65508.629216666865 66208.19388333352 82 82
67337.10180000016 67961.6881645835 82 84
75222.38455 75840.87081666666 82 82
77050.85713333332 77674.20562916667 82 74
87324.82429999993 87943.3105666666 82 84
63696.56330000021 64322.03036250021 83 82
15237.161208333344 15860.50970416668 84 80
29113.05137499998 29817.463041666648 84 71
35194.804758333325 35899.852591666655 84 88
64300.86713333355 64916.54623333353 84 79
64902.61088333354 65513.58069166686 84 84
68541.33680000014 69195.4364666668 84 82
74014.62246666668 74630.30156666668 84 82
74616.36621666668 75227.336025 84 84
78255.09213333332 78909.19179999997 84 82
86319.1744666666 86520.7469666666 84 59
86619.7764666666 86732.74131666661 84 60
92780.50279999989 93434.60246666653 84 73
109610.35554999973 109813.05154999973 84 35
109813.05154999973 110018.13754999972 84 35
110018.13754999972 110223.22354999972 84 35
110840.32263333305 110992.63904999972 84 35
111043.01688333305 111193.27238333305 84 36
111243.65021666638 111445.75388333306 84 34
112061.03929999971 112266.12529999971 84 33
112266.12529999971 112469.99896666639 84 37
112469.99896666639 112672.98938333306 84 34
113285.5369666664 113491.85029999973 84 33
113491.85029999973 113699.38363333307 84 31
113699.38363333307 113906.91696666641 84 33
114416.05071666642 114568.0709666664 84 38
115028.93513333309 115181.84904999974 84 39
115646.98571666642 115802.64488333311 84 42
116280.10321666644 116437.97379999977 84 44
116920.70271666642 117080.17946666642 84 38
117571.70263333309 117732.49879999975 84 34
118225.3926333331 118396.98996666644 84 31
66106.84588333352 66760.94555000018 85 86
75820.60121666666 76474.70088333332 85 86
87923.0409666666 88541.03865416658 85 86
109711.70354999973 109915.59454999972 87 36
109915.59454999972 110120.68054999971 87 36
110941.96504999972 111143.1872166664 87 36
111143.1872166664 111344.40588333305 87 35
112163.58229999972 112368.06213333305 87 35
112368.06213333305 112520.96738333306 87 35
113388.69363333307 113595.61696666639 87 34
113595.61696666639 113803.15029999975 87 33
86718.80596666661 87423.85379999994 89 94
97659.40121666648 98313.50088333314 89 66
86117.06221666661 86732.74131666661 90 93
109813.05154999973 110018.13754999972 92 44
111043.01688333305 111193.27238333305 92 40
112266.12529999971 112469.99896666639 92 40
113491.85029999973 113699.38363333307 92 39
119321.89471666644 119769.04153749978 92 41
