13082.097249999999 14600.889216666665 24 64
46550.39233333334 48443.70825000001 24 27
73173.32633333332 82900.95133333333 24 22
7252.907999999999 8735.95910625 25 66
43407.01383333333 45073.75268333334 25 28
69447.41333333333 71271.84763333332 25 24
20331.547083333327 21837.158931249993 26 60
8685.231 10194.33865 27 64
1432.323 2909.4060937499994 29 64
14553.619083333333 16021.947599999998 29 66
2864.6459999999997 4344.713099999999 31 64
11663.99325 13126.412999999999 31 62
18807.93108333333 20355.66089999999 31 69
21778.376083333325 23368.97079166666 31 54
44936.065833333334 46616.2468 31 33
71225.19133333332 73230.0708125 31 27
5812.977249999999 7300.652099999999 32 66
10140.377249999998 11663.99325 32 57
41817.18883333333 43454.796708333335 32 33
67669.63533333334 69502.96889583333 32 27
38491.17083333334 40134.844020833334 35 36
63925.49333333333 65710.1759 35 30
4296.968999999999 5812.977249999999 36 56
13082.097249999999 14600.889216666665 36 78
15971.723083333332 17413.462149999996 36 61
23438.127083333326 24968.676893749995 36 30
40080.57483333334 41817.18883333333 36 33
46550.39233333334 48443.70825000001 36 32
48526.02633333334 50056.57614375 36 19
65642.60833333332 67669.63533333334 36 27
73173.32633333332 82900.95133333333 36 27
7252.907999999999 8735.95910625 37 80
43407.01383333333 45073.75268333334 37 34
69447.41333333333 71271.84763333332 37 28
17389.82708333333 18855.544083333327 38 66
20331.547083333327 21837.158931249993 38 73
8685.231 10194.33865 39 77
35456.55383333333 37049.92875833333 39 33
60638.77633333333 62274.149227083326 39 27
1432.323 2909.4060937499994 41 78
14553.619083333333 16021.947599999998 41 79
33900.133833333326 35456.55383333333 41 28
37012.97383333333 38537.528450000005 41 36
59082.35633333332 60638.77633333333 41 18
62228.18033333333 63973.662899999996 41 30
2864.6459999999997 4344.713099999999 43 77
4296.968999999999 5812.977249999999 43 56
11663.99325 13126.412999999999 43 75
18807.93108333333 20355.66089999999 43 83
21778.376083333325 23368.97079166666 43 66
32385.53208333333 33952.0145 43 31
44936.065833333334 46616.2468 43 39
57513.38233333333 59140.72208333332 43 20
71225.19133333332 73230.0708125 43 33
5812.977249999999 7300.652099999999 44 79
10140.377249999998 11663.99325 44 69
30907.335083333324 32434.80531666666 44 28
41817.18883333333 43454.796708333335 44 39
56035.18533333333 57556.49641249999 44 18
67669.63533333334 69502.96889583333 44 33
17389.82708333333 18855.544083333327 45 66
29429.138083333324 30956.60831666666 45 30
54556.98833333332 56093.69729791665 45 19
27872.718083333326 29429.138083333324 46 28
53000.56833333333 54556.98833333332 46 18
26394.521083333326 27905.14349999999 47 30
38491.17083333334 40134.844020833334 47 44
51482.42033333333 53026.50866666666 47 19
63925.49333333333 65710.1759 47 36
4296.968999999999 5812.977249999999 48 66
10140.377249999998 11663.99325 48 72
15971.723083333332 17413.462149999996 48 73
23438.127083333326 24968.676893749995 48 36
24916.324083333326 26443.794316666663 48 27
40080.57483333334 41817.18883333333 48 39
48526.02633333334 50056.57614375 48 24
50004.223333333335 51535.34685833332 48 17
65642.60833333332 67669.63533333334 48 33
75118.85133333332 89495.47044791665 48 37
8685.231 10194.33865 49 68
11663.99325 13126.412999999999 50 72
17389.82708333333 18855.544083333327 50 79
4296.968999999999 5812.977249999999 51 69
5812.977249999999 7300.652099999999 51 76
8685.231 10194.33865 51 75
10140.377249999998 11663.99325 51 72
35456.55383333333 37049.92875833333 51 39
41817.18883333333 43454.796708333335 51 40
46550.39233333334 48443.70825000001 51 36
60638.77633333333 62274.149227083326 51 33
67669.63533333334 69502.96889583333 51 34
73173.32633333332 82900.95133333333 51 30
13082.097249999999 14600.889216666665 52 73
7252.907999999999 8735.95910625 53 76
11663.99325 13126.412999999999 53 72
33900.133833333326 35456.55383333333 53 34
37012.97383333333 38537.528450000005 53 43
43407.01383333333 45073.75268333334 53 39
44936.065833333334 46616.2468 53 40
59082.35633333332 60638.77633333333 53 22
62228.18033333333 63973.662899999996 53 36
69447.41333333333 71271.84763333332 53 33
71225.19133333332 73230.0708125 53 34
17389.82708333333 18855.544083333327 54 76
2864.6459999999997 4344.713099999999 55 75
4296.968999999999 5812.977249999999 55 69
8685.231 10194.33865 55 75
13082.097249999999 14600.889216666665 55 73
15971.723083333332 17413.462149999996 55 76
18807.93108333333 20355.66089999999 55 76
32385.53208333333 33952.0145 55 37
38491.17083333334 40134.844020833334 55 45
40080.57483333334 41817.18883333333 55 41
44936.065833333334 46616.2468 55 40
46550.39233333334 48443.70825000001 55 44
57513.38233333333 59140.72208333332 55 24
63925.49333333333 65710.1759 55 37
65642.60833333332 67669.63533333334 55 35
71225.19133333332 73230.0708125 55 34
73173.32633333332 82900.95133333333 55 36
75118.85133333332 89495.47044791665 55 47
1432.323 2909.4060937499994 56 74
5812.977249999999 8735.95910625 56 76
10140.377249999998 11663.99325 56 85
14553.619083333333 16021.947599999998 56 72
30907.335083333324 32434.80531666666 56 34
37012.97383333333 38537.528450000005 56 41
41817.18883333333 43454.796708333335 56 40
43407.01383333333 45073.75268333334 56 39
56035.18533333333 57556.49641249999 56 22
62228.18033333333 63973.662899999996 56 35
67669.63533333334 69502.96889583333 56 34
69447.41333333333 71271.84763333332 56 33
29429.138083333324 30956.60831666666 57 36
54556.98833333332 56093.69729791665 57 24
9759.47325 10194.33865 58 82
13082.097249999999 14600.889216666665 58 73
27872.718083333326 29429.138083333324 58 34
53000.56833333333 54556.98833333332 58 22
2864.6459999999997 4344.713099999999 59 75
11663.99325 13126.412999999999 59 86
18807.93108333333 20355.66089999999 59 76
21778.376083333325 23368.97079166666 59 68
26394.521083333326 27905.14349999999 59 36
33900.133833333326 35456.55383333333 59 39
44936.065833333334 46616.2468 59 48
51482.42033333333 53026.50866666666 59 24
59082.35633333332 60638.77633333333 59 26
71225.19133333332 73230.0708125 59 40
1432.323 2909.4060937499994 60 74
4296.968999999999 5812.977249999999 60 82
5812.977249999999 7300.652099999999 60 91
8685.231 10140.377249999998 60 89
10140.377249999998 11663.99325 60 85
13082.097249999999 14600.889216666665 60 87
14553.619083333333 16021.947599999998 60 79
15971.723083333332 17413.462149999996 60 90
17389.82708333333 18855.544083333327 60 92
20331.547083333327 21837.158931249993 60 70
24916.324083333326 26443.794316666663 60 32
29429.138083333324 30956.60831666666 60 37
30907.335083333324 32434.80531666666 60 38
33494.17983333333 33952.0145 60 36
35456.55383333333 37049.92875833333 60 41
37012.97383333333 38537.528450000005 60 49
40080.57483333334 41817.18883333333 60 49
41817.18883333333 43454.796708333335 60 48
46550.39233333334 48443.70825000001 60 44
50004.223333333335 51535.34685833332 60 21
54556.98833333332 56093.69729791665 60 24
56035.18533333333 57556.49641249999 60 25
58667.418583333325 59140.72208333332 60 24
60638.77633333333 62274.149227083326 60 35
62228.18033333333 63973.662899999996 60 41
65642.60833333332 67669.63533333334 60 41
67669.63533333334 69502.96889583333 60 40
73173.32633333332 82900.95133333333 60 36
75118.85133333332 89495.47044791665 60 52
7252.907999999999 8735.95910625 61 89
9759.47325 10194.33865 61 82
43407.01383333333 45073.75268333334 61 46
69447.41333333333 71271.84763333332 61 39
3938.8882499999995 4344.713099999999 62 79
11663.99325 13126.412999999999 62 86
17389.82708333333 18855.544083333327 62 92
18807.93108333333 20355.66089999999 62 93
20331.547083333327 21837.158931249993 62 70
21778.376083333325 23368.97079166666 62 80
26394.521083333326 29429.138083333324 62 37
30907.335083333324 32434.80531666666 62 45
32385.53208333333 33900.133833333326 62 39
33900.133833333326 35456.55383333333 62 46
38491.17083333334 40134.844020833334 62 53
46116.23883333334 46616.2468 62 44
51482.42033333333 54556.98833333332 62 24
56035.18533333333 57556.49641249999 62 30
57513.38233333333 59082.35633333332 62 26
59082.35633333332 60638.77633333333 62 31
63925.49333333333 65710.1759 62 45
72624.88033333332 73230.0708125 62 36
1432.323 2909.4060937499994 63 87
2864.6459999999997 4296.968999999999 63 89
4296.968999999999 5812.977249999999 63 82
5812.977249999999 7300.652099999999 63 91
8685.231 10140.377249999998 63 89
15971.723083333332 17413.462149999996 63 90
23438.127083333326 26443.794316666663 63 37
40080.57483333334 41817.18883333333 63 49
41817.18883333333 43454.796708333335 63 48
44936.065833333334 46550.39233333334 63 48
48526.02633333334 51535.34685833332 63 24
65642.60833333332 67669.63533333334 63 41
67669.63533333334 69502.96889583333 63 40
71225.19133333332 73173.32633333332 63 40
75118.85133333332 89495.47044791665 63 52
13082.097249999999 14600.889216666665 64 87
3938.8882499999995 4344.713099999999 65 79
7252.907999999999 8735.95910625 65 89
15617.197083333333 16021.947599999998 65 80
39683.22383333334 40134.844020833334 65 45
43407.01383333333 45073.75268333334 65 46
65164.139333333325 65710.1759 65 38
69447.41333333333 71271.84763333332 65 39
20331.547083333327 21837.158931249993 66 81
27503.168833333326 27905.14349999999 66 41
30907.335083333324 32434.80531666666 66 45
52603.21733333333 53026.50866666666 66 27
56035.18533333333 57556.49641249999 66 30
2864.6459999999997 4296.968999999999 67 89
14553.619083333333 15971.723083333332 67 90
18807.93108333333 20355.66089999999 67 93
21778.376083333325 23368.97079166666 67 80
23438.127083333326 24968.676893749995 67 45
27872.718083333326 29429.138083333324 67 45
29429.138083333324 30956.60831666666 67 45
32385.53208333333 33900.133833333326 67 46
33900.133833333326 35456.55383333333 67 46
35456.55383333333 37049.92875833333 67 49
38491.17083333334 40080.57483333334 67 53
48526.02633333334 50056.57614375 67 29
53000.56833333333 54556.98833333332 67 29
54556.98833333332 56093.69729791665 67 29
57513.38233333333 59082.35633333332 67 31
59082.35633333332 60638.77633333333 67 31
60638.77633333333 62274.149227083326 67 41
63925.49333333333 65642.60833333332 67 45
75118.85133333332 89495.47044791665 67 52
1432.323 2909.4060937499994 68 87
24916.324083333326 27872.718083333326 68 45
37012.97383333333 38537.528450000005 68 49
50004.223333333335 53000.56833333333 68 29
62228.18033333333 63973.662899999996 68 41
21416.668833333326 21837.158931249993 69 76
33494.17983333333 33952.0145 69 44
58667.418583333325 59140.72208333332 69 28
20331.547083333327 21778.376083333325 71 90
32385.53208333333 33900.133833333326 71 46
57513.38233333333 59082.35633333332 71 31
29429.138083333324 30956.60831666666 72 45
35456.55383333333 37049.92875833333 72 49
54556.98833333332 56093.69729791665 72 29
60638.77633333333 62274.149227083326 72 41
75118.85133333332 89495.47044791665 72 63
26394.521083333326 29429.138083333324 74 45
30907.335083333324 32434.80531666666 74 45
51482.42033333333 54556.98833333332 74 29
56035.18533333333 57556.49641249999 74 30
23438.127083333326 26443.794316666663 75 45
48526.02633333334 51535.34685833332 75 29
