25389.452233333337 25514.844233333333 36 44
26881.161066666664 27037.411066666664 36 50
28370.72773333333 28496.11973333333 36 46
29864.654566666653 30053.929066666657 36 50
31394.06648333332 31521.455149999987 36 56
32905.643149999996 33065.899399999995 36 50
10410.90566666666 10597.24116666666 38 46
13408.335666666659 13596.42366666666 38 41
14903.58899999999 15059.936999999993 38 46
34450.52048333331 34576.70348333331 38 50
35952.429233333336 36141.30673333333 38 50
0.7788166666666666 155.76333333333335 43 52
1483.628416666667 1608.2390833333334 43 52
2964.4164166666656 3151.6244166666656 43 52
4447.667916666666 4602.9475 43 52
5937.60075 6093.850749999999 43 68
7426.005166666666 7551.005166666666 43 46
16391.15308333332 16578.94708333332 43 52
17875.859583333324 18032.109583333324 43 52
19359.60308333333 19515.463750000003 43 68
20843.913500000002 21031.413500000002 43 46
22340.957916666666 22528.751916666668 43 41
23831.003 24018.503 43 44
25272.142566666673 25397.289233333337 43 38
25483.496233333335 25639.844233333333 43 39
26786.817066666663 26917.098566666664 43 40
26974.911066666664 27162.021733333328 43 44
28276.879733333328 28415.398633333327 43 36
28464.771733333328 28652.36973333333 43 40
29770.315066666655 29872.541004166655 43 39
29959.291816666657 30148.865816666657 43 44
31295.165066666654 31401.232095833322 43 42
31489.60798333332 31616.693149999985 43 48
32810.50556666667 32951.31618125 43 40
33001.796899999994 33193.69506666665 43 44
34347.42773333331 34506.514189583315 43 36
37467.931733333324 37594.11473333333 43 50
38963.32198333333 39151.90248333332 43 50
40460.23748333331 40554.28148333331 43 40
41952.91306666665 42046.957066666655 43 40
43447.40256666667 43541.44656666667 43 40
44193.05915000001 44285.178066666675 43 40
44934.58206666667 45029.21931666667 43 40
47276.293975000015 48516.35958333335 43 31
8912.121416666667 9037.121416666667 45 46
10504.07341666666 10659.352999999992 45 40
11899.608833333325 12056.841333333328 45 46
13502.379666666659 13690.17366666666 45 38
14809.83899999999 14934.936999999993 45 36
14997.436999999993 15184.54766666666 45 40
16297.30508333332 16399.773783333323 45 36
34545.15773333331 34671.04298333332 45 44
35857.79198333333 35988.70684583334 45 36
36046.96723333334 36235.350733333325 45 44
37361.54873333332 37518.40493333333 45 36
11805.564833333325 11944.420095833326 47 36
25577.344233333333 25764.4549 48 46
25950.598066666666 26105.110066666668 48 45
26506.538650000002 26693.1644 48 49
27068.563733333332 27193.174399999993 48 45
27441.237066666657 27595.653483333328 48 40
27996.795399999995 28121.01906666666 48 44
28558.61973333333 28745.827733333328 48 42
28932.35673333333 29087.25164999999 48 39
29489.063066666655 29676.271066666653 48 46
30053.929066666657 30243.802566666654 48 48
30433.077066666658 30590.30956666666 48 49
31002.631733333325 31164.44539999999 48 55
31584.947149999985 31743.275483333317 48 50
31963.69873333332 32120.24273333332 48 45
32526.691899999987 32715.66865 48 49
33097.848316666656 33225.64398333332 48 45
33480.01664999998 33638.344983333314 48 40
34053.29956666665 34183.27606666665 48 44
34639.59648333331 34765.08698333332 48 45
35014.60089999998 35138.632233333316 48 40
35574.870483333325 35763.25398333333 48 44
93.458 279.98699999999997 50 45
1390.1704166666668 1538.9243999999999 50 41
1577.0864166666668 1701.4068333333332 50 45
2870.8610833333323 3025.3539166666656 50 41
3058.1664166666656 3182.7770833333325 50 45
4354.500166666666 4453.1027020833335 50 41
4540.835666666666 4726.7865 50 46
5841.13775 5943.85075 50 55
6031.350749999999 6218.461416666665 50 58
7332.547166666666 7430.692666666667 50 41
7519.755166666666 7675.615833333333 50 40
8818.566083333333 8956.652666666667 50 37
10597.24116666666 10783.19199999999 50 42
10968.759333333324 11153.944333333324 50 39
11524.604916666658 11649.118833333323 50 44
13596.42366666666 13783.92366666666 50 38
13970.83966666666 14126.11924999999 50 41
14529.172999999992 14716.08899999999 50 45
15091.08966666666 15277.715416666659 50 42
15463.282749999991 15617.318833333324 50 39
16017.607166666658 16172.694416666654 50 44
16485.19708333332 16672.40508333332 50 45
17782.401583333325 17882.890833333324 50 41
17969.609583333324 18125.567583333326 50 46
19266.145083333337 19365.853083333335 50 55
19453.15841666667 19639.687416666668 50 58
20750.163500000002 20851.726000000002 50 41
20937.663500000002 21124.8715 50 40
22246.518416666666 22385.628816666667 50 37
22435.001916666668 22560.001916666668 50 36
23737.447666666663 23840.377999999997 50 34
23924.753 24112.253 50 39
25670.996900000002 25857.62265 50 41
25857.62265 26012.517566666666 50 45
26413.563233333334 26599.706400000003 50 41
26599.706400000003 26724.317066666663 50 40
27162.021733333328 27317.398066666658 50 37
27348.35781666666 27472.19681666666 50 41
27903.916149999997 28089.963149999996 50 37
28089.963149999996 28245.629733333328 50 36
28652.36973333333 28808.13306666666 50 34
28839.18898333333 28963.412649999995 50 39
29395.895316666658 29582.521066666653 50 39
29582.521066666653 29770.315066666655 50 39
30148.865816666657 30338.439816666658 50 40
30338.439816666658 30527.41656666666 50 48
30906.477233333324 31067.147899999993 50 46
31099.510399999992 31262.37814999999 50 44
31679.98431666665 31782.70767083332 50 41
31869.35923333332 32057.74273333332 50 45
32432.549399999993 32621.031399999993 50 41
32621.031399999993 32747.214400000004 50 40
33193.69506666665 33300.484824999985 50 37
33384.77864999998 33511.76264999998 50 41
33956.52464999998 34085.66206666665 50 37
34150.70281666665 34281.52964999998 50 36
34733.738983333315 34890.08698333332 50 37
34921.23964999998 35076.71273333332 50 41
35481.02248333333 35668.91448333333 50 37
35668.91448333333 35794.70048333333 50 36
36141.30673333333 36329.100733333325 50 45
36515.92056666667 36670.91165 50 40
37074.25915 37200.54639999999 50 44
37562.56898333333 37688.45423333333 50 44
38869.47398333333 38994.669983333326 50 36
39057.56298333332 39245.94648333331 50 44
40366.38948333331 40468.07448333331 50 36
40554.28148333331 40648.227483333314 50 34
41858.67206666665 41952.91306666665 50 31
42046.957066666655 42140.80506666666 50 34
43353.35856666666 43447.40256666667 50 31
43541.44656666667 43635.19656666667 50 34
44100.65648333335 44193.05915000001 50 40
44285.178066666675 44377.29698333334 50 34
44841.12406666667 44934.58206666667 50 31
45029.21931666667 45123.65806666667 50 34
47327.83142916668 48516.35958333335 50 33
9005.871416666667 9192.88475 52 40
10306.01066666666 10420.22244166666 52 36
10690.312749999992 10787.83596249999 52 34
10876.07124999999 11061.351833333325 52 39
11431.533333333324 11555.660833333324 52 37
11617.966166666656 11742.868833333323 52 36
11993.948333333326 12182.233333333328 52 40
13306.984416666659 13416.17266666666 52 42
13690.17366666666 13795.60591666666 52 37
13877.381666666659 14064.007416666658 52 41
14436.005249999993 14622.630999999992 52 39
14622.630999999992 14809.83899999999 52 36
15184.54766666666 15370.594666666659 52 34
15370.594666666659 15525.011083333324 52 39
15924.82349999999 16079.526666666656 52 37
16110.582583333322 16297.30508333332 52 36
25764.4549 25888.678566666666 52 49
26320.779566666668 26475.482733333338 52 40
26693.1644 26818.067066666663 52 44
27255.286233333325 27441.237066666657 52 45
27811.228066666663 27996.795399999995 52 37
28183.324399999998 28339.379733333328 52 40
28745.827733333328 28932.35673333333 52 42
29303.016066666656 29489.063066666655 52 37
29676.271066666653 29864.654566666653 52 42
30243.802566666654 30433.077066666658 52 50
30810.93514999999 30938.426149999992 52 46
31197.01864999999 31328.059816666657 52 48
31774.821233333318 31963.69873333332 52 49
32338.60339999999 32495.24539999999 52 40
32715.66865 32842.15115 52 44
33289.33831666665 33480.01664999998 52 45
33860.37014999998 33988.67898333332 52 37
34248.74273333332 34398.974108333314 52 40
34827.58698333332 34983.54498333332 52 45
35387.36981666666 35543.52248333333 52 37
35763.25398333333 35889.337733333334 52 40
36235.350733333325 36337.69448333333 52 37
36422.65606666666 36578.032400000004 52 41
36980.70381666666 37105.60714999999 52 37
37168.699233333326 37297.32323333332 52 36
26228.187066666665 26351.643733333338 53 45
27718.73048333333 27872.956399999995 53 41
29210.423566666657 29395.895316666658 53 41
30715.997816666662 30842.68114999999 53 52
10783.19199999999 10907.030999999992 54 42
11338.749666666656 11462.493083333324 54 36
11711.618833333323 11899.608833333325 54 40
13783.92366666666 13970.83966666666 54 45
14342.837499999992 14529.172999999992 54 37
14716.08899999999 14903.58899999999 54 40
15277.715416666659 15401.554416666657 54 42
15832.325916666656 15955.687666666658 54 36
16203.847083333321 16359.80508333332 54 40
32244.85339999999 32369.85339999999 54 45
33764.828066666654 33892.31906666664 54 41
36329.100733333325 36453.80873333333 54 45
36887.439316666656 37043.00915 54 37
37264.85573333333 37467.931733333324 54 40
186.81924999999998 311.04291666666666 55 48
558.3385833333333 712.2797500000001 55 44
1111.3391666666669 1265.94675 55 49
1670.3509166666665 1825.245833333333 55 48
2040.9153333333334 2224.682833333333 55 44
2592.2215833333325 2777.6933333333327 55 49
3151.6244166666656 3307.000749999999 55 48
3523.432249999999 3677.373416666666 55 44
4076.1485833333327 4199.60525 55 49
4633.90725 4819.379000000001 55 50
5004.184333333333 5126.883666666667 55 55
5557.757583333333 5682.17475 55 66
6125.0034166666655 6249.614083333332 55 60
6497.772916666666 6683.149083333333 55 52
7053.235666666666 7239.282666666666 55 52
7613.3105 7799.8395 55 42
7985.406833333333 8139.442916666667 55 44
8539.35075 8663.189750000001 55 48
11246.252083333324 11369.613833333324 55 40
14249.958249999992 14436.005249999993 55 41
15740.018166666656 15863.095166666657 55 40
16578.94708333332 16765.57283333332 55 48
16951.044583333318 17135.376833333317 55 44
17503.666499999992 17689.233833333325 55 49
18063.26224999999 18218.735333333323 55 50
18434.976333333325 18588.539333333327 55 55
18987.41 19172.977333333336 55 66
19546.519666666667 19732.566666666666 55 60
19917.752333333337 20071.409750000006 55 52
20470.658500000005 20656.705500000004 55 52
21031.413500000002 21187.176833333335 55 42
21404.472083333334 21528.311083333334 55 44
21963.200666666668 22088.78966666667 55 48
22528.751916666668 22684.612583333335 55 38
22901.715500000002 23056.131916666673 55 34
23457.654166666667 23643.989666666665 55 41
24018.503 24206.003 55 41
24393.503 24579.926499999994 55 38
24964.365299999998 25066.47015 55 44
26135.879316666666 26320.779566666668 55 53
27626.42273333333 27749.499733333327 55 48
29118.115816666657 29303.016066666656 55 48
30621.657566666658 30747.54356666666 55 63
32151.395399999983 32338.60339999999 55 53
33669.89073333331 33796.57406666665 55 48
35293.91181666665 35418.52248333333 55 41
36794.463899999995 36949.55115 55 41
37657.00773333333 37782.49823333333 55 45
38032.01215 38187.00323333334 55 40
38589.09881666665 38775.82131666666 55 44
39151.90248333332 39308.642483333315 55 45
39527.10048333331 39713.629483333316 55 40
40085.72348333331 40272.63948333331 55 44
40648.227483333314 40741.977483333314 55 37
41021.77156666664 41114.650816666646 55 33
41577.712149999985 41671.07339999999 55 38
42140.80506666666 42234.45773333332 55 37
42514.05889999999 42606.84256666666 55 33
43072.10723333333 43165.66256666666 55 38
43635.19656666667 43728.7519 55 37
43822.113150000005 43915.18473333334 55 37
44377.29698333334 44469.60473333333 55 31
44562.19723333334 44654.9809 55 38
45123.65806666667 45217.80056666667 55 37
45311.746566666676 45405.399233333344 55 37
47378.16973333335 48516.35958333335 55 36
279.98699999999997 434.8819166666667 57 40
465.74608333333333 589.20275 57 44
1018.8415833333333 1173.0674999999999 57 42
1204.02725 1390.1704166666668 57 41
1763.3263333333332 1917.8383333333331 57 40
1948.6075833333332 2132.9398333333334 57 44
2499.913833333333 2684.8140833333323 57 42
2684.8140833333323 2870.8610833333323 57 41
3244.888916666666 3430.839749999999 57 40
3430.839749999999 3554.2964166666657 57 44
3983.8408333333327 4168.741083333333 57 42
4168.741083333333 4323.44425 57 41
4726.7865 4881.107333333333 57 44
4911.876583333333 5096.208833333333 57 53
5464.782166666667 5619.869416666667 57 56
5651.022083333333 5841.13775 57 55
6218.461416666665 6404.893666666665 57 49
6404.893666666665 6559.692416666666 57 52
6960.451999999999 7146.114916666666 57 45
7146.114916666666 7301.394499999999 57 42
7706.6717499999995 7892.71875 57 38
7892.71875 8047.135166666667 57 42
8446.758249999999 8632.23 57 42
8632.23 8787.413416666666 57 39
9099.426749999999 9286.052499999998 57 42
9472.00333333333 9657.283916666662 57 39
10027.084416666663 10212.842916666661 57 44
11153.944333333324 11277.021333333323 57 46
12088.189333333326 12213.581333333326 57 42
12463.289333333327 12649.818333333325 57 41
13023.268666666658 13148.956166666658 57 50
14157.07899999999 14342.837499999992 57 46
15647.993666666658 15832.325916666656 57 46
16672.40508333332 16858.45208333332 57 40
16858.45208333332 17043.352333333318 57 44
17411.263833333323 17565.394833333325 57 42
17596.354583333326 17782.401583333325 57 41
18156.62349999999 18311.614583333325 57 44
18342.47874999999 18496.514833333324 57 53
18895.00733333333 19049.138333333336 57 56
19080.098083333338 19266.145083333337 57 55
19639.687416666668 19763.526416666668 57 49
19825.254750000004 20010.060083333337 57 52
20378.066000000006 20563.537750000007 57 45
20563.537750000007 20750.163500000002 57 42
21124.8715 21311.4005 57 38
21311.4005 21497.351333333336 57 42
21869.35266666667 22025.896666666667 57 42
22057.34316666667 22246.518416666666 57 39
22622.30725 22808.836250000004 57 30
22808.836250000004 22932.675250000004 57 34
23364.77491666667 23550.821916666668 57 34
23550.821916666668 23737.447666666663 57 34
24112.253 24299.753 57 31
24299.753 24404.9011875 57 38
24867.67391666666 24967.60155 57 38
25063.114441666665 25169.104566666672 57 38
26043.381733333335 26228.187066666665 57 53
27533.925149999995 27718.73048333333 57 49
29025.332149999995 29127.346591666657 57 48
30527.41656666666 30630.27826666666 57 63
32057.74273333332 32244.85339999999 57 53
33575.053816666645 33701.43648333332 57 49
34398.974108333314 34890.08698333332 57 46
35200.74406666665 35387.36981666666 57 48
36701.77581666667 36856.38339999999 57 48
37751.150233333334 37855.93573333333 57 37
37938.6509 38094.12398333334 57 41
38496.02723333332 38651.210649999986 57 37
38682.363316666655 38806.97398333333 57 36
39245.94648333331 39433.642483333315 57 37
39433.642483333315 39589.40581666665 57 41
39992.55573333331 40179.18148333331 57 37
40179.18148333331 40366.38948333331 57 36
40741.977483333314 40835.43548333331 57 30
40928.69998333331 41021.77156666664 57 33
41484.73673333332 41577.712149999985 57 33
41671.07339999999 41764.72606666665 57 31
42234.45773333332 42327.91573333332 57 30
42421.08348333332 42514.05889999999 57 33
42978.64923333333 43072.10723333333 57 33
43165.66256666666 43259.41256666666 57 31
43728.7519 43822.113150000005 57 30
43915.18473333334 44008.06398333334 57 33
44469.60473333333 44562.19723333334 57 33
44654.9809 44747.95631666667 57 31
45217.80056666667 45311.746566666676 57 30
45405.399233333344 45498.857233333336 57 33
372.9624166666667 558.3385833333333 59 48
926.6282500000001 1049.6108333333334 59 41
1297.0026666666668 1483.628416666667 59 45
1856.1099999999997 2040.9153333333334 59 48
2407.889333333333 2592.2215833333325 59 41
2777.6933333333327 2933.1664166666656 59 45
3337.960499999999 3523.432249999999 59 48
3891.721916666666 4076.1485833333327 59 41
4261.52475 4447.667916666666 59 45
4819.379000000001 5004.184333333333 59 55
5372.189666666666 5526.701666666667 59 55
5744.67475 5937.60075 59 60
6311.725916666665 6497.772916666666 59 58
6867.859499999999 6991.316166666666 59 45
7239.282666666666 7426.005166666666 59 46
7799.8395 7923.6785 59 46
8354.355583333332 8539.35075 59 41
8725.301583333334 8880.871416666667 59 41
9192.88475 9348.16433333333 59 34
9379.12408333333 9502.963083333329 59 39
9934.491916666662 10119.963666666661 59 37
10119.963666666661 10306.01066666666 59 36
11061.351833333325 11246.252083333324 59 46
12182.233333333328 12369.831333333326 59 34
12369.831333333326 12525.594666666659 59 40
12929.420666666658 13054.616666666658 59 41
13117.509666666658 13306.984416666659 59 41
14064.007416666658 14249.958249999992 59 41
15555.780333333323 15657.96298749999 59 46
16765.57283333332 16951.044583333318 59 48
17319.05049999999 17472.802333333322 59 41
17689.233833333325 17875.859583333324 59 45
18249.695083333325 18404.207083333327 59 55
18802.793999999998 18956.545833333334 59 55
19172.977333333336 19359.60308333333 59 60
19732.566666666666 19886.983083333336 59 58
20285.758250000006 20470.658500000005 59 45
20656.705500000004 20843.913500000002 59 46
21218.232750000003 21373.512333333336 59 46
21775.89466666667 21931.85266666667 59 41
22151.88116666667 22309.609916666665 59 41
22715.668500000003 22901.715500000002 59 38
23271.991250000003 23457.654166666667 59 31
23643.989666666665 23799.753 59 38
24206.003 24393.503 59 41
24771.417083333326 24899.828249999995 59 37
25165.620250000004 25275.726800000008 59 41
35107.672483333314 35211.613637499984 59 49
36608.992150000005 36763.50414999999 59 49
37467.931733333324 37855.93573333333 59 49
37844.99823333333 38000.95623333333 59 45
38403.14798333333 38526.986983333314 59 37
38775.82131666666 38931.97398333333 59 40
39339.892483333315 39527.10048333331 59 45
39899.38798333331 40085.72348333331 59 37
40272.63948333331 40428.88948333331 59 40
40460.23748333331 40554.28148333331 59 46
40835.43548333331 40928.69998333331 59 37
41392.048649999975 41484.73673333332 59 31
41764.72606666665 41858.67206666665 59 34
41952.91306666665 42046.957066666655 59 46
42327.91573333332 42421.08348333332 59 37
42885.48148333333 42978.64923333333 59 31
43259.41256666666 43353.35856666666 59 34
43447.40256666667 43541.44656666667 59 46
44008.06398333334 44100.65648333335 59 33
44193.05915000001 44285.178066666675 59 46
44747.95631666667 44841.12406666667 59 34
44934.58206666667 45029.21931666667 59 46
45498.857233333336 45592.02498333334 59 31
47427.51439583336 48516.35958333335 59 34
834.6037500000001 957.3030833333333 60 45
2316.146333333333 2499.913833333333 60 45
3799.7912499999993 3953.071583333333 60 45
5279.976333333333 5464.782166666667 60 61
6775.456833333332 6960.451999999999 60 50
8262.14225 8415.89408333333 60 48
17227.11983333332 17349.72533333332 60 45
18710.863333333327 18833.468833333332 60 61
20193.733750000007 20378.066000000006 60 50
21682.823083333336 21869.35266666667 60 48
23179.398750000004 23302.85541666667 60 37
24675.467999999993 24835.519583333327 60 40
35952.429233333336 37483.704608333326 60 49
38310.459899999994 38496.02723333332 60 41
39806.50873333331 39992.55573333331 60 41
41299.645983333314 41392.048649999975 60 34
42792.4099 42885.48148333333 60 34
9286.052499999998 9472.00333333333 61 42
9841.899416666662 10027.084416666663 61 36
10212.842916666661 10358.45816666666 61 40
12276.081333333326 12463.289333333327 61 44
12835.865333333326 12991.920666666658 61 40
13212.047666666658 13357.660041666659 61 46
742.86075 926.6282500000001 62 52
2224.682833333333 2407.889333333333 62 52
2964.4164166666656 3554.2964166666657 62 77
3708.0482499999994 3830.3722499999994 62 52
5188.045666666667 5310.6511666666665 62 70
6683.149083333333 6836.995333333332 62 60
8170.117750000001 8292.817083333333 62 55
9749.591666666662 9934.491916666662 62 40
12742.697583333325 12898.170666666658 62 44
16391.15308333332 17043.352333333318 62 77
17135.376833333317 17257.70083333332 62 52
18619.12033333333 18741.44433333333 62 70
20101.990750000004 20285.758250000006 62 60
21590.03941666667 21713.78283333334 62 55
23086.90116666667 23271.991250000003 62 42
24579.926499999994 24739.365833333326 62 45
34424.74729583332 35968.20210833334 62 49
35952.429233333336 37483.704608333326 62 62
37467.931733333324 38233.299483333336 62 52
38217.8674 38372.18823333333 62 48
39713.629483333316 39899.38798333331 62 48
40554.28148333331 40648.227483333314 62 40
41207.243316666645 41299.645983333314 62 40
41858.67206666665 41952.91306666665 62 36
42046.957066666655 42140.80506666666 62 40
42699.53064999999 42792.4099 62 40
43353.35856666666 43447.40256666667 62 36
43541.44656666667 43635.19656666667 62 40
44100.65648333335 44193.05915000001 62 46
44285.178066666675 44377.29698333334 62 40
44841.12406666667 44934.58206666667 62 36
45029.21931666667 45123.65806666667 62 40
45592.02498333334 45684.90423333334 62 38
47475.841866666684 48516.35958333335 62 37
650.74125 780.322475 64 52
2132.9398333333334 2284.134108333333 64 52
3615.834916666666 3713.3999249999993 64 52
5096.208833333333 5199.513541666666 64 68
6590.556583333332 6688.533702083332 64 60
8077.904416666667 8181.6208125 64 53
9657.283916666662 9841.899416666662 64 46
12649.818333333325 12835.865333333326 64 50
17043.352333333318 17140.72850833332 64 52
18527.189666666658 18630.588208333327 64 68
20010.060083333337 20107.342425000006 64 60
21497.351333333336 21601.61347916667 64 53
22994.403583333336 23091.516554166672 64 42
24484.688499999997 24591.07300833333 64 42
25330.628733333342 28386.40173333333 64 46
28370.72773333333 29872.541004166655 64 58
29864.654566666653 34466.293358333314 64 53
38125.08373333334 38310.459899999994 64 49
39620.461733333315 39720.59542708331 64 49
41114.650816666646 41207.243316666645 64 40
42606.84256666666 42699.53064999999 64 40
9564.691416666661 9665.745460416663 66 46
10358.45816666666 10787.83596249999 66 55
12556.650583333327 12659.106258333326 66 49
13357.660041666659 13795.60591666666 66 49
35952.429233333336 37379.27923333332 66 74
3708.0482499999994 4323.44425 67 69
8912.121416666667 10420.22244166666 67 53
11899.608833333325 13416.17266666666 67 55
17135.376833333317 17782.401583333325 67 69
25350.236566666674 28386.40173333333 67 50
28370.72773333333 31401.232095833322 67 60
31394.06648333332 34466.293358333314 67 56
34450.52048333331 35968.20210833334 67 68
37361.54873333332 37483.704608333326 67 67
37467.931733333324 38978.99598333333 67 73
40648.227483333314 40741.977483333314 67 41
41021.77156666664 41114.650816666646 67 39
41577.712149999985 41671.07339999999 67 42
42140.80506666666 42234.45773333332 67 41
42514.05889999999 42606.84256666666 67 39
43072.10723333333 43165.66256666666 67 42
43635.19656666667 43728.7519 67 41
43822.113150000005 43915.18473333334 67 41
44377.29698333334 44469.60473333333 67 36
44562.19723333334 44654.9809 67 42
45123.65806666667 45217.80056666667 67 41
45311.746566666676 45405.399233333344 67 41
45684.90423333334 45808.64823333334 67 37
47523.15275833335 48516.35958333335 67 40
8912.121416666667 10420.22244166666 69 53
11899.608833333325 13416.17266666666 69 55
32905.643149999996 34364.60985833331 69 72
40741.977483333314 40835.43548333331 69 34
40928.69998333331 41021.77156666664 69 39
41484.73673333332 41577.712149999985 69 37
41671.07339999999 41764.72606666665 69 36
42234.45773333332 42327.91573333332 69 34
42421.08348333332 42514.05889999999 69 39
42978.64923333333 43072.10723333333 69 37
43165.66256666666 43259.41256666666 69 36
43728.7519 43822.113150000005 69 34
43915.18473333334 44008.06398333334 69 39
44469.60473333333 44562.19723333334 69 37
44654.9809 44747.95631666667 69 36
45217.80056666667 45311.746566666676 69 34
45405.399233333344 45498.857233333336 69 38
45777.592316666676 45902.39890000001 69 31
3708.0482499999994 4323.44425 71 77
4447.667916666666 5619.869416666667 71 73
7426.005166666666 8181.6208125 71 62
17135.376833333317 17782.401583333325 71 77
17875.859583333324 19049.138333333336 71 73
20843.913500000002 21601.61347916667 71 62
22340.957916666666 25397.289233333337 71 61
31295.165066666654 31401.232095833322 71 75
31394.06648333332 32921.66877499999 71 74
34347.42773333331 34424.74729583332 71 70
40835.43548333331 40928.69998333331 71 41
41392.048649999975 41484.73673333332 71 36
41764.72606666665 41858.67206666665 71 40
42327.91573333332 42421.08348333332 71 41
42885.48148333333 42978.64923333333 71 36
43259.41256666666 43353.35856666666 71 40
44008.06398333334 44100.65648333335 71 39
44747.95631666667 44841.12406666667 71 40
45498.857233333336 45592.02498333334 71 37
45871.05090000001 45997.03673333335 71 38
47570.02775833335 48516.35958333335 71 44
4354.500166666666 4453.1027020833335 72 66
13382.997854166659 13795.60591666666 72 56
15647.993666666658 16297.30508333332 72 58
16297.30508333332 16399.773783333323 72 55
17782.401583333325 17882.890833333324 72 66
25369.844400000005 28386.40173333333 72 51
28370.72773333333 29864.654566666653 72 75
29770.315066666655 29872.541004166655 72 81
29864.654566666653 31262.37814999999 72 78
41299.645983333314 41392.048649999975 72 40
42792.4099 42885.48148333333 72 40
8912.121416666667 10420.22244166666 73 61
11899.608833333325 13416.17266666666 73 55
4447.667916666666 5619.869416666667 74 82
5937.60075 7430.692666666667 74 74
10384.68191666666 10787.83596249999 74 60
16297.30508333332 16399.773783333323 74 66
17875.859583333324 19049.138333333336 74 82
19359.60308333333 20851.726000000002 74 74
41207.243316666645 41299.645983333314 74 46
42699.53064999999 42792.4099 74 46
45592.02498333334 45684.90423333334 74 42
45965.39115000001 46124.52773333334 74 31
25272.142566666673 25350.236566666674 75 72
4354.500166666666 4453.1027020833335 76 74
5841.13775 5943.85075 76 78
10306.01066666666 10384.68191666666 76 67
13306.984416666659 13382.997854166659 76 60
15647.993666666658 16297.30508333332 76 70
17782.401583333325 17882.890833333324 76 74
19266.145083333337 19365.853083333335 76 81
24579.926499999994 25275.726800000008 76 68
25389.452233333337 28386.40173333333 76 66
41114.650816666646 41207.243316666645 76 46
42606.84256666666 42699.53064999999 76 46
22340.957916666666 23091.516554166672 77 75
23086.90116666667 23799.753 77 70
23737.447666666663 24404.9011875 77 75
24393.503 24484.688499999997 77 64
24484.688499999997 24591.07300833333 77 62
8912.121416666667 10358.45816666666 78 77
11899.608833333325 13357.660041666659 78 69
7426.005166666666 8181.6208125 79 74
20843.913500000002 21601.61347916667 79 74
24439.095749999997 24579.926499999994 79 59
45684.90423333334 45808.64823333334 79 42
46060.62990000001 46188.73331666668 79 34
10410.90566666666 11169.328958333324 81 69
13408.335666666659 14172.558874999992 81 72
15555.780333333323 15657.96298749999 81 55
45777.592316666676 45902.39890000001 81 38
46156.57898333335 46285.82140000001 81 33
5937.60075 7430.692666666667 83 89
19359.60308333333 20851.726000000002 83 89
45871.05090000001 45997.03673333335 83 40
46253.35390000001 46383.86131666668 83 31
46449.7594 46977.88440000001 83 40
5841.13775 5943.85075 84 92
15555.780333333323 15657.96298749999 84 66
19266.145083333337 19365.853083333335 84 96
45965.39115000001 46124.52773333334 86 34
46351.07440000001 46460.17606666667 86 30
46060.62990000001 46188.73331666668 91 39
46156.57898333335 46285.82140000001 93 38
46253.35390000001 46383.86131666668 95 37
46449.7594 46977.88440000001 95 50
46351.07440000001 46460.17606666667 98 37
