43532.46387499998 43821.28658333331 42 51
49261.799000000035 49552.15900000003 43 66
18506.41958333335 18786.40108333335 44 48
19654.221916666676 19934.203416666674 44 48
20802.02425 21082.005749999997 44 48
40671.14487499996 40951.126374999956 44 48
41818.9472083333 42098.9287083333 44 48
42966.749541666635 43246.73104166664 44 48
48124.9375 48408.733000000015 44 67
5781.85391666667 6068.235750000004 46 48
27891.795583333307 28133.10116666664 46 48
45263.61849999998 45543.599999999984 46 55
46411.42083333332 46691.402333333324 46 55
47559.22316666666 47839.20466666666 46 56
63942.493583333475 64228.87541666681 46 48
73356.46066666684 73686.59454166685 46 51
6921.740375000003 7206.82504166667 48 48
8050.729125000002 8262.833916666668 48 48
21367.738583333325 21609.602416666665 48 50
29046.53429166664 29286.83929166665 48 48
30188.554333333315 30400.65912499998 48 48
49843.88700000003 50123.86850000003 48 66
50994.68000000003 51277.19250000004 48 60
52135.35129166672 52416.61879166671 48 55
53309.67529166671 53593.36387500005 48 45
54452.82608333339 54743.18608333339 48 45
55622.51870833341 55938.56970833341 48 35
56829.61679166677 57125.503791666764 48 38
65082.38004166681 65367.46470833346 48 48
66211.36879166677 66423.47358333344 48 48
74650.54833333353 74972.22983333356 48 42
75946.08008333363 76266.11408333364 48 40
15038.46375000001 15336.052083333348 49 51
37200.521541666676 37502.33858333334 49 51
48696.084666666684 48976.06616666669 50 66
16208.712166666686 16423.726875000015 51 48
17360.685250000017 17643.625416666684 51 55
18879.728250000015 19083.022416666678 51 36
19459.28058333334 19697.385731250008 51 35
20027.530583333337 20233.24441666667 51 35
20607.082916666666 20845.188064583333 51 36
21175.332916666663 21376.207416666657 51 34
38371.58012499999 38611.89112499999 51 48
39525.41054166663 39808.3507083333 51 55
41044.453541666626 41246.537874999965 51 36
41624.005874999966 41862.11102291663 51 35
42192.255874999966 42396.759874999974 51 35
42771.80820833331 43009.91335624997 51 36
43340.05820833331 43544.56220833331 51 34
1184.2385416666666 1480.7997916666664 52 39
10430.028083333344 10727.297583333346 52 37
19072.133916666677 19362.493916666677 52 53
20219.93625 20510.29625 52 50
23270.30633333332 23524.277374999983 52 39
32570.384541666648 32876.36637499998 52 39
41236.8592083333 41527.2192083333 52 53
42384.66154166664 42675.02154166664 52 50
59324.40804166679 59578.379083333464 52 39
68600.26133333347 68906.24316666681 52 48
77033.37958333365 77339.97544166697 52 30
2353.200666666666 2594.6187916666663 53 41
6350.760916666671 6608.364875000004 53 48
7487.976958333337 7766.735458333336 53 48
9223.07679166667 9524.282791666672 53 55
11606.292666666683 11848.382416666684 53 40
24451.069499999976 24692.487624999976 53 42
28467.106541666642 28729.192166666642 53 48
29619.545499999982 29902.057999999983 53 48
31360.901999999973 31610.617874999967 53 55
33765.469458333326 34007.559208333325 53 45
44677.85224999999 44919.71608333332 53 51
45636.927166666654 45840.22133333333 53 39
46216.479499999994 46454.58464791666 53 39
46784.72949999999 46985.60399999999 53 39
47364.28183333333 47602.38698124999 53 39
47932.53183333333 48133.21486875 53 44
48503.331500000015 48742.74825000002 53 45
49069.39333333336 49275.1071666667 53 47
49648.945666666696 49890.55058333337 53 42
51564.61266666672 51775.97829166672 53 59
53881.63937500006 54116.77641666672 53 42
55033.54608333339 55249.1078333334 53 38
56234.21895833341 56455.19737500009 53 35
60501.76750000013 60743.185625000144 53 45
64511.40058333347 64769.004541666785 53 48
65648.61662500013 65927.37512500011 53 48
67383.71645833344 67633.43233333345 53 51
69793.33500000014 70035.42475000014 53 48
74005.19708333354 74243.0651250002 53 44
76591.82958333363 76922.99208333364 53 39
77254.15458333364 77656.57291666698 53 39
78815.97175000035 79138.25216666702 53 36
81121.88920833368 88768.45255833371 53 27
44112.13791666664 44392.11941666665 54 58
45829.33283333333 46119.69283333333 54 55
46977.13516666666 47267.49516666666 54 56
3492.424458333334 3725.5373333333346 55 48
6162.8342500000035 6357.760454166671 55 36
6726.824166666669 6932.480225000004 55 35
8617.924541666667 8850.991041666666 55 49
12743.810083333348 12951.950833333347 55 48
17931.045583333347 18218.73258333335 55 50
21560.98316666666 21805.81091666666 55 38
25590.29329166664 25823.406166666635 55 48
28276.83708333331 28474.201429166642 55 36
28849.846749999975 29057.373479166643 55 36
30755.749749999977 30988.81624999997 55 49
34905.86787499999 35114.008624999995 55 48
40095.77087499998 40383.45787499997 55 50
54839.97275000006 55081.05650000006 55 30
56037.19870833341 56283.07095833341 55 29
61640.99129166682 61874.10416666682 55 48
64323.4739166668 64518.40012083346 55 37
64887.46383333346 65093.1198916668 55 37
66778.56420833344 67011.63070833345 55 49
70930.85241666684 71141.5939583335 55 48
73793.82170833352 74031.33404166688 55 39
74431.95916666686 74665.2920687502 55 36
76372.79208333364 76702.21708333364 55 33
2927.6339583333324 3207.615458333333 56 44
4624.594750000002 4919.059750000003 56 55
7300.995875000003 7580.896458333336 56 37
7859.654958333336 8098.239541666669 56 39
9823.08420833334 10073.30087500001 56 39
12183.120416666685 12460.641416666682 56 46
13864.913000000011 14170.708333333345 56 59
15628.703916666685 15869.461583333352 56 48
16782.42191666668 17070.108916666682 56 49
25025.502791666648 25305.484291666646 56 46
26725.783249999975 27029.00141666664 56 55
29429.92616666665 29713.716333333316 56 39
29996.228833333316 30236.064749999983 56 39
31957.67441666663 32183.831166666634 56 41
34342.29720833331 34622.69920833332 56 46
36026.97079166666 36332.766125 56 59
37792.34775000001 38032.08691666667 56 48
38947.147208333314 39234.834208333305 56 49
50427.3316666667 50683.89520833337 56 64
51371.36333333338 51658.368500000055 56 46
51941.842416666725 52229.107125000046 56 44
52727.58729166671 53017.94729166671 56 48
53687.96237500005 53905.83604166673 56 33
54258.99091666673 54549.61275000006 56 31
55420.313666666734 55741.31170833341 56 31
56628.9473750001 56875.23270416676 56 28
61076.20079166681 61356.18229166681 56 46
62776.481250000135 63079.699416666816 56 55
65461.635541666794 65741.53612500013 56 39
66020.29462500011 66258.87920833344 56 39
67980.48887500013 68207.26333333344 56 48
70370.16275000018 70647.68375000017 56 48
72072.08225000018 72405.17125000016 56 59
75299.62750000024 75620.95725000027 56 41
45066.61008333332 45306.78231458332 57 36
1768.811458333333 2015.5982083333326 58 39
9023.000500000004 9230.83996666667 58 45
11020.995750000013 11290.357750000012 58 39
15432.838750000015 15652.677833333351 58 39
16013.539000000019 16256.886333333352 58 38
21756.496416666665 22003.99966666666 58 34
23865.516458333313 24086.269541666643 58 40
31160.8257083333 31464.41099999997 58 45
33173.28170833332 33421.12433333332 58 39
37597.80391666667 37888.24341666667 58 39
38176.164333333334 38395.446458333325 58 36
43917.63491666664 44205.46508333331 58 35
44485.446583333316 44686.32108333332 58 45
50217.1956666667 50436.6236166667 58 47
52510.37462500005 52824.37395833337 58 38
59916.79195833346 60162.31495833347 58 40
67183.6401666668 67392.77349583343 58 45
69203.6111666668 69498.09883333348 58 48
78035.13316666697 78353.630416667 58 36
79670.60966666703 80007.87541666704 58 35
49455.37233333336 49745.73233333336 59 50
1578.954458333333 1793.1210833333328 60 27
2162.717541666666 2426.1295416666662 60 29
2737.161124999999 3020.961124999999 60 35
3300.942625 3515.5512083333338 60 36
5206.479916666672 5494.166916666671 60 50
7112.2265416666705 7394.751708333336 60 37
7673.815958333336 7952.574458333336 60 39
8425.443041666667 8645.436375000001 60 40
9623.60304166667 9848.214875000007 60 35
10825.452250000013 11119.15041666668 60 29
11411.905875000013 11703.531166666682 60 31
11991.903166666685 12275.627416666683 60 31
12553.148416666681 12836.317083333348 60 34
14458.128500000012 14749.418750000012 60 56
16589.697083333347 16878.317583333348 60 40
17166.00458333335 17455.283750000017 60 45
18693.073916666683 18973.055416666677 60 39
19840.87625000001 20120.857750000003 60 39
20988.67858333333 21268.660083333325 60 39
23671.74654166665 23939.48820833331 60 30
24255.985083333308 24523.998374999974 60 30
24835.02995833331 25118.829958333314 60 34
25398.811458333308 25613.42004166664 60 36
27316.421583333304 27604.108583333305 60 50
29238.891458333313 29524.946999999982 60 39
29807.88716666665 30090.39966666665 60 39
30563.26824999998 30780.51039999998 60 40
31758.317999999967 32032.69691666663 60 35
32977.35604166665 33272.84370833332 60 28
33568.018333333326 33862.70795833333 60 30
34151.07995833332 34365.42395833331 60 29
34715.20620833332 34998.37487499999 60 34
36620.18629166668 36911.47654166668 60 56
38754.42237499998 39043.04287499998 60 40
39330.72987499997 39620.00904166663 60 45
40857.799208333294 41137.780708333295 60 39
42005.60154166663 42285.583041666636 60 39
43153.40387499997 43433.38537499997 60 39
48314.13450000001 48597.93000000002 60 50
48882.73900000002 49162.720500000025 60 53
50801.71566666669 51088.85083333337 60 44
53114.733958333374 53333.21800000004 60 31
57026.87479166676 57322.76179166677 60 30
59725.84825000014 60015.42095833347 60 31
60307.83383333347 60574.69637500014 60 31
60885.727958333475 61169.52795833348 60 34
61449.50945833348 61664.11804166682 60 36
63367.11958333349 63654.806583333484 60 50
65272.86620833347 65555.39137500012 60 39
65834.45562500012 66113.2141250001 60 39
66586.08270833343 66801.94926666676 60 40
67781.13245833345 68005.61954166679 60 37
69007.23283333347 69302.2401666668 60 31
69595.33733333349 69890.57350000014 60 34
70178.94550000015 70462.66975000018 60 34
70740.19075000017 71024.60825000016 60 35
72719.58525000015 73032.85579166682 60 53
75079.45700000023 75324.75978958358 60 35
75728.18441666695 76052.75808333363 60 34
77783.1552500003 78052.42876458364 60 31
79382.29245833372 79694.5067270837 60 28
81237.02583333368 88768.45255833371 60 33
4056.6884166666678 4344.916416666668 61 49
5973.214916666671 6257.005083333338 61 37
6537.736750000003 6750.579375000004 61 37
10225.16212500001 10529.590083333345 61 30
13305.50554166668 13561.40237500001 61 51
17737.796250000018 18026.941250000014 61 39
18314.628250000016 18549.583397916685 61 38
19265.70725000001 19556.067250000007 61 39
20413.509583333333 20703.869583333333 61 39
26154.557249999976 26442.785249999975 61 49
28084.926999999974 28348.43608333331 61 36
28657.27041666664 28874.043416666645 61 36
32362.319291666638 32672.885541666645 61 30
35467.563333333324 35723.460166666664 61 51
39902.52154166664 40191.666541666644 61 39
40479.353541666635 40714.30868958329 61 38
41430.43254166663 41720.79254166663 61 39
42578.23487499997 42868.59487499997 61 39
45450.272833333314 45730.25433333332 61 45
46598.075166666655 46878.05666666666 61 46
47745.877499999995 48025.859 61 47
51183.021666666704 51465.534166666715 61 51
51752.43558333338 51965.59762500005 61 49
53498.76537500004 53782.560875000054 61 38
54069.69100000005 54306.72358333339 61 33
55224.91116666673 55444.97091666674 61 35
56430.54012500009 56728.9773750001 61 30
62205.25525000014 62493.483250000136 61 49
64133.85458333347 64417.64475000014 61 37
64698.37641666679 64911.219041666795 61 37
68388.79912500014 68702.76233333348 61 34
71501.98854166683 71787.1537083335 61 51
73579.36737500018 73901.0488750002 61 42
74216.39562500021 74459.1833750002 61 36
76812.60458333364 77143.76708333365 61 33
78549.28729166702 78903.62417500034 61 26
80279.80820833369 81237.02583333368 61 28
13114.049125000014 13400.526375000012 63 42
13675.424666666679 13982.366666666678 63 45
14264.879166666677 14507.205833333344 63 48
14845.767083333345 15142.478750000011 63 45
16400.077250000017 16684.717916666683 63 39
16974.213250000015 17261.900250000017 63 44
17549.45458333335 17831.96708333335 63 45
18122.83691666668 18410.523916666683 63 40
21953.504833333325 22286.37391666666 63 47
35276.106916666664 35562.58416666666 63 42
35837.482458333325 36144.42445833333 63 45
36426.93695833334 36669.263625000014 63 48
37007.82487500001 37311.731541666675 63 45
38564.15845833332 38849.443208333316 63 39
39138.93854166664 39426.62554166663 63 44
39714.179874999965 39996.69237499998 63 45
40287.56220833331 40575.2492083333 63 40
43724.93824999998 44013.983249999976 63 39
44298.79224999998 44578.77374999998 63 49
44871.096833333315 45115.92458333332 63 39
46022.90616666666 46313.26616666666 63 46
47170.70849999999 47461.068499999994 63 46
71880.48087500017 72185.37070000017 63 45
76159.43608333362 76479.47008333364 63 33
3864.914166666668 4160.703416666668 64 36
4437.022916666668 4730.718083333335 64 39
8050.729125000002 8192.624208333335 64 60
8239.502125 8518.362541666667 64 39
8826.100541666665 9047.310125000005 64 44
25962.78299999997 26258.572249999976 64 36
26534.891749999973 26840.659749999977 64 39
30188.554333333315 30330.449416666648 64 60
30377.327333333316 30656.18774999998 64 39
30963.925749999973 31185.135333333303 64 44
50030.54133333337 50310.52283333337 64 53
52322.86295833338 52604.13045833338 64 45
54646.399416666725 54936.759416666726 64 34
55839.94070833341 56135.82770833342 64 34
57224.132791666765 57432.72879166678 64 26
62013.481000000145 62309.27025000014 64 36
62585.58975000014 62891.35775000014 64 39
66211.36879166677 66353.2638750001 64 60
66400.14179166679 66679.00220833343 64 39
66986.74020833346 67207.94979166679 64 44
71307.15250000014 71599.22704166683 64 42
5013.230583333338 5302.375583333338 65 44
5590.062583333337 5822.609575000003 65 40
7952.574458333336 8098.239541666669 65 46
9425.20429166667 9723.165041666673 65 42
10023.039541666676 10301.65375000001 65 35
15239.26541666668 15529.625416666684 65 42
15821.287416666684 16062.15825000002 65 38
18314.628250000016 18506.41958333335 65 57
19459.28058333334 19654.221916666676 65 49
20607.082916666666 20802.02425 65 51
27123.172249999974 27412.31724999997 65 44
27700.004249999973 27915.769499999973 65 40
30090.39966666665 30236.064749999983 65 46
31561.76587499997 31807.857249999965 65 42
32158.58374999996 32387.944541666642 65 35
37406.87325000001 37693.26925 65 42
37984.139083333335 38224.78358333334 65 36
40479.353541666635 40671.14487499996 65 57
41624.005874999966 41818.9472083333 65 49
42771.80820833331 42966.749541666635 65 51
50613.578333333375 50849.014916666696 65 52
51846.92716666672 51965.59762500005 65 62
52921.16062500004 53211.52062500004 65 38
54164.07566666672 54306.72358333339 65 45
55322.153083333396 55444.97091666674 65 45
56529.50625000009 56728.9773750001 65 45
63173.87025000015 63463.01525000016 65 44
63750.70225000015 63983.2492416668 65 40
66113.2141250001 66258.87920833344 65 46
67584.58033333345 67830.67170833345 65 44
68181.76612500013 68415.06516666681 65 38
72510.47875000015 72771.48475000015 65 48
73138.18879166682 73372.40454791683 65 45
74865.00266666689 75186.6841666669 65 35
75513.7300833336 75835.41158333363 65 35
77254.15458333364 77529.99058333364 65 60
78815.97175000035 79035.97833333368 65 55
81352.1624583337 88768.45255833371 65 40
1382.1707916666664 1673.552958333333 67 31
1966.2837083333327 2257.7383749999995 67 33
7394.751708333336 7580.896458333336 67 50
7766.735458333336 7952.574458333336 67 46
8145.538791666669 8262.833916666668 67 55
10628.668583333345 10920.473083333347 67 33
11217.079750000014 11436.102541666682 67 34
16494.676250000015 16684.717916666683 67 56
18410.523916666683 18549.583397916685 67 52
18786.40108333335 18973.055416666677 67 49
19556.067250000007 19697.385731250008 67 55
19934.203416666674 20120.857750000003 67 49
20703.869583333333 20845.188064583333 67 51
21082.005749999997 21268.660083333325 67 48
23474.962874999987 23767.211874999983 67 31
24061.843541666643 24326.933958333306 67 35
29524.946999999982 29713.716333333316 67 50
29902.057999999983 30090.39966666665 67 46
30283.363999999983 30400.65912499998 67 55
32774.874374999985 33073.251708333315 67 31
33371.80983333332 33639.283958333326 67 34
38659.40154166665 38849.443208333316 67 56
40575.2492083333 40714.30868958329 67 52
40951.126374999956 41137.780708333295 67 49
41720.79254166663 41862.11102291663 67 55
42098.9287083333 42285.583041666636 67 49
42868.59487499997 43009.91335624997 67 51
43246.73104166664 43433.38537499997 67 48
45066.61008333332 45263.61849999998 67 57
46216.479499999994 46411.42083333332 67 56
47364.28183333333 47559.22316666666 67 56
51752.43558333338 51870.576791666725 67 64
51941.842416666725 52135.35129166672 67 59
52135.35129166672 52322.86295833338 67 74
54069.69100000005 54187.72529166672 67 48
54258.99091666673 54452.82608333339 67 42
54452.82608333339 54646.399416666725 67 56
55224.91116666673 55346.5790833334 67 48
55420.313666666734 55622.51870833341 67 42
55622.51870833341 55839.94070833341 67 50
56430.54012500009 56554.275875000094 67 48
56628.9473750001 56804.3693750001 67 42
56829.61679166677 57026.87479166676 67 53
59529.064583333464 59820.86908333347 67 33
60113.46295833346 60380.095083333465 67 33
65555.39137500012 65741.53612500013 67 50
65927.37512500011 66113.2141250001 67 46
66306.17845833344 66423.47358333344 67 55
68804.7511666668 69103.58116666682 67 37
69400.39483333348 69667.2590833335 67 37
74431.95916666686 74568.94154166686 67 53
78289.11425000032 78582.18204166701 67 27
79969.7074583337 80436.05820833369 67 31
2546.6709583333327 2831.3319583333323 68 37
3114.2882916666663 3394.2697916666675 68 38
4824.8889166666695 5107.401416666671 68 45
5398.271250000004 5685.958250000003 68 40
7487.976958333337 7673.815958333336 68 56
7673.815958333336 7859.654958333336 68 48
7859.654958333336 8050.729125000002 68 55
11800.208250000016 12063.168791666685 68 35
12368.134416666682 12645.655416666681 68 38
14076.537500000011 14359.05000000001 68 48
14653.070416666678 14942.115416666677 68 45
16589.697083333347 16782.42191666668 68 57
18506.41958333335 18693.073916666683 68 60
18693.073916666683 18879.728250000015 68 51
18879.728250000015 19072.133916666677 68 51
19654.221916666676 19840.87625000001 68 60
19840.87625000001 20027.530583333337 68 49
20027.530583333337 20219.93625 68 51
20802.02425 20988.67858333333 68 60
20988.67858333333 21175.332916666663 68 50
21175.332916666663 21367.738583333325 68 51
24644.53979166664 24929.200791666644 68 37
25212.15712499998 25492.138624999974 68 38
26934.830583333307 27217.343083333308 68 45
27508.21291666664 27795.89991666664 68 40
29619.545499999982 29807.88716666665 68 57
29807.88716666665 29996.228833333316 68 48
29996.228833333316 30188.554333333315 68 55
33959.38504166666 34222.345583333314 68 36
34530.19220833331 34807.71320833333 68 38
36238.595291666665 36521.10779166667 68 48
36815.12820833335 37104.17320833334 68 45
38754.42237499998 38947.147208333314 68 57
40671.14487499996 40857.799208333294 68 60
40857.799208333294 41044.453541666626 68 51
41044.453541666626 41236.8592083333 68 51
41818.9472083333 42005.60154166663 68 60
42005.60154166663 42192.255874999966 68 49
42192.255874999966 42384.66154166664 68 51
42966.749541666635 43153.40387499997 68 60
43153.40387499997 43340.05820833331 68 50
43340.05820833331 43532.46387499998 68 51
51658.368500000055 51775.97829166672 68 68
52037.19662500005 52229.107125000046 68 58
53975.83141666672 54116.77641666672 68 49
54354.67141666672 54549.61275000006 68 40
55128.78916666673 55249.1078333334 68 49
55519.52154166674 55741.31170833341 68 40
56332.148291666745 56455.19737500009 68 49
56728.9773750001 56875.23270416676 68 40
60695.23779166681 60979.89879166681 68 37
61262.85512500014 61542.83662500015 68 38
62985.52858333348 63268.04108333348 68 45
63558.91091666682 63846.59791666681 68 40
65648.61662500013 65834.45562500012 68 57
65834.45562500012 66020.29462500011 68 48
66020.29462500011 66211.36879166677 68 55
69987.25058333346 70250.21112500016 68 39
70555.17675000017 70832.69775000017 68 39
72299.86375000016 72615.78625000015 68 48
72928.05595833348 73164.85829166682 68 45
75079.45700000023 75299.62750000024 68 56
76812.60458333364 77033.37958333365 68 46
77529.99058333364 77909.73758333364 68 35
79104.00558333368 79417.75345833371 68 28
81467.2990833337 88768.45255833371 68 40
18973.055416666677 19083.022416666678 69 53
20120.857750000003 20233.24441666667 69 55
41137.780708333295 41246.537874999965 69 53
42285.583041666636 42396.759874999974 69 55
45165.46383333332 45306.78231458332 69 52
45543.599999999984 45730.25433333332 69 55
46313.26616666666 46454.58464791666 69 62
46691.402333333324 46878.05666666666 69 56
47461.068499999994 47602.38698124999 69 63
47839.20466666666 48025.859 69 58
49648.945666666696 49843.88700000003 69 62
3678.8737500000007 3911.792083333334 70 39
4252.809916666668 4529.129416666668 70 44
7580.896458333336 7766.735458333336 70 49
8239.502125 8425.443041666667 70 56
12928.824083333348 13137.380916666682 70 39
13492.632875000012 13720.870916666678 70 46
16400.077250000017 16589.697083333347 70 52
16684.717916666683 16878.317583333348 70 57
18122.83691666668 18314.628250000016 70 53
18599.74675000002 18786.40108333335 70 51
19072.133916666677 19265.70725000001 70 60
19265.70725000001 19459.28058333334 70 52
19747.549083333342 19934.203416666674 70 55
20219.93625 20413.509583333333 70 60
20413.509583333333 20607.082916666666 70 55
20895.35141666667 21082.005749999997 70 55
21268.660083333325 21376.207416666657 70 55
25776.742583333307 26009.66091666664 70 39
26350.678749999974 26626.998249999975 70 44
29713.716333333316 29902.057999999983 70 49
30377.327333333316 30563.26824999998 70 56
35090.88187499999 35299.43870833333 70 39
35654.69066666666 35882.928708333326 70 46
38564.15845833332 38754.42237499998 70 52
38849.443208333316 39043.04287499998 70 57
40287.56220833331 40479.353541666635 70 53
40764.472041666624 40951.126374999956 70 51
41236.8592083333 41430.43254166663 70 60
41430.43254166663 41624.005874999966 70 52
41912.27437499996 42098.9287083333 70 55
42384.66154166664 42578.23487499997 70 60
42578.23487499997 42771.80820833331 70 55
43060.0767083333 43246.73104166664 70 55
43433.38537499997 43544.56220833331 70 55
45263.61849999998 45450.272833333314 70 68
45450.272833333314 45636.927166666654 70 57
45636.927166666654 45829.33283333333 70 57
46411.42083333332 46598.075166666655 70 68
46598.075166666655 46784.72949999999 70 58
46784.72949999999 46977.13516666666 70 58
47559.22316666666 47745.877499999995 70 69
47745.877499999995 47932.53183333333 70 60
47932.53183333333 48124.9375 70 62
51564.61266666672 51681.80745833338 70 75
53881.63937500006 54046.148291666716 70 55
55033.54608333339 55176.73700000006 70 52
56234.21895833341 56381.22562500009 70 51
61827.44058333348 62060.35891666682 70 39
62401.37675000014 62677.69625000014 70 44
65741.53612500013 65927.37512500011 70 49
66400.14179166679 66586.08270833343 70 56
71118.36408333351 71331.23958333349 70 39
71693.39787500017 71950.17050000017 70 46
74323.62416666686 74459.1833750002 70 52
75186.6841666669 75324.75978958358 70 55
76159.43608333362 76372.79208333364 70 50
76591.82958333363 76812.60458333364 70 59
76922.99208333364 77143.76708333365 70 49
78418.56550000035 78582.18204166701 70 39
80123.55820833369 80436.05820833369 70 40
1382.1707916666664 1578.954458333333 71 46
1966.2837083333327 2138.291541666666 71 49
2546.6709583333327 2689.861874999999 71 48
3114.2882916666663 3300.942625 71 50
6822.178375000003 6932.480225000004 71 51
7206.82504166667 7394.751708333336 71 48
10628.668583333345 10825.452250000013 71 44
11217.079750000014 11411.905875000013 71 46
11800.208250000016 11920.304166666683 71 46
12368.134416666682 12553.148416666681 71 49
21658.454416666664 21768.825041666663 71 49
22260.370166666657 22391.179916666657 71 44
23474.962874999987 23622.43204166665 71 45
24061.843541666643 24255.985083333308 71 48
24644.53979166664 24787.730708333314 71 47
25212.15712499998 25398.811458333308 71 50
28946.972291666643 29057.373479166643 71 51
29334.571958333316 29524.946999999982 71 48
32774.874374999985 32977.35604166665 71 44
33371.80983333332 33494.74033333333 71 46
33959.38504166666 34079.48095833332 71 46
34530.19220833331 34715.20620833332 71 49
43821.28658333331 43929.67845833331 71 55
45730.25433333332 45840.22133333333 71 60
46878.05666666666 46985.60399999999 71 61
49745.73233333336 49890.55058333337 71 68
50123.86850000003 50310.52283333337 71 64
52416.61879166671 52604.13045833338 71 53
57125.503791666764 57322.76179166677 71 42
57712.55612500011 57859.91262500011 71 47
58314.47187500012 58445.28162500011 71 49
59529.064583333464 59676.53375000014 71 41
60113.46295833346 60235.24383333347 71 48
60695.23779166681 60838.42870833347 71 47
61262.85512500014 61449.50945833348 71 50
64982.818041666804 65093.1198916668 71 51
65367.46470833346 65555.39137500012 71 48
68804.7511666668 69007.23283333347 71 49
69400.39483333348 69595.33733333349 71 50
69987.25058333346 70107.34650000015 71 49
70555.17675000017 70740.19075000017 71 50
74865.00266666689 75079.45700000023 71 52
858.5324999999999 1283.3170416666667 72 51
1184.2385416666666 1332.8562916666665 72 55
1480.7997916666664 1673.552958333333 72 46
1768.811458333333 1916.9692083333327 72 53
2064.675541666666 2257.7383749999995 72 49
2353.200666666666 2474.5228749999997 72 57
2642.3514583333326 2831.3319583333323 72 49
2927.6339583333324 3114.2882916666663 72 58
3207.615458333333 3394.2697916666675 72 50
6257.005083333338 6357.760454166671 72 50
6632.014500000004 6750.579375000004 72 51
6921.740375000003 7112.2265416666705 72 58
7112.2265416666705 7300.995875000003 72 48
7300.995875000003 7464.747083333336 72 55
10430.028083333344 10628.668583333345 72 53
10727.297583333346 10920.473083333347 72 44
11020.995750000013 11168.227750000015 72 55
11314.667375000014 11436.102541666682 72 46
11606.292666666683 11776.121166666684 72 57
11896.330250000017 12063.168791666685 72 47
12183.120416666685 12368.134416666682 72 58
12460.641416666682 12645.655416666681 72 49
16208.712166666686 16352.566833333349 72 60
16782.42191666668 16974.213250000015 72 60
17931.045583333347 18122.83691666668 72 64
18218.73258333335 18410.523916666683 72 53
19168.920583333344 19362.493916666677 72 52
19362.493916666677 19556.067250000007 72 51
20316.722916666666 20510.29625 72 55
20510.29625 20703.869583333333 72 51
21367.738583333325 21488.39316666666 72 60
21560.98316666666 21682.880416666663 72 50
21756.496416666665 21953.504833333325 72 52
21953.504833333325 22105.740083333323 72 57
22156.99058333332 22286.37391666666 72 51
22364.91387499999 22523.848083333323 72 46
22577.46166666666 22712.74212499999 72 48
22794.988458333322 22933.576541666655 72 39
23021.038624999986 23178.98883333332 72 36
23270.30633333332 23400.991124999986 72 53
23573.354708333314 23767.211874999983 72 45
23865.516458333313 23988.565541666645 72 55
24159.19841666664 24326.933958333306 72 48
24451.069499999976 24572.39170833331 72 57
24740.220291666647 24929.200791666644 72 49
25025.502791666648 25212.15712499998 72 58
25305.484291666646 25492.138624999974 72 50
28372.19129166664 28474.201429166642 72 50
28753.279249999978 28874.043416666645 72 51
29046.53429166664 29166.969708333312 72 58
29238.891458333313 29406.170958333318 72 48
29429.92616666665 29619.545499999982 72 55
32570.384541666648 32774.874374999985 72 53
32876.36637499998 33073.251708333315 72 44
33173.28170833332 33347.15258333332 72 55
33470.20166666665 33639.283958333326 72 46
33765.469458333326 33935.29795833333 72 57
34055.50704166666 34222.345583333314 72 47
34342.29720833331 34530.19220833331 72 53
34622.69920833332 34807.71320833333 72 49
38371.58012499999 38516.210624999985 72 60
38947.147208333314 39138.93854166664 72 63
40095.77087499998 40287.56220833331 72 62
40383.45787499997 40575.2492083333 72 53
41333.645874999966 41527.2192083333 72 52
41527.2192083333 41720.79254166663 72 51
42481.448208333306 42675.02154166664 72 55
42675.02154166664 42868.59487499997 72 51
43532.46387499998 43724.93824999998 72 67
43724.93824999998 43917.63491666664 72 55
43917.63491666664 44112.13791666664 72 62
44677.85224999999 44798.50683333332 72 62
44871.096833333315 44992.99408333332 72 60
45356.945666666645 45543.599999999984 72 57
45829.33283333333 46022.90616666666 72 68
46022.90616666666 46216.479499999994 72 60
46504.747999999985 46691.402333333324 72 58
46977.13516666666 47170.70849999999 72 69
47170.70849999999 47364.28183333333 72 60
47652.550333333325 47839.20466666666 72 60
48025.859 48133.21486875 72 64
49843.88700000003 50030.54133333337 72 78
50030.54133333337 50217.1956666667 72 68
50217.1956666667 50427.3316666667 72 67
51465.534166666715 51658.368500000055 72 68
52322.86295833338 52510.37462500005 72 57
52510.37462500005 52727.58729166671 72 56
53782.560875000054 53905.83604166673 72 49
54936.759416666726 55081.05650000006 72 49
56135.82770833342 56283.07095833341 72 49
57026.87479166676 57224.132791666765 72 45
57224.132791666765 57421.84029166678 72 46
57421.84029166678 57542.49487500011 72 53
57615.08487500012 57736.98212500011 72 47
57810.59812500011 58007.606541666784 72 51
58007.606541666784 58159.841791666775 72 59
58211.09229166678 58340.475625000116 72 56
58419.01558333345 58577.94979166678 72 49
58631.563375000114 58766.84383333345 72 51
58849.090166666785 58987.67825000012 72 42
59075.14033333346 59233.09054166679 72 38
59324.40804166679 59455.09283333347 72 48
59627.456416666806 59820.86908333347 72 40
59916.79195833346 60089.03695833347 72 55
60210.93420833347 60380.095083333465 72 48
60501.76750000013 60623.08970833347 72 57
60790.918291666814 60979.89879166681 72 49
61076.20079166681 61262.85512500014 72 58
61356.18229166681 61542.83662500015 72 50
64417.64475000014 64518.40012083346 72 50
64792.65416666679 64911.219041666795 72 51
65082.38004166681 65272.86620833347 72 60
65272.86620833347 65461.635541666794 72 48
65461.635541666794 65625.38675000014 72 55
68600.26133333347 68804.7511666668 72 60
68906.24316666681 69103.58116666682 72 49
69203.6111666668 69400.39483333348 72 60
69498.09883333348 69667.2590833335 72 50
69793.33500000014 69963.16350000014 72 60
70083.37258333348 70250.21112500016 72 49
70370.16275000018 70555.17675000017 72 57
70647.68375000017 70832.69775000017 72 50
74650.54833333353 74865.00266666689 72 60
74972.22983333356 75186.6841666669 72 55
75299.62750000024 75513.7300833336 72 59
75513.7300833336 75728.18441666695 72 53
75946.08008333363 76159.43608333362 72 60
76266.11408333364 76479.47008333364 72 51
76702.21708333364 76922.99208333364 72 46
77143.76708333365 77339.97544166697 72 47
78289.11425000032 78451.03304166702 72 41
78549.28729166702 78715.07387500034 72 37
79969.7074583337 80279.80820833369 72 39
80279.80820833369 80592.30820833369 72 40
80807.42370833369 81237.02583333368 72 44
81582.43570833371 83469.0172083337 72 55
82794.55670833371 84238.4452083337 72 44
83469.0172083337 87316.15720833371 72 41
84238.4452083337 88768.45255833371 72 40
1283.3170416666667 1480.7997916666664 73 46
1673.552958333333 1793.1210833333328 73 46
1867.429958333333 2015.5982083333326 73 49
2450.326208333333 2594.6187916666663 73 52
2831.3319583333323 3020.961124999999 73 49
3020.961124999999 3207.615458333333 73 50
6350.760916666671 6467.419875000003 73 60
6537.736750000003 6679.313750000003 73 51
6726.824166666669 6921.740375000003 73 55
7017.205708333337 7206.82504166667 73 52
8332.52354166667 8518.362541666667 73 58
10327.27900000001 10529.590083333345 73 45
10529.590083333345 10727.297583333346 73 44
10920.473083333347 11119.15041666668 73 45
11119.15041666668 11290.357750000012 73 46
11703.531166666682 11848.382416666684 73 46
12086.818416666685 12275.627416666683 73 47
12275.627416666683 12460.641416666682 73 48
16111.122916666687 16256.886333333352 73 52
16304.834166666684 16423.726875000015 73 55
16878.317583333348 17070.108916666682 73 58
17831.96708333335 18026.941250000014 73 60
18026.941250000014 18218.73258333335 73 56
21464.306083333326 21573.137979166662 73 55
21855.35016666666 22003.99966666666 73 49
22054.74566666666 22208.489166666655 73 52
22470.509083333323 22631.352583333326 73 46
22685.517916666657 22822.500291666653 73 42
22905.474041666654 23051.430083333318 73 37
23146.11570833332 23374.854166666653 73 33
23374.854166666653 23524.277374999983 73 45
23767.211874999983 23939.48820833331 73 46
23964.02687499998 24086.269541666643 73 48
24548.19504166664 24692.487624999976 73 51
24929.200791666644 25118.829958333314 73 49
25118.829958333314 25305.484291666646 73 49
28467.106541666642 28585.671416666642 73 56
28657.27041666664 28801.45341666664 73 51
28849.846749999975 29046.53429166664 73 55
29142.882624999977 29286.83929166665 73 52
30470.34874999998 30656.18774999998 73 58
32465.320374999978 32672.885541666645 73 45
32672.885541666645 32876.36637499998 73 44
33073.251708333315 33272.84370833332 73 45
33272.84370833332 33421.12433333332 73 46
33862.70795833333 34007.559208333325 73 46
34245.99520833331 34365.42395833331 73 47
34437.68520833331 34622.69920833332 73 48
38273.74825 38395.446458333325 73 52
38468.03645833332 38611.89112499999 73 55
39043.04287499998 39234.834208333305 73 58
39996.69237499998 40191.666541666644 73 60
40191.666541666644 40383.45787499997 73 56
43628.58991666665 43736.98179166664 73 61
44013.983249999976 44205.46508333331 73 55
44578.77374999998 44686.32108333332 73 61
44774.41974999999 44883.25164583332 73 61
44968.56808333332 45078.93870833332 73 58
45926.11949999999 46119.69283333333 73 60
46119.69283333333 46313.26616666666 73 58
47073.92183333333 47267.49516666666 73 60
47267.49516666666 47461.068499999994 73 58
48408.733000000015 48597.93000000002 73 67
49937.2141666667 50123.86850000003 73 69
51371.36333333338 51564.61266666672 73 68
52229.107125000046 52416.61879166671 73 58
53687.96237500005 53881.63937500006 73 49
54839.97275000006 55033.54608333339 73 49
56037.19870833341 56185.36695833342 73 49
56928.24579166676 57125.503791666764 73 49
57322.76179166677 57432.72879166678 73 49
57518.40779166678 57663.70412500011 73 49
57909.451875000115 58058.101375000115 73 49
58108.84737500011 58262.59087500011 73 56
58524.61079166678 58685.45429166678 73 50
58739.61962500011 58876.60200000012 73 46
58959.57575000012 59105.53179166679 73 39
59200.21741666679 59428.95587500013 73 35
59428.95587500013 59578.379083333464 73 41
59820.86908333347 60015.42095833347 73 46
60015.42095833347 60162.31495833347 73 48
60598.89304166681 60743.185625000144 73 51
60979.89879166681 61169.52795833348 73 49
61169.52795833348 61356.18229166681 73 49
64511.40058333347 64628.059541666786 73 60
64698.37641666679 64839.95341666679 73 51
64887.46383333346 65082.38004166681 73 55
65177.845375000135 65367.46470833346 73 52
66493.16320833344 66679.00220833343 73 58
68494.66466666681 68702.76233333348 73 50
68702.76233333348 68906.24316666681 73 49
69103.58116666682 69302.2401666668 73 49
69302.2401666668 69498.09883333348 73 50
69890.57350000014 70035.42475000014 73 49
70273.86075000017 70462.66975000018 73 49
70462.66975000018 70647.68375000017 73 50
74216.39562500021 74350.5696250002 73 52
74541.42970833353 74665.2920687502 73 52
74757.7755000002 74972.22983333356 73 55
75406.50291666693 75620.95725000027 73 55
75620.95725000027 75835.41158333363 73 55
76052.75808333363 76266.11408333364 73 50
76479.47008333364 76702.21708333364 73 53
77033.37958333365 77254.15458333364 73 51
78161.31741666698 78353.630416667 73 44
78681.74054166701 78903.62417500034 73 35
79818.76187500036 80007.87541666704 73 41
80592.30820833369 81121.88920833368 73 46
13021.130833333347 13137.380916666682 74 57
35183.188625 35299.43870833333 74 57
48124.9375 48314.13450000001 74 74
48314.13450000001 48503.331500000015 74 67
48503.331500000015 48696.084666666684 74 64
49261.799000000035 49455.37233333336 74 78
49455.37233333336 49648.945666666696 74 67
1578.954458333333 1744.501833333333 75 50
2737.161124999999 2927.6339583333324 75 52
3771.7908333333344 3911.792083333334 75 56
6444.088083333337 6608.364875000004 75 51
10825.452250000013 11020.995750000013 75 49
11991.903166666685 12183.120416666685 75 52
12743.810083333348 12928.824083333348 75 60
12928.824083333348 13044.257583333347 75 56
13114.049125000014 13305.50554166668 75 60
16974.213250000015 17166.00458333335 75 60
17643.625416666684 17831.96708333335 75 58
23671.74654166665 23791.078208333314 75 49
24835.02995833331 25025.502791666648 75 52
25869.659666666634 26009.66091666664 75 56
28561.916208333307 28729.192166666642 75 51
32977.35604166665 33173.28170833332 75 49
34151.07995833332 34342.29720833331 75 52
34905.86787499999 35090.88187499999 75 60
35090.88187499999 35206.315375000006 75 56
35276.106916666664 35467.563333333324 75 60
39138.93854166664 39330.72987499997 75 60
39808.3507083333 39996.69237499998 75 58
44112.13791666664 44298.79224999998 75 64
44298.79224999998 44485.446583333316 75 61
44485.446583333316 44677.85224999999 75 61
48219.53600000001 48408.733000000015 75 64
48597.93000000002 48742.74825000002 75 73
49162.720500000025 49275.1071666667 75 69
49358.585666666695 49552.15900000003 75 67
49552.15900000003 49745.73233333336 75 64
51277.19250000004 51465.534166666715 75 62
53593.36387500005 53782.560875000054 75 46
59725.84825000014 59892.13470833346 75 49
60885.727958333475 61076.20079166681 75 52
61920.357666666816 62060.35891666682 75 56
64604.72775000012 64769.004541666785 75 51
69007.23283333347 69203.6111666668 75 55
70178.94550000015 70370.16275000018 75 55
71211.90741666683 71331.23958333349 75 57
75835.41158333363 76052.75808333363 75 52
76372.79208333364 76591.82958333363 75 57
78035.13316666697 78225.011666667 75 52
79670.60966666703 79893.94987500037 75 42
80436.05820833369 80807.42370833369 75 50
3492.424458333334 3678.8737500000007 76 60
3678.8737500000007 3818.2505833333344 76 55
3864.914166666668 4056.6884166666678 76 57
5685.958250000003 5822.609575000003 76 52
6068.235750000004 6257.005083333338 76 52
8425.443041666667 8617.924541666667 76 60
9823.08420833334 9997.908875000008 76 61
10123.795708333344 10301.65375000001 76 48
15529.625416666684 15652.677833333351 76 57
15917.194250000019 16062.15825000002 76 52
25590.29329166664 25776.742583333307 76 60
25776.742583333307 25916.119416666636 76 55
25962.78299999997 26154.557249999976 76 57
27795.89991666664 27915.769499999973 76 52
28181.048999999974 28348.43608333331 76 52
30563.26824999998 30755.749749999977 76 60
31957.67441666663 32108.08891666663 76 61
32260.074374999967 32387.944541666642 76 48
37693.26925 37888.24341666667 76 57
38079.81958333333 38224.78358333334 76 52
50896.52533333337 51088.85083333337 76 70
53211.52062500004 53333.21800000004 76 50
54743.18608333339 54936.759416666726 76 46
55938.56970833341 56135.82770833342 76 46
61640.99129166682 61827.44058333348 76 60
61827.44058333348 61966.81741666681 76 55
62013.481000000145 62205.25525000014 76 57
63846.59791666681 63983.2492416668 76 52
64228.87541666681 64417.64475000014 76 52
66586.08270833343 66778.56420833344 76 60
67980.48887500013 68105.77270833345 76 64
68284.5151250001 68415.06516666681 76 52
70930.85241666684 71118.36408333351 76 60
71118.36408333351 71235.55704166682 76 56
71307.15250000014 71501.98854166683 76 60
3394.2697916666675 3515.5512083333338 77 49
3585.5465833333337 3725.5373333333346 77 53
5781.85391666667 5973.214916666671 77 60
5973.214916666671 6162.8342500000035 77 51
6162.8342500000035 6350.760916666671 77 55
9723.165041666673 9848.214875000007 77 53
10023.039541666676 10149.04312500001 77 48
10225.16212500001 10378.52950000001 77 48
12645.655416666681 12836.317083333348 77 50
12836.317083333348 12951.950833333347 77 53
15628.703916666685 15821.287416666684 77 61
15821.287416666684 15941.168166666685 77 52
16013.539000000019 16135.661583333353 77 53
17070.108916666682 17261.900250000017 77 61
17549.45458333335 17737.796250000018 77 58
17737.796250000018 17931.045583333347 77 61
25492.138624999974 25613.42004166664 77 49
25683.41541666664 25823.406166666635 77 53
27891.795583333307 28036.75283333331 77 59
28084.926999999974 28252.970749999975 77 51
28276.83708333331 28443.45691666664 77 55
31857.638249999964 32032.69691666663 77 53
32158.58374999996 32311.068791666636 77 48
32362.319291666638 32570.384541666648 77 48
34807.71320833333 34998.37487499999 77 50
34998.37487499999 35114.008624999995 77 53
37792.34775000001 37984.139083333335 77 61
37984.139083333335 38103.79349999999 77 52
38176.164333333334 38298.28691666667 77 53
39234.834208333305 39426.62554166663 77 61
39714.179874999965 39902.52154166664 77 58
39902.52154166664 40095.77087499998 77 61
44205.46508333331 44392.11941666665 77 61
44392.11941666665 44578.77374999998 77 66
48696.084666666684 48882.73900000002 77 81
48882.73900000002 49069.39333333336 77 68
49069.39333333336 49261.799000000035 77 67
50994.68000000003 51183.021666666704 77 73
51183.021666666704 51371.36333333338 77 69
53309.67529166671 53498.76537500004 77 56
53498.76537500004 53687.96237500005 77 49
54646.399416666725 54839.97275000006 77 49
55839.94070833341 56037.19870833341 77 49
61542.83662500015 61664.11804166682 77 49
61734.11341666681 61874.10416666682 77 53
63942.493583333475 64133.85458333347 77 60
64133.85458333347 64323.4739166668 77 51
64323.4739166668 64511.40058333347 77 55
67880.45270833345 68005.61954166679 77 57
68181.76612500013 68310.39237500013 77 51
68388.79912500014 68600.26133333347 77 52
70832.69775000017 71024.60825000016 77 51
71024.60825000016 71141.5939583335 77 53
74110.26529166687 74243.0651250002 77 52
75728.18441666695 75946.08008333363 77 58
77909.73758333364 78052.42876458364 77 49
79525.15325000037 79694.5067270837 77 48
2162.717541666666 2329.0039999999995 78 51
11411.905875000013 11606.292666666683 78 51
24255.985083333308 24426.29987499997 78 51
33568.018333333326 33765.469458333326 78 51
60307.83383333347 60476.99787500014 78 51
69595.33733333349 69793.33500000014 78 55
2257.7383749999995 2426.1295416666662 79 48
3958.9844166666676 4160.703416666668 79 60
5107.401416666671 5302.375583333338 79 60
5494.166916666671 5685.958250000003 79 56
5877.749583333337 6068.235750000004 79 51
8518.362541666667 8645.436375000001 79 61
9119.56779166667 9230.83996666667 79 62
9524.282791666672 9723.165041666673 79 63
9922.886375000007 10073.30087500001 79 49
11506.730666666683 11703.531166666682 79 46
13207.80154166668 13400.526375000012 79 62
14942.115416666677 15142.478750000011 79 60
15336.052083333348 15529.625416666684 79 56
15724.939083333351 15869.461583333352 79 52
17166.00458333335 17360.685250000017 79 61
17360.685250000017 17549.45458333335 79 68
24350.90787499997 24523.998374999974 79 48
26056.853249999975 26258.572249999976 79 60
27217.343083333308 27412.31724999997 79 60
27604.108583333305 27795.89991666664 79 56
27988.359499999977 28133.10116666664 79 51
30656.18774999998 30780.51039999998 79 61
31257.39299999997 31464.41099999997 79 62
31659.6952083333 31807.857249999965 79 63
32057.8275833333 32183.831166666634 79 49
33663.48062499999 33862.70795833333 79 46
35369.85933333333 35562.58416666666 79 62
37104.17320833334 37311.731541666675 79 60
37502.33858333334 37693.26925 79 56
37888.24341666667 38032.08691666667 79 52
39330.72987499997 39525.41054166663 79 61
39525.41054166663 39714.179874999965 79 68
48789.41183333335 48976.06616666669 79 69
48976.06616666669 49162.720500000025 79 64
50310.52283333337 50436.6236166667 79 69
50707.4379166667 50849.014916666696 79 66
51088.85083333337 51277.19250000004 79 69
52604.13045833338 52824.37395833337 79 58
53017.94729166671 53211.52062500004 79 48
53404.16687500004 53593.36387500005 79 49
54549.61275000006 54743.18608333339 79 48
55741.31170833341 55938.56970833341 79 48
60404.069000000134 60574.69637500014 79 48
62107.55125000014 62309.27025000014 79 60
63268.04108333348 63463.01525000016 79 60
63654.806583333484 63846.59791666681 79 56
64038.38925000014 64228.87541666681 79 51
66679.00220833343 66801.94926666676 79 61
67280.20745833345 67383.71645833344 79 62
67682.50966666678 67830.67170833345 79 66
68080.6420416668 68207.26333333344 79 52
69691.34616666682 69890.57350000014 79 49
71404.28454166683 71599.22704166683 79 62
73579.36737500018 73793.82170833352 79 56
74005.19708333354 74136.66445833354 79 57
77783.1552500003 77941.38316666697 79 50
79382.29245833372 79597.61700000036 79 49
3300.942625 3492.424458333334 80 53
5206.479916666672 5398.271250000004 80 62
5398.271250000004 5590.062583333337 80 56
5590.062583333337 5781.85391666667 80 57
9023.000500000004 9223.07679166667 80 61
9425.20429166667 9573.822041666672 80 63
9623.60304166667 9772.946041666673 80 59
12553.148416666681 12743.810083333348 80 53
15038.46375000001 15239.26541666668 80 70
15239.26541666668 15432.838750000015 80 56
15432.838750000015 15628.703916666685 80 58
17261.900250000017 17455.283750000017 80 61
17455.283750000017 17643.625416666684 80 58
25398.811458333308 25590.29329166664 80 53
27316.421583333304 27508.21291666664 80 63
27508.21291666664 27700.004249999973 80 56
27700.004249999973 27891.795583333307 80 57
31160.8257083333 31360.901999999973 80 61
31561.76587499997 31684.233874999965 80 63
31758.317999999967 31882.528749999965 80 59
34715.20620833332 34905.86787499999 80 53
37200.521541666676 37335.27425000001 80 66
37406.87325000001 37597.80391666667 80 56
37597.80391666667 37792.34775000001 80 58
39426.62554166663 39620.00904166663 80 61
39620.00904166663 39808.3507083333 80 58
50427.3316666667 50613.578333333375 80 75
50613.578333333375 50778.066041666694 80 69
50801.71566666669 50994.68000000003 80 63
52727.58729166671 52921.16062500004 80 59
52921.16062500004 53114.733958333374 80 49
53114.733958333374 53309.67529166671 80 47
61449.50945833348 61640.99129166682 80 53
63367.11958333349 63558.91091666682 80 64
63558.91091666682 63750.70225000015 80 56
63750.70225000015 63942.493583333475 80 57
67183.6401666668 67280.20745833345 80 61
67584.58033333345 67707.04833333344 80 64
67781.13245833345 67905.34320833345 80 61
70740.19075000017 70930.85241666684 80 55
73472.41616666684 73686.59454166685 80 56
77656.57291666698 77909.73758333364 80 51
79241.93987500036 79417.75345833371 80 50
4344.916416666668 4529.129416666668 81 63
13584.227166666677 13720.870916666678 81 66
26442.785249999975 26626.998249999975 81 63
35746.28495833333 35882.928708333326 81 66
62493.483250000136 62677.69625000014 81 63
71787.1537083335 71950.17050000017 81 66
73356.46066666684 73498.94700000017 81 61
4056.6884166666678 4252.809916666668 82 64
4252.809916666668 4437.022916666668 82 61
4437.022916666668 4624.594750000002 82 62
5302.375583333338 5494.166916666671 82 56
8617.924541666667 8750.954874999998 82 67
8925.187541666668 9047.310125000005 82 62
9223.07679166667 9350.89541666667 82 68
13305.50554166668 13492.632875000012 82 70
13492.632875000012 13652.701541666678 82 64
13675.424666666679 13864.913000000011 82 64
15142.478750000011 15336.052083333348 82 56
26154.557249999976 26350.678749999974 82 68
26350.678749999974 26534.891749999973 82 61
26534.891749999973 26725.783249999975 82 62
27412.31724999997 27604.108583333305 82 56
30755.749749999977 30888.78008333331 82 70
31063.01274999997 31185.135333333303 82 62
31360.901999999973 31537.33987499997 82 70
35467.563333333324 35654.69066666666 82 70
35654.69066666666 35814.75933333333 82 64
35837.482458333325 36026.97079166666 82 64
37311.731541666675 37502.33858333334 82 56
50520.251166666705 50683.89520833337 82 69
52824.37395833337 53017.94729166671 82 49
62205.25525000014 62401.37675000014 82 68
62401.37675000014 62585.58975000014 82 61
62585.58975000014 62776.481250000135 82 62
63463.01525000016 63654.806583333484 82 56
66778.56420833344 66886.34712500012 82 70
67085.82720833346 67183.6401666668 82 62
67383.71645833344 67560.15433333344 82 69
71501.98854166683 71693.39787500017 82 70
71693.39787500017 71880.48087500017 82 64
71880.48087500017 72072.08225000018 82 64
73245.9719583335 73372.40454791683 82 60
73901.0488750002 74031.33404166688 82 56
77529.99058333364 77783.1552500003 82 52
79104.00558333368 79311.8699583337 82 51
4919.059750000003 5107.401416666671 83 61
14359.05000000001 14507.205833333344 83 64
14749.418750000012 14942.115416666677 83 61
27029.00141666664 27217.343083333308 83 61
36521.10779166667 36669.263625000014 83 64
36911.47654166668 37104.17320833334 83 61
63079.699416666816 63268.04108333348 83 61
73138.18879166682 73273.33920833349 83 61
4160.703416666668 4344.916416666668 84 60
4624.594750000002 4824.8889166666695 84 70
4824.8889166666695 5013.230583333338 84 61
5013.230583333338 5206.479916666672 84 62
8826.100541666665 8974.264875000003 84 61
9326.58579166667 9524.282791666672 84 67
13400.526375000012 13561.40237500001 84 62
14458.128500000012 14604.677083333345 84 68
14653.070416666678 14845.767083333345 84 61
14845.767083333345 15038.46375000001 84 61
26258.572249999976 26442.785249999975 84 60
26725.783249999975 26934.830583333307 84 70
26934.830583333307 27123.172249999974 84 61
27123.172249999974 27316.421583333304 84 62
30963.925749999973 31112.090083333303 84 61
31464.41099999997 31610.617874999967 84 67
35562.58416666666 35723.460166666664 84 62
36620.18629166668 36766.73487500001 84 69
36815.12820833335 37007.82487500001 84 61
37007.82487500001 37200.521541666676 84 61
62309.27025000014 62493.483250000136 84 60
62776.481250000135 62985.52858333348 84 72
62985.52858333348 63173.87025000015 84 61
63173.87025000015 63367.11958333349 84 62
66986.74020833346 67085.82720833346 84 61
67487.22545833344 67633.43233333345 84 67
71599.22704166683 71787.1537083335 84 62
72072.08225000018 72299.86375000016 84 77
73032.85579166682 73164.85829166682 84 61
77403.40825000031 77656.57291666698 84 53
78968.41075000034 79138.25216666702 84 51
4529.129416666668 4730.718083333335 85 66
4730.718083333335 4919.059750000003 85 61
8725.707458333332 8850.991041666666 85 60
14556.057833333345 14749.418750000012 85 61
26626.998249999975 26840.659749999977 85 66
26840.659749999977 27029.00141666664 85 61
30863.532666666644 30988.81624999997 85 60
36718.11562500001 36911.47654166668 85 61
62677.69625000014 62891.35775000014 85 66
62891.35775000014 63079.699416666816 85 61
66886.34712500012 66986.74020833346 85 60
71973.29725000018 72185.37070000017 85 66
72928.05595833348 73058.99275000015 85 61
73793.82170833352 73979.06012500021 85 57
14170.708333333345 14359.05000000001 86 70
36332.766125 36521.10779166667 86 70
72823.63325000016 73032.85579166682 86 61
13864.913000000011 14076.537500000011 87 82
14076.537500000011 14264.879166666677 87 70
14264.879166666677 14458.128500000012 87 66
36026.97079166666 36238.595291666665 87 82
36238.595291666665 36426.93695833334 87 70
36426.93695833334 36620.18629166668 87 66
72719.58525000015 72901.85600000015 87 69
72615.78625000015 72771.48475000015 88 64
13766.128000000012 13982.366666666678 89 66
13982.366666666678 14170.708333333345 89 70
35928.185791666656 36144.42445833333 89 66
36144.42445833333 36332.766125 89 70
72510.47875000015 72719.58525000015 89 67
73686.59454166685 73901.0488750002 89 59
72405.17125000016 72615.78625000015 90 70
72299.86375000016 72510.47875000015 91 67
72194.55625000017 72405.17125000016 92 68
