143585.91356666674 143943.56735833338 32 58
147351.1703166666 147707.14435833326 32 64
220393.5593166665 221038.72081666652 32 58
224409.12803333317 225083.28553333314 32 58
151045.46131666657 151403.11510833327 33 82
154721.15764999995 155281.90514999998 34 80
158295.1229 158855.87039999999 35 79
14889.615125000011 15319.83462500001 37 30
29761.16645833334 30225.658708333336 37 38
31655.40695833334 32298.66170833334 37 28
93090.39857500013 93476.31507500014 37 27
104412.79103333341 105404.2914500001 37 28
119638.04927500017 120246.34427500017 37 28
167577.97806666658 167947.76552916662 37 76
178669.90573333332 179100.12523333333 37 52
186086.34669166664 186469.2226083333 37 27
228654.33897499964 229040.2554749996 37 64
243463.8346833331 243849.75118333308 37 27
258438.29097499952 259127.78747499952 37 27
260427.6414333329 260814.44484999956 37 26
262524.2803916662 263217.92189166625 37 26
264549.81639166625 265034.33951666625 37 25
266608.0442249996 267323.1812249996 37 24
268708.37609999947 269114.4213499995 37 24
270846.0958083327 271582.47280833276 37 23
272975.58684999944 273437.7070166661 37 22
275128.99818333285 275865.37518333277 37 22
277272.9017666662 277861.20309999964 37 22
279509.27968333283 280227.5090583328 37 22
282208.30105833296 282812.64989166625 37 22
285436.9879749996 289568.01497499953 37 17
48245.198249999965 48883.496249999975 39 38
55651.33904166663 56161.977441666626 39 38
136241.45869166683 136810.60769166684 39 65
205502.62685833304 206140.92485833305 39 35
132495.89977500009 132959.81715000008 40 40
39089.193499999994 39704.98299999999 41 33
216593.2094833331 217218.2094833331 41 58
218124.33198333313 218510.45375833314 41 52
211088.1537749998 211526.6152749998 42 65
218465.24098333312 219103.53898333316 42 64
220057.1048166665 220433.88191041653 42 56
27864.662041666677 28325.421041666676 44 30
63050.52020833331 63663.339458333314 44 54
66846.25341666666 67458.58654166665 44 44
74330.2231166667 74942.5562416667 44 44
75853.11849166671 76220.09126458337 44 22
89225.55136666677 89848.23211666677 44 31
91079.24761666678 91724.4091166668 44 28
117662.59273333345 118123.35173333346 44 27
128807.26623333339 129419.6296083334 44 34
138055.1129416668 138685.6969416668 44 50
139895.93519166682 140321.4671916668 44 63
141731.0614416668 142361.6454416668 44 50
145510.08606666664 145986.03094166663 44 65
165619.202525 166036.96569166667 44 66
212915.0338166664 213545.6178166664 44 52
214436.70706666642 214797.93528124978 44 44
222322.99982499986 222982.34032499985 44 64
226387.46078333308 227069.27878333305 44 64
228168.46153333303 228690.85583958295 44 56
260099.08022499958 260479.54266458287 44 22
262164.65439166623 262579.1936770829 44 22
264218.69064166624 264599.48525416624 44 21
266214.7562249996 266661.6794999996 44 21
268330.7325999995 268757.9214312495 44 20
270486.46980833274 270904.39232083276 44 20
272627.76880833274 273027.29908749944 44 19
274760.80968333286 275184.22645833285 44 19
276921.96093333286 277389.04576666624 44 18
279093.52397499955 279582.2510583328 44 18
281758.12105833297 282508.42105833295 44 18
284727.7808916662 285534.2222124996 44 18
289568.01497499953 301790.8444749995 44 16
26059.693041666684 26679.016041666684 45 38
61236.86595833332 62790.04699999998 45 64
62739.54195833331 63095.25705416664 45 48
64902.28445833331 66882.57438749999 45 67
72440.971 73048.0125 45 49
85499.53450000007 86122.21525000007 45 31
87370.00975000007 87977.05125000008 45 28
115857.62373333344 116476.94673333345 45 34
130655.93177500003 131294.22977500004 45 40
134400.63644166678 135031.22044166678 45 50
149190.60919166656 149821.19319166656 45 76
24154.08154166668 24532.86935416668 46 31
33570.75270833335 34209.05070833334 46 38
35410.72070833334 35998.95620833334 46 33
37246.192708333336 37865.51570833333 46 38
40952.21949999998 41590.51749999997 46 38
42792.18749999998 43233.36412499997 46 33
44627.65949999997 45246.98249999997 46 38
46423.785999999964 46997.961749999966 46 34
53774.496208333294 54193.64520833329 46 40
113872.56886666676 114232.94399166676 46 28
152857.43377499992 153343.82827499995 46 84
203585.46985833315 204004.61885833312 46 45
214755.85606666643 215352.88581666647 46 57
216267.1224833331 216627.06364999976 46 49
79924.94070000004 80531.98220000003 47 28
81780.48231666672 82403.16306666672 47 31
83650.95756666672 84257.99906666673 47 28
156431.39902499996 156917.793525 47 71
22295.355125000016 22678.231041666684 48 30
70570.49575 71193.1765 48 44
78054.46545000003 78677.14620000003 48 31
91724.4091166668 92103.91778333347 48 24
112013.84245000007 112396.71836666674 48 27
160005.36427499997 161549.93914999996 48 70
1882.5070833333332 2305.846833333333 49 30
3771.3654583333328 4157.281958333332 49 30
5608.045249999999 6226.60175 49 30
7518.345875000001 7903.147208333334 49 30
9356.26029166667 9962.32079166667 49 31
11198.090708333339 11817.41370833334 49 34
13005.532708333341 13630.268458333341 49 30
16714.15012500001 17291.07312500001 49 30
18516.05337500001 18895.39608333334 49 30
20379.251125000013 20954.35708333335 49 30
68693.12279166667 69097.817125 49 31
70231.22066666666 70611.9230625 49 28
76177.09249166671 76581.78682500003 49 28
77715.19036666669 78095.89276250004 49 24
90755.27361666677 91122.25838333345 49 24
94927.07836666676 95545.63486666678 49 27
96854.1483250001 97257.8890750001 49 27
98711.00215833345 99317.06265833345 49 28
100608.16549166679 101227.48849166681 49 30
102415.60749166677 103047.46649166678 49 27
106348.37045000009 106960.61545000008 49 27
108198.86111666674 109143.69136666672 49 28
110062.05886666673 110659.5542833334 49 27
121493.6532750002 121930.85044166686 49 28
123369.16431666682 123742.9395666668 49 29
126949.6014000001 127564.40902500012 49 31
161869.08815 163152.55190416667 49 66
169414.6578583333 170033.21435833332 49 56
171298.63648333334 171683.43781666664 49 52
173136.55089999997 173742.6114 49 54
174978.38131666667 175597.70431666667 49 59
176785.8233166667 177410.5590666667 49 52
180494.44073333335 181088.50023333338 49 52
182307.04494166674 182686.38765000005 49 28
184170.24269166662 184593.83352499997 49 27
187957.78139166665 188335.5750333333 49 28
189922.05488333327 190333.25704999987 49 33
191854.04009166648 192255.11221666654 49 28
217218.2094833331 217818.20948333314 49 51
217818.20948333314 218465.24098333312 49 51
219103.53898333316 219566.14373333316 49 52
230527.32226666628 231145.8787666663 49 30
232374.39509999965 232992.95159999965 49 30
234221.467933333 236114.93250416635 49 30
236068.54076666635 239806.50085208306 49 28
239762.68643333303 240381.24293333307 49 27
241569.36193333307 242024.96872499975 49 27
245336.81797499975 245800.7353499997 49 27
247183.89080833303 247647.80818333302 49 27
249030.96364166634 249494.8810166663 49 27
250878.03647499965 255210.48014166625 49 27
256447.59314166624 256814.92939166623 49 27
259127.78747499952 259775.31597499957 49 22
261098.28064166624 261505.34147499962 49 22
267323.1812249996 267822.3124749995 49 20
269407.18397499947 269884.7622249995 49 20
275865.37518333277 276569.7656833328 49 18
277981.2222666663 278652.13884999964 49 18
280407.5810583329 280992.8150583329 49 18
283122.4031416662 283687.1895999995 49 18
293040.2374749995 309490.16327291616 49 16
125179.58344166678 125551.01200416678 50 23
163113.663025 164403.9612 50 66
193970.0658416666 194389.7205499999 50 29
196006.9354166665 196681.4499416665 50 28
27576.20054166668 27907.59132708334 51 23
29430.565541666678 29802.45465833334 51 30
50085.16624999997 50477.32324999997 51 39
51920.63824999997 52539.96124999997 51 39
57491.30704166662 57955.22441666662 51 33
59396.0437083333 59871.98858333331 51 44
61857.035374999985 62446.31983333332 51 42
63663.339458333314 64290.03945833331 51 47
64596.16195833331 64943.10079166665 51 46
65524.19645833331 65892.61754166664 51 51
66501.39549999998 66882.57438749999 51 51
67458.58654166665 68065.62804166666 51 30
68369.14879166667 68738.65090416666 51 25
73048.0125 73528.57650000001 51 38
74003.64520000004 74372.1319291667 51 33
74942.5562416667 75549.5977416667 51 30
87977.05125000008 88584.09275000008 51 24
88898.97345000009 89266.97867916677 51 24
89848.23211666677 90455.27361666677 51 24
92731.06990833348 93149.38735625012 51 24
117374.13123333346 117708.04727083346 51 21
119254.53209166684 119664.93100416684 51 27
137744.13469166684 138091.22404375015 51 48
139576.78619166682 139943.80754166684 51 39
141428.0311916668 141764.3947666668 51 48
147035.3808166666 147393.27558333328 51 51
148871.46019166656 149221.16473958324 51 59
150726.31231666656 151090.6740916666 51 57
152543.7690666666 152893.54487708324 51 63
154402.00864999995 154758.54081666662 51 52
156140.13677499996 156481.39901249995 51 56
157975.97389999998 158334.84251458332 51 52
159714.102025 160049.8087083333 51 56
161549.93914999996 161902.42147499998 51 52
164356.592775 165827.53585833334 51 66
197982.1649416665 198613.74394166647 51 35
199839.9109416665 200303.82831666648 51 35
201744.6476083332 202375.23160833318 51 44
207342.59485833306 207806.51223333305 51 35
209247.33152499975 209877.91552499976 51 44
212575.01989999975 212953.92269583308 51 48
219728.01848333317 220112.66035833317 51 55
221038.72081666652 221459.77348333318 51 51
221983.8332666665 222652.67007499986 51 52
222982.34032499985 223423.7321583332 51 52
224011.43365833318 224746.20678333315 51 56
225083.28553333314 225674.6835749998 51 51
226047.74094999977 226435.75622499973 51 52
227069.27878333305 227701.46253333305 51 52
239429.35318333303 239806.50085208306 51 23
241272.33218333308 241613.91639583308 51 22
243130.5014333331 243497.5425583331 51 22
254238.84889166625 254622.71406666626 51 22
256138.31489166626 256499.67647499955 51 22
258076.05747499957 258490.00321249952 51 22
263217.92189166625 263887.56489166623 51 21
265198.02351666626 265642.03818333294 51 21
271582.47280833276 272279.33680833277 51 20
273672.5038499995 274149.90268333285 51 19
84257.99906666673 85021.50102500006 52 24
85178.29927500007 85535.4381708334 52 24
86122.21525000007 86577.49637500006 52 24
87046.03575000005 87410.47918333339 52 24
123991.4644416668 124585.52394166679 52 26
124882.55369166679 125224.58344166678 52 26
125765.29769166678 126289.10715000013 52 25
126632.37644166678 126991.2680562501 52 28
127564.40902500012 128009.95365000011 52 29
128488.67715000009 128844.10834166672 52 29
129419.6296083334 129876.2364833334 52 28
130341.23877500005 130687.84667500004 52 34
131294.22977500004 131888.28927500008 52 32
132176.75077500008 132537.13687500008 52 32
134075.96119166678 134436.74754375013 52 35
135922.3096916668 136289.33104166682 52 39
143266.76456666674 143628.4667666667 52 39
145137.65389999998 145546.19716875 52 48
237582.28034999967 237959.4280187497 52 24
252391.77605833294 252766.34640833293 52 22
1573.2288333333333 1990.0339999999999 53 26
3433.345791666666 3883.725041666666 53 25
5311.015499999999 5917.3234999999995 53 26
7180.7695 7575.164041666668 53 26
9053.230041666668 9659.290541666669 53 27
10870.107541666672 11507.75220833334 53 30
12708.502958333342 13314.81095833334 53 27
14559.014208333343 14922.582150000011 53 24
31327.609708333337 31701.84490208334 53 27
33246.07745833335 33597.34845833334 53 25
35091.571708333344 35452.387389583346 53 26
36921.51745833334 37279.73937083334 53 27
38774.489208333325 39133.93034583333 53 26
42473.03849999997 42833.854181249975 53 26
44302.98424999997 44668.94769999997 53 27
46138.07174999997 46466.64313749997 53 26
47920.522999999965 48274.45357499997 53 32
51595.96299999997 51967.08747499997 53 30
55312.229708333296 55699.21139166663 53 37
59071.368458333294 59437.710364583305 53 27
82403.16306666672 82858.44419166673 53 24
83326.9835666667 84257.99906666673 53 24
94630.04861666677 95236.35661666677 53 22
96489.93186666677 96929.90590833343 53 22
98407.97190833343 99014.03240833346 53 23
100269.05615833345 100917.8269916668 53 27
102118.57774166678 102724.88574166679 53 23
104044.93765833342 104451.94765625008 53 22
121174.17902500018 121523.87304791686 53 24
169117.6281083333 169723.9361083333 53 47
170961.06010833333 171355.45464999997 53 44
172833.52064999996 173439.58114999998 53 46
174650.39815 175288.04281666665 53 52
176488.7935666667 177095.1015666667 53 46
178339.30481666667 178700.12550624998 53 42
180197.41098333336 180791.47048333337 53 44
181987.18794166672 182340.37826666672 53 32
183864.12019166665 184385.29652499998 53 22
185753.59644166665 186144.68001041663 53 22
187642.48429166665 187998.32194166665 53 21
189574.38163333328 189944.64525833324 53 30
191537.6184666665 191879.17975416651 53 28
193574.5129666666 194031.04146666662 53 28
195653.79592499987 196046.40909166652 53 21
197633.3276916665 198019.00704999984 53 30
201419.97235833318 201783.53648749986 53 31
205155.67077499971 205537.20133333304 53 42
208922.65627499975 209286.22040416644 53 31
213545.6178166664 214139.67731666644 53 44
215352.88581666647 215952.88581666647 53 48
230193.98901666628 230565.9820479163 53 26
235735.20751666636 236114.93250416635 53 25
245003.48472499973 245378.05507499975 53 22
250544.70322499963 250924.42821249962 53 22
259775.31597499957 260314.9230583329 53 22
261804.3893499996 262524.2803916662 53 22
267987.8753499995 268708.37609999947 53 20
270126.2047666661 270846.0958083327 53 20
276569.7656833328 277156.7577666662 53 18
278712.8184749996 279160.20843333285 53 18
281307.941058333 281803.139058333 53 18
284130.15651666623 284793.91846666625 53 18
16417.12037500001 17002.611625000012 54 26
20073.128625000012 20701.831875000014 54 26
21962.60487500002 22342.577335416685 54 25
23851.05129166668 24197.010827083348 54 23
25712.019791666684 26090.659191666684 54 34
49766.01724999997 50126.83293124997 54 29
53455.347208333296 53822.36855833329 54 29
57172.158041666626 57645.946166666625 54 26
60917.716958333316 61282.07873333332 54 34
62446.31983333332 62790.04699999998 54 46
64290.03945833331 64902.28445833331 54 46
66165.55112499998 66615.03183333331 54 51
68065.62804166666 68693.12279166667 54 27
69300.16429166668 69696.51795833334 54 27
71193.1765 71648.45762500001 54 32
72116.997 72486.4991125 54 43
73688.76450000002 74035.68280000004 54 35
75549.5977416667 76177.09249166671 54 23
76784.1339916667 77180.48765833337 54 23
78677.14620000003 79132.42732500004 54 24
79600.96670000003 79970.46881250002 54 24
80531.98220000003 81139.02370000003 54 24
81453.90440000006 81821.90962916672 54 24
88584.09275000008 88931.01105000009 54 24
90455.27361666677 91079.24761666678 54 24
92384.20661666681 92789.89345000015 54 24
106032.58095000009 106654.49295000009 54 22
107879.00411666675 108240.52777291673 54 22
109755.93636666673 110399.13761666673 54 22
111677.99807500007 112063.84243750008 54 22
113569.53861666674 113915.49815208341 54 21
115492.17149166677 115891.17039583344 54 30
146130.26169166662 146575.80631666663 54 51
147955.65923333325 148565.33769166656 54 51
149821.19319166656 150266.73781666657 54 56
151650.63989999992 152244.69939999995 54 58
153496.88952499995 153942.43414999993 54 52
155281.90514999998 155610.3303583333 54 56
157070.85477499999 157516.3994 54 52
158855.87039999999 159184.2956083333 54 56
160644.82002499996 161090.36464999997 54 52
162508.54390000002 162954.088525 54 52
163753.118775 164198.66340000002 54 52
164988.171775 165409.22444166665 54 52
167224.84760833325 167620.1129104166 54 47
199520.7619416665 199883.7253604165 54 28
203266.32085833317 203630.68263333314 54 34
207023.44585833309 207383.83195833306 54 28
210769.00477499978 211129.01915416645 54 34
211675.25473333313 212061.77331666645 54 42
225726.22994999978 226158.8520333331 54 51
227765.56511666637 228238.8840749997 54 55
233888.134683333 234270.43698958302 54 26
238534.1700999997 239128.2295999997 54 23
240381.24293333307 240975.30243333307 54 22
242179.60784999977 242650.0138916664 54 22
248697.63039166635 249072.20074166634 54 22
253343.6658083329 253937.7253083329 54 22
255210.48014166625 255829.0366416663 54 22
257074.30572499955 257505.0851416662 54 22
263887.56489166623 264549.81639166625 54 21
265868.59605833294 266608.0442249996 54 21
272279.33680833277 272918.1288083328 54 19
274392.62118333287 275128.99818333285 54 19
30380.489458333337 30844.981708333336 55 28
232041.06184999965 232423.36415624965 55 26
236687.09726666633 237281.15676666636 55 24
246850.557558333 247232.859864583 55 22
251496.5929749996 252090.6524749996 55 22
663.9505833333333 1263.9505833333333 56 26
2510.980416666666 3066.535874999999 56 26
4419.926249999999 5013.985749999999 56 26
6226.60175 6864.8997500000005 56 26
8161.964291666667 8750.199791666666 56 28
9962.32079166667 10562.32079166667 56 27
11817.41370833334 12411.47320833334 56 28
13630.268458333341 14242.513458333344 56 26
28483.149791666678 28956.336041666676 56 26
32298.66170833334 32929.57670833334 56 23
67155.06579166664 67762.10729166665 56 32
67762.10729166665 68369.14879166667 56 28
71816.997 72440.971 56 42
74639.03549166668 75246.07699166669 56 32
75246.07699166669 75853.11849166671 56 28
83026.98356666672 83650.95756666672 56 24
84866.86190000006 85283.56244166673 56 24
91401.82836666678 91777.8051166668 56 24
92048.9727416668 92441.02478333347 56 24
93738.9593666668 94333.01886666678 56 22
95545.63486666678 96174.06211666677 56 22
97516.70615833343 98104.94165833342 56 24
99317.06265833345 99896.01007500011 56 23
101227.48849166681 101821.5479916668 56 25
103047.46649166678 103536.63549166678 56 22
118281.08048333347 118711.18815000015 56 22
120246.34427500017 120864.90077500018 56 24
122141.38844166684 122694.0364833335 56 24
123048.20156666682 123402.49764166682 56 25
126336.72619166678 126683.39685833344 56 27
133114.45627500006 133557.4402750001 56 35
138685.6969416668 139279.75644166683 56 39
140532.06210833346 140938.7211500001 56 42
142361.6454416668 142807.19006666678 56 39
144192.08223333338 144546.65860833335 56 42
165303.96127499998 165827.53585833334 56 55
166247.49202499999 166672.46410833328 56 51
168226.53885833328 168820.59835833329 56 48
170033.21435833332 170651.77085833333 56 44
171942.25489999997 172530.49039999995 56 48
173742.6114 174342.61140000002 56 46
175597.70431666667 176191.76381666667 56 49
177410.5590666667 178022.8040666667 56 44
179306.32173333335 179900.38123333335 56 44
181088.50023333338 181682.5597333334 56 44
182945.75269166668 183557.99769166665 56 22
184800.90419166666 185217.05648333332 56 22
186732.9521083333 187339.01260833332 56 22
188622.5038833333 189043.11388333328 56 25
190611.38296666648 190979.3301333332 56 28
192494.6191749999 192942.14679999993 56 30
194670.69034166654 195159.82084166654 56 22
196681.4499416665 197312.3649416665 56 25
214139.67731666644 214755.85606666643 56 44
216905.7094833331 217518.20948333314 56 51
217518.20948333314 218124.33198333313 56 51
220393.5593166665 221775.5629833332 56 66
221670.29981666652 222004.88589999988 56 51
223649.74278333317 224074.7247833332 56 55
226387.46078333308 228690.85583958295 56 66
229302.89976666626 229896.95926666626 56 26
234840.02443333302 235434.08393333302 56 25
240975.30243333307 241495.1044958331 56 22
242809.58839166642 243380.50137083308 56 22
244112.3954749997 244706.45497499974 56 22
249649.5201416663 250243.57964166632 56 22
255829.0366416663 256447.59314166624 56 22
257729.19418333287 258195.1050583329 56 22
289568.01497499953 309490.16327291616 56 20
15526.031125000012 16120.09062500001 57 26
17291.07312500001 17891.073125000014 57 26
18196.19637500001 18552.16447708334 57 25
22941.960541666685 23548.02104166668 57 25
26679.016041666684 27143.508291666683 57 27
35998.95620833334 36605.016708333336 57 28
40627.544249999984 40989.45354999998 57 30
43380.42299999997 43784.463333333304 57 28
65208.40695833331 65839.9859583333 57 51
65839.9859583333 66332.21774999998 57 51
69912.50062499999 70286.45708333333 57 27
77396.47032500003 77770.42678333336 57 23
79300.96670000003 79924.94070000004 57 24
81139.02370000003 81485.94200000005 57 24
86746.03575000007 87370.00975000007 57 24
105091.7914500001 105716.7914500001 57 22
106960.61545000008 107572.8604500001 57 22
112660.44786666673 113266.50836666673 57 22
116476.94673333345 116889.82873333346 57 23
124585.52394166679 125179.58344166678 57 26
128169.5281500001 128595.06015000008 57 29
135031.22044166678 135625.2799416668 57 39
136861.6281083335 137450.9125666668 57 42
157675.97389999998 158295.1229 57 54
159423.30656666667 159811.18944166665 57 56
161249.93914999996 161869.08815 57 54
162805.57365 163152.55190416667 57 54
164050.14852500003 164403.9612 57 54
232992.95159999965 233587.01109999968 57 26
239128.2295999997 239762.68643333303 57 23
247802.447308333 248396.506808333 57 22
253937.7253083329 254572.18214166624 57 22
19154.76112500001 19767.00612500001 58 26
21009.912625000015 21478.696500000016 58 26
24760.142041666684 25391.057041666685 58 28
30999.812458333334 31491.50833333334 58 28
34209.05070833334 34803.110208333346 58 28
37865.51570833333 38311.06033333333 58 28
41590.51749999997 42184.576999999976 58 28
45246.98249999997 45841.041999999965 58 28
46997.961749999966 47402.002083333304 58 26
48883.496249999975 49477.55574999997 58 29
50673.40174999997 51077.442083333306 58 30
52539.96124999997 52985.505874999966 58 31
54393.6452083333 54793.6452083333 58 32
56289.63704166663 56646.07274166663 58 28
58109.86354166663 58552.847541666626 58 28
60026.62770833331 60620.687208333315 58 34
108837.56886666673 109449.81386666674 58 22
110715.10982500007 111188.82907500007 58 22
114502.94245000009 115162.28295000011 58 25
154102.00864999995 154721.15764999995 58 54
155849.34131666666 156237.22419166664 58 56
195322.86434166654 195710.6140916665 58 21
197312.3649416665 197982.1649416665 58 28
198613.74394166647 199232.3004416665 58 28
200458.46744166646 200901.4514416665 58 31
202375.23160833318 202820.7762333332 58 34
204206.65969166643 204619.58964999975 58 37
206140.92485833305 206734.98435833305 58 28
207961.15135833304 208404.13535833306 58 31
209877.91552499976 210471.9750249998 58 34
212260.78323333312 212629.36773333309 58 46
215952.88581666647 216593.2094833331 58 48
218784.38998333315 219406.56923333317 58 51
219406.56923333317 219836.71414999984 58 54
231145.8787666663 231739.93826666632 58 26
237281.15676666636 237915.6135999997 58 24
245955.3744749997 246400.9190999997 58 22
252090.6524749996 252725.10930833293 58 22
152244.69939999995 152594.78948333327 59 62
187339.01260833332 187704.33994166667 59 21
189253.4188833333 189630.56142499993 59 28
191235.22254999983 191613.76059166648 59 28
193207.37671666656 193606.3600916666 59 29
235434.08393333302 236068.54076666635 59 25
250243.57964166632 250878.03647499965 59 22
29114.06479166668 29484.678083333343 60 29
39704.98299999999 40109.02333333332 60 28
63366.30970833331 63960.36920833331 60 47
63960.36920833331 64596.16195833331 60 47
66846.25341666666 68369.14879166667 60 56
74330.2231166667 74942.5562416667 60 56
89556.96986666677 90151.75286666676 60 24
90151.75286666676 90755.27361666677 60 24
118926.2419833335 119289.82621666684 60 26
141134.80906666678 141579.54631666682 60 46
146735.3808166666 147351.1703166666 60 51
148565.33769166656 149190.60919166656 60 57
150426.31231666656 151045.46131666657 60 57
163446.996275 164050.14852500003 60 52
166886.94598333328 167284.37139999992 60 49
226728.36978333304 227414.10628333307 60 51
227414.10628333307 227830.50019999972 60 54
233587.01109999968 234221.467933333 60 26
240071.96468333306 240678.27268333305 60 22
240678.27268333305 241198.0747458331 60 22
241871.90747499975 242231.15422499974 60 22
242492.1191416664 242862.7798916664 60 22
248396.506808333 249030.96364166634 60 22
254891.33114166625 255519.75839166628 60 22
255519.75839166628 256138.31489166626 60 22
256761.7378916662 257126.93730833285 60 22
257395.1950583329 257786.01234999957 60 22
262871.10114166624 263552.7433916662 60 21
263552.7433916662 264218.69064166624 60 21
264872.45739166625 265418.7740166662 60 21
265530.4060999996 265925.73893333296 60 21
271214.2843083328 271930.90480833274 60 20
271930.90480833274 272627.76880833274 60 19
273321.5630166661 273909.8643499995 60 19
274029.8835166662 274760.80968333286 60 19
1263.9505833333333 1882.5070833333332 61 26
3119.1674583333324 3485.4291249999997 61 28
5013.985749999999 5608.045249999999 61 26
6864.8997500000005 7233.961 61 26
8750.199791666666 9356.26029166667 61 27
10562.32079166667 10923.299041666673 61 28
12411.47320833334 13005.532708333341 61 28
14242.513458333344 14613.12675000001 61 25
27287.739041666682 27720.43129166668 61 24
32929.57670833334 33570.75270833335 61 24
34803.110208333346 35410.72070833334 61 26
38475.89545833333 38826.03558333333 61 26
42184.576999999976 42792.18749999998 61 26
45841.041999999965 46423.785999999964 61 26
61556.01495833332 61908.05579166666 61 40
62152.20208333332 62542.47366666665 61 44
66165.55112499998 66882.57438749999 61 58
72744.49175 73208.2005 61 40
73368.38850000002 73718.80055000003 61 35
85830.95300000007 86425.73600000008 61 24
86425.73600000008 87046.03575000005 61 24
87673.53050000007 88280.57200000007 61 24
88280.57200000007 88614.1288000001 61 24
94333.01886666678 94927.07836666676 61 22
96174.06211666677 96543.12336666677 61 22
98104.94165833342 98711.00215833345 61 23
99948.09340833344 100324.00120000013 61 25
101821.5479916668 102415.60749166677 61 24
103703.30211666676 104103.7612000001 61 22
105716.7914500001 106348.37045000009 61 22
117085.66973333346 117470.2850666668 61 22
120864.90077500018 121328.81815000018 61 24
122743.54144166684 123100.28490000014 61 25
131888.28927500008 132495.89977500009 61 32
135625.2799416668 136241.45869166683 61 39
137450.9125666668 137794.6397333335 61 46
139279.75644166683 139895.93519166682 61 39
142966.76456666677 143373.14756666674 61 39
144808.82464999997 145184.7127333333 61 46
162202.4214 162805.57365 61 52
168820.59835833329 169414.6578583333 61 48
170651.77085833333 171014.25160833332 61 44
172530.49039999995 173136.55089999997 61 46
174342.61140000002 174703.58965 61 49
176191.76381666667 176785.8233166667 61 48
178022.8040666667 178393.41735833333 61 44
179900.38123333335 180494.44073333335 61 44
181682.5597333334 182039.27127500006 61 42
183557.99769166665 184170.24269166662 61 22
185429.26256666664 185863.486525 61 24
213236.3395666664 213842.64756666642 61 44
213842.64756666642 214436.70706666642 61 44
215052.88581666644 215652.88581666647 61 48
215652.88581666647 216003.90623333314 61 48
216593.2094833331 218510.45375833314 61 65
218465.24098333312 221038.72081666652 61 66
220716.14006666653 221354.5103166665 61 51
221354.5103166665 221775.5629833332 61 51
222652.67007499986 223092.23040833318 61 51
223312.62107499986 223707.88232499984 61 54
224746.20678333315 225405.86628333313 61 51
225405.86628333313 225831.49311666645 61 51
228310.31265833302 228690.85583958295 61 75
228654.33897499964 230193.98901666628 61 78
229896.95926666626 230527.32226666628 61 26
231739.93826666632 232374.39509999965 61 26
236377.81901666633 236984.12701666635 61 25
236984.12701666635 237479.1765999997 61 24
238224.8918499997 238831.1998499997 61 23
238831.1998499997 239326.24943333303 61 23
244706.45497499974 245336.81797499975 61 22
246549.43397499967 247183.89080833303 61 22
251187.31472499963 251793.62272499962 61 22
251793.62272499962 252288.67230833293 61 22
253034.38755833294 253640.6955583329 61 22
253640.6955583329 254135.74514166624 61 22
258783.03922499952 259451.55172499956 61 22
259451.55172499956 260099.08022499958 61 22
260758.7159333329 261213.19672499958 61 22
261446.68355833294 261864.96605833294 61 22
266965.61272499955 267380.8114749996 61 21
267656.7495999996 268330.7325999995 61 20
269056.7910999995 269525.0807249995 61 20
269764.1640583328 270186.7814749994 61 20
275497.18668333284 276217.5704333328 61 18
276217.5704333328 276921.96093333286 61 18
277623.84259999957 278041.23184999963 61 18
278345.31509999966 278774.1832249996 61 18
279957.4010583328 280610.1620583329 61 18
280857.7610583329 281375.468058333 61 18
282660.5354749996 283199.5636416662 61 18
283602.78718333284 284213.9866041662 61 18
47604.022249999965 48082.860624999965 62 30
51279.46224999997 51758.30062499997 62 30
54994.665624999965 55367.17474999997 62 35
58754.8677083333 59287.81862499996 62 28
83954.47831666672 84364.79106666673 62 24
84563.30594166672 85021.50102500006 62 24
107572.8604500001 107931.08745000008 62 26
130030.34965000006 130445.4054416667 62 32
133759.46044166677 134184.1862750001 62 35
201103.47160833317 201636.42252499986 62 31
204830.67589999974 205211.8505666664 62 40
208606.15552499975 209030.88135833308 62 31
234530.74618333302 235137.054183333 62 26
235137.054183333 235632.10376666635 62 25
249340.24189166632 249946.5498916663 62 22
249946.5498916663 250441.59947499965 62 22
16120.09062500001 16714.15012500001 63 26
17891.073125000014 18248.279708333343 63 28
19767.00612500001 20379.251125000013 63 26
21638.27100000002 22127.440000000017 63 28
23548.02104166668 24154.08154166668 63 23
25391.057041666685 25768.199583333353 63 31
36605.016708333336 37246.192708333336 63 28
40311.04349999999 40735.769333333315 63 28
43986.48349999997 44465.32187499997 63 28
49477.55574999997 50085.16624999997 63 29
53152.172499999964 53561.7302083333 63 29
56883.69654166663 57331.73254166663 63 26
60620.687208333315 61236.86595833332 63 34
70901.91425 71496.69725000001 63 30
71496.69725000001 72116.997 63 39
73844.39566666669 74035.68280000004 63 52
74165.51773333336 74372.1319291667 63 50
78385.88395000003 78980.66695000004 63 24
78980.66695000004 79600.96670000003 63 24
80228.46145000003 80835.50295000004 63 24
80835.50295000004 81169.05975000004 63 24
82111.90081666672 82706.68381666673 63 24
82706.68381666673 83326.9835666667 63 24
109449.81386666674 110062.05886666673 63 22
111350.11945000007 111844.66470000007 63 24
113266.50836666673 113872.56886666676 63 21
115162.28295000011 115548.98965833343 63 28
145831.39181666664 146427.29144166663 63 51
146427.29144166663 147035.3808166666 63 51
147658.12473333327 148005.65923333325 63 48
148259.2151916666 148871.46019166656 63 54
149511.91494166656 150118.22294166658 63 55
150118.22294166658 150726.31231666656 63 57
151354.09548333325 151947.66964999994 63 57
151947.66964999994 152342.73864999996 63 59
153190.76702499992 153793.91927499996 63 52
153793.91927499996 154402.00864999995 63 54
155001.53139999998 155468.8209833333 63 56
155563.16056666663 155897.41823333333 63 56
156764.73227499996 157367.884525 63 52
157367.884525 157975.97389999998 63 54
158575.49665 159042.78623333332 63 56
159137.12581666664 159471.38348333334 63 56
160338.69752499997 160941.84977499998 63 52
160941.84977499998 161549.93914999996 63 54
164672.38227499998 165198.6981083333 63 52
199232.3004416665 199680.3364416665 63 28
202969.2911083332 203372.70385833315 63 34
206734.98435833305 207183.02035833307 63 28
210471.9750249998 211088.1537749998 63 34
211376.6152749998 211770.49281666646 63 40
211963.73406666645 212311.80364999978 63 44
218465.24098333312 220433.88191041653 63 66
220393.5593166665 221565.03664999985 63 78
224409.12803333317 226435.75622499973 63 78
227414.10628333307 227830.50019999972 63 72
228030.52390833304 228410.31267499964 63 75
232683.67334999965 233289.98134999967 63 26
233289.98134999967 233785.03093333298 63 26
247493.16905833303 248099.477058333 63 22
248099.477058333 248594.52664166634 63 22
30070.82795833334 30380.489458333337 64 29
30690.150958333335 30999.812458333334 64 28
68996.64354166666 69597.42954166667 64 27
69597.42954166667 69964.174875 64 27
73688.76450000002 73928.89080000004 64 53
74003.64520000004 74252.89213333336 64 51
76480.61324166671 77081.3992416667 64 23
77081.3992416667 77448.14457500003 64 23
123691.91915000015 124288.4941916668 64 27
124288.4941916668 124882.55369166679 64 26
125479.58344166678 126051.01194166679 64 24
126051.01194166679 126384.80310833346 64 26
127267.37927500013 127861.4387750001 64 29
127861.4387750001 128275.9111500001 64 29
129116.59935833339 129672.15481666673 64 26
129723.17523333339 130184.98877500005 64 30
130975.08077500004 131591.25952500006 64 32
131591.25952500006 132176.75077500008 64 32
132805.1780250001 133174.6972333334 64 34
133456.43019166676 133863.6487750001 64 35
134721.94219166678 135328.2501916668 64 39
135328.2501916668 135922.3096916668 64 39
142052.3671916668 142559.66527500012 64 39
142658.67519166679 143166.76456666677 64 39
143894.54773333337 144242.08223333338 64 40
144495.6381916667 144860.9079833333 64 44
230836.6005166663 231442.9085166663 64 26
231442.9085166663 231937.95809999964 64 26
245646.09622499972 245955.3744749997 64 22
246252.40422499971 246549.43397499967 64 22
342.9878333333333 963.9505833333333 65 26
963.9505833333333 1573.2288333333333 65 26
2201.6801666666665 2814.010666666666 65 26
2814.010666666666 3382.3253749999994 65 25
4103.518499999999 4716.955999999999 65 26
4716.955999999999 5311.015499999999 65 26
5917.3234999999995 6545.75075 65 26
6545.75075 7077.66575 65 26
7180.7695 7575.164041666668 65 50
7849.955708333334 8456.082041666667 65 28
8456.082041666667 9053.230041666668 65 27
9659.290541666669 10262.32079166667 65 27
10262.32079166667 10612.320791666672 65 28
11507.75220833334 12114.44345833334 65 29
12114.44345833334 12708.502958333342 65 28
13314.81095833334 13936.390958333342 65 26
13936.390958333342 14346.701791666677 65 25
31983.20420833334 32614.11920833334 65 23
32614.11920833334 33033.76504166667 65 23
33889.90170833334 34506.080458333345 65 28
34506.080458333345 35091.571708333344 65 27
35704.83845833334 36301.98645833334 65 28
36301.98645833334 36709.20504166667 65 28
37555.85420833334 38162.545458333334 65 28
38162.545458333334 38524.43916666667 65 27
39404.98299999999 39907.003166666655 65 28
40008.01324999999 40415.231833333324 65 26
41271.368499999975 41887.547249999974 65 28
41887.547249999974 42473.03849999997 65 27
43086.305249999976 43582.443166666635 65 28
43683.45324999997 44090.671833333305 65 28
44937.32099999997 45544.01224999996 65 28
45544.01224999996 46138.07174999997 65 27
93422.5516166668 94035.98911666678 65 22
94035.98911666678 94630.04861666677 65 22
95236.35661666677 95854.91311666678 65 22
95854.91311666678 96386.82811666677 65 22
96489.93186666677 96929.90590833343 65 45
97204.6975750001 97810.82390833343 65 24
97810.82390833343 98407.97190833343 65 23
99014.03240833346 99632.85215833345 65 23
99632.85215833345 100000.17674166677 65 24
100917.8269916668 101524.5182416668 65 26
101524.5182416668 102118.57774166678 65 24
102724.88574166679 103208.75686666678 65 22
103371.80036666678 103758.85765833342 65 22
121823.32352500019 122244.48119166686 65 24
122446.51169166685 122793.04640000017 65 25
167910.13110833327 168523.56860833327 65 44
168523.56860833327 169117.6281083333 65 48
169723.9361083333 170342.49260833333 65 44
170342.49260833333 170857.95635833332 65 44
170961.06010833333 171355.45464999997 65 74
171630.24631666666 172236.37264999998 65 48
172236.37264999998 172833.52064999996 65 46
173439.58114999998 174042.6114 65 46
174042.6114 174392.61140000002 65 48
175288.04281666665 175894.7340666667 65 51
175894.7340666667 176488.7935666667 65 48
177095.1015666667 177716.6815666667 65 44
177716.6815666667 178126.99240000002 65 44
178994.86206666665 179603.35148333333 65 44
179603.35148333333 180197.41098333336 65 44
180791.47048333337 181385.52998333337 65 44
181385.52998333337 181732.06469166672 65 37
182633.19615000006 183251.87519166668 65 22
183251.87519166668 183864.12019166665 65 22
184492.82344166664 184955.54331666665 65 22
185111.79331666665 185590.55294166662 65 22
186415.45914999998 187035.9823583333 65 22
187035.9823583333 187369.31563333332 65 22
188309.53336666664 188648.7920083333 65 23
188937.96138333328 189305.50221666665 65 27
190276.11421666655 190665.73079999984 65 28
190927.51663333317 191310.98017499983 65 28
192175.74709166653 192521.7930916666 65 29
192854.42754999993 193236.96250833324 65 30
194331.58100833325 194996.77734166654 65 22
194996.77734166654 195431.5600083332 65 22
196358.8691916665 196996.9074416665 65 23
196996.9074416665 197364.44827499986 65 27
203904.61885833312 204308.70052499976 65 35
204515.4229833331 204883.86739999973 65 39
215352.88581666647 216003.90623333314 65 60
215952.88581666647 216627.06364999976 65 71
226387.46078333308 227701.46253333305 65 66
227765.56511666637 228099.0170749997 65 78
228986.49201666628 229599.92951666628 65 26
229599.92951666628 230193.98901666628 65 26
243795.98772499975 244409.42522499972 65 22
244409.42522499972 245003.48472499973 65 22
275128.99818333285 279582.2510583328 65 34
293040.2374749995 309490.16327291616 65 28
15214.571458333345 15823.060875000012 66 26
15823.060875000012 16417.12037500001 66 26
17002.611625000012 17591.073125000014 66 26
17591.073125000014 17941.073125000014 66 25
18842.20458333334 19460.883625000013 66 26
19460.883625000013 20073.128625000012 66 26
20701.831875000014 21164.551750000017 66 26
21320.801750000017 21799.561375000016 66 25
22624.467583333353 23244.990791666685 66 26
23244.990791666685 23851.05129166668 66 24
24457.111791666677 25075.599541666685 66 27
25075.599541666685 25443.140375000017 66 30
26369.354541666686 26988.677541666686 66 28
26988.677541666686 27431.96979166668 66 25
28167.692291666677 28640.878541666676 66 24
28798.607291666678 29218.25312500001 66 28
48564.34724999997 49180.52599999997 66 31
49180.52599999997 49766.01724999997 66 29
52230.29974999997 52836.99099999997 66 31
52836.99099999997 53201.192124999965 66 31
55970.48804166663 56408.448941666626 66 28
56586.666791666634 57027.92729166663 66 27
59717.34945833331 60323.65745833331 66 34
60323.65745833331 60917.716958333316 66 34
65524.19645833331 66332.21774999998 66 60
73208.2005 73528.57650000001 66 54
73528.57650000001 73718.80055000003 66 53
104763.80828333343 105404.2914500001 66 22
105404.2914500001 106032.58095000009 66 22
106654.49295000009 107266.7379500001 66 22
107266.7379500001 107623.88086666675 66 22
108525.01232500006 109143.69136666672 66 22
109143.69136666672 109755.93636666673 66 22
110399.13761666673 110871.35982500007 66 22
111029.25457500007 111513.16295000007 66 22
112342.95490833341 112963.47811666674 66 22
112963.47811666674 113569.53861666674 66 22
114180.31240833343 114832.6127000001 66 23
114832.6127000001 115214.36628333344 66 27
116167.28523333344 116683.38773333345 66 24
116786.60823333345 117277.97740000012 66 22
117965.62298333347 118388.60740000014 66 22
118603.66123333348 119033.76890000017 66 24
136560.60769166684 136912.64852500014 66 40
137156.7948166668 137547.06640000016 66 44
138376.4186916668 138982.72669166682 66 39
138982.72669166682 139576.78619166682 66 39
140215.08419166683 140583.08252500012 66 40
140838.7211500001 141230.96290000013 66 44
165931.702525 166300.12360833332 66 52
166566.08110833328 166941.2938166666 66 50
198297.9544416665 198923.0221916665 66 28
198923.0221916665 199520.7619416665 66 28
202065.95335833318 202672.2613583332 66 34
202672.2613583332 203167.3109416665 66 34
205821.77585833304 206437.95460833306 66 28
206437.95460833306 207023.44585833309 66 28
209568.63727499975 210174.94527499977 66 34
210174.94527499977 210769.00477499978 66 34
214755.85606666643 215652.88581666647 66 62
267323.1812249996 267822.3124749995 67 43
7518.345875000001 10262.32079166667 68 55
46709.50024999997 47199.98191666663 68 28
47300.99199999996 47708.2105833333 68 28
50379.28399999997 50875.42191666663 68 30
50976.431999999964 51383.6505833333 68 30
54093.64520833329 54493.6452083333 68 30
54693.6452083333 55046.21199999997 68 34
57800.58529166662 58170.10449999996 68 28
58451.83745833329 58859.056041666634 68 28
64290.03945833331 65839.9859583333 68 64
68065.62804166666 68738.65090416666 68 52
69300.16429166668 69696.51795833334 68 51
71816.997 73208.2005 68 58
73048.0125 73368.38850000002 68 55
73368.38850000002 73688.76450000002 68 53
75853.11849166671 76220.09126458337 68 46
76784.1339916667 77180.48765833337 68 45
91401.82836666678 91777.8051166668 68 42
96854.1483250001 99632.85215833345 68 49
118123.35173333346 118388.60740000014 68 49
119960.63002500017 120555.62252500017 68 24
120555.62252500017 121071.08627500018 68 24
132495.89977500009 132663.42549375008 68 50
134292.41135833345 134436.74754375013 68 55
143796.5084833334 143943.56735833338 68 57
171298.63648333334 174042.6114 68 81
200149.1891916665 200518.7083999998 68 30
200800.44135833316 201207.6599416665 68 31
207651.87310833306 208021.39231666637 68 30
208303.12527499974 208710.34385833307 68 31
212915.0338166664 213842.64756666642 68 61
214139.67731666644 214797.93528124978 68 62
216593.2094833331 218510.45375833314 68 77
221459.77348333318 221670.29981666652 68 61
224272.1159916665 224746.20678333315 68 63
226387.46078333308 228690.85583958295 68 78
240975.30243333307 241272.33218333308 68 43
265868.59605833294 266661.6794999996 68 40
266965.61272499955 267380.8114749996 68 43
267656.7495999996 268330.7325999995 68 43
268330.7325999995 270186.7814749994 68 42
274392.62118333287 275184.22645833285 68 36
279509.27968333283 279889.8740583329 68 31
289568.01497499953 301790.8444749995 68 30
14889.615125000011 18552.16447708334 69 63
36605.016708333336 37279.73937083334 69 52
39704.98299999999 40008.01324999999 69 52
44465.32187499997 44668.94769999997 69 52
63960.36920833331 64596.16195833331 69 62
68693.12279166667 68996.64354166666 69 57
69097.817125 69597.42954166667 69 52
69597.42954166667 69964.174875 69 51
71496.69725000001 72116.997 69 61
76177.09249166671 76480.61324166671 69 51
76581.78682500003 77081.3992416667 69 46
77081.3992416667 77396.47032500003 69 45
77234.48332500002 77448.14457500003 69 46
104412.79103333341 108240.52777291673 69 56
118496.13431666681 118711.18815000015 69 48
132176.75077500008 132537.13687500008 69 55
135031.22044166678 135922.3096916668 69 53
143993.07231666672 144192.08223333338 69 58
156431.39902499996 156917.793525 69 71
160005.36427499997 160491.75877499997 69 71
161869.08815 162355.48265 69 71
163113.663025 163600.057525 69 71
194996.77734166654 195322.86434166654 69 48
266608.0442249996 267323.1812249996 69 43
18516.05337500001 20701.831875000014 70 58
35091.571708333344 35452.387389583346 70 51
37865.51570833333 38311.06033333333 70 50
38878.66716666666 39133.93034583333 70 54
39089.193499999994 39907.003166666655 70 53
39907.003166666655 40311.04349999999 70 54
42473.03849999997 42833.854181249975 70 51
42792.18749999998 42951.50128124998 70 49
43582.443166666635 43986.48349999997 70 47
45246.98249999997 45841.041999999965 70 50
53987.26220833329 54193.64520833329 70 50
90455.27361666677 91724.4091166668 70 48
91724.4091166668 92103.91778333347 70 44
108198.86111666674 110399.13761666673 70 52
118818.71506666683 119033.76890000017 70 50
129723.17523333339 129927.25690000007 70 49
133355.4201083334 133759.46044166677 70 50
144192.08223333338 144393.59735833338 70 58
152857.43377499992 153343.82827499995 70 71
193970.0658416666 195159.82084166654 70 53
195159.82084166654 195431.5600083332 70 50
195486.50504999986 195710.6140916665 70 50
195884.91162499983 196046.40909166652 70 48
196006.9354166665 197364.44827499986 70 50
203798.23585833312 204004.61885833312 70 49
212684.31277499974 212855.51002499973 70 62
213545.6178166664 214436.70706666642 70 64
218465.24098333312 220433.88191041653 70 78
241272.33218333308 241569.36193333307 70 44
267987.8753499995 268708.37609999947 70 43
279889.8740583329 280272.52705833287 70 31
40109.02333333332 40415.231833333324 71 56
54193.64520833329 54393.6452083333 71 50
68895.46995833334 69300.16429166668 71 50
76379.43965833337 76784.1339916667 71 45
119141.88019166685 119289.82621666684 71 53
126787.02656666677 126991.2680562501 71 45
130030.34965000006 130341.23877500005 71 52
132959.81715000008 133174.6972333334 71 51
133114.45627500006 133234.93819166673 71 58
133234.93819166673 133456.43019166676 71 57
133557.4402750001 133863.6487750001 71 51
133759.46044166677 134022.38210833343 71 52
134292.41135833345 134436.74754375013 71 65
134400.63644166678 135328.2501916668 71 53
144393.59735833338 144546.65860833335 71 59
152244.69939999995 152893.54487708324 71 68
178669.90573333332 182340.37826666672 71 79
193868.7144666666 194031.04146666662 71 50
195322.86434166654 195597.61613333318 71 53
195768.0853416665 195944.4354166665 71 50
204004.61885833312 204206.65969166643 71 50
14242.513458333344 14613.12675000001 72 55
27864.662041666677 28028.80342708334 72 53
35410.72070833334 36301.98645833334 72 55
36605.016708333336 37279.73937083334 72 61
37246.192708333336 38162.545458333334 72 55
38672.963749999995 39089.193499999994 72 55
40311.04349999999 40467.80808333332 72 49
43233.36412499997 43683.45324999997 72 58
43784.463333333304 44090.671833333305 72 47
44465.32187499997 44668.94769999997 72 61
44627.65949999997 45544.01224999996 72 55
54393.6452083333 54593.6452083333 72 51
63050.52020833331 64290.03945833331 72 64
66846.25341666666 68369.14879166667 72 66
74330.2231166667 74942.5562416667 72 66
89848.23211666677 90755.27361666677 72 49
92048.9727416668 92441.02478333347 72 45
103703.30211666676 104103.7612000001 72 49
117662.59273333345 118123.35173333346 72 47
119502.9141083335 119664.93100416684 72 54
130341.23877500005 130655.93177500003 72 55
140532.06210833346 141579.54631666682 72 70
141579.54631666682 141764.3947666668 72 61
144598.20498333336 144757.278275 72 60
151650.63989999992 152342.73864999996 72 64
163113.663025 163600.057525 72 71
166672.46410833328 166941.2938166666 72 74
178022.8040666667 178393.41735833333 72 75
188622.5038833333 188832.8088833333 72 47
204206.65969166643 204411.79327499974 72 52
212468.06494166644 212629.36773333309 72 61
241569.36193333307 241820.8870583331 72 45
262524.2803916662 263217.92189166625 72 45
267822.3124749995 268330.7325999995 72 37
270846.0958083327 271582.47280833276 72 41
280272.52705833287 280655.1800583329 72 31
6226.60175 7233.961 73 55
9962.32079166667 10612.320791666672 73 58
14559.014208333343 14922.582150000011 73 50
28167.692291666677 28483.149791666678 73 54
33570.75270833335 34506.080458333345 73 53
35091.571708333344 35452.387389583346 73 60
35998.95620833334 36709.20504166667 73 53
37865.51570833333 38311.06033333333 73 59
38311.06033333333 38524.43916666667 73 54
38475.89545833333 38723.46879166666 73 56
40520.88662499999 40735.769333333315 73 51
40952.21949999998 41887.547249999974 73 53
42473.03849999997 42833.854181249975 73 60
42792.18749999998 42951.50128124998 73 58
42902.48165624998 43306.89356249997 73 55
43582.443166666635 43986.48349999997 73 55
43986.48349999997 44249.40516666664 73 52
45246.98249999997 45841.041999999965 73 59
45841.041999999965 46466.64313749997 73 47
46997.961749999966 47300.99199999996 73 53
47402.002083333304 47708.2105833333 73 57
54593.6452083333 54793.6452083333 73 52
62446.31983333332 62790.04699999998 73 64
66165.55112499998 66882.57438749999 73 70
85499.53450000007 87046.03575000005 73 54
87370.00975000007 90151.75286666676 73 51
92384.20661666681 92789.89345000015 73 47
95545.63486666678 96543.12336666677 73 49
99317.06265833345 100000.17674166677 73 52
104044.93765833342 104451.94765625008 73 45
124585.52394166679 125224.58344166678 73 45
125765.29769166678 126289.10715000013 73 45
127861.4387750001 128382.29415000009 73 51
128382.29415000009 128595.06015000008 73 50
128595.06015000008 128754.63465000007 73 50
130655.93177500003 132176.75077500008 73 59
132176.75077500008 132537.13687500008 73 65
132495.89977500009 132663.42549375008 73 59
132650.53890000007 133114.45627500006 73 56
133174.6972333334 133355.4201083334 73 52
133355.4201083334 133759.46044166677 73 59
133969.30356666676 134184.1862750001 73 54
135031.22044166678 135922.3096916668 73 62
135625.2799416668 137547.06640000016 73 59
137450.9125666668 138091.22404375015 73 64
138055.1129416668 140215.08419166683 73 63
140321.4671916668 140583.08252500012 73 70
142559.66527500012 142807.19006666678 73 62
144808.82464999997 144935.83861666665 73 61
161869.08815 162355.48265 73 71
170033.21435833332 171014.25160833332 73 77
173742.6114 174392.61140000002 73 81
178339.30481666667 178700.12550624998 73 69
187957.78139166665 188087.2829916667 73 47
188117.40347083335 188235.5132 73 47
188256.78979999997 188340.78336666664 73 47
188361.40191666663 188443.87611666662 73 47
188464.70944999997 188569.4243666666 73 47
188569.4243666666 188727.6563833333 73 47
188727.6563833333 188937.96138333328 73 46
193768.7115083333 193970.0658416666 73 51
195653.79592499987 195837.85279166652 73 52
204411.79327499974 204619.58964999975 73 53
212260.78323333312 212415.4333583331 73 60
215352.88581666647 216003.90623333314 73 71
221565.03664999985 221775.5629833332 73 63
224139.6598666665 224339.68357499983 73 65
241871.90747499975 242179.60784999977 73 46
258438.29097499952 262579.1936770829 73 52
262871.10114166624 263552.7433916662 73 45
266608.0442249996 268757.9214312495 73 48
271214.2843083328 271930.90480833274 73 41
275128.99818333285 279582.2510583328 73 39
280655.1800583329 281037.83305833297 73 30
293040.2374749995 309490.16327291616 73 33
24608.62691666668 24760.142041666684 74 52
28483.149791666678 28798.607291666678 74 55
46423.785999999964 46997.961749999966 74 66
51758.30062499997 51967.08747499997 74 51
53774.496208333294 54093.64520833329 74 50
54793.6452083333 54943.6452083333 74 53
59287.81862499996 59396.0437083333 74 55
59396.0437083333 59717.34945833331 74 59
61857.035374999985 62446.31983333332 74 61
83650.95756666672 85535.4381708334 74 51
114180.31240833343 114832.6127000001 74 57
125479.58344166678 125622.44056666679 74 43
125622.44056666679 126051.01194166679 74 45
126051.01194166679 126384.80310833346 74 48
126949.6014000001 127564.40902500012 74 54
128807.26623333339 129876.2364833334 74 51
131888.28927500008 132495.89977500009 74 55
132959.81715000008 133174.6972333334 74 60
133114.45627500006 133234.93819166673 74 58
133234.93819166673 133456.43019166676 74 57
133557.4402750001 133863.6487750001 74 60
133759.46044166677 134022.38210833343 74 61
134400.63644166678 135328.2501916668 74 62
144935.83861666665 145068.94669166664 74 61
156237.22419166664 156481.39901249995 74 75
159811.18944166665 160049.8087083333 74 75
201636.42252499986 201783.53648749986 74 55
203585.46985833315 203904.61885833312 74 57
204619.58964999975 204777.48439999972 74 56
209139.10644166643 209286.22040416644 74 55
242179.60784999977 242439.48755833306 74 47
263217.92189166625 263887.56489166623 74 45
271582.47280833276 272279.33680833277 74 41
5608.045249999999 6545.75075 75 55
23548.02104166668 24532.86935416668 75 58
24532.86935416668 24684.38447916668 75 52
24684.38447916668 25075.599541666685 75 52
27720.43129166668 27907.59132708334 75 49
28798.607291666678 29114.06479166668 75 56
34209.05070833334 35410.72070833334 75 55
35410.72070833334 36301.98645833334 75 65
37246.192708333336 38162.545458333334 75 65
40735.769333333315 40952.21949999998 75 52
41590.51749999997 42792.18749999998 75 55
43233.36412499997 43380.42299999997 75 58
43380.42299999997 43683.45324999997 75 62
43784.463333333304 44090.671833333305 75 55
44627.65949999997 45544.01224999996 75 65
49477.55574999997 50126.83293124997 75 54
50875.42191666663 51279.46224999997 75 52
52539.96124999997 52985.505874999966 75 51
53561.7302083333 53822.36855833329 75 55
54994.665624999965 55150.926916666634 75 54
57331.73254166663 57491.30704166662 75 56
57491.30704166662 57658.83276041662 75 53
58350.82737499996 58653.85762499997 75 53
60620.687208333315 61908.05579166666 75 61
70398.871 70611.9230625 75 53
70570.49575 71496.69725000001 75 57
73844.39566666669 74035.68280000004 75 61
74165.51773333336 74372.1319291667 75 59
77882.84070000003 78095.89276250004 75 49
78054.46545000003 78980.66695000004 75 54
79924.94070000004 83693.95633958338 75 51
92731.06990833348 93149.38735625012 75 48
94927.07836666676 95854.91311666678 75 49
113266.50836666673 114502.94245000009 75 52
114502.94245000009 115162.28295000011 75 57
117470.2850666668 117708.04727083346 75 55
118281.08048333347 118496.13431666681 75 50
140108.70119166683 140481.0416916668 75 72
141579.54631666682 141764.3947666668 75 72
141731.0614416668 142658.67519166679 75 64
145068.94669166664 145196.47744166665 75 63
148565.33769166656 149221.16473958324 75 72
149190.60919166656 151090.6740916666 75 75
151650.63989999992 152342.73864999996 75 64
152244.69939999995 152893.54487708324 75 68
152857.43377499992 153343.82827499995 75 71
156431.39902499996 156917.793525 75 71
160005.36427499997 160491.75877499997 75 71
165827.53585833334 166247.49202499999 75 79
169414.6578583333 170342.49260833333 75 82
186086.34669166664 187998.32194166665 75 51
188040.4079916667 188158.31129166667 75 43
188189.21017708333 188309.53336666664 75 43
188309.53336666664 188412.94829166663 75 43
188412.94829166663 188516.79278333328 75 43
188516.79278333328 188622.5038833333 75 43
188832.8088833333 189043.11388333328 75 47
199232.3004416665 199839.9109416665 75 51
199680.3364416665 199883.7253604165 75 50
200699.43127499984 201103.47160833317 75 50
202375.23160833318 202820.7762333332 75 57
203372.70385833315 203630.68263333314 75 52
204830.67589999974 204990.82235833304 75 57
207023.44585833309 207342.59485833306 75 55
207183.02035833307 207383.83195833306 75 50
208202.11519166638 208606.15552499975 75 50
209877.91552499976 210471.9750249998 75 57
212061.77331666645 212260.78323333312 75 59
214755.85606666643 215652.88581666647 75 73
221670.29981666652 221880.82614999986 75 65
224011.43365833318 224205.44932499985 75 67
238534.1700999997 239806.50085208306 75 51
242492.1191416664 242809.58839166642 75 48
253343.6658083329 254622.71406666626 75 49
257729.19418333287 258017.23393333293 75 45
263552.7433916662 264218.69064166624 75 45
264549.81639166625 265925.73893333296 75 44
265868.59605833294 266608.0442249996 75 42
271930.90480833274 272627.76880833274 75 41
272975.58684999944 274760.80968333286 75 40
274392.62118333287 275128.99818333285 75 38
281037.83305833297 281420.48605833296 75 30
13630.268458333341 14242.513458333344 76 56
55204.11841666663 55367.17474999997 76 55
69912.50062499999 70570.49575 76 57
73688.76450000002 73928.89080000004 76 62
74003.64520000004 74252.89213333336 76 60
77396.47032500003 77770.42678333336 76 52
103047.46649166678 103536.63549166678 76 50
114832.6127000001 115214.36628333344 76 57
118603.66123333348 118818.71506666683 76 52
123369.16431666682 124288.4941916668 76 51
125179.58344166678 125551.01200416678 76 61
125551.01200416678 125765.29769166678 76 51
126336.72619166678 126531.87140000012 76 51
128807.26623333339 129876.2364833334 76 61
129723.17523333339 129927.25690000007 76 58
130030.34965000006 130341.23877500005 76 61
130341.23877500005 130655.93177500003 76 66
130655.93177500003 132176.75077500008 76 67
132650.53890000007 133114.45627500006 76 66
133174.6972333334 133355.4201083334 76 52
133969.30356666676 134292.41135833345 76 63
140737.1956916668 140988.22610833345 76 70
142559.66527500012 142807.19006666678 76 73
142860.38156666677 143166.76456666677 76 62
142966.76456666677 143266.76456666674 76 63
143585.91356666674 143745.48806666673 76 64
145208.5256333333 145355.19402499998 76 63
147955.65923333325 148871.46019166656 76 69
177410.5590666667 178022.8040666667 76 76
205045.17019166637 205211.8505666664 76 59
236687.09726666633 237959.4280187497 76 52
251496.5929749996 252766.34640833293 76 49
3771.3654583333328 5917.3234999999995 77 55
10562.32079166667 11507.75220833334 77 61
13936.390958333342 14346.701791666677 77 50
21320.801750000017 21799.561375000016 77 52
22295.355125000016 23851.05129166668 77 57
24457.111791666677 24608.62691666668 77 52
24760.142041666684 25443.140375000017 77 61
29114.06479166668 29376.986458333344 77 57
31655.40695833334 34506.080458333345 77 56
35998.95620833334 36709.20504166667 77 62
39089.193499999994 40415.231833333324 77 63
40311.04349999999 40467.80808333332 77 58
40520.88662499999 40735.769333333315 77 60
40735.769333333315 40952.21949999998 77 62
40952.21949999998 41887.547249999974 77 63
42902.48165624998 43306.89356249997 77 65
43306.89356249997 43582.443166666635 77 53
43986.48349999997 44249.40516666664 77 61
50281.24474999997 50673.40174999997 77 52
50673.40174999997 50976.431999999964 77 55
51077.442083333306 51383.6505833333 77 52
51758.30062499997 51967.08747499997 77 60
51920.63824999997 52836.99099999997 77 56
53351.717499999955 53774.496208333294 77 57
55422.73029166663 55593.19949999996 77 56
56408.448941666626 56883.69654166663 77 53
57955.22441666662 58170.10449999996 77 54
58109.86354166663 58230.345458333286 77 62
58230.345458333286 58451.83745833329 77 61
58653.85762499997 58754.8677083333 77 54
58754.8677083333 59017.789374999964 77 55
59287.81862499996 59396.0437083333 77 65
59396.0437083333 59717.34945833331 77 59
59562.71033333331 60026.62770833331 77 53
93090.39857500013 95236.35661666677 77 49
99948.09340833344 100917.8269916668 77 54
103371.80036666678 103758.85765833342 77 45
111029.25457500007 111513.16295000007 77 46
112013.84245000007 113569.53861666674 77 51
115162.28295000011 115751.8097625001 77 62
118926.2419833335 119087.5323583335 77 54
121658.48840000019 123402.49764166682 77 45
145355.19402499998 145510.08606666664 77 64
155849.34131666666 156140.13677499996 77 76
159423.30656666667 159714.102025 77 76
167577.97806666658 169723.9361083333 77 79
174342.61140000002 175288.04281666665 77 85
177716.6815666667 178126.99240000002 77 70
185863.486525 186144.68001041663 77 50
188937.96138333328 189148.2663833333 77 48
193670.66946666662 193801.8240916666 77 53
200303.82831666648 200518.7083999998 77 51
200458.46744166646 200578.94935833314 77 58
200578.94935833314 200800.44135833316 77 57
200901.4514416665 201207.6599416665 77 51
201636.42252499986 201783.53648749986 77 65
201744.6476083332 202672.2613583332 77 53
203167.3109416665 203585.46985833315 77 52
205268.66873333303 205443.10306666637 77 60
207806.51223333305 208021.39231666637 77 51
207961.15135833304 208081.6332749997 77 58
208081.6332749997 208303.12527499974 77 57
208404.13535833306 208710.34385833307 77 51
208606.15552499975 208869.0771916664 77 52
209139.10644166643 209286.22040416644 77 65
209247.33152499975 210174.94527499977 77 53
211866.6466499998 212061.77331666645 77 57
212915.0338166664 213842.64756666642 77 72
214139.67731666644 214797.93528124978 77 74
234840.02443333302 236114.93250416635 77 54
242809.58839166642 243078.41809999975 77 50
243463.8346833331 245003.48472499973 77 54
249649.5201416663 250924.42821249962 77 49
257395.1950583329 257672.37601666618 77 45
258076.05747499957 258376.56259999954 77 43
260427.6414333329 260814.44484999956 77 46
264218.69064166624 264599.48525416624 77 44
265530.4060999996 265925.73893333296 77 42
266214.7562249996 266661.6794999996 77 39
268708.37609999947 269114.4213499995 77 42
272627.76880833274 273027.29908749944 77 41
274029.8835166662 274760.80968333286 77 38
274760.80968333286 275184.22645833285 77 36
279509.27968333283 279889.8740583329 77 37
281420.48605833296 281803.139058333 77 29
289568.01497499953 301790.8444749995 77 36
21962.60487500002 22342.577335416685 78 51
25391.057041666685 25940.628541666683 78 69
25882.489000000016 26090.659191666684 78 57
27576.20054166668 27864.662041666677 78 52
29430.565541666678 29649.13145833334 78 58
34209.05070833334 35410.72070833334 78 65
38878.66716666666 39133.93034583333 78 64
41590.51749999997 42792.18749999998 78 65
48245.198249999965 49180.52599999997 78 57
49477.55574999997 50126.83293124997 78 64
50085.16624999997 50379.28399999997 78 54
50477.32324999997 50875.42191666663 78 52
50875.42191666663 51279.46224999997 78 61
51279.46224999997 51542.38391666664 78 55
52539.96124999997 52985.505874999966 78 60
52985.505874999966 53201.192124999965 78 53
53152.172499999964 53403.26387499996 78 57
55651.33904166663 55970.48804166663 78 45
56161.977441666626 56586.666791666634 78 50
56646.07274166663 57027.92729166663 78 54
57331.73254166663 57491.30704166662 78 66
57491.30704166662 57658.83276041662 78 63
57645.946166666625 57955.22441666662 78 59
58170.10449999996 58350.82737499996 78 55
58350.82737499996 58653.85762499997 78 63
58964.7108333333 59287.81862499996 78 57
60620.687208333315 62446.31983333332 78 73
62446.31983333332 62790.04699999998 78 76
63050.52020833331 64290.03945833331 78 78
65524.19645833331 66332.21774999998 78 72
73208.2005 73528.57650000001 78 64
73528.57650000001 73718.80055000003 78 62
111677.99807500007 112063.84243750008 78 45
115664.60045000011 115891.17039583344 78 51
117277.97740000012 117662.59273333345 78 58
119254.53209166684 119411.82099166684 78 56
123991.4644416668 124882.55369166679 78 48
128595.06015000008 128754.63465000007 78 59
131888.28927500008 132495.89977500009 78 61
139895.93519166682 140788.21610833344 78 73
140938.7211500001 141230.96290000013 78 75
141731.0614416668 142658.67519166679 78 76
143479.53056666674 143628.4667666667 78 59
145510.08606666664 146130.26169166662 78 67
146130.26169166662 147035.3808166666 78 66
146735.3808166666 147393.27558333328 78 67
147351.1703166666 147521.8201708333 78 74
150426.31231666656 151090.6740916666 78 80
151650.63989999992 152342.73864999996 78 76
152244.69939999995 152893.54487708324 78 80
152857.43377499992 153343.82827499995 78 84
153343.82827499995 153793.91927499996 78 78
156043.04935833332 156431.39902499996 78 75
156431.39902499996 156917.793525 78 84
156917.793525 157367.884525 78 78
159617.01460833332 160005.36427499997 78 75
160005.36427499997 160491.75877499997 78 84
160491.75877499997 160941.84977499998 78 78
161869.08815 162355.48265 78 84
162355.48265 162805.57365 78 78
163113.663025 163600.057525 78 84
163600.057525 164050.14852500003 78 78
164988.171775 165303.96127499998 78 89
167344.61235833325 167620.1129104166 78 73
185007.62665 185269.68806666665 78 50
189043.11388333328 189253.4188833333 78 49
197982.1649416665 198923.0221916665 78 59
199232.3004416665 199839.9109416665 78 61
199680.3364416665 199883.7253604165 78 59
199839.9109416665 200303.82831666648 78 56
200518.7083999998 200699.43127499984 78 52
200699.43127499984 201103.47160833317 78 59
201103.47160833317 201260.23619166648 78 54
202375.23160833318 202820.7762333332 78 57
202820.7762333332 203167.3109416665 78 56
202969.2911083332 203266.32085833317 78 55
205502.62685833304 206437.95460833306 78 59
207023.44585833309 207342.59485833306 78 65
207183.02035833307 207383.83195833306 78 59
207342.59485833306 207806.51223333305 78 56
208021.39231666637 208202.11519166638 78 52
208202.11519166638 208606.15552499975 78 59
208815.99864999973 209030.88135833308 78 54
209877.91552499976 210471.9750249998 78 57
211675.25473333313 211866.6466499998 78 56
212684.31277499974 212855.51002499973 78 73
213545.6178166664 214436.70706666642 78 76
232992.95159999965 234270.43698958302 78 55
243130.5014333331 243463.8346833331 78 51
247802.447308333 249072.20074166634 78 49
257074.30572499955 257340.84722499954 78 46
260758.7159333329 261213.19672499958 78 45
263887.56489166623 264549.81639166625 78 44
265198.02351666626 265642.03818333294 78 43
269056.7910999995 269525.0807249995 78 41
272279.33680833277 272918.1288083328 78 41
273672.5038499995 274149.90268333285 78 40
279889.8740583329 280272.52705833287 78 37
281803.139058333 282208.30105833296 78 29
29761.16645833334 31327.609708333337 79 69
119638.04927500017 120864.90077500018 79 54
167109.23681666658 167405.58798333324 79 75
184385.29652499998 184745.34864999997 79 50
184800.90419166666 185111.79331666665 79 53
185217.05648333332 185590.55294166662 79 50
231145.8787666663 232423.36415624965 79 55
245955.3744749997 247232.859864583 79 49
256761.7378916662 257021.6741416662 79 47
261098.28064166624 261505.34147499962 79 46
264872.45739166625 265418.7740166662 79 44
269407.18397499947 269884.7622249995 79 42
273321.5630166661 273909.8643499995 79 40
13314.81095833334 13936.390958333342 80 50
21638.27100000002 22127.440000000017 80 56
31163.711083333335 31491.50833333334 80 54
31491.50833333334 31701.84490208334 80 50
38672.963749999995 39089.193499999994 80 65
46709.50024999997 47199.98191666663 80 53
47199.98191666663 47604.022249999965 80 54
47604.022249999965 47866.943916666634 80 58
48082.860624999965 48391.47487499997 80 57
48883.496249999975 49766.01724999997 80 56
50281.24474999997 50673.40174999997 80 61
50673.40174999997 50976.431999999964 80 65
51077.442083333306 51383.6505833333 80 61
51920.63824999997 52836.99099999997 80 66
55906.65824166663 56289.63704166663 80 47
56408.448941666626 56883.69654166663 80 63
56883.69654166663 57172.158041666626 80 58
57955.22441666662 58170.10449999996 80 64
58109.86354166663 58230.345458333286 80 62
58230.345458333286 58451.83745833329 80 61
58653.85762499997 58754.8677083333 80 64
58754.8677083333 59017.789374999964 80 65
59562.71033333331 60026.62770833331 80 62
64290.03945833331 65839.9859583333 80 76
71816.997 73208.2005 80 70
73048.0125 73368.38850000002 80 65
73368.38850000002 73688.76450000002 80 63
102724.88574166679 103208.75686666678 80 45
111350.11945000007 111844.66470000007 80 50
120555.62252500017 121071.08627500018 80 49
120864.90077500018 121174.17902500018 80 48
121383.76319166686 121523.87304791686 80 45
121493.6532750002 121688.70817291686 80 49
126787.02656666677 126991.2680562501 80 54
128382.29415000009 128595.06015000008 80 59
138055.1129416668 138982.72669166682 80 75
139576.78619166682 139943.80754166684 80 75
141134.80906666678 141328.52623333345 80 75
143166.76456666677 143479.53056666674 80 62
143585.91356666674 143745.48806666673 80 76
143796.5084833334 143943.56735833338 80 68
143993.07231666672 144192.08223333338 80 69
144192.08223333338 144393.59735833338 80 70
144393.59735833338 144546.65860833335 80 71
144598.20498333336 144757.278275 80 72
144808.82464999997 144935.83861666665 80 73
144935.83861666665 145068.94669166664 80 73
145068.94669166664 145196.47744166665 80 74
145208.5256333333 145355.19402499998 80 74
145355.19402499998 145510.08606666664 80 75
145510.08606666664 146130.26169166662 80 79
146735.3808166666 147393.27558333328 80 79
147955.65923333325 148871.46019166656 80 81
148565.33769166656 149221.16473958324 80 85
149190.60919166656 150726.31231666656 80 89
159042.78623333332 159327.15273333332 80 77
166886.94598333328 167166.7080666666 80 81
177095.1015666667 177716.6815666667 80 69
184593.83352499997 184955.54331666665 80 50
185644.90077499996 185918.43156666664 80 52
189148.2663833333 189305.50221666665 80 50
193574.5129666666 193703.1370083333 80 54
198613.74394166647 199520.7619416665 80 55
200303.82831666648 200518.7083999998 80 60
200458.46744166646 200578.94935833314 80 58
200578.94935833314 200800.44135833316 80 57
200901.4514416665 201207.6599416665 80 60
201744.6476083332 202672.2613583332 80 62
206140.92485833305 207183.02035833307 80 55
207806.51223333305 208021.39231666637 80 60
207961.15135833304 208081.6332749997 80 58
208081.6332749997 208303.12527499974 80 57
208404.13535833306 208710.34385833307 80 60
208606.15552499975 208869.0771916664 80 61
209247.33152499975 210174.94527499977 80 62
211376.6152749998 211576.6152749998 80 62
212468.06494166644 212629.36773333309 80 72
221775.5629833332 221891.35246666655 80 67
223887.20528333317 224074.7247833332 80 69
239762.68643333303 245003.48472499973 80 60
254572.18214166624 260479.54266458287 80 55
261446.68355833294 261864.96605833294 80 48
262524.2803916662 265034.33951666625 80 53
269764.1640583328 270186.7814749994 80 44
270846.0958083327 273437.7070166661 80 48
280272.52705833287 280655.1800583329 80 37
282208.30105833296 282592.0839874996 80 28
27431.96979166668 27720.43129166668 81 54
47199.98191666663 47604.022249999965 81 58
63960.36920833331 64596.16195833331 81 74
71496.69725000001 72116.997 81 73
117085.66973333346 117374.13123333346 81 60
124585.52394166679 125224.58344166678 81 54
127861.4387750001 128382.29415000009 81 61
135625.2799416668 137547.06640000016 81 70
137450.9125666668 138091.22404375015 81 76
138685.6969416668 139895.93519166682 81 74
143479.53056666674 143628.4667666667 81 70
146130.26169166662 147035.3808166666 81 78
155468.8209833333 155753.1874833333 81 77
159231.91465 159471.38348333334 81 77
166459.6981083333 166779.99102499997 81 77
237915.6135999997 238831.1998499997 81 58
252725.10930833293 253640.6955583329 81 55
11198.090708333339 13630.268458333341 82 68
21009.912625000015 21478.696500000016 82 58
31327.609708333337 31655.40695833334 82 59
38311.06033333333 38524.43916666667 82 64
38475.89545833333 38723.46879166666 82 66
45841.041999999965 46997.961749999966 82 66
46997.961749999966 47300.99199999996 82 62
47402.002083333304 47708.2105833333 82 67
48082.860624999965 48274.45357499997 82 67
48245.198249999965 49180.52599999997 82 68
50085.16624999997 50379.28399999997 82 64
50477.32324999997 50875.42191666663 82 61
51279.46224999997 51542.38391666664 82 65
53774.496208333294 54193.64520833329 82 59
54193.64520833329 54393.6452083333 82 59
54393.6452083333 54593.6452083333 82 60
54593.6452083333 54793.6452083333 82 61
54793.6452083333 54943.6452083333 82 62
54994.665624999965 55150.926916666634 82 64
55204.11841666663 55367.17474999997 82 65
55422.73029166663 55593.19949999996 82 66
55651.33904166663 55970.48804166663 82 54
56161.977441666626 56586.666791666634 82 60
56646.07274166663 57027.92729166663 82 65
57645.946166666625 57955.22441666662 82 70
58170.10449999996 58350.82737499996 82 55
58964.7108333333 59287.81862499996 82 67
100608.16549166679 103047.46649166678 82 61
110715.10982500007 111188.82907500007 82 52
121071.08627500018 121328.81815000018 82 51
125765.29769166678 126289.10715000013 82 54
155657.94939999998 155897.41823333333 82 77
166247.49202499999 166566.08110833328 82 83
174978.38131666667 177410.5590666667 82 95
185429.26256666664 185753.59644166665 82 56
189253.4188833333 189411.32529999997 82 51
197312.3649416665 198923.0221916665 82 54
199839.9109416665 200303.82831666648 82 66
200518.7083999998 200699.43127499984 82 52
201103.47160833317 201366.39327499983 82 63
203585.46985833315 203904.61885833312 82 68
203798.23585833312 204004.61885833312 82 58
204004.61885833312 204206.65969166643 82 60
204206.65969166643 204411.79327499974 82 62
204411.79327499974 204619.58964999975 82 63
204619.58964999975 204777.48439999972 82 66
204830.67589999974 204990.82235833304 82 68
205045.17019166637 205211.8505666664 82 70
205268.66873333303 205443.10306666637 82 71
205502.62685833304 206437.95460833306 82 67
207342.59485833306 207806.51223333305 82 66
208021.39231666637 208202.11519166638 82 52
208815.99864999973 209139.10644166643 82 63
210471.9750249998 211526.6152749998 82 60
212260.78323333312 212415.4333583331 82 71
236068.54076666635 236984.12701666635 82 60
250878.03647499965 251793.62272499962 82 55
262164.65439166623 262579.1936770829 82 47
270486.46980833274 270904.39232083276 82 44
280655.1800583329 281037.83305833297 82 36
282592.0839874996 282982.4029916662 82 28
46709.50024999997 47199.98191666663 83 62
48883.496249999975 49766.01724999997 83 66
53561.7302083333 53822.36855833329 83 65
55906.65824166663 56289.63704166663 83 57
56883.69654166663 57172.158041666626 83 69
125479.58344166678 125622.44056666679 83 51
125622.44056666679 126051.01194166679 83 54
126051.01194166679 126384.80310833346 83 57
126949.6014000001 127564.40902500012 83 64
143166.76456666677 143479.53056666674 83 73
145986.03094166663 146427.29144166663 83 63
182307.04494166674 184492.82344166664 83 61
189358.13379999995 189519.43659166663 83 52
193480.17084166658 193606.3600916666 83 56
198613.74394166647 199520.7619416665 83 61
203372.70385833315 203630.68263333314 83 61
206140.92485833305 207183.02035833307 83 61
234221.467933333 235137.054183333 83 62
249030.96364166634 249946.5498916663 83 55
20701.831875000014 21164.551750000017 84 56
110399.13761666673 110871.35982500007 84 50
118388.60740000014 118603.66123333348 84 50
166036.96569166667 166300.12360833332 84 79
192096.79971666652 192255.11221666654 84 59
212061.77331666645 212260.78323333312 84 70
232374.39509999965 233289.98134999967 84 62
247183.89080833303 248099.477058333 84 55
261804.3893499996 262524.2803916662 84 48
270126.2047666661 270846.0958083327 84 45
281037.83305833297 281420.48605833296 84 36
282982.4029916662 283357.25089166616 84 28
27287.739041666682 27576.20054166668 85 55
53351.717499999955 53774.496208333294 85 67
116889.82873333346 117277.97740000012 85 62
118711.18815000015 118872.47852500016 85 53
121658.48840000019 123402.49764166682 85 54
123369.16431666682 124288.4941916668 85 60
125179.58344166678 125551.01200416678 85 61
125551.01200416678 125765.29769166678 85 51
126336.72619166678 126531.87140000012 85 60
142860.38156666677 143166.76456666677 85 73
142966.76456666677 143266.76456666674 85 75
165619.202525 165931.702525 85 87
189465.08875833327 189630.56142499993 85 53
191854.04009166648 191965.77192499983 85 57
192018.12792499983 192175.74709166653 85 59
192175.74709166653 192281.5672583332 85 60
193387.57588333325 193511.42084166658 85 57
203167.3109416665 203585.46985833315 85 61
211866.6466499998 212061.77331666645 85 68
221880.82614999986 222004.88589999988 85 68
223766.7058666665 223948.93365833318 85 72
230527.32226666628 231442.9085166663 85 62
245336.81797499975 246252.40422499971 85 55
281420.48605833296 281803.139058333 85 35
283381.4366416662 283772.9234749995 85 28
119033.76890000017 119174.84721666685 86 55
123991.4644416668 124882.55369166679 86 57
155001.53139999998 155468.8209833333 86 86
158575.49665 159042.78623333332 86 86
165409.22444166665 165827.53585833334 86 82
191770.22550833315 191879.17975416651 86 57
27143.508291666683 27431.96979166668 87 56
52985.505874999966 53201.192124999965 87 63
53152.172499999964 53403.26387499996 87 68
116683.38773333345 116941.43898333346 87 65
119374.32099166684 119638.04927500017 87 57
147351.1703166666 147521.8201708333 87 88
155281.90514999998 155563.16056666663 87 79
158855.87039999999 159137.12581666664 87 79
165198.6981083333 165567.11919166666 87 82
189574.38163333328 189744.8508416666 87 54
191461.8608416665 191613.76059166648 87 55
191613.76059166648 191716.60271666647 87 57
191937.83896666652 192070.48392499986 87 58
192255.11221666654 192387.9502583332 87 61
202820.7762333332 203167.3109416665 87 66
202969.2911083332 203266.32085833317 87 65
211675.25473333313 211866.6466499998 87 67
221983.8332666665 222113.13709999988 87 70
223649.74278333317 223826.22965833318 87 74
281803.139058333 282208.30105833296 87 35
283807.76667499956 284223.3010583329 87 27
119638.04927500017 120864.90077500018 88 64
164777.64544166665 165198.6981083333 88 84
191158.95092499984 191310.98017499983 88 53
191310.98017499983 191436.60829999982 88 54
191537.6184666665 191639.1412999998 88 56
47604.022249999965 47866.943916666634 89 70
120555.62252500017 121071.08627500018 89 58
120864.90077500018 121174.17902500018 89 57
121383.76319166686 121523.87304791686 89 54
121493.6532750002 121688.70817291686 89 58
164567.1191083333 164988.171775 89 86
189687.3795916666 189861.8139249999 89 55
190849.39163333317 190979.3301333332 89 50
191005.10334166652 191133.4407166665 89 52
191235.22254999983 191386.35704999982 89 53
192334.75875833322 192441.42617499988 89 61
193296.66454999993 193418.2507166666 89 58
211376.6152749998 211576.6152749998 89 73
282208.30105833296 282592.0839874996 89 34
284271.5263708329 284793.91846666625 89 27
26059.693041666684 27431.96979166668 90 79
115857.62373333344 116786.60823333345 90 71
121071.08627500018 121328.81815000018 90 61
153496.88952499995 155281.90514999998 90 97
157070.85477499999 158855.87039999999 90 97
160644.82002499996 161902.42147499998 90 97
162508.54390000002 163152.55190416667 90 97
163753.118775 164672.38227499998 90 97
189802.99038333326 189944.64525833324 90 55
190529.11384166652 190665.73079999984 90 52
190692.0465916665 190823.34996666652 90 49
190927.51663333317 191030.87654999984 90 51
192414.68821666655 192521.7930916666 90 62
210471.9750249998 211526.6152749998 90 71
253189.02668333292 253640.6955583329 90 41
282592.0839874996 282982.4029916662 90 34
284793.91846666625 285436.9879749996 90 27
190189.24096666655 190333.25704999987 91 52
190361.5056333332 190501.48954999985 91 52
190611.38296666648 190770.99396666652 91 49
251341.9538499996 251793.62272499962 91 41
190012.23600833325 190160.17121666655 92 55
190276.11421666655 190389.7542166665 92 52
192494.6191749999 192606.0786749999 92 62
193207.37671666656 193326.78504999992 92 59
222090.9148833332 222227.31080833322 92 72
223536.09174166652 223707.88232499984 92 76
249494.8810166663 249946.5498916663 92 41
282982.4029916662 283357.25089166616 92 33
285436.9879749996 289568.01497499953 92 30
247647.80818333302 248099.477058333 93 41
189922.05488333327 190042.17613333324 94 57
192577.50725833324 192694.8547166666 94 62
245800.7353499997 246252.40422499971 94 41
283381.4366416662 283772.9234749995 94 33
190101.34771666655 190218.31071666654 95 52
190445.93396666652 190556.73813333316 95 52
190770.99396666652 190927.51663333317 95 50
191082.15863333317 191184.46113333318 95 52
191386.35704999982 191537.6184666665 95 55
191690.4247166665 191797.6980499998 95 57
192664.73421666658 192788.62667499992 95 64
193118.61934166658 193236.96250833324 95 61
283807.76667499956 284223.3010583329 96 32
192756.77954999992 192942.14679999993 97 66
193030.2100499999 193207.37671666656 97 62
222204.05499166655 222652.67007499986 97 73
223423.7321583332 223592.2715333332 97 78
284271.5263708329 284793.91846666625 97 32
192942.14679999993 193089.0335499999 99 64
222322.99982499986 223536.09174166652 99 92
284793.91846666625 285436.9879749996 99 32
192854.42754999993 192971.3865499999 101 65
285436.9879749996 289568.01497499953 101 36
