102528.15583333335 105695.00697291667 28 25
23249.668833333337 24424.668833333337 31 27
105645.89983333334 115577.48558333334 33 25
98083.71283333337 99605.31727708336 35 24
14052.420499999998 15163.5315 38 27
15163.5315 16312.5145 38 27
16312.5145 17403.423499999994 38 27
17403.423499999994 18547.941499999997 38 27
18547.941499999997 19730.465999999997 38 27
19730.465999999997 20895.515000000003 38 27
20895.515000000003 22017.402000000006 38 27
22017.402000000006 22829.68933333334 38 27
2.3809520833333333 1171.4284999999998 40 34
1171.4284999999998 2303.5035 40 34
2303.5035 3446.3605000000002 40 34
3446.3605000000002 4617.789 40 34
4617.789 5749.8640000000005 40 34
5749.8640000000005 6816.342083333334 40 31
6915.352000000001 8080.84 40 30
8080.84 9000.986499999999 40 28
9327.073499999999 10509.597999999998 40 27
10509.597999999998 11641.672999999999 40 27
11641.672999999999 12802.420499999998 40 27
12802.420499999998 13453.462166666664 40 27
64544.097083333356 65676.17208333334 40 25
65676.17208333334 66830.01808333333 40 25
66830.01808333333 67951.51308333332 40 25
67951.51308333332 69173.59758333332 40 24
69173.59758333332 70311.06358333332 40 24
70311.06358333332 71453.92058333333 40 24
71453.92058333333 72262.06324999999 40 24
72676.58208333333 73527.71833333332 40 23
81824.53783333334 82973.09983333336 40 23
82973.09983333336 84116.06033333334 40 23
84116.06033333334 85270.33333333334 40 23
85270.33333333334 86181.95918958336 40 23
96704.40283333337 98130.00911458336 40 30
99565.19383333335 102580.62495208335 40 25
102528.15583333335 105695.00697291667 40 30
105912.19054166667 115577.48558333334 40 30
62279.947083333354 63412.02208333335 41 26
63412.02208333335 64544.097083333356 41 25
22623.50383333334 23269.668833333337 42 22
55375.86408333335 56502.649083333345 42 36
56502.649083333345 57614.14108333334 42 34
57614.14108333334 58725.25208333335 42 31
58725.25208333335 59868.109083333344 42 28
59868.109083333344 61120.28308333335 42 26
61120.28308333335 62279.947083333354 42 26
1737.4659999999997 2329.6939729166666 43 28
4017.7890000000007 4641.373895833333 43 27
6321.2925000000005 6941.542472916667 43 26
8674.8995 9348.918168749999 43 22
11075.635499999999 11667.373927083332 43 23
13427.420499999998 14063.994572916665 43 22
15724.278999999999 16337.514497916665 43 23
17953.881999999998 18575.441499999997 43 22
20312.9905 20920.744347916672 43 23
23249.668833333337 24424.668833333337 43 33
24449.668833333333 25310.10783333333 43 25
25760.851166666664 26937.774166666666 43 23
26937.774166666666 28059.26916666667 43 23
28059.26916666667 29150.17816666667 43 24
29150.17816666667 30241.087166666668 43 25
30241.087166666668 31342.097166666666 43 26
31342.097166666666 32474.172166666664 43 27
19147.941499999994 19757.16503958333 44 23
21445.973500000004 22059.902000000006 44 23
18547.941499999997 19730.465999999997 45 33
19730.465999999997 20895.515000000003 45 33
20895.515000000003 22017.402000000006 45 33
22017.402000000006 22829.68933333334 45 33
37187.64408333334 38353.132083333345 45 27
38353.132083333345 39474.62708333334 45 27
39474.62708333334 40565.53608333333 45 27
40565.53608333333 41237.73283333334 45 27
41730.84108333334 42890.93808333334 45 27
42890.93808333334 44044.78408333333 45 27
44044.78408333333 45166.279083333335 45 28
45166.279083333335 46304.35908333333 45 27
46304.35908333333 47415.66672916667 45 27
47439.93858333333 48341.65729166666 45 31
48683.76258333334 49821.22858333334 45 36
49821.22858333334 50942.72358333333 45 36
50942.72358333333 52033.63258333334 45 36
52033.63258333334 53124.54158333333 45 36
53124.54158333333 53772.68966666667 45 36
54248.88008333334 55375.86408333335 45 36
66253.09508333333 66855.71901041667 45 20
68528.43608333332 69192.46549999998 45 19
70882.49208333333 71481.42058333333 45 19
73312.6645 74001.00093541667 45 18
83539.13733333335 84142.00371875 45 18
85836.37083333335 88824.60633333336 45 18
571.4284999999999 1197.3718854166664 46 28
2874.9320000000002 3486.836685416667 46 28
5183.8265 5776.054472916667 46 27
7486.7805 8122.919214583334 46 25
9909.597999999998 10535.541385416665 46 23
12202.420499999998 12846.691333333332 46 23
14607.975999999999 15189.232427083332 46 23
16857.968999999997 17442.41431041666 46 23
2.3809520833333333 1171.4284999999998 47 40
1171.4284999999998 2303.5035 47 40
2303.5035 3446.3605000000002 47 40
3446.3605000000002 4617.789 47 40
4617.789 5749.8640000000005 47 40
5749.8640000000005 6816.342083333334 47 38
6915.352000000001 8080.84 47 36
8080.84 9000.986499999999 47 35
9327.073499999999 10509.597999999998 47 33
10509.597999999998 11641.672999999999 47 33
11641.672999999999 12802.420499999998 47 33
12802.420499999998 13453.462166666664 47 33
14052.420499999998 15163.5315 47 33
15163.5315 16312.5145 47 33
16312.5145 17403.423499999994 47 33
17403.423499999994 18547.941499999997 47 33
32474.172166666664 33614.333666666666 47 27
33614.333666666666 34701.22591666667 47 27
34806.48908333334 35977.91758333334 47 27
35977.91758333334 36562.64395833334 47 27
63978.05958333336 64570.04046875002 47 20
65110.13458333335 65702.61438750001 47 20
67390.76558333333 67992.37846249998 47 20
69739.63508333333 70337.25405624999 47 19
72057.98158333333 72721.31892916665 47 19
82390.57533333334 82999.04321875001 47 18
84682.09783333335 85310.42765625002 47 18
98083.71283333337 99605.31727708336 47 28
99565.19383333335 102580.62495208335 47 30
54804.43558333335 55401.80746875001 48 29
57048.103583333344 57639.60404375001 48 27
59296.68058333334 59900.609083333344 48 20
61691.71158333335 62305.89046875002 48 22
64544.097083333356 65676.17208333334 48 30
65676.17208333334 66830.01808333333 48 29
66830.01808333333 67951.51308333332 48 29
67951.51308333332 69173.59758333332 48 29
69173.59758333332 70311.06358333332 48 29
70311.06358333332 71453.92058333333 48 28
71453.92058333333 72262.06324999999 48 28
72676.58208333333 73527.71833333332 48 28
81824.53783333334 82973.09983333336 48 27
82973.09983333336 84116.06033333334 48 27
84116.06033333334 85270.33333333334 48 27
85270.33333333334 86181.95918958336 48 27
106166.47654166668 115577.48558333334 48 31
45721.83458333333 46335.01944791667 49 22
48052.18358333333 48709.70596875 49 28
50381.976083333335 50965.450854166666 49 29
52579.08708333333 53150.00454375 49 30
24449.668833333333 25310.10783333333 50 29
25760.851166666664 26937.774166666666 50 27
26937.774166666666 28059.26916666667 50 27
28059.26916666667 29150.17816666667 50 29
29150.17816666667 30241.087166666668 50 30
30241.087166666668 31342.097166666666 50 31
31342.097166666666 32474.172166666664 50 33
34185.76216666667 34833.98908333334 50 23
36549.34608333334 37199.54884375001 50 22
38913.87958333334 39499.62708125001 50 23
41140.64541666667 41752.067489583336 50 22
43467.86108333333 44070.48501041667 50 23
46857.41408333333 47467.9998125 50 25
49249.800083333335 49860.94819791667 50 30
51488.17808333334 52058.63258125 50 30
53680.097083333334 54288.23193125001 50 30
55941.90158333335 56527.64908125001 50 29
58169.696583333345 58765.72826875001 50 25
60468.109083333344 61146.473556250014 50 22
62845.98458333335 63452.11640625002 50 22
101972.60045833334 105695.00697291667 50 31
25090.327666666668 25787.293470833334 51 19
27498.521666666667 28077.450983333336 51 18
29695.63266666667 30266.087164583332 51 22
31908.134666666665 32500.11555208333 51 22
42296.87858333334 42917.3803875 51 23
44605.53158333334 45205.63093125001 51 23
46304.35908333333 47415.66672916667 51 33
47439.93858333333 48341.65729166666 51 38
48683.76258333334 49821.22858333334 51 44
49821.22858333334 50942.72358333333 51 44
50942.72358333333 52033.63258333334 51 44
52033.63258333334 53124.54158333333 51 44
53124.54158333333 53772.68966666667 51 44
54248.88008333334 55375.86408333335 51 44
55375.86408333335 56502.649083333345 51 44
56502.649083333345 57614.14108333334 51 40
57614.14108333334 58725.25208333335 51 38
58725.25208333335 59868.109083333344 51 34
59868.109083333344 61120.28308333335 51 31
61120.28308333335 62279.947083333354 51 31
62279.947083333354 63412.02208333335 51 30
63412.02208333335 64544.097083333356 51 30
98083.71283333337 99605.31727708336 51 30
23849.668833333337 24478.616204166665 52 22
26337.774166666666 26977.49378125 52 18
28604.72366666667 29175.178164583336 52 20
30786.541666666664 31382.191489583332 52 23
41730.84108333334 42890.93808333334 52 33
42890.93808333334 44044.78408333333 52 33
44044.78408333333 45166.279083333335 52 28
45166.279083333335 46304.35908333333 52 33
96704.40283333337 98130.00911458336 52 31
99565.19383333335 102157.78558333335 52 31
102157.78558333335 105695.00697291667 52 31
106411.05612500002 115577.48558333334 52 31
33042.905166666664 33640.52413958334 53 23
35406.48908333334 36018.39376875001 53 23
37759.07258333334 38378.833010416674 53 23
40020.08158333334 40606.01226875 53 23
82390.57533333334 82999.04321875001 53 23
83539.13733333335 84142.00371875 53 23
84682.09783333335 85310.42765625002 53 23
85836.37083333335 88824.60633333336 53 22
21445.973500000004 22059.902000000006 54 27
22623.50383333334 23269.668833333337 54 26
32474.172166666664 33614.333666666666 54 33
33614.333666666666 34701.22591666667 54 33
34806.48908333334 35977.91758333334 54 33
35977.91758333334 36562.64395833334 54 33
37187.64408333334 38353.132083333345 54 33
38353.132083333345 39474.62708333334 54 33
39474.62708333334 40565.53608333333 54 33
40565.53608333333 41237.73283333334 54 33
98083.71283333337 99605.31727708336 54 30
571.4284999999999 1197.3718854166664 55 34
1737.4659999999997 2329.6939729166666 55 34
2874.9320000000002 3486.836685416667 55 34
4017.7890000000007 4641.373895833333 55 33
5183.8265 5776.054472916667 55 33
6321.2925000000005 6941.542472916667 55 31
7486.7805 8122.919214583334 55 29
8674.8995 9348.918168749999 55 26
9909.597999999998 10535.541385416665 55 27
11075.635499999999 11667.373927083332 55 27
12202.420499999998 12846.691333333332 55 27
13427.420499999998 14063.994572916665 55 26
14607.975999999999 15189.232427083332 55 27
15724.278999999999 16337.514497916665 55 27
16857.968999999997 17442.41431041666 55 27
17953.881999999998 18575.441499999997 55 26
19147.941499999994 19757.16503958333 55 27
20312.9905 20920.744347916672 55 27
23849.668833333337 24478.616204166665 55 26
25090.327666666668 25787.293470833334 55 24
26337.774166666666 26977.49378125 55 23
27498.521666666667 28077.450983333336 55 22
28604.72366666667 29175.178164583336 55 25
29695.63266666667 30266.087164583332 55 26
30786.541666666664 31382.191489583332 55 27
31908.134666666665 32500.11555208333 55 26
96704.40283333337 98130.00911458336 56 31
99565.19383333335 102157.78558333335 56 31
102342.97070833335 105695.00697291667 56 31
22623.50383333334 23269.668833333337 57 41
55941.90158333335 56527.64908125001 57 35
57048.103583333344 57639.60404375001 57 33
58169.696583333345 58765.72826875001 57 30
59296.68058333334 59900.609083333344 57 26
60468.109083333344 61146.473556250014 57 26
61691.71158333335 62305.89046875002 57 26
62845.98458333335 63452.11640625002 57 26
63978.05958333336 64570.04046875002 57 24
65110.13458333335 65702.61438750001 57 25
66253.09508333333 66855.71901041667 57 25
67390.76558333333 67992.37846249998 57 24
68528.43608333332 69192.46549999998 57 23
69739.63508333333 70337.25405624999 57 24
70882.49208333333 71481.42058333333 57 24
72057.98158333333 72721.31892916665 57 23
73312.6645 74001.00093541667 57 22
93389.82433333337 96744.63270833337 57 35
106645.46929166667 115577.48558333334 57 38
13453.462166666664 14077.883460416664 59 41
23249.668833333337 24449.668833333333 59 52
24449.668833333333 25421.218916666665 59 48
25421.218916666665 25760.851166666664 59 44
25760.851166666664 30266.087164583332 59 46
94095.70683333337 95400.05483333337 59 39
95400.05483333337 96378.31583333337 59 44
96378.31583333337 96704.40283333337 59 42
96704.40283333337 98083.71283333337 59 38
98083.71283333337 99565.19383333335 59 37
99565.19383333335 102157.78558333335 59 38
102528.15583333335 105645.89983333334 59 38
53680.097083333334 54288.23193125001 60 36
54804.43558333335 55401.80746875001 60 35
78631.55533333335 79329.80078333335 60 42
104750.37733333335 105695.00697291667 60 38
44605.53158333334 45205.63093125001 61 27
45721.83458333333 46335.01944791667 61 26
46857.41408333333 47467.9998125 61 29
48052.18358333333 48709.70596875 61 34
49249.800083333335 49860.94819791667 61 36
50381.976083333335 50965.450854166666 61 35
51488.17808333334 52058.63258125 61 36
52579.08708333333 53150.00454375 61 36
14063.994572916665 20312.9905 62 55
20895.515000000003 22829.68933333334 62 53
33042.905166666664 33640.52413958334 62 27
34185.76216666667 34833.98908333334 62 27
35406.48908333334 36018.39376875001 62 27
36549.34608333334 37199.54884375001 62 26
37759.07258333334 38378.833010416674 62 27
38913.87958333334 39499.62708125001 62 27
40020.08158333334 40606.01226875 62 27
41140.64541666667 41752.067489583336 62 26
42296.87858333334 42917.3803875 62 27
43467.86108333333 44070.48501041667 62 27
79298.22183333336 80561.37983333335 62 46
80561.37983333335 81508.74833333334 62 44
81508.74833333334 81824.53783333334 62 42
81824.53783333334 88824.60633333336 62 46
88824.60633333336 90781.12833333337 62 46
91433.30233333337 94095.70683333337 62 46
9327.073499999999 14052.420499999998 64 55
20312.9905 20920.744347916672 64 51
45721.83458333333 46335.01944791667 64 46
68528.43608333332 69192.46549999998 64 47
90781.12833333337 91476.78060000004 64 42
69197.18247916666 74001.00093541667 65 49
73964.88983333333 75964.88933333334 65 46
76631.55583333335 79298.22183333336 65 46
90618.08483333337 91433.30233333337 65 37
20167.359375 20895.515000000003 66 44
36562.64395833334 37209.07265208334 66 53
46304.35908333333 47439.93858333333 66 53
47439.93858333333 48367.97308333333 66 58
48367.97308333333 48683.76258333334 66 56
48683.76258333334 53150.00454375 66 63
75964.88933333334 76673.22248958335 67 42
37199.54884375001 41752.067489583336 69 59
41730.84108333334 43467.86108333333 69 51
44044.78408333333 46304.35908333333 69 51
61120.28308333335 69173.59758333332 69 55
75798.22270833334 76631.55583333335 69 37
34806.48908333334 36562.64395833334 71 62
43467.86108333333 44070.48501041667 71 47
43323.630333333334 44044.78408333333 73 38
