65754.43675833332 67612.47382083331 24 27
72893.83875833334 74729.65988333336 26 57
49086.551625000015 52646.074687500026 27 52
47298.532958333344 49119.16031250001 28 49
56723.838141666696 58617.57894583336 28 18
78471.39570000002 82818.30218333336 28 67
45654.69695833335 47323.53296250001 29 48
63936.25475833334 65796.10342916666 29 33
67572.61875833332 69326.67413333333 29 33
32151.70295833334 34389.798625 31 39
44010.860958333345 45685.518883333345 31 48
71102.79375833336 72927.42085208335 31 48
74684.88375833335 76597.2575416667 31 54
52606.21962500002 54374.33512500003 32 61
42271.73095833335 44045.10754166668 33 43
62118.07275833335 63936.25475833334 33 28
63708.98200833335 63966.55779166667 33 33
18978.90046666666 19160.71866666666 34 40
20797.08246666667 20978.900666666672 34 58
69311.74875833333 71102.79375833336 34 39
70878.91313333334 71136.37585208335 34 46
1714.286 3478.5720083333335 35 55
10432.903666666665 12249.693010416666 35 60
17342.53666666666 19069.80956666666 35 68
19069.80956666666 19251.62776666666 35 40
19251.62776666666 19433.445966666663 35 40
19433.445966666663 19615.264166666668 35 40
19615.264166666668 19766.779333333332 35 40
19797.082366666666 19978.900566666667 35 40
19978.900566666667 20160.71876666667 35 41
20160.71876666667 20342.53696666667 35 45
20342.53696666667 20524.355166666668 35 49
20524.355166666668 20675.870333333336 35 53
20706.17336666667 20887.99156666667 35 56
20887.99156666667 21009.203700000005 35 61
30360.657958333337 32203.786302083336 35 36
42063.397583333346 42289.84689583335 35 43
54345.34962500003 56766.7513354167 35 53
58560.76075833336 60433.29057083335 35 27
76564.99947500002 78600.70607500002 35 56
38961.22795833335 40643.258410416674 36 56
40605.06395833335 42271.73095833335 36 48
65754.43675833332 67612.47382083331 36 32
13864.276666666665 15661.377666666665 37 64
19160.71866666666 19278.14292083333 37 40
19342.53686666666 19524.355066666663 37 40
19524.355066666663 19706.17326666667 37 40
19706.17326666667 19887.991466666666 37 40
19887.991466666666 20069.809666666668 37 39
20069.809666666668 20251.62786666667 37 44
20251.62786666667 20372.840000000004 37 47
20433.446066666667 20615.264266666672 37 51
20615.264266666672 20797.08246666667 37 54
20978.900666666672 22823.59782083334 37 62
27964.13585833334 28124.90758333334 37 44
26260.598250000006 26365.075875000006 38 44
37246.94195833335 38995.474541666685 38 53
72893.83875833334 74729.65988333336 38 68
24648.657750000002 26350.150500000003 39 54
26350.150500000003 26512.13470833334 39 44
26527.060083333337 26661.38845833334 39 43
26706.843008333337 26812.903625000003 39 43
26889.826708333338 27044.874791666673 39 42
27076.124791666673 27265.856941666672 39 40
27265.856941666672 27443.020291666675 39 40
27459.41373333334 27606.95470833334 39 42
27656.95470833334 27856.954708333342 39 43
27856.954708333342 28124.90758333334 39 43
28071.31700833334 28341.357808333338 39 44
49086.551625000015 52646.074687500026 39 62
14.285716666666668 1757.1431499999999 40 61
3428.572 5175.0008625 40 66
26438.60529166667 26556.91083333334 40 44
26616.612333333338 26797.752108333338 40 43
26797.752108333338 26966.749791666673 40 42
26982.374791666673 27122.999791666673 40 42
27170.618841666674 27281.72995833334 40 41
27362.375125000006 27557.774383333337 40 41
27557.774383333337 27690.288041666674 40 42
27756.95470833334 28035.58995833334 40 43
28197.05765833334 28485.657958333337 40 43
28485.657958333337 30416.628114583338 40 34
47298.532958333344 49119.16031250001 40 57
56723.838141666696 58617.57894583336 40 22
60378.94275833335 62171.103066666685 40 30
35318.37020833334 35546.94167500002 41 52
45654.69695833335 47323.53296250001 41 56
63936.25475833334 65796.10342916666 41 40
67572.61875833332 69326.67413333333 41 39
6927.572666666666 10447.609549999997 42 63
22797.082666666673 24473.21916666667 42 68
24395.09416666667 24678.508500000004 42 54
28341.357808333338 28513.001708333337 42 51
33818.36995833334 35532.655958333344 43 42
44010.860958333345 45654.69695833335 43 57
45449.21745833335 45685.518883333345 43 56
71102.79375833336 72927.42085208335 43 57
74684.88375833335 76597.2575416667 43 64
6694.399583333334 6968.617447916667 44 64
5142.858 6771.322666666666 45 64
15603.406666666664 17342.53666666666 45 64
17125.145416666663 17372.839699999993 45 68
42271.73095833335 44045.10754166668 45 52
62118.07275833335 63936.25475833334 45 33
63708.98200833335 63966.55779166667 45 39
69311.74875833333 71102.79375833336 46 47
70878.91313333334 71136.37585208335 46 55
571.4286666666667 1714.286 47 52
2285.7146666666663 3142.857666666667 47 51
4000.000666666667 5142.858 47 46
12197.609666666665 13864.276666666665 47 58
13655.943291666665 13893.262166666664 47 62
27044.874791666673 27756.95470833334 47 42
29110.657958333337 30360.657958333337 47 25
30957.672958333336 31853.195458333335 47 27
32707.25862500001 33818.36995833334 47 28
34389.798625 35246.94162500001 47 30
42063.397583333346 42289.84689583335 47 52
55014.87105833336 55988.183391666695 47 39
57348.63942500003 58560.76075833336 47 21
59166.821425000024 60151.670008333356 47 24
60958.65275833335 62118.07275833335 47 25
76564.99947500002 78600.70607500002 47 67
36104.08462500001 37246.94195833335 48 40
40605.06395833335 42271.73095833335 48 57
62724.133425000015 63708.98200833335 48 31
64542.315425 65754.43675833332 48 27
66360.497425 67345.34600833332 48 24
68152.32875833331 69311.74875833333 48 28
5718.427333333333 6540.553416666667 49 46
7524.587666666666 8718.617666666667 49 45
9290.046333333332 10147.189333333332 49 42
25245.672750000005 26185.971375000005 49 42
32151.70295833334 33262.81429166667 50 29
33262.81429166667 34389.798625 50 22
33818.36995833334 34961.22729166668 50 34
34961.22729166668 35546.94167500002 50 24
37818.37062500002 38961.22795833335 50 43
69908.76375833334 70804.28625833333 50 39
71699.80875833335 72893.83875833334 50 46
73490.85375833334 74461.00313333335 50 55
75281.89875833335 76564.99947500002 50 55
1714.286 2857.143333333333 51 45
2857.143333333333 3478.5720083333335 51 38
11021.138999999997 12197.609666666665 51 42
12753.165333333332 13655.943291666665 51 44
19766.779333333332 20433.446066666667 51 45
30360.657958333337 31554.687958333336 51 28
31554.687958333336 32203.786302083336 51 22
49666.26162500002 50390.89912500002 51 62
51446.79962500002 52316.36462500002 51 57
53185.929625000026 54055.49462500003 51 45
54345.34962500003 55784.10172500003 51 45
55784.10172500003 56766.7513354167 51 33
58560.76075833336 59772.88209166669 51 24
59772.88209166669 60433.29057083335 51 19
77230.59087500002 78342.08532500001 51 64
14.285716666666668 1142.8573333333334 52 49
1142.8573333333334 1728.5717166666666 52 39
3428.572 4571.4293333333335 52 50
4571.4293333333335 5175.0008625 52 33
5142.858 5939.015583333333 52 50
6313.280666666667 6968.617447916667 52 34
14443.986666666664 15603.406666666664 52 48
16183.116666666663 17052.68166666666 52 45
17948.597333333324 18948.597433333325 52 45
21584.961333333336 22797.082666666673 52 49
23403.143333333337 24160.71916666667 52 45
28485.657958333337 29735.657958333337 52 27
29735.657958333337 30416.628114583338 52 21
39509.17329166668 40605.06395833335 52 46
41160.619625000014 41993.953125000015 52 52
42851.44095833335 44010.860958333345 52 58
44558.806291666675 45380.72429166667 52 58
56723.838141666696 57954.700091666695 52 24
57954.700091666695 58617.57894583336 52 19
60378.94275833335 61538.36275833335 52 29
61538.36275833335 62171.103066666685 52 21
62118.07275833335 63330.19409166668 52 30
63330.19409166668 63966.55779166667 52 25
65754.43675833332 66966.55809166665 52 25
66966.55809166665 67612.47382083331 52 20
79245.86740833335 80536.19007500002 52 66
81250.47574166668 82143.33282500003 52 67
46202.642291666685 47298.532958333344 53 59
63936.25475833334 65148.376091666665 53 33
65148.376091666665 65796.10342916666 53 24
67572.61875833332 68732.03875833332 53 31
68732.03875833332 69326.67413333333 53 25
69311.74875833333 70505.77875833334 53 39
70505.77875833334 71136.37585208335 53 30
1714.286 2857.143333333333 54 54
2857.143333333333 3478.5720083333335 54 45
6927.572666666666 8121.602666666666 54 54
8121.602666666666 8775.760533333332 54 36
8718.617666666667 9861.474999999999 54 52
9861.474999999999 10447.609549999997 54 31
10432.903666666665 11609.374333333331 54 50
11609.374333333331 12249.693010416666 54 34
15603.406666666664 16762.82666666666 54 51
16762.82666666666 17372.839699999993 54 36
17342.53666666666 18554.657999999992 54 54
18554.657999999992 19251.62776666666 54 37
19160.71866666666 19797.082366666666 54 54
20372.840000000004 21009.203700000005 54 42
22797.082666666673 24009.204000000005 54 54
24009.204000000005 24678.508500000004 54 34
24648.657750000002 25842.687750000005 54 42
25842.687750000005 26512.13470833334 54 34
26438.60529166667 27076.124791666673 54 43
27690.288041666674 28513.001708333337 54 28
30360.657958333337 31554.687958333336 54 34
31554.687958333336 32203.786302083336 54 27
58560.76075833336 59772.88209166669 54 30
59772.88209166669 60433.29057083335 54 24
72893.83875833334 74087.86875833334 54 51
74087.86875833334 74729.65988333336 54 52
76564.99947500002 77497.25754166668 54 42
77911.05074166668 78632.96414166669 54 42
32151.70295833334 33262.81429166667 55 34
33262.81429166667 34389.798625 55 27
33818.36995833334 34961.22729166668 55 40
34961.22729166668 35546.94167500002 55 30
35532.655958333344 36675.513291666684 55 49
36675.513291666684 37282.656250000015 55 40
37246.94195833335 38389.799291666684 55 44
38389.799291666684 38995.474541666685 55 37
38961.22795833335 40057.11862500002 55 47
40057.11862500002 40643.258410416674 55 39
40605.06395833335 41716.17529166668 55 49
41716.17529166668 42289.84689583335 55 42
47869.96162500001 49086.551625000015 55 61
50867.08962500002 52026.50962500002 55 60
52026.50962500002 52646.074687500026 55 48
65754.43675833332 66966.55809166665 55 29
66966.55809166665 67612.47382083331 55 25
71102.79375833336 72296.82375833334 55 34
72296.82375833334 72927.42085208335 55 36
74684.88375833335 75371.45100833336 55 51
75919.83814166668 76597.2575416667 55 39
14.285716666666668 1142.8573333333334 56 58
1142.8573333333334 1728.5717166666666 56 48
3428.572 4571.4293333333335 56 60
4571.4293333333335 5175.0008625 56 40
12197.609666666665 13308.720999999998 56 50
13308.720999999998 13893.262166666664 56 37
13864.276666666665 15023.696666666665 56 48
15023.696666666665 15661.377666666665 56 37
20978.900666666672 22191.022000000004 56 59
22191.022000000004 22823.59782083334 56 38
28485.657958333337 29735.657958333337 56 32
29735.657958333337 30416.628114583338 56 25
49086.551625000015 50245.97162500002 56 60
50245.97162500002 50917.81425000002 56 48
52606.21962500002 53765.639625000025 56 63
53765.639625000025 54374.33512500003 56 45
54345.34962500003 55784.10172500003 56 54
56723.838141666696 57954.700091666695 56 28
57954.700091666695 58617.57894583336 56 22
60378.94275833335 61538.36275833335 56 34
61538.36275833335 62171.103066666685 56 25
78600.70607500002 79891.02874166668 56 54
79891.02874166668 81250.47574166668 56 50
80536.19007500002 81964.76140833336 56 54
81964.76140833336 82818.30218333336 56 48
5142.858 5939.015583333333 57 59
6313.280666666667 6968.617447916667 57 42
6927.572666666666 8121.602666666666 57 64
8121.602666666666 8775.760533333332 57 43
8718.617666666667 9861.474999999999 57 61
9861.474999999999 10447.609549999997 57 37
24648.657750000002 25842.687750000005 57 50
25842.687750000005 26512.13470833334 57 42
26438.60529166667 27076.124791666673 57 51
27690.288041666674 28513.001708333337 57 33
42271.73095833335 43431.150958333346 57 54
43431.150958333346 44045.10754166668 57 45
55784.10172500003 56766.7513354167 57 39
62118.07275833335 63330.19409166668 57 36
63330.19409166668 63966.55779166667 57 31
63936.25475833334 65148.376091666665 57 39
65148.376091666665 65796.10342916666 57 28
67572.61875833332 68732.03875833332 57 37
68732.03875833332 69326.67413333333 57 30
72893.83875833334 74087.86875833334 57 60
74087.86875833334 74729.65988333336 57 52
22797.082666666673 24009.204000000005 58 64
24009.204000000005 24678.508500000004 58 42
37246.94195833335 38389.799291666684 58 52
38389.799291666684 38995.474541666685 58 43
38961.22795833335 40057.11862500002 58 56
40057.11862500002 40643.258410416674 58 48
44010.860958333345 45106.75162500001 58 56
45106.75162500001 45685.518883333345 58 46
45654.69695833335 46750.587625000015 58 59
46750.587625000015 47323.53296250001 58 46
47298.532958333344 48441.39029166668 58 60
48441.39029166668 49119.16031250001 58 47
52026.50962500002 52646.074687500026 58 57
69311.74875833333 70505.77875833334 58 47
70505.77875833334 71136.37585208335 58 36
71102.79375833336 72296.82375833334 58 56
72296.82375833334 72927.42085208335 58 51
3.571429166666667 1728.5717166666666 59 80
1714.286 3428.572 59 74
3142.857666666667 3478.5720083333335 59 77
3428.572 5175.0008625 59 80
10432.903666666665 11609.374333333331 59 60
11609.374333333331 12249.693010416666 59 42
12197.609666666665 13308.720999999998 59 60
13308.720999999998 13893.262166666664 59 44
13864.276666666665 15023.696666666665 59 57
15023.696666666665 15661.377666666665 59 44
17342.53666666666 18554.657999999992 59 64
18554.657999999992 19251.62776666666 59 43
19160.71866666666 19797.082366666666 59 64
20372.840000000004 21009.203700000005 59 49
20978.900666666672 22191.022000000004 59 70
22191.022000000004 22823.59782083334 59 46
28035.58995833334 28513.001708333337 59 46
28485.657958333337 30416.628114583338 59 41
30360.657958333337 32151.70295833334 59 44
31853.195458333335 34389.798625 59 47
33818.36995833334 35318.37020833334 59 51
35246.94162500001 35546.94167500002 59 61
54055.49462500003 54374.33512500003 59 71
54345.34962500003 56723.838141666696 59 69
56233.40164166669 56766.7513354167 59 44
56723.838141666696 58617.57894583336 59 36
58560.76075833336 60378.94275833335 59 39
60151.670008333356 60433.29057083335 59 40
60378.94275833335 62171.103066666685 59 42
74684.88375833335 75371.45100833336 59 60
75919.83814166668 76597.2575416667 59 55
76564.99947500002 77497.25754166668 59 70
77911.05074166668 78632.96414166669 59 59
78600.70607500002 79891.02874166668 59 76
79891.02874166668 81250.47574166668 59 59
80536.19007500002 81964.76140833336 59 76
35532.655958333344 37282.656250000015 60 62
40605.06395833335 41716.17529166668 60 58
41716.17529166668 42289.84689583335 60 50
49086.551625000015 50245.97162500002 60 72
50245.97162500002 50917.81425000002 60 57
50867.08962500002 52026.50962500002 60 72
52606.21962500002 54345.34962500003 60 75
62118.07275833335 63966.55779166667 60 45
63936.25475833334 65796.10342916666 60 49
65754.43675833332 67572.61875833332 60 42
67345.34600833332 67612.47382083331 60 45
67572.61875833332 69326.67413333333 60 46
5142.858 6968.617447916667 61 75
6927.572666666666 8775.760533333332 61 76
15603.406666666664 16762.82666666666 61 60
16762.82666666666 17372.839699999993 61 43
24316.96916666667 28071.31700833334 61 64
42271.73095833335 43431.150958333346 61 65
43431.150958333346 44045.10754166668 61 53
44010.860958333345 45106.75162500001 61 66
45106.75162500001 45685.518883333345 61 54
45654.69695833335 46750.587625000015 61 70
46750.587625000015 47323.53296250001 61 55
47298.532958333344 48441.39029166668 61 71
48441.39029166668 49119.16031250001 61 56
52316.36462500002 52646.074687500026 61 78
37246.94195833335 38995.474541666685 62 66
69311.74875833333 70878.91313333334 62 62
70804.28625833333 71136.37585208335 62 70
71102.79375833336 72927.42085208335 62 61
72893.83875833334 74684.88375833335 62 74
74461.00313333335 76597.2575416667 62 73
8718.617666666667 10432.903666666665 63 78
10147.189333333332 12249.693010416666 63 75
12197.609666666665 13893.262166666664 63 73
19160.71866666666 21009.203700000005 63 85
20978.900666666672 22823.59782083334 63 90
22797.082666666673 24395.09416666667 63 80
50245.97162500002 50917.81425000002 63 91
50867.08962500002 52606.21962500002 63 88
76564.99947500002 78471.39570000002 63 84
13864.276666666665 15661.377666666665 64 75
15603.406666666664 17125.145416666663 64 76
17052.68166666666 19251.62776666666 64 80
38961.22795833335 40643.258410416674 64 72
40605.06395833335 42063.397583333346 64 76
41993.953125000015 42289.84689583335 64 80
42271.73095833335 44045.10754166668 64 83
44010.860958333345 45449.21745833335 64 86
45380.72429166667 45685.518883333345 64 87
78342.08532500001 78632.96414166669 64 82
78600.70607500002 81250.47574166668 64 89
80536.19007500002 82771.98445000002 64 88
82396.79682500003 82818.30218333336 64 87
45654.69695833335 47323.53296250001 65 89
47298.532958333344 49119.16031250001 67 91
49086.551625000015 50390.89912500002 68 96
