32907.70353333331 33282.30233749999 35 65
33657.30244999999 34040.38307499998 35 61
66674.98919999985 67035.96740833319 35 39
67333.71649166652 67729.17740833318 35 39
67967.34041666653 68432.93792499985 35 39
68736.99204999983 69158.1870249998 35 40
71984.50304999975 72379.23992499975 35 33
72616.08204999975 73010.81892499974 35 33
73247.77303333305 73676.32224166639 35 34
73959.34111666642 74355.21814583309 35 36
9832.368083333335 10256.726535416665 37 42
58502.08915833325 58890.69040833324 37 66
59123.85115833324 59443.79952083323 37 68
59745.613158333224 60074.62888333323 37 68
60367.37515833323 60687.32352083322 37 70
60989.137158333215 61377.73840833321 37 57
61610.8991583332 61930.71397916653 37 58
62245.76686666653 62616.19401041654 37 56
62972.67561666655 63499.51282499988 37 49
28088.954991666666 28407.129731250003 39 58
28694.119575 29013.618189583332 39 57
29296.070075 29598.954649999996 40 56
29872.993074999995 30176.17957499999 40 60
34313.82749166664 34599.314810416654 41 67
34865.57603333333 35153.862064583336 41 72
36626.34078333335 36918.589658333345 41 72
37180.83961666668 37462.56116875002 41 65
38983.79115833334 39292.030068750006 41 42
39575.667575000014 39886.08078333334 41 41
41335.84811666668 41633.974529166684 41 45
41913.165241666684 42212.55286666669 41 47
331.196625 669.6323541666667 42 34
2872.512999999998 3197.8924166666643 42 36
10539.050041666662 10830.040874999997 42 38
12864.03129166667 13154.873666666668 42 40
30452.245324999993 30756.31748124999 42 57
31040.736158333326 31347.33429374999 42 63
31638.88536666666 31952.22849583333 42 64
32255.92415833332 32584.008341666646 42 64
32681.66074166664 32821.49474166664 42 65
33400.89211666666 33561.14857499999 42 64
43954.07861666667 44300.44100833333 42 57
46487.36519999997 46783.46971666664 42 58
63898.91653333322 64346.367449999874 42 38
64648.53357499986 65021.866699999875 42 37
65327.422408333194 65743.47528333319 42 38
65993.94257499985 66345.78987916655 42 45
66447.71103333321 66590.24344999986 42 41
67117.78615833318 67253.21511666653 42 40
67755.0841583332 67885.63564166654 42 41
68466.7217166665 68635.64067499983 42 41
69458.1870499998 69852.9239249998 42 35
70089.7660499998 70484.50292499979 42 34
70721.34504999979 71116.08192499977 42 31
71352.92404999977 71683.18723541642 42 33
71773.97671666642 71905.55567499976 42 34
72405.55571666641 72537.13467499975 42 34
73037.1347166664 73168.71367499973 42 36
73707.76878333307 73865.00149166641 42 34
74654.16011666642 75050.9857416664 42 34
75289.08111666638 75685.90674166636 42 31
75924.00211666635 76320.82774166632 42 35
76558.92311666631 76886.96563333295 42 34
77195.47633333293 77546.54023333293 42 35
77841.58421666623 78253.67234166626 42 36
78500.92521666628 78853.56991666627 42 33
79199.09501666628 79572.8830499996 42 31
83491.38561666629 93226.70529583296 42 31
26371.618949999996 26707.277902083333 43 45
29103.762408333336 29223.9547 44 56
29680.68540833333 29800.877699999997 44 63
43221.89974166667 43620.525891666664 44 55
60781.883158333214 60911.416908333216 44 63
61403.6451583332 61533.178908333204 44 61
62026.36586666653 62161.807533333194 44 64
62725.76194999988 62880.082991666546 44 54
975.1384166666667 1304.9939270833333 45 37
3499.1662499999975 3816.5803229166636 45 36
11108.297625 11391.577279166666 45 45
13413.290916666672 13690.329008333338 45 39
44615.41136666665 44947.88229166665 45 56
47047.66124166664 47328.69975416664 45 58
57261.22365833326 57581.104195833264 45 67
58294.83515833325 58424.36890833325 45 67
58916.597158333236 59046.13090833324 45 66
59538.35915833323 59667.892908333226 45 67
60160.121158333226 60289.65490833323 45 68
79560.68793333294 81042.62045833295 45 31
25116.73149166665 25433.815585416654 46 47
26963.944408333333 27240.3792 46 53
27516.445366666663 27815.531483333336 46 56
27896.056575 28016.021074999997 46 58
28490.037908333336 28617.58895 46 60
31438.13032499999 31563.381574999992 46 65
32047.722908333326 32177.526491666653 46 63
32793.0856583333 32936.94328333331 46 72
35407.446283333345 35705.567397916675 46 71
36009.47870000001 36358.219575000025 46 71
37725.598408333346 38030.16083541668 46 70
38328.528158333334 38696.788658333346 46 66
40157.85140833335 40457.29876250002 46 42
40736.69499166668 41052.653179166686 46 45
42489.354950000015 42845.25485416668 46 50
30258.305158333325 30379.429824999992 47 63
30843.447991666657 30966.600699999995 47 63
33529.09728333332 33753.456324999985 47 70
34127.237491666645 34244.05999166665 47 66
34683.03044999999 34797.290408333334 47 70
36439.205450000016 36556.24728333335 47 72
36996.93061666667 37112.03224166668 47 68
38784.288658333346 38909.16428333334 47 48
39379.46849166668 39502.13820000001 47 48
41139.286783333344 41262.318741666684 47 49
41722.686825000026 41841.96236666669 47 47
57880.32715833326 58208.04754583325 47 69
66561.83436666653 66731.16894999986 47 49
67226.18807499985 67387.1924083332 47 45
67858.75393333321 67978.3294333332 47 49
68601.85688333317 68838.34342499982 47 46
71879.2398833331 72063.45042499976 47 36
72510.8188833331 72695.02942499974 47 37
73142.39788333308 73300.96453333306 47 38
73833.55494999974 74053.68074166641 47 39
81024.10193333295 81893.09765833295 47 27
111.11116666666668 248.92912499999997 49 37
763.2152083333333 895.9125416666667 49 40
2229.2789583333324 2559.5273999999986 49 39
2660.5912499999986 2793.1478749999983 49 39
3291.642416666664 3421.445999999997 49 38
4737.497416666666 5069.469095833332 49 37
9573.411375 9733.681 49 46
10344.04420833333 10466.234541666661 49 44
10921.049541666665 11038.421458333332 49 49
12263.458166666669 12588.853072916669 49 37
12676.345458333337 12793.937791666669 49 40
13232.395458333338 13345.72329166667 49 40
29199.916241666666 29368.185449999997 49 64
29776.839241666665 29945.108449999996 49 66
42958.74174166667 43123.21549166667 49 53
43725.00899166667 43868.68903333334 49 55
44399.04190833333 44534.76624166666 49 55
45878.127449999956 46204.81481666663 49 58
46294.821908333295 46415.47982499997 49 60
46863.643574999965 46978.95861666664 49 60
56061.5338666666 56371.47000833327 49 67
58398.462158333256 58579.80940833325 49 75
59020.22415833324 59201.571408333235 49 76
59641.98615833323 59823.33340833323 49 73
60263.74815833323 60445.095408333225 49 77
60885.51015833322 61066.85740833321 49 64
61507.27215833321 61688.6194083332 49 66
62134.334991666525 62274.175949999866 49 69
62849.218783333214 63034.404033333216 49 60
63629.06594999989 63798.91357499989 49 39
64407.90649166654 64559.24574166653 49 39
65105.20007499987 65244.0890333332 49 39
65771.09957499985 65910.14369999986 49 39
69247.66071666648 69379.23967499982 49 36
69879.23971666646 70010.8186749998 49 35
70510.81871666644 70642.39767499978 49 34
71142.39771666644 71273.97667499978 49 31
74442.5197833331 74574.79499166642 49 34
75077.44078333306 75209.71599166638 49 31
75712.36178333302 75844.63699166635 49 34
76347.28278333298 76479.55799166631 49 34
76982.71033333294 77115.68908333294 49 33
77622.0427833329 77759.16659166623 49 35
78281.14488333293 78418.50759166628 49 34
78960.71281666627 79109.52239999961 49 30
81866.7818666663 83141.98805833295 49 23
83852.83136666629 93226.70529583296 49 31
1597.2119999999995 1922.2415229166666 50 45
4113.257583333331 4437.265124999999 50 41
9092.562083333334 9467.313233333334 50 48
11665.326583333335 11966.682833333336 50 44
25731.495991666656 26055.737754166657 50 49
26154.811949999992 26289.948699999994 50 50
26786.166741666664 26897.277783333335 50 56
27326.87203333333 27445.35536666666 50 58
27991.866491666664 28137.974574999997 50 64
56654.8821166666 56971.54501666661 50 68
57673.07315833326 57802.60690833326 50 67
28592.078741666668 28770.650200000004 51 63
30355.15799166666 30476.517158333325 51 66
30941.970158333326 31114.993533333327 51 69
33272.686949999996 33464.99469999999 51 75
34220.695491666644 34360.339158333314 51 73
34774.45936666666 34933.75790833333 51 77
36532.88278333335 36696.10828333334 51 76
37089.09645000001 37226.71120000001 51 73
38884.28865833334 39058.41803333334 51 55
39477.628408333345 39648.83832500001 51 53
41237.80895000001 41409.01886666669 51 52
41818.15282500002 41936.86190833335 51 53
14549.177416666673 14888.303991666671 52 42
31538.25594999999 31689.390449999995 52 72
32151.48482499999 32282.102158333324 52 72
32573.25565833331 32709.285033333308 52 81
48139.25665833331 48436.79774166664 52 60
57057.6599916666 57184.69303333327 52 70
79560.68793333294 81042.62045833295 52 31
2015.941083333333 2148.9213333333328 53 42
4527.245208333333 4658.410791666665 53 41
7792.415291666664 8118.647133333331 53 45
8435.851291666666 8776.159483333335 53 46
9701.213458333334 9865.701416666667 53 51
12058.311000000002 12185.736541666669 53 39
13950.814041666672 14258.249916666673 53 41
20071.39136666666 20325.707774999995 53 39
20567.441116666665 20828.818491666665 53 41
21071.125075 21330.176833333335 53 41
21605.4867 21893.770200000003 53 41
22147.808991666665 22420.68920833333 53 40
22678.809116666664 22960.30780833333 53 39
23228.922283333333 23524.341158333333 53 40
23860.301324999997 24226.253699999994 53 47
24512.183324999987 24824.551968749984 53 48
24914.198491666648 25040.589366666652 53 49
35227.060325000006 35339.67303333334 53 71
35795.92245000001 35927.656700000014 53 72
37545.31003333335 37658.330241666685 53 71
38113.23720000001 38245.955408333335 53 66
39964.84699166667 40085.61990833335 53 44
40541.20390833335 40662.80220000001 53 48
42289.098866666674 42412.15936666669 53 53
43090.32074166667 43320.58399166667 53 62
45665.35994999997 45798.197991666624 53 59
47588.121991666645 47875.34196666665 53 58
61921.646616666534 62053.10382499987 53 75
62602.30511666654 62787.49036666655 53 74
221.45658333333333 385.84145833333326 54 39
869.4575 1027.77 54 44
2766.692833333332 2951.4603749999983 54 48
3395.5392499999975 3576.485874999997 54 46
7159.933958333331 7485.234379166664 54 46
10441.844291666663 10611.513791666663 54 50
11015.056958333333 11131.553458333332 54 53
12770.463625000004 12933.79879166667 54 50
13323.098875000005 13480.555541666672 54 48
19443.24505833333 19832.19769166666 54 40
25524.638491666654 25653.50590833332 54 51
28387.997075000003 28541.058325 54 67
30161.686824999993 30306.61432499999 54 69
30745.28807499999 30892.70907499999 54 70
31338.627824999992 31488.130324999995 54 77
31944.496533333328 32099.53640833333 54 75
43840.11761666668 44038.824366666675 54 59
44507.739199999996 44668.88728333332 54 61
45244.29999166664 45567.4762958333 54 59
46391.44136666664 46558.79382499997 54 68
46956.02282499997 47070.49228333331 54 64
49274.47490833328 49567.08962916661 54 68
55478.29936666661 55778.05650833326 54 74
56455.6283666666 56580.0064916666 54 67
60056.494158333226 60211.93465833323 54 78
60678.25615833322 60833.69665833322 54 75
61300.01815833321 61455.458658333206 54 73
63765.356533333215 63964.70603333322 54 45
64529.305616666534 64707.35707499986 54 44
65216.31124166653 65410.75578333319 54 45
65882.21074166651 66078.21219999985 54 49
66332.93274166653 66504.85386666654 54 49
67008.49486666653 67172.13399166653 54 49
67651.05240833318 67780.99090833319 54 49
68331.58654999986 68534.28929999984 54 50
69352.92388333315 69537.13442499981 54 37
69984.50288333313 70168.71342499979 54 36
70616.08188333313 70800.29242499979 54 37
71247.66088333311 71431.87142499977 54 38
71668.71354999977 71826.60829999976 54 39
72300.29254999975 72458.18729999974 54 39
72931.87154999973 73089.76629999974 54 38
73581.9826166664 73770.6618666664 54 40
74548.33994999976 74733.52524166642 54 38
75183.26094999972 75368.44624166637 54 37
75818.18194999968 76003.36724166633 54 39
76453.10294999965 76638.2882416663 54 38
77089.09333333294 77275.26358333293 54 37
77731.69404999955 77924.00184166624 54 39
78391.0350499996 78555.87029999962 54 37
79079.76048333294 79289.45651666628 54 34
6552.238916666664 6869.250210416663 55 44
18081.311250000002 18411.567524999995 55 40
18735.07340833333 19106.53847083333 55 42
20902.347950000003 21007.744533333338 55 42
21417.69336666667 21535.0642 55 45
26262.774783333327 26426.26378333333 55 56
48705.7549083333 49000.77840833329 55 62
57776.70015833326 57958.04740833326 55 77
81024.10193333295 81893.09765833295 55 32
1390.8914166666666 1519.6252916666663 56 49
3909.4335833333307 4036.5961249999973 56 45
5961.587666666665 6264.9988416666665 56 46
8868.43554166667 9007.333 56 51
11476.970125000002 11594.123708333334 56 49
14340.258791666673 14469.668625000006 56 44
17462.680291666664 17780.667735416668 56 42
26875.055575000002 27030.611033333334 56 63
27421.658699999996 27587.535366666663 56 63
27801.380533333333 27919.866116666664 56 64
29007.608575 29151.839325 56 65
29584.531574999997 29728.762325 56 65
30017.223824999994 30176.17957499999 56 78
34033.340824999985 34173.966491666644 56 77
34591.28728333332 34705.96624166666 56 76
36345.30878333335 36486.15378333335 56 82
36904.76478333335 37043.013533333346 56 77
38684.288658333346 38834.288658333346 56 59
39280.94632500001 39404.09903333335 56 56
41040.276950000014 41188.54786666668 56 58
41626.762991666685 41770.53374166669 56 57
45035.965241666636 45166.0386583333 56 59
47953.64065833332 48069.48915833331 56 59
55866.648699999925 55988.363116666595 56 68
59434.73215833323 59590.17265833323 56 80
81866.7818666663 83141.98805833295 56 28
656.263375 816.4067083333333 57 47
2554.2082499999983 2713.7827499999985 57 53
3187.475749999998 3343.7257499999973 57 51
5360.547166666666 5677.560666666665 57 49
10245.642791666665 10393.063791666662 57 56
10826.486374999997 10944.634458333332 57 59
12583.092708333335 12723.51529166667 57 58
13141.17504166667 13277.85004166667 57 57
16871.84054166666 17171.685635416663 57 40
23043.087991666667 23158.93745 57 48
23626.383325 23772.582075 57 50
24311.680824999992 24437.183324999987 57 51
43608.897991666665 43753.910741666674 57 64
44289.45199166666 44426.364324999995 57 66
46197.49774166662 46319.09374166663 57 73
46770.61924166664 46909.9399083333 57 73
49844.10757499994 50151.28044999996 57 73
54895.775366666625 55204.02764999995 57 76
56555.1308666666 56729.8821166666 57 74
57159.18282499994 57286.7338666666 57 79
58191.208158333255 58346.64865833325 57 81
58812.97015833324 58968.41065833324 57 82
63488.949449999884 63697.559116666554 57 49
64284.255616666545 64468.88207499987 57 49
64993.93374166654 65160.755658333204 57 49
65660.60240833317 65826.65515833317 57 49
76876.3836166663 77035.90183333294 57 39
77514.62533333292 77643.78191666622 57 39
78171.25471666626 78336.08996666626 57 37
78841.80521666627 79020.2366499996 57 35
79560.68793333294 81042.62045833295 57 37
84158.9538666663 93226.70529583296 57 31
16301.056666666667 16597.62103958333 58 44
19907.707908333326 20009.915991666658 58 40
25015.20865833332 25192.873616666653 58 57
26047.716366666657 26181.693658333326 58 61
26697.277908333333 26830.611158333333 58 62
27232.085366666666 27374.265366666663 58 62
30745.28807499999 31264.000949999994 58 92
35317.150491666674 35430.38207500001 58 77
35900.918741666675 36037.256491666674 58 76
37635.80770000001 37748.325700000016 58 77
38218.928366666674 38356.61803333333 58 72
40061.46532500001 40229.96678333335 58 52
40638.29240833335 40786.44624166668 58 53
42387.03374166668 42515.67074166668 58 58
49084.90157499995 49203.38490833328 58 70
69142.3975499998 69300.29229999981 58 39
69773.9765499998 69931.8712999998 58 39
70405.55554999979 70563.4502999998 58 39
71037.13454999978 71195.02929999978 58 39
74336.69961666642 74495.42986666643 58 39
74971.6206166664 75130.35086666638 58 39
75606.54161666636 75765.27186666636 58 39
76241.46261666632 76400.19286666632 58 39
1493.852083333333 1649.0254999999995 59 52
2122.183374999999 2283.042374999999 59 50
4011.0859166666637 4190.1807083333315 59 51
4632.094999999998 4816.8625416666655 59 44
8220.797624999997 8355.206166666665 59 48
8979.243125 9121.297708333334 59 53
9448.794708333335 9605.056958333333 59 58
11570.538791666668 11689.25004166667 59 55
12160.095500000003 12289.499833333335 59 48
13768.76291666667 13881.688625000004 59 42
15742.362416666667 16032.850437500003 59 41
20401.20674166666 20504.941116666665 59 41
20986.64749166667 21134.68445 59 49
30161.686824999993 30647.248908333324 59 94
30598.468408333323 30756.31748124999 59 73
31189.374074999992 31347.33429374999 59 72
42827.162741666674 43024.53124166667 59 61
45139.99699166664 45322.83399166664 59 64
45771.60224166663 45958.34132499996 59 66
47408.040908333314 47520.35061666665 59 60
57569.44615833327 57724.886658333264 59 77
81866.7818666663 83141.98805833295 59 33
7579.649291666665 7712.628041666664 60 49
15172.253583333339 15466.44841666667 60 42
21511.590033333334 21675.9092 60 50
21973.705325000003 22082.306866666666 60 46
25627.59915833332 25757.537658333324 60 58
31338.627824999992 31867.57340833333 60 96
31791.042783333327 31952.22849583333 60 78
50456.71385833329 50826.15324166663 60 74
656.263375 1210.607 61 73
1910.3994166666664 2042.3961249999993 61 53
2554.2082499999983 3108.9417499999977 61 80
3187.475749999998 3730.728624999997 61 75
4422.942208333332 4579.601208333333 61 50
6355.312999999999 6478.103458333331 61 49
6954.405083333331 7082.480791666665 61 47
10035.785208333333 10256.726535416665 61 63
10245.642791666665 10731.36108333333 61 84
10826.486374999997 11270.122333333333 61 75
11957.932833333336 12083.563541666668 61 56
12583.092708333335 13072.367666666669 61 81
13141.17504166667 13614.186416666671 61 75
18509.693225 18649.715541666665 61 42
19202.546858333328 19352.145324999994 61 40
22500.335158333328 22611.64461666666 61 45
23135.681616666665 23252.286783333333 61 52
31944.496533333328 32466.730449999977 61 92
43419.268241666665 43620.525891666664 61 77
43608.897991666665 44150.87003333333 61 92
44289.45199166666 44801.44390833331 61 83
45559.5397833333 45691.81499166663 61 70
46197.49774166662 46676.941908333305 61 93
46770.61924166664 47251.49061666664 61 86
48516.181574999966 48634.664908333296 61 66
53652.13186666662 53980.1743833333 61 75
54287.05286666663 54619.07646666664 61 74
55284.12469999995 55405.48386666661 61 73
55963.9728666666 56135.0632416666 61 78
56956.39349166661 57108.42140833327 61 78
58191.208158333255 58735.249908333244 61 89
58657.529658333246 58890.69040833324 61 73
58812.97015833324 59357.01190833323 61 87
59279.29165833323 59443.79952083323 61 73
59434.73215833323 59978.77390833323 61 89
59901.05365833323 60074.62888333323 61 72
60056.494158333226 60600.53590833322 61 85
60522.815658333224 60687.32352083322 61 61
60678.25615833322 61222.29790833321 61 89
61144.57765833321 61377.73840833321 61 58
61300.01815833321 61844.0599083332 61 79
61766.3396583332 61930.71397916653 61 58
61921.646616666534 62449.478324999865 61 79
62419.7164083332 62616.19401041654 61 55
62602.30511666654 63352.585824999886 61 73
63216.22219999988 63499.51282499988 61 50
63488.949449999884 64126.42078333322 61 69
64094.369491666555 64346.367449999874 61 52
64284.255616666545 64852.20569999987 61 68
64823.470074999874 65021.866699999875 61 50
64993.93374166654 65577.42253333317 61 69
65494.08915833318 65743.47528333319 61 49
65660.60240833317 66219.2964083332 61 71
66162.79924166654 66345.78987916655 61 49
69142.3975499998 69695.0291749998 61 59
69616.08179999981 69852.9239249998 61 41
69773.9765499998 70326.6081749998 61 58
70247.6607999998 70484.50292499979 61 41
70405.55554999979 70958.18717499978 61 58
70879.23979999978 71116.08192499977 61 40
71037.13454999978 71589.76617499976 61 58
71510.81879999978 71683.18723541642 61 36
74336.69961666642 74892.25549166641 61 57
74812.89036666641 75050.9857416664 61 37
74971.6206166664 75527.17649166637 61 56
75447.81136666637 75685.90674166636 61 37
75606.54161666636 76162.09749166633 61 57
76082.73236666633 76320.82774166632 61 41
76241.46261666632 76797.0184916663 61 61
76717.6533666663 76886.96563333295 61 38
76876.3836166663 77434.83808333291 61 58
77355.05083333292 77546.54023333293 61 38
77514.62533333292 78088.83709166625 61 55
78006.41946666625 78253.67234166626 61 34
78171.25471666626 78678.59476666628 61 49
78667.23113333294 78853.56991666627 61 34
78841.80521666627 79470.17951666628 61 44
79379.81801666628 79572.8830499996 61 36
79560.68793333294 81042.62045833295 61 39
81866.7818666663 83141.98805833295 61 33
84465.0763666663 93226.70529583296 61 25
494.53712499999995 669.6323541666667 62 59
1288.32725 1416.5324583333331 62 57
3030.407749999998 3197.8924166666643 62 52
3807.6517499999973 3960.1949999999974 62 57
8328.324458333333 8516.932416666667 62 52
8760.030458333335 8895.908083333336 62 57
9448.794708333335 10070.507416666667 62 72
10683.514166666664 10830.040874999997 62 63
11384.696541666666 11500.225958333334 62 60
13003.24329166667 13154.873666666668 62 58
13858.857583333338 13974.178541666672 62 49
14443.490625000006 14576.059125000005 62 50
17872.429708333337 18002.63945833334 62 45
19989.42419999999 20112.374949999994 62 49
20484.194241666664 20629.941116666665 62 48
23743.342325 23948.020575 62 52
24813.188324999985 24964.703574999985 62 62
25422.335991666652 25550.27953333332 62 58
32413.82036666665 32584.008341666646 62 84
32573.25565833331 33116.61407499999 62 96
33086.126283333324 33282.30233749999 62 82
34591.28728333332 35046.87999166666 62 97
35136.97015833334 35272.10540833334 62 83
35694.26086666667 35821.82920000001 62 79
36904.76478333335 37363.69745000002 62 96
37454.606616666686 37590.55886666668 62 82
38011.316616666685 38139.278866666675 62 75
39280.94632500001 39770.78957500002 62 77
39867.87690833335 40013.156158333346 62 56
40445.393991666686 40565.35849166669 62 56
41626.762991666685 42125.09824166668 62 78
42195.191741666684 42313.13732500001 62 60
44122.937075 44300.44100833333 62 71
44932.33824166664 45061.87199166664 62 70
46629.77207499997 46783.46971666664 62 70
47497.82807499998 47633.370824999976 62 66
48046.23332499998 48209.350158333305 62 66
52319.01990833331 52714.361991666636 62 77
52973.03003333329 53346.576135416624 62 77
56356.61853333327 56505.3796166666 62 78
57569.44615833327 58113.487908333256 62 90
58035.76765833326 58208.04754583325 62 76
66332.93274166653 66898.30119999986 62 66
66842.74561666652 67035.96740833319 62 49
67008.49486666653 67519.74903333318 62 63
67493.29399166652 67729.17740833318 62 49
67651.05240833318 68153.27218333319 62 69
68141.22398333318 68432.93792499985 62 50
68939.69479999981 69158.1870249998 62 47
81024.10193333295 81893.09765833295 62 36
5157.407583333333 5284.466791666667 63 46
5762.492666666666 5887.020166666666 63 50
7686.032291666664 7872.629166666665 63 55
17261.146374999997 17386.66633333333 63 46
21325.903325000003 21464.6417 63 53
22060.567741666666 22169.64303333333 63 50
24412.18332499999 24587.183324999987 63 57
30525.297658333326 30647.248908333324 63 62
31114.993533333327 31264.000949999994 63 63
33272.686949999996 33945.764074999985 63 98
33849.61019999999 34040.38307499998 63 80
34033.340824999985 34476.079991666644 63 103
34452.93182499998 34599.314810416654 63 85
35001.63115833333 35153.862064583336 63 78
36345.30878333335 36835.32028333335 63 102
36765.875783333344 36918.589658333345 63 83
37318.035366666685 37462.56116875002 63 84
38684.288658333346 39206.932783333345 63 80
39132.67540833334 39292.030068750006 63 62
39722.009075000016 39886.08078333334 63 64
41040.276950000014 41506.10620000001 63 81
41481.834366666684 41633.974529166684 63 66
42054.67574166669 42212.55286666669 63 66
49653.28632499995 49772.222199999946 63 72
51113.65324166662 51488.65324166664 63 76
51713.65324166663 52028.72861666664 63 78
71668.71354999977 72221.34517499975 63 56
72142.39779999976 72379.23992499975 63 38
72300.29254999975 72852.92417499975 63 58
72773.97679999974 73010.81892499974 63 40
72931.87154999973 73420.89324999973 63 61
73409.90423333307 73676.32224166639 63 41
74148.02036666642 74355.21814583309 63 37
6453.472916666665 6576.991374999998 64 57
7056.707583333331 7211.747458333331 64 53
14239.499916666671 14365.769000000006 64 58
16679.877874999995 16799.72516666666 64 45
18621.306458333333 18815.53315833333 64 49
19322.024824999997 19492.627791666662 64 47
22589.323199999995 22746.376741666663 64 51
27232.085366666666 27729.715366666667 64 90
29440.300825 29598.954649999996 64 78
29584.531574999997 30017.223824999994 64 93
29945.108449999996 30089.339199999995 64 62
31714.77115833333 31867.57340833333 64 77
32334.733741666652 32466.730449999977 64 63
32995.94082499998 33116.61407499999 64 69
47861.58049166665 47999.93699166665 64 74
48610.96824166663 48776.844908333296 64 73
49179.68824166662 49345.56490833328 64 77
54701.600699999966 54822.95986666663 64 77
55769.5613666666 55915.1923666666 64 84
56956.39349166661 57440.5801166666 64 100
57414.93907499993 57581.104195833264 64 79
79560.68793333294 81042.62045833295 64 39
1753.1921666666663 1922.2415229166666 65 62
4267.500333333332 4437.265124999999 65 73
7473.266291666665 7632.840791666665 65 58
8113.270791666665 8274.561041666666 65 55
9267.5065 9467.313233333334 65 57
9933.04225 10070.507416666667 65 36
11810.143625000002 11966.682833333336 65 59
13680.460583333337 13791.084333333338 65 60
16114.13866666667 16230.743833333336 65 46
17976.461458333335 18107.627041666667 65 49
19826.075241666662 19948.52424166666 65 52
20318.476366666662 20442.700491666663 65 51
20818.314283333333 20923.35636666667 65 53
23512.622408333333 23684.862825 65 56
24211.178324999993 24361.93207499999 65 61
27097.277658333333 27240.3792 65 77
27658.625366666667 27815.531483333336 65 78
27801.380533333333 28286.98565833333 65 97
28236.98565833333 28407.129731250003 65 78
30306.61432499999 30452.245324999993 65 66
30892.70907499999 30991.23124166666 65 69
31488.130324999995 31613.632824999993 65 73
32099.53640833333 32203.568158333317 65 73
32737.062824999975 32850.066158333306 65 77
35136.97015833334 35571.57815833334 65 100
35547.6547 35705.567397916675 65 82
36179.65249166668 36358.219575000025 65 80
37454.606616666686 37888.868450000016 65 97
37864.944991666685 38030.16083541668 65 79
39867.87690833335 40373.737533333355 65 81
40301.967158333355 40457.29876250002 65 67
40886.95003333335 41052.653179166686 65 62
42195.191741666684 42680.421783333346 65 84
42652.173200000005 42845.25485416668 65 67
42827.162741666674 43485.057741666664 65 86
45401.505783333305 45567.4762958333 65 70
47318.65511666664 47452.88399166665 65 72
62331.64911666654 62449.478324999865 65 42
63079.85857499988 63352.585824999886 65 38
81866.7818666663 83141.98805833295 65 39
83129.93986666629 83852.83136666629 65 29
413.01537499999995 575.61825 66 46
1132.482 1304.9939270833333 66 74
1288.32725 1779.233833333333 66 89
2951.4603749999983 3108.9417499999977 66 45
3653.805499999997 3816.5803229166636 66 73
3807.6517499999973 4293.273541666666 66 83
5259.106666666667 5436.243541666667 66 55
5862.164333333332 6035.786291666665 66 57
6852.752749999997 7005.425499999998 66 57
8760.030458333335 9297.268416666666 66 74
10611.513791666663 10731.36108333333 66 37
11247.080875 11391.577279166666 66 71
11384.696541666666 11834.533875000001 66 84
12933.79879166667 13072.367666666669 66 40
13547.519791666671 13690.329008333338 66 71
14978.54791666667 15099.789833333338 66 46
15554.126083333334 15671.939916666668 66 46
17361.413791666662 17538.822416666666 66 51
19084.47965833333 19262.07069166666 66 53
28387.997075000003 28927.3947 66 93
28847.180825000003 29013.618189583332 66 77
29007.608575 29440.300825 66 99
29368.185449999997 29512.416199999996 66 71
30452.245324999993 30598.468408333323 66 71
31040.736158333326 31164.498449999992 66 71
31638.88536666666 31765.532574999994 66 78
32255.92415833332 32387.365324999984 66 72
32907.70353333331 33025.702741666646 66 77
33753.456324999985 33945.764074999985 66 72
35694.26086666667 36208.89224166668 66 95
40445.393991666686 40937.71145000002 66 85
44038.824366666675 44150.87003333333 66 50
44774.988866666645 44947.88229166665 66 75
44932.33824166664 45480.4531583333 66 93
46558.79382499997 46676.941908333305 66 51
47183.922991666645 47328.69975416664 66 79
48990.11490833329 49132.294908333286 66 82
49748.29874166661 49868.14603333328 66 79
50238.7515583333 50366.69279166663 66 74
55381.212033333286 55551.11486666661 66 79
56356.61853333327 56880.635866666606 66 96
56805.258991666604 56971.54501666661 66 83
58579.80940833325 58735.249908333244 66 61
59201.571408333235 59357.01190833323 66 51
59823.33340833323 59978.77390833323 66 52
60445.095408333225 60600.53590833322 66 48
61066.85740833321 61222.29790833321 66 47
61688.6194083332 61844.0599083332 66 46
63997.38578333322 64126.42078333322 66 35
64736.59682499986 64852.20569999987 66 30
65410.75578333319 65577.42253333317 66 36
66078.21219999985 66219.2964083332 66 34
66759.10190833319 66898.30119999986 66 31
67413.78815833319 67519.74903333318 66 35
68052.20336666654 68153.27218333319 66 35
68331.58654999986 68939.69479999981 66 71
68838.34342499982 69041.0461749998 66 42
69537.13442499981 69695.0291749998 66 30
70168.71342499979 70326.6081749998 66 28
70800.29242499979 70958.18717499978 66 28
71431.87142499977 71589.76617499976 66 25
72063.45042499976 72221.34517499975 66 23
72695.02942499974 72852.92417499975 66 23
73327.90468333306 73420.89324999973 66 30
73581.9826166664 74148.02036666642 66 63
74053.68074166641 74242.35999166642 66 34
74733.52524166642 74892.25549166641 66 23
75368.44624166637 75527.17649166637 66 22
76003.36724166633 76162.09749166633 66 23
76638.2882416663 76797.0184916663 66 23
77275.26358333293 77434.83808333291 66 25
77924.00184166624 78088.83709166625 66 23
78583.64809166627 78678.59476666628 66 22
79289.45651666628 79470.17951666628 66 23
84813.9136166663 93226.70529583296 66 22
6257.651666666667 6404.332583333332 67 59
9636.904083333333 9766.36075 67 47
16775.686708333327 16944.30429166666 67 51
17769.069791666665 17898.336458333335 67 55
18400.75670833333 18520.682241666666 67 55
21198.243825 21330.176833333335 67 62
21325.903325000003 21815.023366666668 67 80
21884.46786666667 21995.350366666666 67 56
22411.839658333327 22544.779574999997 67 55
22951.133491666664 23066.12945 67 55
26536.45745 26707.277902083333 67 72
26697.277908333333 27163.944283333334 67 93
29151.839325 29296.070075 67 79
29728.762325 29872.993074999995 67 66
48421.39490833331 48563.5749083333 67 78
57958.04740833326 58113.487908333256 67 55
60833.69665833322 60989.137158333215 67 60
61455.458658333206 61610.8991583332 67 57
62079.9855333332 62189.58532499986 67 50
62787.49036666655 62972.67561666655 67 44
81024.10193333295 81893.09765833295 67 36
166.35975 303.8742083333333 68 61
816.4067083333333 948.822625 68 63
1053.948 1210.607 68 44
1675.0671666666663 1779.233833333333 68 46
2391.2974166666654 2559.5273999999986 68 52
2713.7827499999985 2872.512999999998 68 65
3343.7257499999973 3499.1662499999975 68 65
3576.485874999997 3730.728624999997 68 52
4190.1807083333315 4293.273541666666 68 46
4896.649791666666 5069.469095833332 68 55
5662.572666666666 5812.452666666665 68 57
8598.013541666667 8776.159483333335 68 59
9179.269208333333 9297.268416666666 68 38
9832.368083333335 9967.055875 68 46
10393.063791666662 10539.050041666662 68 62
10968.108624999999 11061.785958333332 68 57
11177.849791666667 11270.122333333333 68 38
11737.326958333335 11834.533875000001 68 42
12421.360208333337 12588.853072916669 68 56
12723.51529166667 12864.03129166667 68 59
13277.85004166667 13413.290916666672 68 48
13480.555541666672 13614.186416666671 68 42
14092.667291666672 14258.249916666673 68 58
16207.379333333336 16348.005000000001 68 51
17163.10720833333 17285.656166666664 68 52
20692.615449999998 20828.818491666665 68 58
20818.314283333333 21262.073575000002 68 83
27030.611033333334 27163.944283333334 68 51
27587.535366666663 27729.715366666667 68 52
28162.605116666666 28286.98565833333 68 52
29296.070075 29440.300825 68 73
29872.993074999995 30017.223824999994 68 70
30089.339199999995 30176.17957499999 68 64
30379.429824999992 30476.517158333325 68 63
30966.600699999995 31114.993533333327 68 61
31563.381574999992 31689.390449999995 68 70
32177.526491666653 32282.102158333324 68 64
32821.49474166664 32936.94328333331 68 71
34173.966491666644 34313.82749166664 68 73
34383.48732499997 34476.079991666644 68 66
34728.797283333326 34820.12145 68 75
34933.75790833333 35046.87999166666 68 71
36486.15378333335 36626.34078333335 68 80
36696.10828333334 36835.32028333335 68 63
37043.013533333346 37180.83961666668 68 71
37249.542241666684 37363.69745000002 68 66
38834.288658333346 38983.79115833334 68 47
39058.41803333334 39206.932783333345 68 40
39428.60882500001 39575.667575000014 68 48
39648.83832500001 39770.78957500002 68 37
41188.54786666668 41335.84811666668 68 46
41409.01886666669 41506.10620000001 68 40
41770.53374166669 41865.77190833335 68 46
41984.03174166668 42125.09824166668 68 40
43782.646366666675 43897.26045 68 57
44453.53824166666 44615.41136666665 68 56
44695.483033333316 44801.44390833331 68 47
45322.83399166664 45480.4531583333 68 51
46038.698949999954 46204.81481666663 68 67
46343.248324999964 46439.51828333331 68 60
46909.9399083333 47024.83019999997 68 63
47115.94686666664 47251.49061666664 68 52
47724.27999166665 47875.34196666665 68 75
54075.4125333333 54207.687741666625 68 77
55769.5613666666 56282.6049916666 68 100
56208.7133666666 56371.47000833327 68 84
58346.64865833325 58502.08915833325 68 70
58968.41065833324 59123.85115833324 68 60
59590.17265833323 59745.613158333224 68 62
60211.93465833323 60367.37515833323 68 60
60989.137158333215 61144.57765833321 68 55
61610.8991583332 61766.3396583332 68 55
62245.76686666653 62360.71886666653 68 48
62972.67561666655 63216.22219999988 68 44
63697.559116666554 63832.47061666656 68 40
64468.88207499987 64589.18586666653 68 37
65160.755658333204 65327.422408333194 68 37
65826.65515833317 65993.94257499985 68 38
69300.29229999981 69458.1870499998 68 36
69931.8712999998 70089.7660499998 68 34
70563.4502999998 70721.34504999979 68 34
71195.02929999978 71352.92404999977 68 31
74495.42986666643 74654.16011666642 68 27
75130.35086666638 75289.08111666638 68 28
75765.27186666636 75924.00211666635 68 29
76400.19286666632 76558.92311666631 68 30
77035.90183333294 77195.47633333293 68 29
77676.74896666623 77841.58421666623 68 29
78336.08996666626 78500.92521666628 68 28
79020.2366499996 79174.99861666627 68 27
331.196625 494.53712499999995 69 55
975.1384166666667 1132.482 69 57
1910.3994166666664 2445.6452499999987 69 82
2872.512999999998 3030.407749999998 69 56
3499.1662499999975 3653.805499999997 69 59
4422.942208333332 4923.245541666666 69 83
5055.449916666666 5208.386416666666 69 57
7473.266291666665 8033.056916666665 69 75
8113.270791666665 8679.094666666668 69 73
9733.681 9865.701416666667 69 37
10539.050041666662 10659.59070833333 69 53
11108.297625 11200.997958333333 69 47
11957.932833333336 12474.836125000003 69 77
12864.03129166667 13003.24329166667 69 53
13413.290916666672 13547.519791666671 69 48
13680.460583333337 14116.821875000005 69 85
15075.635250000005 15244.368958333338 69 50
15648.465750000001 15812.455916666668 69 50
16584.525791666663 16727.724791666664 69 57
20194.679449999996 20325.707774999995 69 58
20318.476366666662 20755.376949999998 69 78
23369.989866666663 23524.341158333333 69 62
23512.622408333333 24123.459074999995 69 82
25888.70324166666 26055.737754166657 69 70
26047.716366666657 26564.081741666665 69 88
26830.611158333333 26963.944408333333 69 68
27374.265366666663 27516.445366666663 69 67
27943.789574999995 28064.564741666665 69 62
43954.07861666667 44095.00411666667 69 59
44615.41136666665 44722.078783333316 69 57
45559.5397833333 46119.34407499995 69 84
46487.36519999997 46606.187158333305 69 61
47047.66124166664 47138.674158333306 69 63
47318.65511666664 47792.77311666665 69 91
49558.83490833327 49700.679658333276 69 86
50344.953658333296 50514.185108333295 69 79
50913.65324166663 51038.65324166662 69 76
51513.65324166664 51638.65324166663 69 78
52114.409574999976 52241.83244999997 69 78
52741.76839999997 52884.99998333329 69 81
53440.49153333329 53572.76674166662 69 76
54798.688033333296 54968.59086666662 69 84
55187.03736666661 55332.668366666614 69 80
56729.8821166666 56880.635866666606 69 52
57338.01594999993 57440.5801166666 69 56
57724.886658333264 57880.32715833326 69 62
58502.08915833325 58657.529658333246 69 64
59123.85115833324 59279.29165833323 69 59
59745.613158333224 59901.05365833323 69 60
60367.37515833323 60522.815658333224 69 59
60911.416908333216 61066.85740833321 69 47
61533.178908333204 61688.6194083332 69 48
62161.807533333194 62274.175949999866 69 42
62880.082991666546 63034.404033333216 69 36
63898.91653333322 64029.853324999895 69 40
64648.53357499986 64765.66657499987 69 37
65327.422408333194 65494.08915833318 69 37
65993.94257499985 66106.30207499985 69 38
77195.47633333293 77355.05083333292 69 29
77841.58421666623 78006.41946666625 69 28
78500.92521666628 78644.75923333295 69 27
79199.09501666628 79379.81801666628 69 27
1442.3056666666664 1545.3984999999998 70 64
3960.1949999999974 4087.616541666664 70 69
7316.050458333331 7485.234379166664 70 57
8923.532375000003 9035.581583333334 70 48
11523.590458333334 11641.517041666668 70 64
16021.329708333336 16160.650333333337 70 57
18908.55635833333 19106.53847083333 70 53
19084.47965833333 19695.179774999997 70 67
19631.077191666664 19832.19769166666 70 58
19826.075241666662 20235.831699999995 70 81
22814.249991666664 22960.30780833333 70 61
22951.133491666664 23441.079866666667 70 84
25269.274741666653 25433.815585416654 70 66
25422.335991666652 25915.019033333323 70 93
26963.944408333333 27097.277658333333 70 60
27516.445366666663 27658.625366666667 70 61
28088.954991666666 28212.11003333333 70 63
28770.650200000004 28927.3947 70 55
29223.9547 29368.185449999997 70 66
29800.877699999997 29945.108449999996 70 61
30818.81744999999 30941.970158333326 70 62
33464.99469999999 33657.30244999999 70 77
35272.10540833334 35362.09457500001 70 80
35476.786075 35571.57815833334 70 71
35848.007200000015 35954.683741666675 70 73
36093.43803333334 36208.89224166668 70 66
37590.55886666668 37680.55245000002 70 73
37794.40965833335 37888.868450000016 70 69
38011.316616666685 38531.08774166668 70 93
38501.32582500001 38696.788658333346 70 81
40013.156158333346 40109.774491666685 70 45
40229.96678333335 40373.737533333355 70 38
40589.63032500001 40687.311991666684 70 47
40811.44624166668 40937.71145000002 70 38
42337.527575000015 42437.54007500001 70 48
42569.293533333344 42680.421783333346 70 45
45087.9136583333 45218.12199166664 70 60
48847.93490833329 49000.77840833329 70 84
66504.85386666654 66674.98919999985 70 37
67172.13399166653 67306.9785333332 70 38
67806.76411666653 67901.76466666654 70 44
68534.28929999984 68736.99204999983 70 51
69458.1870499998 69616.08179999981 70 35
70089.7660499998 70247.6607999998 70 34
70721.34504999979 70879.23979999978 70 34
71352.92404999977 71510.81879999978 70 31
71826.60829999976 71984.50304999975 70 28
72458.18729999974 72616.08204999975 70 29
73089.76629999974 73237.13473333306 70 31
73770.6618666664 73959.34111666642 70 38
74654.16011666642 74812.89036666641 70 27
75289.08111666638 75447.81136666637 70 28
75924.00211666635 76082.73236666633 70 29
76558.92311666631 76717.6533666663 70 30
248.92912499999997 385.84145833333326 71 51
895.9125416666667 1027.77 71 53
1597.2119999999995 1753.1921666666663 71 58
2310.0694166666653 2445.6452499999987 71 44
2793.1478749999983 2951.4603749999983 71 44
3421.445999999997 3576.485874999997 71 52
4113.257583333331 4267.500333333332 71 62
4816.8625416666655 4923.245541666666 71 46
6257.651666666667 6776.995124999998 71 77
6852.752749999997 7368.40645833333 71 73
7952.843041666664 8118.647133333331 71 59
8516.932416666667 8679.094666666668 71 42
9092.562083333334 9208.508958333332 71 47
10466.234541666661 10611.513791666663 71 46
11038.421458333332 11131.553458333332 71 38
11665.326583333335 11761.481541666668 71 51
12341.993625000003 12474.836125000003 71 38
12793.937791666669 12933.79879166667 71 37
13345.72329166667 13480.555541666672 71 42
14021.237625000005 14116.821875000005 71 42
14712.832833333341 14888.303991666671 71 66
15459.33941666667 15601.295916666668 71 59
18240.183666666668 18411.567524999995 71 55
18400.75670833333 18955.06795833333 71 73
20629.941116666665 20755.376949999998 71 44
21134.68445 21262.073575000002 71 40
22279.38878333333 22420.68920833333 71 66
22411.839658333327 22859.704575 71 82
26453.736324999998 26564.081741666665 71 50
28016.021074999997 28137.974574999997 71 52
30234.15057499999 30355.15799166666 71 61
30671.75869999999 30756.31748124999 71 66
31264.000949999994 31347.33429374999 71 69
33657.30244999999 33849.61019999999 71 77
34313.82749166664 34452.93182499998 71 77
34865.57603333333 35001.63115833333 71 77
36626.34078333335 36765.875783333344 71 71
37180.83961666668 37318.035366666685 71 71
38983.79115833334 39132.67540833334 71 47
39575.667575000014 39722.009075000016 71 46
41335.84811666668 41481.834366666684 71 47
41913.165241666684 42031.20157500002 71 48
43320.58399166667 43485.057741666664 71 45
43868.68903333334 44038.824366666675 71 50
44534.76624166666 44668.88728333332 71 48
45244.29999166664 45375.18999166664 71 61
45958.34132499996 46119.34407499995 71 60
46415.47982499997 46558.79382499997 71 51
46978.95861666664 47070.49228333331 71 52
47656.098116666646 47792.77311666665 71 55
48279.772658333306 48436.79774166664 71 78
48421.39490833331 48919.02490833329 71 101
57108.42140833327 57261.22365833326 71 64
57880.32715833326 58035.76765833326 71 61
58424.36890833325 58579.80940833325 71 59
59046.13090833324 59201.571408333235 71 51
59667.892908333226 59823.33340833323 71 52
60289.65490833323 60445.095408333225 71 52
63798.91357499989 63964.70603333322 71 35
64559.24574166653 64707.35707499986 71 31
65244.0890333332 65410.75578333319 71 31
65910.14369999986 66078.21219999985 71 34
66674.98919999985 66814.96782499985 71 37
67333.71649166652 67440.38390833318 71 40
67967.34041666653 68069.64521666653 71 44
68736.99204999983 68939.69479999981 71 48
69379.23967499982 69537.13442499981 71 29
70010.8186749998 70168.71342499979 71 27
70642.39767499978 70800.29242499979 71 28
71273.97667499978 71431.87142499977 71 27
71984.50304999975 72142.39779999976 71 29
72616.08204999975 72773.97679999974 71 30
73247.77303333305 73365.94816666639 71 31
73959.34111666642 74148.02036666642 71 36
74574.79499166642 74733.52524166642 71 22
75209.71599166638 75368.44624166637 71 23
75844.63699166635 76003.36724166633 71 23
76479.55799166631 76638.2882416663 71 23
77115.68908333294 77275.26358333293 71 23
77759.16659166623 77924.00184166624 71 23
78418.50759166628 78555.87029999962 71 23
79109.52239999961 79289.45651666628 71 22
81024.10193333295 81893.09765833295 71 43
2068.9918749999993 2202.3972499999995 72 60
4579.601208333333 4711.042374999999 72 65
6109.984916666666 6264.9988416666665 72 60
7872.629166666665 8033.056916666665 72 44
12108.944250000002 12211.509750000003 72 56
14880.986916666672 15027.091583333338 72 58
17163.10720833333 17666.37345833333 72 76
17769.069791666665 18266.779416666664 72 73
21745.89899166667 21893.770200000003 72 62
21884.46786666667 22345.46803333333 72 85
24662.434574999985 24824.551968749984 72 70
24813.188324999985 25345.805366666653 72 83
25809.893658333323 25915.019033333323 72 46
26897.277783333335 27030.611033333334 72 51
27445.35536666666 27587.535366666663 72 52
31413.254699999994 31513.13032499999 72 66
31867.57340833333 31952.22849583333 72 70
43024.53124166667 43221.89974166667 72 51
45718.41074166663 45851.389491666625 72 63
49989.153449999954 50151.28044999996 72 84
50135.97432499996 50259.370124999965 72 86
51013.65324166662 51188.65324166663 72 84
51613.65324166663 51788.65324166664 72 87
52216.19140833331 52370.83340833331 72 87
52855.930233333296 53008.3241333333 72 87
83.333375 193.98404166666666 73 53
736.47725 843.0024583333333 73 50
1519.6252916666663 1649.0254999999995 73 52
2229.2789583333324 2364.123499999999 73 52
2633.9954999999986 2766.692833333332 73 56
3265.6007499999973 3395.5392499999975 73 53
4036.5961249999973 4190.1807083333315 73 48
4737.497416666666 4896.649791666666 73 60
5055.449916666666 5587.256291666666 73 83
5662.572666666666 6183.8182916666665 73 80
6701.618249999998 6869.250210416663 73 57
7237.789124999998 7368.40645833333 73 47
8274.561041666666 8435.851291666666 73 50
9007.333 9121.297708333334 73 42
10140.683708333332 10256.726535416665 73 42
10319.534416666664 10441.844291666663 73 54
10897.464624999997 11015.056958333333 73 46
11594.123708333334 11689.25004166667 73 44
12263.458166666669 12368.309416666669 73 48
12652.76054166667 12770.463625000004 73 52
13209.66816666667 13323.098875000005 73 42
13813.505875000004 13904.624416666671 73 59
14239.499916666671 14740.765791666674 73 83
17017.002541666665 17171.685635416663 73 55
18821.34710833333 18955.06795833333 73 37
19536.377791666662 19695.179774999997 73 37
20442.700491666663 20567.441116666665 73 56
20944.45340833334 21049.93861666667 73 50
22746.376741666663 22859.704575 73 45
23299.235116666667 23441.079866666667 73 47
25576.052741666655 25679.412658333324 73 60
26208.720699999994 26344.296533333327 73 59
32021.81615833333 32125.443158333324 73 64
33561.14857499999 33753.456324999985 73 71
34244.05999166665 34360.339158333314 73 70
34797.290408333334 34933.75790833333 73 71
36556.24728333335 36696.10828333334 73 64
37112.03224166668 37226.71120000001 73 63
38909.16428333334 39058.41803333334 73 40
39502.13820000001 39648.83832500001 73 40
41262.318741666684 41409.01886666669 73 40
41841.96236666669 41936.86190833335 73 40
43221.89974166667 43419.268241666665 73 51
43516.11365833333 43620.525891666664 73 46
43696.107241666665 43840.11761666668 73 47
44371.71949166667 44480.712158333336 73 47
45166.0386583333 45322.83399166664 73 48
45878.127449999956 46011.81724166662 73 63
46270.55007499997 46367.40290833329 73 52
46840.49540833331 46956.02282499997 73 55
47452.88399166665 47542.873158333314 73 64
47861.58049166665 48303.24682499997 73 100
48776.844908333296 48919.02490833329 73 60
49416.65490833328 49567.08962916661 73 79
49558.83490833327 50062.32419999996 73 107
53546.311699999955 53731.49699166662 73 83
54181.23269999996 54366.41799166663 73 83
54604.51336666664 54750.14436666663 73 87
55187.03736666661 55696.745866666606 73 100
55623.93036666661 55778.05650833326 73 86
56135.0632416666 56282.6049916666 73 62
56505.3796166666 56604.8821166666 73 64
57261.22365833326 57414.93907499993 73 63
57802.60690833326 57958.04740833326 73 52
58268.92840833325 58398.462158333256 73 60
58735.249908333244 58890.69040833324 73 60
58890.69040833324 59020.22415833324 73 51
59357.01190833323 59443.79952083323 73 57
59512.45240833323 59641.98615833323 73 52
59978.77390833323 60074.62888333323 73 56
60134.21440833323 60263.74815833323 73 51
60600.53590833322 60687.32352083322 73 55
60755.97640833322 60885.51015833322 73 48
61222.29790833321 61377.73840833321 73 51
61377.73840833321 61507.27215833321 73 50
61844.0599083332 61930.71397916653 73 50
61999.91082499987 62107.01257499986 73 45
62509.901866666536 62616.19401041654 73 46
62694.897741666544 62849.218783333214 73 38
63352.585824999886 63499.51282499988 73 38
63594.583199999885 63731.572741666554 73 35
64189.91349166654 64346.367449999874 73 38
64377.2316583332 64499.18511666654 73 34
64909.186199999865 65021.866699999875 73 37
65077.42228333321 65216.31124166653 73 31
65577.42253333317 65743.47528333319 73 38
65743.47528333319 65882.21074166651 73 34
66247.70549166654 66345.78987916655 73 38
66590.24344999986 66731.16894999986 73 31
67253.21511666653 67387.1924083332 73 34
67885.63564166654 67978.3294333332 73 36
68635.64067499983 68838.34342499982 73 45
69221.34492499981 69352.92388333315 73 28
69695.0291749998 69852.9239249998 73 35
69852.9239249998 69984.50288333313 73 27
70326.6081749998 70484.50292499979 73 34
70484.50292499979 70616.08188333313 73 28
70958.18717499978 71116.08192499977 73 31
71116.08192499977 71247.66088333311 73 28
71589.76617499976 71683.18723541642 73 31
71905.55567499976 72063.45042499976 73 22
72537.13467499975 72695.02942499974 73 23
73168.71367499973 73300.96453333306 73 27
73865.00149166641 74053.68074166641 73 36
74416.06474166643 74548.33994999976 73 20
74892.25549166641 75050.9857416664 73 27
75050.9857416664 75183.26094999972 73 23
75527.17649166637 75685.90674166636 73 29
75685.90674166636 75818.18194999968 73 25
76162.09749166633 76320.82774166632 73 29
76320.82774166632 76453.10294999965 73 23
76797.0184916663 76886.96563333295 73 29
76956.11458333295 77089.09333333294 73 23
77434.83808333291 77546.54023333293 73 29
77594.92730833292 77731.69404999955 73 22
78088.83709166625 78253.67234166626 73 28
78253.67234166626 78391.0350499996 73 22
78753.77516666627 78853.56991666627 73 27
78930.9508999996 79079.76048333294 73 22
79470.17951666628 79572.8830499996 73 27
79560.68793333294 81042.62045833295 73 46
575.61825 669.6323541666667 74 48
2148.9213333333328 2283.042374999999 74 45
3108.9417499999977 3197.8924166666643 74 48
4658.410791666665 4816.8625416666655 74 53
6035.786291666665 6183.8182916666665 74 48
7632.840791666665 7792.415291666664 74 60
8435.851291666666 8598.013541666667 74 48
9541.964833333333 9668.955375 74 37
10755.170624999997 10830.040874999997 74 40
12185.736541666669 12289.499833333335 74 44
13072.367666666669 13154.873666666668 74 45
13950.814041666672 14044.93429166667 74 51
14630.26008333334 14740.765791666674 74 47
16021.329708333336 16465.929583333334 74 75
16584.525791666663 17065.54620833333 74 73
17615.353041666665 17780.667735416668 74 55
18160.537125000003 18266.779416666664 74 40
20132.951074999994 20235.831699999995 74 44
20567.441116666665 20650.774449999997 74 50
21071.125075 21198.243825 74 45
21464.6417 21605.4867 74 46
21675.9092 21815.023366666668 74 46
24035.739824999997 24226.253699999994 74 70
24211.178324999993 24737.811449999983 74 90
25192.873616666653 25345.805366666653 74 47
25731.495991666656 25836.071658333323 74 57
26371.618949999996 26481.208866666668 74 60
28541.058325 28694.119575 74 64
32493.326199999978 32584.008341666646 74 71
32654.338324999975 32764.995783333306 74 69
33178.34482499999 33282.30233749999 74 72
34660.09465833332 34774.45936666666 74 66
35407.446283333345 35500.26024166667 74 77
36009.47870000001 36121.84711666668 74 72
36973.889158333346 37089.09645000001 74 64
37725.598408333346 37817.77415833335 74 75
38413.59853333334 38531.08774166668 74 52
39354.83795000001 39477.628408333345 74 40
40157.85140833335 40278.04370000002 74 47
40736.69499166668 40861.69749166668 74 46
41698.76336666669 41818.15282500002 74 40
42489.354950000015 42596.61595000001 74 50
43123.21549166667 43320.58399166667 74 45
44206.42561666667 44300.44100833333 74 55
45798.197991666624 45958.34132499996 74 55
46700.41607499997 46783.46971666664 74 60
47588.121991666645 47724.27999166665 74 64
48209.350158333305 48303.24682499997 74 59
48990.11490833329 49487.744908333276 74 98
56654.8821166666 56805.258991666604 74 64
57184.69303333327 57286.7338666666 74 59
57647.166408333265 57776.70015833326 74 52
58113.487908333256 58208.04754583325 74 60
66418.97540833321 66533.4252833332 74 34
66925.92549166652 67035.96740833319 74 38
67090.61224166652 67226.18807499985 74 34
67572.38061666652 67729.17740833318 74 42
67729.17740833318 67848.00124999987 74 37
68234.30799999986 68432.93792499985 74 44
69041.0461749998 69158.1870249998 74 36
5511.939916666666 5677.560666666665 75 62
7005.425499999998 7134.027208333331 75 51
7792.415291666664 7952.843041666664 75 51
14391.54220833334 14495.984416666673 75 55
15882.332083333335 16032.850437500003 75 60
17538.822416666666 17666.37345833333 75 40
18565.126708333333 18723.579158333334 75 46
19262.07069166666 19394.314024999996 75 44
21007.744533333338 21134.68445 75 38
21605.4867 21722.857533333332 75 47
22213.502699999997 22345.46803333333 75 44
22544.779574999997 22633.96603333333 75 62
23089.277616666666 23182.193283333334 75 55
24587.183324999987 24737.811449999983 75 47
25653.50590833332 25757.537658333324 75 48
26289.948699999994 26426.26378333333 75 50
28694.119575 28847.180825000003 75 64
33368.84082499999 33529.09728333332 75 69
33945.764074999985 34040.38307499998 75 73
34103.76332499998 34220.695491666644 75 66
34522.16290833332 34599.314810416654 75 70
35069.402533333334 35153.862064583336 75 72
35339.67303333334 35430.38207500001 75 70
35927.656700000014 36037.256491666674 75 66
36415.73128333335 36532.88278333335 75 71
36835.32028333335 36918.589658333345 75 70
37386.424741666684 37462.56116875002 75 71
37658.330241666685 37748.325700000016 75 66
38759.288658333346 38884.28865833334 75 38
39206.932783333345 39292.030068750006 75 44
39795.06140833335 39886.08078333334 75 44
40085.61990833335 40229.96678333335 75 38
40662.80220000001 40786.44624166668 75 38
41114.534325000015 41237.80895000001 75 40
41554.41536666668 41633.974529166684 75 46
42125.09824166668 42212.55286666669 75 47
42412.15936666669 42515.67074166668 75 45
47999.93699166665 48139.25665833331 75 66
48563.5749083333 48705.7549083333 75 70
49916.45519999995 50062.32419999996 75 63
55915.1923666666 56061.5338666666 75 69
71747.66092499977 71879.2398833331 75 22
72221.34517499975 72379.23992499975 75 29
72379.23992499975 72510.8188833331 75 23
72852.92417499975 73010.81892499974 75 30
73010.81892499974 73142.39788333308 75 27
73494.6365666664 73676.32224166639 75 34
74242.35999166642 74355.21814583309 75 27
6626.742624999998 6776.995124999998 76 47
7159.933958333331 7289.872458333331 76 52
8355.206166666665 8516.932416666667 76 42
13881.688625000004 13974.178541666672 76 46
14549.177416666673 14657.582500000008 76 55
14880.986916666672 15364.101250000003 76 79
15459.33941666667 15928.843750000002 76 75
16442.344666666668 16597.62103958333 76 55
16944.30429166666 17065.54620833333 76 40
17924.378125000003 18054.99545833334 76 47
18735.07340833333 18908.55635833333 76 45
19443.24505833333 19555.127791666662 76 44
19948.52424166666 20071.39136666666 76 59
20504.941116666665 20629.941116666665 76 37
21535.0642 21675.9092 76 42
22678.809116666664 22814.249991666664 76 52
23228.922283333333 23369.989866666663 76 55
23684.862825 23860.301324999997 76 59
23948.020575 24123.459074999995 76 48
24361.93207499999 24512.183324999987 76 68
24964.703574999985 25116.73149166665 76 66
27303.175366666663 27421.658699999996 76 50
29512.416199999996 29598.954649999996 76 64
29656.64695 29776.839241666665 76 59
38165.59465833334 38273.277825 76 64
47520.35061666665 47633.370824999976 76 52
48139.25665833331 48279.772658333306 76 69
48705.7549083333 48847.93490833329 76 70
49345.56490833328 49487.744908333276 76 63
53969.592366666635 54128.32261666663 76 87
54604.51336666664 55114.221866666616 76 106
55041.40636666662 55204.02764999995 76 94
56061.5338666666 56184.08282499993 76 66
56580.0064916666 56729.8821166666 76 57
57032.27928333327 57159.18282499994 76 55
57492.12653333326 57581.104195833264 76 60
1831.5898333333332 1922.2415229166666 77 50
4345.087041666665 4437.265124999999 77 55
5812.452666666665 5961.587666666665 77 60
7712.628041666664 7872.629166666665 77 44
9357.329041666666 9467.313233333334 77 45
11883.674208333336 11966.682833333336 77 48
16371.589916666668 16465.929583333334 77 47
17310.90870833333 17411.918875 77 52
18081.311250000002 18186.992166666667 77 47
20071.39136666666 20194.679449999996 77 54
23158.93745 23252.286783333333 77 48
23860.301324999997 24035.739824999997 77 56
24512.183324999987 24612.183324999987 77 56
25116.73149166665 25218.254324999987 77 56
27163.944283333334 27240.3792 77 59
27729.715366666667 27815.531483333336 77 60
27872.247033333333 27991.866491666664 77 55
28312.11128333333 28407.129731250003 77 61
28617.58895 28770.650200000004 77 57
35204.53778333333 35317.150491666674 77 72
35620.12299166668 35705.567397916675 77 75
36268.23995000002 36358.219575000025 77 71
37522.685616666684 37635.80770000001 77 69
37937.178741666685 38030.16083541668 77 72
38328.528158333334 38442.500283333335 77 57
39940.69240833334 40061.46532500001 77 38
40373.737533333355 40457.29876250002 77 44
40963.22165833334 41052.653179166686 77 44
42265.28932500001 42362.15811666669 77 44
42738.22715833334 42845.25485416668 77 48
42925.84699166667 43090.32074166667 77 44
45480.4531583333 45567.4762958333 77 59
49132.294908333286 49274.47490833328 77 71
49700.679658333276 49820.06911666661 77 73
50135.97432499996 50679.187374999965 77 105
1210.607 1304.9939270833333 78 53
1365.250375 1493.852083333333 78 53
3730.728624999997 3816.5803229166636 78 52
3884.0528749999976 3985.575708333331 78 60
5436.243541666667 5587.256291666666 78 53
5961.587666666665 6109.984916666666 78 59
6404.332583333332 6502.733999999998 78 60
7082.480791666665 7211.747458333331 78 45
8841.113125000002 8951.31016666667 78 42
11315.993916666666 11391.577279166666 78 46
11453.821958333334 11570.538791666668 78 55
14469.668625000006 14576.059125000005 78 47
15316.254333333336 15466.44841666667 78 59
15812.455916666668 15928.843750000002 78 46
16727.724791666664 16871.84054166666 78 47
17462.680291666664 17615.353041666665 78 48
18649.715541666665 18815.53315833333 78 36
19352.145324999994 19492.627791666662 78 37
22017.089491666666 22147.808991666665 78 61
22611.64461666666 22746.376741666663 78 45
28464.527700000002 28592.078741666668 78 56
28927.3947 29013.618189583332 78 62
29079.723950000003 29199.916241666666 78 62
35770.14924166668 35874.32299166668 78 69
38245.955408333335 38356.61803333333 78 60
40517.165450000015 40613.902158333345 78 38
44854.07549166664 44947.88229166665 78 56
45010.05849166664 45139.99699166664 78 48
48069.48915833331 48209.350158333305 78 59
48634.664908333296 48776.844908333296 78 60
49274.47490833328 49416.65490833328 78 71
49844.10757499994 49940.60978333329 78 73
50631.56830833329 50826.15324166663 78 84
50813.65324166663 50963.65324166663 78 89
51413.65324166664 51563.65324166664 78 85
52013.65324166664 52165.170991666644 78 88
52634.148116666634 52798.586566666636 78 90
53334.671366666626 53493.401616666626 78 89
55551.11486666661 55696.745866666606 78 62
55988.363116666595 56135.0632416666 78 61
56430.87590833327 56555.1308666666 78 57
56880.635866666606 56971.54501666661 78 61
68432.93792499985 68601.85688333317 78 46
73676.32224166639 73833.55494999974 78 37
6552.238916666664 6651.618249999998 79 56
16160.650333333337 16254.108333333335 79 53
16871.84054166666 16968.458874999997 79 47
18002.63945833334 18107.627041666667 79 40
20009.915991666658 20112.374949999994 79 38
21262.073575000002 21330.176833333335 79 46
21394.219200000003 21511.590033333334 79 42
22147.808991666665 22257.36236666666 79 48
23772.582075 23948.020575 79 50
24437.183324999987 24587.183324999987 79 47
25040.589366666652 25192.873616666653 79 50
26619.637325 26707.277902083333 79 57
26763.944533333335 26875.055575000002 79 51
49203.38490833328 49345.56490833328 79 63
2472.9676666666655 2559.5273999999986 80 48
4976.7214583333325 5069.469095833332 80 52
5208.386416666666 5360.547166666666 80 63
5887.020166666666 6035.786291666665 80 52
8679.094666666668 8776.159483333335 80 47
12501.717833333336 12588.853072916669 80 45
14165.483958333338 14258.249916666673 80 48
15601.295916666668 15742.362416666667 80 57
16301.056666666667 16442.344666666668 80 50
17386.66633333333 17538.822416666666 80 42
20755.376949999998 20828.818491666665 80 44
20881.339533333336 20986.64749166667 80 38
22082.306866666666 22169.64303333333 80 42
46119.34407499995 46204.81481666663 80 60
47792.77311666665 47875.34196666665 80 62
49772.222199999946 49868.14603333328 80 66
50290.94907499997 50377.8039083333 80 75
50543.25485833329 50679.187374999965 80 69
50813.65324166663 51338.65324166663 80 108
51413.65324166664 51938.653241666645 80 106
52013.65324166664 52527.904324999974 80 109
52634.148116666634 53188.32996666663 80 104
53969.592366666635 54525.14824166663 80 105
54445.78311666663 54619.07646666664 80 86
55332.668366666614 55478.29936666661 80 71
55842.3768666666 55963.9728666666 80 59
56282.6049916666 56371.47000833327 80 62
1989.4860416666663 2122.183374999999 81 45
4501.067208333333 4605.779208333332 81 55
5360.547166666666 5511.939916666666 81 62
6478.103458333331 6576.991374999998 81 47
7553.053541666664 7686.032291666664 81 51
8193.915916666665 8328.324458333333 81 45
12033.058458333335 12134.454458333335 81 49
13614.186416666671 13690.329008333338 81 48
13746.540708333336 13836.13029166667 81 50
15244.368958333338 15364.101250000003 81 47
15742.362416666667 15835.820416666667 81 52
16799.72516666666 16944.30429166666 81 42
20256.49286666666 20325.707774999995 81 44
20380.45986666666 20484.194241666664 81 46
23441.079866666667 23524.341158333333 81 51
23597.143575000002 23743.342325 81 47
25967.929116666655 26055.737754166657 81 55
26127.930241666658 26262.774783333327 81 50
45638.9049083333 45771.60224166663 81 51
47251.49061666664 47328.69975416664 81 62
47385.619366666644 47475.30553333331 81 56
50456.71385833329 50572.32460833329 81 75
51263.65324166663 51488.65324166664 81 95
51863.65324166664 52028.72861666664 81 89
52475.272741666646 52714.361991666636 81 92
53152.18536666663 53346.576135416624 81 86
53334.671366666626 53890.22724166663 81 109
53810.86211666663 53980.1743833333 81 90
54968.59086666662 55114.221866666616 81 63
55478.29936666661 55623.93036666661 81 70
7394.722249999997 7485.234379166664 82 50
16230.743833333336 16348.005000000001 82 48
18996.24440833333 19106.53847083333 82 42
19172.78494166666 19285.880224999997 82 37
19727.647316666662 19832.19769166666 82 42
22882.535616666664 22960.30780833333 82 50
23020.04653333333 23112.425783333332 82 46
25345.805366666653 25433.815585416654 82 55
25498.997449999988 25627.59915833332 82 50
38087.46399166667 38192.190408333336 82 57
38591.69603333334 38696.788658333346 82 45
48919.02490833329 49000.77840833329 82 71
5284.466791666667 5436.243541666667 83 53
6330.922749999999 6428.842374999998 83 46
6928.894874999997 7056.707583333331 83 45
8033.056916666665 8118.647133333331 83 48
14797.104250000006 14888.303991666671 83 51
15027.091583333338 15172.253583333339 83 62
15671.939916666668 15812.455916666668 83 44
18320.25533333333 18411.567524999995 83 40
18482.22068333333 18621.306458333333 83 37
19887.29974166666 19968.932408333323 83 54
22345.46803333333 22420.68920833333 83 48
22478.21128333333 22567.00178333333 83 51
48350.416658333306 48436.79774166664 83 69
48492.4849083333 48610.96824166663 83 61
50372.248349999965 50514.185108333295 83 69
54750.14436666663 54895.775366666625 83 73
55405.48386666661 55551.11486666661 83 64
6183.8182916666665 6264.9988416666665 84 55
15172.253583333339 15268.40741666667 84 55
17236.63658333333 17361.413791666662 84 44
17846.522958333335 17976.461458333335 84 42
21815.023366666668 21893.770200000003 84 46
21952.060283333336 22060.567741666666 84 53
24737.811449999983 24824.551968749984 84 55
24888.945949999983 25015.20865833332 84 55
50062.32419999996 50151.28044999996 84 73
51188.65324166663 51338.65324166663 84 72
51788.65324166664 51938.653241666645 84 69
52396.875074999974 52527.904324999974 84 71
53061.895583333295 53188.32996666663 84 71
5131.918166666666 5259.106666666667 85 55
5737.512666666666 5862.164333333332 85 51
6776.995124999998 6869.250210416663 85 55
14314.878083333339 14417.44895833334 85 46
17089.93645833333 17171.685635416663 85 45
47930.59919999999 48046.23332499998 85 56
49487.744908333276 49567.08962916661 85 72
49629.58965833328 49748.29874166661 85 63
52165.170991666644 52267.47349166664 85 77
52798.586566666636 52902.441833333294 85 82
53731.49699166662 53890.22724166663 85 66
54366.41799166663 54525.14824166663 85 69
54895.775366666625 55041.40636666662 85 71
55259.85286666662 55381.212033333286 85 64
55696.745866666606 55778.05650833326 85 63
15099.789833333338 15244.368958333338 86 47
16090.882833333335 16207.379333333336 86 44
16655.954416666664 16751.648249999995 86 42
17692.014499999997 17780.667735416668 86 40
24123.459074999995 24226.253699999994 86 52
24286.55519999999 24412.18332499999 86 58
49061.20490833329 49179.68824166662 86 62
50963.65324166663 51113.65324166662 86 81
51563.65324166664 51713.65324166663 86 77
52319.01990833331 52422.91674166664 86 78
52973.03003333329 53067.847966666624 86 78
54822.95986666663 54968.59086666662 86 66
5587.256291666666 5677.560666666665 87 57
15951.99191666667 16032.850437500003 87 50
51113.65324166662 51263.65324166663 87 78
51713.65324166663 51863.65324166664 87 71
54128.32261666663 54287.05286666663 87 78
14954.157666666672 15075.635250000005 88 56
15530.42941666667 15648.465750000001 88 51
16513.322916666668 16597.62103958333 88 47
52241.83244999997 52370.83340833331 88 72
52884.99998333329 53008.3241333333 88 75
54287.05286666663 54445.78311666663 88 77
54677.328866666634 54798.688033333296 88 64
55114.221866666616 55204.02764999995 88 71
50212.97834999996 50301.47539166663 89 64
51038.65324166662 51188.65324166663 89 71
51638.65324166663 51788.65324166664 89 75
53493.401616666626 53652.13186666662 89 77
15387.910791666669 15466.44841666667 90 51
50721.42953333329 50826.15324166663 90 77
53652.13186666662 53810.86211666663 90 77
54207.687741666625 54366.41799166663 90 71
50888.65324166663 51013.65324166662 92 70
51488.65324166664 51613.65324166663 92 71
52089.15703333331 52216.19140833331 92 70
52714.361991666636 52821.3138333333 92 75
53572.76674166662 53731.49699166662 92 70
54048.95749166663 54181.23269999996 92 69
54525.14824166663 54619.07646666664 92 72
51338.65324166663 51488.65324166664 93 77
51938.653241666645 52028.72861666664 93 77
52554.359366666635 52714.361991666636 93 77
53243.207991666626 53346.576135416624 93 77
53414.03649166663 53546.311699999955 93 70
53890.22724166663 53980.1743833333 93 70
