73750.51630416662 77791.28263749994 35 31
42021.25533333331 42436.87066666665 36 57
44400.28799166666 44819.72866666666 36 59
56634.96583541665 57180.52005416665 38 41
70718.56990416662 71264.12412291663 38 41
56936.13796041665 57299.33195416665 40 36
71019.74202916662 71381.52158541662 40 36
57262.20323541665 59682.99569791665 42 48
71345.80730416662 73786.92408541663 42 48
14024.420374999998 14536.94295833333 43 45
35027.983749999985 35441.45066666665 43 51
42333.77791666665 42740.93166666666 43 50
44716.63591666666 45123.789666666664 43 47
56346.66459166665 56664.09206041665 43 40
59638.44123541665 62050.73692291665 43 36
70430.26866041661 70754.97768541664 43 40
56061.70791666666 56363.331256249985 45 45
70145.31198541661 70446.93532499995 45 45
2.6595749999999994 410.788375 47 38
7009.261458333332 7558.7827499999985 47 38
27976.165749999996 28390.988499999996 47 38
34427.983749999985 35059.233749999985 47 32
52315.301166666664 52623.23008125 47 36
55788.980666666655 56077.61700624999 47 36
66393.4107354166 66701.49990624996 47 36
69872.5847354166 70161.22107499995 47 36
84752.97800208328 92886.20898958325 47 21
41384.07716666665 42042.307966666645 48 48
6409.2614583333325 7024.886458333332 49 31
27339.963666666663 28082.548749999998 49 35
52024.038916666665 52606.563416666664 49 41
55503.26641666666 56061.70791666666 49 41
66102.14848541662 66684.6729854166 49 41
69586.8704854166 70145.31198541661 49 41
84053.83179999996 85082.46246041662 49 21
312.74912499999994 652.5733333333334 50 32
5809.2614583333325 7009.261458333332 50 35
13387.242208333331 14053.367745833331 50 38
14336.94295833333 14685.457833333328 50 39
23834.273666666664 24420.265279166666 50 42
26735.800166666668 27548.296999999995 50 41
28291.97858333333 28682.268999999993 50 32
33827.983749999985 35027.983749999985 50 35
35339.40983333332 35840.480583333316 50 46
51735.57741666667 52058.019512499995 50 40
55217.552166666654 55527.07593749998 50 40
65813.68698541663 66136.12908124995 50 40
69301.1562354166 69617.82286249993 50 40
77684.89963749996 78104.87913749996 50 27
83400.05563749994 84209.55089374995 50 25
24405.702166666666 25010.071335416666 52 48
42639.92158333332 43038.95149999999 52 53
45022.77958333333 45421.8095 52 51
49107.78166666666 51449.86316666667 52 48
51449.86316666667 52024.038916666665 52 48
52606.563416666664 54931.83791666666 52 48
54931.83791666666 55503.26641666666 52 48
63191.60223541665 65527.972735416624 52 48
65527.972735416624 66102.14848541662 52 47
66684.6729854166 69015.4419854166 52 48
69015.4419854166 69586.8704854166 52 48
24988.226666666666 25609.586133333334 53 39
604.4964166666666 1029.9569166666668 54 36
5221.025958333333 5846.7614583333325 54 40
7320.687541666665 7747.461916666665 54 32
12774.99720833333 13919.15720833333 54 39
25570.75116666667 26760.552645833333 54 46
28586.115166666663 28965.304583333327 54 36
33245.45924999999 33862.983749999985 54 41
50872.94016666667 51485.577447916665 54 38
54354.91491666666 54967.55219791666 54 38
64951.04973541663 65563.68701666662 54 38
68438.51898541661 69051.1562666666 54 38
78000.71247083328 78412.05355416662 54 31
82748.87263749994 83437.52086249995 54 28
35642.460749999984 36035.60724999999 55 48
40812.64866666665 41915.99216666665 55 50
42939.94158333332 43816.60266666665 55 56
45322.79958333333 46199.460666666666 55 55
62014.679235416654 63208.59253333331 55 35
22696.807666666664 23298.559447916665 58 40
889.7700416666668 1216.4979583333334 59 41
3500.8309583333335 5809.2614583333325 59 44
7605.952541666666 7934.37775 59 36
12203.56870833333 12805.60945833333 59 44
14635.952874999995 14978.14783333333 59 42
23262.845166666666 23860.46413958333 59 47
28871.846666666665 29726.146249999994 59 41
31512.980749999995 33827.983749999985 59 44
35938.51983333332 36787.74666666665 59 49
60826.56023541665 62050.73692291665 59 26
78310.01272083329 79201.29913749994 59 35
80983.82363749994 83400.05563749994 59 36
40262.19016666665 40826.934379166654 60 54
2335.3656666666666 3495.5678 61 45
20991.333666666666 21542.534666666666 61 49
22130.770166666665 22725.109541666665 61 49
24405.702166666666 25010.071335416666 61 40
26153.275666666665 26760.552645833333 61 40
30326.146249999998 31507.54596666666 61 45
49107.78166666666 51485.577447916665 61 28
52606.563416666664 54967.55219791666 61 28
57262.20323541665 58484.975706249985 61 28
58450.32223541665 59682.99569791665 61 26
59638.44123541665 60863.688954166646 61 28
63191.60223541665 65563.68701666662 61 28
66684.6729854166 69051.1562666666 61 28
71345.80730416662 72533.57253541662 61 28
72511.29530416662 73786.92408541663 61 23
79801.29913749994 80978.82363749994 61 38
2.6595749999999994 1216.4979583333334 62 28
1168.4210416666667 2361.06659375 62 46
3185.041458333333 3500.8309583333335 62 35
3500.8309583333335 5846.7614583333325 62 28
5809.2614583333325 7024.886458333332 62 27
7009.261458333332 7934.37775 62 28
7887.648791666666 8731.471958333334 62 41
10498.83720833333 12774.99720833333 62 44
14929.604124999998 15778.364166666664 62 45
20435.778166666667 21008.000331249998 62 44
21542.534666666666 22166.147510416664 62 41
24988.226666666666 25609.586133333334 62 41
25570.75116666667 26177.547520833334 62 44
27976.165749999996 29726.146249999994 62 28
29149.223249999995 30349.510729166665 62 46
31186.893749999996 31512.980749999995 62 33
31512.980749999995 33862.983749999985 62 28
33827.983749999985 35059.233749999985 62 27
35027.983749999985 36787.74666666665 62 32
36226.999166666654 37417.863854166644 62 50
51449.86316666667 52623.23008125 62 24
54931.83791666666 57299.33195416665 62 26
60826.56023541665 62050.73692291665 62 28
62014.679235416654 63208.59253333331 62 27
65527.972735416624 66701.49990624996 62 24
69015.4419854166 71381.52158541662 62 26
73750.51630416662 75498.52880416662 62 24
74927.10030416663 77384.96818749997 62 21
77363.46280416663 79201.29913749994 62 23
78613.06363749994 79825.57099166661 62 40
80683.82363749994 80983.82363749994 62 33
80983.82363749994 82748.87263749994 62 23
82166.34813749994 83437.52086249995 62 21
83400.05563749994 85082.46246041662 62 19
84752.97800208328 86193.37908541661 62 16
87540.76950208326 92886.20898958325 62 15
9331.471958333334 10493.628874999997 64 46
19880.22266666667 20991.333666666666 64 49
21454.03908333333 21557.240554166663 64 28
37381.80616666665 38552.78866666665 64 56
38552.78866666665 39685.26716666666 64 56
39685.26716666666 40826.934379166654 64 39
40812.64866666665 43816.60266666665 64 36
43234.07816666666 44400.28799166666 64 58
44400.28799166666 46199.460666666666 64 36
45616.93616666667 47949.529020833324 64 59
58450.32223541665 60863.688954166646 64 28
18703.299666666666 19894.111554166666 65 48
37958.72916666665 38568.99236874998 65 52
2.6595749999999994 5846.7614583333325 66 28
5809.2614583333325 7024.886458333332 66 27
7009.261458333332 8731.471958333334 66 28
8165.434458333333 9366.518677083333 66 46
10186.33720833333 10498.83720833333 66 41
10498.83720833333 12805.60945833333 66 28
12774.99720833333 14053.367745833331 66 26
16360.888666666664 17553.951779166666 66 48
17532.317166666664 18732.145816666667 66 49
22696.807666666664 23298.559447916665 66 45
23262.845166666666 23860.46413958333 66 41
23834.273666666664 24420.265279166666 66 42
27976.165749999996 33862.983749999985 66 28
33827.983749999985 35059.233749999985 66 27
50272.94016666667 52623.23008125 66 28
57262.20323541665 58484.975706249985 66 28
65527.972735416624 66701.49990624996 66 28
71345.80730416662 72533.57253541662 66 28
72511.29530416662 77384.96818749997 66 24
77363.46280416663 78104.87913749996 66 29
78000.71247083328 79201.29913749994 66 27
78613.06363749994 79801.29913749994 66 29
79201.29913749994 79825.57099166661 66 28
79801.29913749994 80683.82363749994 66 29
80383.82363749994 81013.82363749994 66 28
80983.82363749994 82166.34813749994 66 29
81583.82363749994 83400.05563749994 66 27
82748.87263749994 83437.52086249995 66 25
83400.05563749994 84209.55089374995 66 24
84053.83179999996 85082.46246041662 66 22
84752.97800208328 86152.55800208329 66 20
85452.76800208329 86193.37908541661 66 19
87540.76950208326 89254.87100208327 66 19
88335.47150208327 90398.59950208326 66 17
89254.87100208327 91542.32800208325 66 19
90398.59950208326 92886.20898958325 66 17
14024.420374999998 15778.364166666664 67 28
15217.616666666665 16394.22199583333 67 49
19880.22266666667 21008.000331249998 67 29
20991.333666666666 22166.147510416664 67 35
22130.770166666665 22725.109541666665 67 36
24405.702166666666 25010.071335416666 67 40
35027.983749999985 36787.74666666665 67 32
36226.999166666654 37417.863854166644 67 33
37381.80616666665 38568.99236874998 67 36
38552.78866666665 40826.934379166654 67 39
40812.64866666665 47342.73266666666 67 36
46781.985166666665 47949.529020833324 67 32
47925.25716666666 49124.60858749999 67 30
49107.78166666666 50310.44016666667 67 28
52606.563416666664 57299.33195416665 67 28
62014.679235416654 65563.68701666662 67 28
66684.6729854166 71381.52158541662 67 28
17532.317166666664 18732.145816666667 68 30
18703.299666666666 19894.111554166666 68 28
24988.226666666666 25609.586133333334 68 41
76092.58830416662 77363.46280416663 69 30
76693.67030416663 77384.96818749997 69 27
19880.22266666667 20991.333666666666 70 31
20991.333666666666 21557.240554166663 70 40
22130.770166666665 22725.109541666665 70 40
24405.702166666666 25010.071335416666 70 48
26153.275666666665 26760.552645833333 70 40
49107.78166666666 50272.94016666667 70 36
49684.704666666665 50310.44016666667 70 35
50272.94016666667 51485.577447916665 70 36
53754.91491666666 54967.55219791666 70 36
58450.32223541665 59638.44123541665 70 36
59044.38173541665 59682.99569791665 70 32
59638.44123541665 60826.56023541665 70 36
60232.50073541665 60863.688954166646 70 31
64351.04973541664 65563.68701666662 70 36
67838.51898541661 69051.1562666666 70 36
72511.29530416662 73750.51630416662 70 32
73105.35480416662 73786.92408541663 70 28
2.6595749999999994 652.5733333333334 71 35
604.4964166666666 1216.4979583333334 71 32
1168.4210416666667 2335.3656666666666 71 35
1735.3656666666666 2361.06659375 71 33
2335.3656666666666 2944.6568749999997 71 35
2896.1131666666665 3527.5299979166666 71 32
3500.8309583333335 4660.278458333333 71 35
4083.355458333333 5221.025958333333 71 33
4660.278458333333 5809.2614583333325 71 35
5221.025958333333 5846.7614583333325 71 32
5809.2614583333325 7009.261458333332 71 33
6409.2614583333325 7024.886458333332 71 32
7009.261458333332 8731.471958333334 71 35
8165.434458333333 12805.60945833333 71 28
12774.99720833333 14053.367745833331 71 26
14024.420374999998 15778.364166666664 71 28
15217.616666666665 17553.951779166666 71 31
17532.317166666664 18732.145816666667 71 30
18703.299666666666 19894.111554166666 71 28
20435.778166666667 21008.000331249998 71 36
21542.534666666666 22166.147510416664 71 40
23262.845166666666 23860.46413958333 71 41
24119.987916666665 24420.265279166666 71 44
24988.226666666666 25609.586133333334 71 48
25570.75116666667 26177.547520833334 71 44
27976.165749999996 28682.268999999993 71 35
28586.115166666663 29726.146249999994 71 32
29149.223249999995 30326.146249999998 71 35
29726.146249999994 30349.510729166665 71 33
30326.146249999998 31186.893749999996 71 35
30886.893749999996 31540.48074999999 71 32
31512.980749999995 32689.90374999999 71 35
32112.98074999999 33245.45924999999 71 33
32689.90374999999 33827.983749999985 71 35
33245.45924999999 33862.983749999985 71 32
33827.983749999985 35027.983749999985 71 33
34427.983749999985 35059.233749999985 71 32
35027.983749999985 36787.74666666665 71 41
36226.999166666654 37381.80616666665 71 44
36787.74666666665 37417.863854166644 71 41
37381.80616666665 38552.78866666665 71 48
37958.72916666665 38568.99236874998 71 45
47925.25716666666 49107.78166666666 71 38
48507.78166666666 49124.60858749999 71 32
51449.86316666667 52058.019512499995 71 36
52024.038916666665 52623.23008125 71 32
52606.563416666664 53754.91491666666 71 36
53177.991916666666 53789.91491666666 71 35
54931.83791666666 55527.07593749998 71 36
55503.26641666666 56077.61700624999 71 32
56061.70791666666 56664.09206041665 71 36
56634.96583541665 57299.33195416665 71 32
57262.20323541665 58450.32223541665 71 36
57856.26273541665 58484.975706249985 71 31
60826.56023541665 62014.679235416654 71 36
61420.61973541665 62050.73692291665 71 32
62014.679235416654 63191.60223541665 71 36
62591.60223541664 63208.59253333331 71 32
63191.60223541665 64351.04973541664 71 36
63774.126735416634 64386.04973541664 71 35
65527.972735416624 66136.12908124995 71 36
66102.14848541662 66701.49990624996 71 32
66684.6729854166 67838.51898541661 71 36
67261.59598541661 67873.51898541661 71 35
69015.4419854166 69617.82286249993 71 36
69586.8704854166 70161.22107499995 71 32
70145.31198541661 70754.97768541664 71 36
70718.56990416662 71381.52158541662 71 32
71345.80730416662 72511.29530416662 71 36
71917.23580416662 72533.57253541662 71 31
73750.51630416662 74927.10030416663 71 30
74333.04080416662 75498.52880416662 71 26
74927.10030416663 76092.58830416662 71 30
75498.52880416662 76125.14691249996 71 27
38552.78866666665 40812.64866666665 72 49
40262.19016666665 40826.934379166654 72 44
40812.64866666665 41915.99216666665 72 46
41384.07716666665 43816.60266666665 72 45
43234.07816666666 44389.41842499999 72 48
43816.60266666665 46199.460666666666 72 45
45616.93616666667 46781.985166666665 72 48
46199.460666666666 47342.73266666666 72 44
46781.985166666665 47949.529020833324 72 40
18703.299666666666 19880.22266666667 73 36
19280.22266666667 19894.111554166666 73 31
19880.22266666667 20991.333666666666 73 37
22696.807666666664 23298.559447916665 73 45
23834.273666666664 24405.702166666666 73 50
26153.275666666665 26760.552645833333 73 48
8165.434458333333 9331.471958333334 74 36
8731.471958333334 9366.518677083333 74 35
9331.471958333334 10186.33720833333 74 36
9892.219458333331 12774.99720833333 74 35
12203.56870833333 12805.60945833333 74 31
12774.99720833333 14053.367745833331 74 32
14024.420374999998 14685.457833333328 74 35
14635.952874999995 15778.364166666664 74 36
15217.616666666665 16360.888666666664 74 40
15778.364166666664 16394.22199583333 74 38
16360.888666666664 17532.317166666664 74 40
16932.317166666664 18703.299666666666 74 38
18109.240166666666 18732.145816666667 74 32
20435.778166666667 21008.000331249998 74 42
23548.559416666667 23762.845104166667 74 45
23762.845104166667 23860.46413958333 74 42
25570.75116666667 26177.547520833334 74 53
20991.333666666666 22725.109541666665 76 47
23262.845166666666 23739.035583333334 76 49
22696.807666666664 23298.559447916665 78 54
