110492.4678541666 111145.41135416662 30 39
136090.35485416668 136717.0253541667 30 26
139902.21452083334 140612.27509583332 30 33
64473.43354166668 65081.344041666685 35 34
87808.96220833331 88571.44135833331 35 30
130545.78085416665 131135.49335416668 35 34
5545.272 6182.4195 37 39
12923.92325 13553.299749999998 37 39
35090.95145833333 35728.09895833333 37 39
42493.84854166662 43123.22504166663 37 39
58917.809041666675 59551.80054166667 37 39
60760.69204166667 61400.14804166668 37 36
66274.6055416667 66926.08854166669 37 35
68149.76004166668 68807.8920416667 37 29
71652.00304166667 72000.70538541667 37 18
78612.44404166666 79374.92319166666 37 30
83155.37620833333 83928.19068333332 37 31
110097.7308541666 110509.80890416661 37 29
125076.21485416662 125675.02035416663 37 39
126883.91185416662 127523.36785416662 37 36
132328.75485416668 132948.94735416668 37 35
134183.8213541667 134842.4678541667 37 29
135762.48585416668 136105.89890416668 37 18
137637.04335416664 138304.03935416666 37 18
139572.54402083333 139914.56020416666 37 18
18441.917250000002 19054.56075 39 53
55310.44104166665 55923.084541666656 39 41
73958.85804166665 74731.67251666666 39 31
121468.8468541666 122081.4903541666 39 41
73601.71504166667 73962.21374583333 41 18
108643.18485416661 109028.03348333327 41 29
1887.2040000000002 2519.429 42 39
3712.8889999999997 4338.0419999999995 42 39
7427.721250000001 8057.855250000001 42 39
9286.403250000003 9925.859250000003 42 40
11134.750750000005 11476.803050000002 42 44
14777.62425 15417.08025 42 39
16625.97175 17248.552250000004 42 46
29607.86162500001 30247.317625000007 42 39
31456.209125000005 32072.387625000003 42 39
33255.771458333336 33880.924458333335 42 39
36964.12220833332 37594.25620833332 42 39
38822.80420833331 39462.26020833331 42 39
40699.637041666625 41286.60604166662 42 39
44347.54954166663 44987.00554166664 42 39
46195.897041666634 46818.47754166662 42 46
48011.84254166662 48624.48604166662 42 47
49818.03854166663 50425.94904166663 42 51
62609.03954166668 63248.495541666685 42 36
64138.238041666686 64488.977591666684 42 25
70051.78604166668 70717.46904166667 42 26
71979.87204166668 72653.86604166667 42 26
87019.4882083333 87414.2252083333 42 22
87414.2252083333 87808.96220833331 42 22
88203.6992083333 88590.7962083333 42 28
89704.3632708333 90055.2402708333 42 28
91205.65068749996 91593.18277083329 42 28
106289.90135416656 106692.58585416657 42 19
106692.58585416657 107082.19635416659 42 23
107082.19635416659 107471.80685416659 42 22
107471.80685416659 107861.41735416661 42 21
107861.41735416661 108251.0278541666 42 21
108251.0278541666 108643.18485416661 42 34
109370.4578541666 109755.30648333328 42 29
112354.3028541666 112976.88335416661 42 46
114170.2483541666 114782.8918541666 42 47
115976.44435416661 116584.35485416662 42 48
128732.25935416664 129336.88935416663 42 36
130226.63185416664 130560.41500416666 42 25
137963.13035416664 138637.37285416666 42 26
140272.58502083333 140630.15352083332 42 25
140630.15352083332 140987.72202083332 42 27
140987.72202083332 141345.29052083328 42 28
141345.29052083328 141705.36835416663 42 30
141705.36835416663 142101.10400416664 42 26
142101.10400416664 142458.59736249998 42 26
142474.50067499996 142845.7080208333 42 26
142862.28627083328 143285.7410583333 42 25
143285.7410583333 143790.79155833332 42 25
143790.79155833332 144241.2420583333 42 21
144241.2420583333 144941.0018083333 42 17
144941.0018083333 152655.2888083333 42 20
20236.413749999996 20844.324249999998 44 42
22128.467791666666 22762.459291666666 44 39
57116.63704166666 57724.54754166667 44 38
58605.76504166667 58932.836370833335 44 28
60441.54304166667 60777.35871666668 44 25
62289.89054166668 62625.70621666669 44 25
67830.61104166669 68166.70919166668 44 20
69732.63704166669 70069.02741666668 44 18
77822.97004166666 78217.70704166665 44 22
78217.70704166665 78612.44404166666 44 22
79007.18104166667 79394.27804166666 44 28
80519.49254166667 80874.52204166667 44 28
82763.21920833332 83155.37620833333 44 28
102798.15277083321 103168.52327083323 44 24
103168.52327083323 103565.87427083323 44 24
109006.8213541666 109734.0943541666 44 32
123275.04285416662 123882.95335416662 44 38
124764.17085416662 125084.75144166662 44 28
126564.76285416663 127217.24535416662 44 25
128413.11035416664 128747.18472916663 44 25
132016.71085416665 132341.57537500001 44 25
133861.2408541667 134526.6783541667 44 20
56794.056541666665 57132.181091666665 46 29
100510.34302083324 100885.70977083324 46 28
109734.0943541666 110492.4678541666 46 32
122952.46235416661 123329.44702916662 46 29
28597.164875000006 28958.792093750006 47 28
51619.21054166664 52253.20204166665 47 39
53462.09354166665 54101.54954166665 47 36
65962.56154166668 66500.59420833335 47 25
88590.7962083333 88968.1547083333 47 33
89345.0817708333 89704.3632708333 47 28
90055.2402708333 90442.33727083329 47 28
90825.89368749995 91205.65068749996 47 28
91593.18277083329 91985.33977083328 47 28
94556.72527083325 94924.82327083327 47 22
94924.82327083327 95311.92027083326 47 22
95311.92027083326 95689.27877083326 47 26
95689.27877083326 96057.37677083325 47 25
97512.42877083324 97885.09977083324 47 26
97885.09977083324 98257.77077083326 47 25
98257.77077083326 98625.92452083326 47 29
98625.92452083326 98980.95402083325 47 24
98980.95402083325 99349.05202083326 47 22
99349.05202083326 99736.14902083325 47 22
99736.14902083325 100123.24602083325 47 26
100123.24602083325 100510.34302083324 47 27
117777.61635416663 118411.60785416662 47 44
119620.4993541666 120259.95535416661 47 39
121149.6978541666 121484.55365416661 47 26
59245.67804166667 59845.91804166667 48 26
61094.025541666684 61694.26554166668 48 26
62942.37304166669 63542.613041666686 48 26
66613.58854166669 67227.5960416667 48 23
68488.74304166669 69114.0145416667 48 20
70396.61354166668 71025.16154166668 48 19
72331.28554166667 72964.74704166668 48 19
125368.89785416663 125969.13785416663 48 26
127217.24535416662 127817.48535416662 48 26
129030.76685416665 129631.00685416663 48 26
132636.44735416668 133250.4548541667 48 23
134526.6783541667 135147.0363541667 48 20
136401.23585416668 137021.59385416665 48 19
138304.03935416666 138948.25385416666 48 19
1568.0550000000003 1902.5671270833336 49 25
3405.1964999999996 3731.4075291666663 49 27
5227.8115 5558.933208333334 49 28
7103.396750000001 7446.437820833334 49 27
8965.547750000003 9305.84770416667 49 27
10815.601750000003 11151.33841666667 49 33
12588.72775 12943.048941666666 49 33
14453.299750000002 14794.290925000001 49 29
16306.822750000001 16642.100775000003 49 33
18132.638750000002 18457.624050000002 49 41
23971.35079166666 24610.806791666666 49 36
27955.379875000002 28291.60914375 49 28
31137.060125000004 31480.145300000004 49 25
32948.07895833333 33292.808516666664 49 28
34773.490958333336 35215.26845416666 49 29
36639.79770833332 37001.55534999999 49 25
38501.948708333315 38842.24866249998 49 26
40380.488041666635 40734.46291666663 49 31
42167.76154166662 42510.241991666626 49 31
44023.22504166663 44364.21621666663 49 31
45876.74804166663 46212.02606666663 49 33
47702.56404166662 48027.54934166662 49 37
49495.45804166663 49833.582591666636 49 29
51307.16654166664 51630.139508333305 49 34
53142.94454166664 53478.76021666665 49 25
59845.91804166667 60441.54304166667 49 26
61694.26554166668 62289.89054166668 49 26
63542.613041666686 64138.238041666686 49 26
67227.5960416667 67830.61104166669 49 22
69114.0145416667 69439.66829166669 49 19
71025.16154166668 71652.00304166667 49 19
72964.74704166668 73601.71504166667 49 19
79394.27804166666 79771.63654166667 49 33
80148.99504166667 80519.49254166667 49 28
80874.52204166667 81247.19304166666 49 28
81618.35829166665 81987.62987499998 49 28
83558.06070833332 83947.67120833331 49 20
83947.67120833331 84322.67120833331 49 22
84322.67120833331 84697.67120833331 49 23
84697.67120833331 85072.67120833331 49 26
85072.67120833331 85480.83470833332 49 23
85480.83470833332 85872.99170833331 49 24
85872.99170833331 86255.15720833332 49 24
86255.15720833332 86637.3227083333 49 23
86637.3227083333 87019.4882083333 49 22
88968.1547083333 89331.36226458331 49 31
90442.33727083329 90825.89368749995 49 28
91985.33977083328 92377.49677083327 49 28
93860.92727083326 94213.86827083325 49 22
94213.86827083325 94556.72527083325 49 22
96057.37677083325 96412.40627083323 49 22
96412.40627083323 96757.23377083323 49 22
100885.70977083324 101251.56327083324 49 29
103565.87427083323 103946.84627083324 49 33
103946.84627083324 104349.53077083324 49 28
104349.53077083324 104736.62777083323 49 31
104736.62777083323 105123.72477083323 49 27
105123.72477083323 105515.88177083324 49 30
105515.88177083324 105908.03877083323 49 27
105908.03877083323 106289.90135416656 49 22
106289.90135416656 106692.58585416657 49 27
106692.58585416657 107082.19635416659 49 31
107082.19635416659 107471.80685416659 49 30
107471.80685416659 107861.41735416661 49 35
112035.15385416661 112370.4318791666 49 33
113860.9698541666 114185.9551541666 49 37
115653.86385416662 115991.98840416662 49 29
117465.57235416662 117789.91144166661 49 34
119301.35035416661 119637.1660291666 49 27
125969.13785416663 126564.76285416663 49 26
127817.48535416662 128413.11035416664 49 26
129631.00685416663 130226.63185416664 49 26
133250.4548541667 133861.2408541667 49 22
135147.0363541667 135762.48585416668 49 19
137021.59385416665 137637.04335416664 49 19
138948.25385416666 139309.38610416665 49 19
143285.7410583333 143790.79155833332 49 25
143790.79155833332 144241.2420583333 49 21
144241.2420583333 144941.0018083333 49 17
144941.0018083333 152655.2888083333 49 25
55624.57704166666 56212.93954166666 50 30
57427.51804166666 58014.40254166667 50 33
121782.9828541666 122371.34535416661 50 30
123585.92385416663 124172.80835416661 50 33
130838.46385416666 131425.34835416666 50 29
23652.201791666663 23988.01746666666 51 25
26726.994041666665 27038.607724999998 51 27
54991.292041666646 55365.41484166665 51 25
56212.93954166666 56794.056541666665 51 30
58014.40254166667 58605.76504166667 51 29
59551.80054166667 60140.03554166667 51 29
61400.14804166668 61988.38304166668 51 29
63248.495541666685 63836.730541666686 51 29
66926.08854166669 67529.10354166669 51 25
68807.8920416667 69420.13704166669 51 23
70717.46904166667 71332.85404166668 51 22
72653.86604166667 73275.62804166667 51 22
74361.54254166667 74751.15304166666 51 20
74751.15304166666 75126.15304166666 51 22
75126.15304166666 75501.15304166666 51 23
75501.15304166666 75876.15304166666 51 26
75876.15304166666 76284.31654166667 51 23
76284.31654166667 76676.47354166667 51 24
76676.47354166667 77058.63904166667 51 24
77058.63904166667 77440.80454166667 51 23
77440.80454166667 77822.97004166666 51 22
79771.63654166667 80148.99504166667 51 31
81247.19304166666 81618.35829166665 51 28
92377.49677083327 92745.59477083327 51 22
92745.59477083327 93132.69177083326 51 22
93132.69177083326 93510.05027083326 51 26
93510.05027083326 93860.92727083326 51 25
96757.23377083323 97125.33177083325 51 22
97125.33177083325 97512.42877083324 51 22
101251.56327083324 101628.92177083323 51 22
101628.92177083323 102028.92177083323 51 22
102028.92177083323 102413.53727083321 51 26
102413.53727083321 102798.15277083321 51 25
102798.15277083321 103168.52327083323 51 29
103168.52327083323 103565.87427083323 51 24
122371.34535416661 122952.46235416661 51 30
124172.80835416661 124764.17085416662 51 29
125675.02035416663 126263.25535416663 51 29
127523.36785416662 128111.60285416662 51 29
129336.88935416663 129925.12435416663 51 29
131425.34835416666 132016.71085416665 51 26
132948.94735416668 133551.9623541667 51 25
134842.4678541667 135451.60485416668 51 23
136717.0253541667 137326.16235416665 51 22
138637.37285416666 139259.13485416665 51 22
140272.58502083333 140630.15352083332 51 25
140630.15352083332 140987.72202083332 51 27
140987.72202083332 141345.29052083328 51 28
141345.29052083328 141705.36835416663 51 30
141705.36835416663 142101.10400416664 51 26
142101.10400416664 142458.59736249998 51 26
142474.50067499996 142845.7080208333 51 26
142862.28627083328 143285.7410583333 51 25
55923.084541666656 56502.79454166666 52 38
57724.54754166667 58304.25754166667 52 37
122081.4903541666 122661.2003541666 52 38
123882.95335416662 124462.66335416662 52 37
346.821 972.4300000000002 53 20
2222.3995000000004 2806.5105 53 22
4030.3495 4629.303999999999 53 25
7748.576750000001 8357.855250000002 53 25
9619.736750000004 10219.976750000003 53 33
11419.110750000003 11825.798850000001 53 33
15110.957750000001 15711.197750000001 53 26
16948.55225 17542.66975 53 30
21725.541749999997 22007.71628333333 53 27
25500.549291666663 25965.316918749995 53 25
27333.595875 27771.786125000002 53 27
29941.195125000006 30541.435125000007 53 21
31775.358125000002 32366.505125000003 53 23
33573.23195833333 34177.95395833333 53 25
37284.977708333325 37894.25620833332 53 25
39156.137708333314 39658.33854166664 53 32
40998.144541666625 41582.17254166662 53 32
44680.88304166663 45281.12304166663 53 26
46518.47754166662 47112.595041666624 53 30
48325.97854166662 48914.34104166662 53 34
50128.91954166663 50715.80404166663 53 38
60140.03554166667 60760.69204166667 53 29
61988.38304166668 62609.03954166668 53 29
64784.31454166669 65371.19904166669 53 29
67529.10354166669 68149.76004166668 53 24
69420.13704166669 70051.78604166668 53 23
82371.06220833333 82763.21920833332 53 28
107861.41735416661 108251.0278541666 53 29
110839.28885416662 111439.52885416661 53 26
112676.88335416661 113271.0008541666 53 30
114484.38435416661 115072.74685416662 53 34
116287.32535416662 116874.20985416662 53 33
118105.48535416662 118705.72535416661 53 29
119953.83285416661 120554.0728541666 53 28
126263.25535416663 126883.91185416662 53 29
128111.60285416662 128732.25935416664 53 29
131135.49335416668 131715.20335416665 53 33
133551.9623541667 134183.8213541667 53 24
972.4300000000002 1568.0550000000003 54 21
2806.5105 3405.1964999999996 54 23
4629.303999999999 5227.8115 54 25
8357.855250000002 8965.547750000003 54 26
10219.976750000003 10815.601750000003 54 33
12003.138750000002 12529.02625 54 30
15711.197750000001 16306.822750000001 54 30
17542.66975 18132.638750000002 54 37
19925.53275 20251.957799999996 54 34
26128.976791666664 26440.115397916663 54 26
27028.50670833333 27436.160041666666 54 31
30541.435125000007 31137.060125000004 54 26
32366.505125000003 32702.981041666666 54 26
34177.95395833333 34773.490958333336 54 25
37894.25620833332 38501.948708333315 54 26
39765.30270833331 40271.03529166664 54 30
41582.17254166662 42167.76154166662 54 31
45281.12304166663 45876.74804166663 54 30
47112.595041666624 47702.56404166662 54 35
48914.34104166662 49495.45804166663 54 37
50715.80404166663 51307.16654166664 54 37
51947.079541666644 52547.31954166664 54 29
63836.730541666686 64473.43354166668 54 29
65371.19904166669 65962.56154166668 54 26
71332.85404166668 71979.87204166668 54 22
73275.62804166667 73958.85804166665 54 22
81987.62987499998 82371.06220833333 54 28
87414.2252083333 87808.96220833331 54 33
88203.6992083333 88590.7962083333 54 27
88590.7962083333 88968.1547083333 54 31
88968.1547083333 89331.36226458331 54 30
89345.0817708333 89704.3632708333 54 26
89704.3632708333 90055.2402708333 54 26
90055.2402708333 90442.33727083329 54 26
90442.33727083329 90825.89368749995 54 26
90825.89368749995 91205.65068749996 54 26
91205.65068749996 91593.18277083329 54 26
91593.18277083329 91985.33977083328 54 26
91985.33977083328 92377.49677083327 54 26
92377.49677083327 92745.59477083327 54 30
92745.59477083327 93132.69177083326 54 27
93132.69177083326 93510.05027083326 54 31
93510.05027083326 93860.92727083326 54 30
93860.92727083326 94213.86827083325 54 26
94213.86827083325 94556.72527083325 54 26
94556.72527083325 94924.82327083327 54 30
94924.82327083327 95311.92027083326 54 27
95311.92027083326 95689.27877083326 54 31
95689.27877083326 96057.37677083325 54 30
96057.37677083325 96412.40627083323 54 26
96412.40627083323 96757.23377083323 54 26
96757.23377083323 97125.33177083325 54 30
97125.33177083325 97512.42877083324 54 27
97512.42877083324 97885.09977083324 54 31
97885.09977083324 98257.77077083326 54 30
99349.05202083326 99736.14902083325 54 27
100123.24602083325 100510.34302083324 54 32
100510.34302083324 100885.70977083324 54 34
100885.70977083324 101251.56327083324 54 35
101251.56327083324 101628.92177083323 54 30
101628.92177083323 102028.92177083323 54 27
108251.0278541666 108643.18485416661 54 34
111439.52885416661 112035.15385416661 54 30
113271.0008541666 113860.9698541666 54 35
115072.74685416662 115653.86385416662 54 37
116874.20985416662 117465.57235416662 54 34
118705.72535416661 119301.35035416661 54 29
120554.0728541666 121149.6978541666 54 28
129925.12435416663 130545.78085416665 54 29
137326.16235416665 137963.13035416664 54 22
139259.13485416665 139902.21452083334 54 22
5873.141 6482.4195 55 29
13251.792249999999 13570.799749999998 55 28
20547.294749999994 21134.179249999994 55 28
22456.336791666665 23056.576791666663 55 26
24304.684291666665 24904.924291666663 55 26
35418.82045833333 36028.09895833332 55 25
42821.71754166663 43141.97504166663 55 30
52547.31954166664 53142.94454166664 55 29
53795.42704166665 54395.667041666646 55 26
56502.79454166666 57116.63704166666 55 36
122661.2003541666 123275.04285416662 55 36
678.3125000000001 1266.5475000000001 56 25
2519.429 3100.628 56 29
4338.0419999999995 4929.303999999999 56 28
6482.4195 6842.980083333334 56 28
8057.855250000001 8657.855250000002 56 28
9925.859250000003 10514.094250000006 56 38
11707.572250000001 12175.38765 56 37
13853.29975 14170.79975 56 28
15417.08025 16005.315250000003 56 31
17248.552250000004 17831.131250000002 56 43
21134.179249999994 21437.853343749997 56 28
23056.576791666663 23652.201791666663 56 26
24904.924291666663 25500.549291666663 56 26
25819.69829166666 26428.976791666664 56 33
29269.565375000006 29506.60703333334 56 28
30247.317625000007 30835.552625000004 56 27
32072.387625000003 32652.219625 56 27
33880.924458333335 34474.983458333336 56 28
36028.09895833332 36379.38104166665 56 25
37594.25620833332 38194.25620833332 56 28
39462.26020833331 39819.066124999976 56 36
41286.60604166662 41869.25404166662 56 36
43423.22504166663 44023.22504166663 56 28
44987.00554166664 45575.24054166663 56 31
46818.47754166662 47401.05654166662 56 40
48624.48604166662 49204.196041666626 56 45
50425.94904166663 51005.65904166664 56 46
52253.20204166665 52841.43704166664 56 34
54395.667041666646 54991.292041666646 56 26
58304.25754166667 58756.51879166667 56 34
65081.344041666685 65661.05404166669 56 33
78217.70704166665 78612.44404166666 56 33
79007.18104166667 79394.27804166666 56 27
79394.27804166666 79771.63654166667 56 31
79771.63654166667 80148.99504166667 56 30
80148.99504166667 80519.49254166667 56 26
80519.49254166667 80874.52204166667 56 26
80874.52204166667 81247.19304166666 56 26
81247.19304166666 81618.35829166665 56 26
81618.35829166665 81987.62987499998 56 26
81987.62987499998 82371.06220833333 56 26
82371.06220833333 82763.21920833332 56 26
82763.21920833332 83155.37620833333 56 26
83558.06070833332 83947.67120833331 56 30
83947.67120833331 84322.67120833331 56 33
84322.67120833331 84697.67120833331 56 36
85072.67120833331 85480.83470833332 56 36
85480.83470833332 85872.99170833331 56 37
86637.3227083333 87019.4882083333 56 34
87019.4882083333 87414.2252083333 56 33
98257.77077083326 98625.92452083326 56 35
98625.92452083326 98980.95402083325 56 29
98980.95402083325 99349.05202083326 56 30
99736.14902083325 100123.24602083325 56 31
102798.15277083321 103168.52327083323 56 35
103168.52327083323 103565.87427083323 56 29
103565.87427083323 103946.84627083324 56 39
103946.84627083324 104349.53077083324 56 34
104349.53077083324 104736.62777083323 56 37
104736.62777083323 105123.72477083323 56 32
105123.72477083323 105515.88177083324 56 36
105515.88177083324 105908.03877083323 56 32
105908.03877083323 106289.90135416656 56 30
111145.41135416662 111733.64635416662 56 31
112976.88335416661 113559.4623541666 56 40
114782.8918541666 115362.60185416661 56 45
116584.35485416662 117164.06485416663 56 39
118411.60785416662 118999.84285416662 56 33
120259.95535416661 120848.19035416661 56 31
124462.66335416662 124914.92460416663 56 34
135451.60485416668 135926.42035416668 56 23
18756.05325 19344.41575 57 39
1266.5475000000001 1887.2040000000002 58 28
3100.628 3712.8889999999997 58 31
4929.303999999999 5545.272 58 32
6182.4195 6791.698 58 32
8657.855250000002 9286.403250000003 58 28
10514.094250000006 11134.750750000005 58 38
12290.22025 12923.92325 58 38
13553.299749999998 14153.29975 58 33
16005.315250000003 16625.97175 58 35
17831.131250000002 18441.917250000002 58 46
19344.41575 19925.53275 58 38
20844.324249999998 21424.034249999993 58 33
22762.459291666666 23350.694291666663 58 29
24610.806791666666 25199.041791666663 58 29
27642.879875000002 28279.704375 58 30
28279.704375 28938.073875000006 58 31
28938.073875000006 29500.334625000007 58 33
29500.334625000007 29941.195125000006 58 27
30835.552625000004 31456.209125000005 58 29
32652.219625 33255.771458333336 58 31
34474.983458333336 35076.40118541667 58 33
35728.09895833333 36328.09895833332 58 28
38194.25620833332 38822.80420833331 58 28
40081.980541666635 40476.23274166664 58 35
41869.25404166662 42493.84854166662 58 36
43123.22504166663 43451.97504166663 58 34
45575.24054166663 46195.897041666634 58 35
47401.05654166662 47857.20329166662 58 42
49204.196041666626 49818.03854166663 58 44
51005.65904166664 51457.92029166664 58 44
52841.43704166664 53462.09354166665 58 29
54101.54954166665 54689.784541666646 58 29
62609.03954166668 64138.238041666686 58 33
70051.78604166668 72964.74704166668 58 24
74361.54254166667 74751.15304166666 58 30
74751.15304166666 75126.15304166666 58 33
75126.15304166666 75501.15304166666 58 36
75876.15304166666 76284.31654166667 58 36
76284.31654166667 76676.47354166667 58 37
77440.80454166667 77822.97004166666 58 34
77822.97004166666 78217.70704166665 58 33
86255.15720833332 86637.3227083333 58 36
101251.56327083324 101628.92177083323 58 30
101628.92177083323 102028.92177083323 58 34
102028.92177083323 102413.53727083321 58 31
102413.53727083321 102798.15277083321 58 30
106692.58585416657 107494.53413333326 58 39
108251.0278541666 110509.80890416661 58 38
111733.64635416662 112354.3028541666 58 35
113559.4623541666 114015.6091041666 58 42
115362.60185416661 115976.44435416661 58 44
117164.06485416663 117616.32610416663 58 38
118999.84285416662 119620.4993541666 58 32
128732.25935416664 130226.63185416664 58 42
136090.35485416668 139914.56020416666 58 27
140272.58502083333 140630.15352083332 58 30
140630.15352083332 140987.72202083332 58 33
140987.72202083332 141345.29052083328 58 34
141705.36835416663 142101.10400416664 58 40
142101.10400416664 142458.59736249998 58 25
143285.7410583333 143790.79155833332 58 30
143790.79155833332 144241.2420583333 58 18
144241.2420583333 144941.0018083333 58 18
144941.0018083333 152655.2888083333 58 30
6791.698 7427.721250000001 59 32
14153.29975 14777.62425 59 32
26428.976791666664 26826.994041666665 59 30
36328.09895833332 36801.95995833332 59 28
43723.22504166663 44347.54954166663 59 34
54689.784541666646 55310.44104166665 59 29
57116.63704166666 58932.836370833335 59 45
58917.809041666675 60777.35871666668 59 37
65661.05404166669 66113.31529166669 59 29
66274.6055416667 68166.70919166668 59 32
69420.13704166669 70069.02741666668 59 39
85872.99170833331 86255.15720833332 59 37
92377.49677083327 92745.59477083327 59 30
92745.59477083327 93132.69177083326 59 27
93132.69177083326 93510.05027083326 59 21
93510.05027083326 93860.92727083326 59 30
96757.23377083323 97125.33177083325 59 33
97125.33177083325 97512.42877083324 59 29
103565.87427083323 103946.84627083324 59 34
103946.84627083324 104349.53077083324 59 41
104349.53077083324 104736.62777083323 59 50
104736.62777083323 105123.72477083323 59 41
105123.72477083323 105515.88177083324 59 50
105515.88177083324 105908.03877083323 59 41
105908.03877083323 106713.6897562499 59 42
107471.80685416659 108273.90367916661 59 32
120848.19035416661 121468.8468541666 59 31
123275.04285416662 127217.24535416662 59 42
126883.91185416662 128413.11035416664 59 37
131715.20335416665 132167.46460416666 59 29
132328.75485416668 136105.89890416668 59 34
142862.28627083328 143285.7410583333 59 37
19054.56075 19634.27075 60 46
23350.694291666663 23971.35079166666 60 29
77058.63904166667 77440.80454166667 60 36
102798.15277083321 103168.52327083323 60 48
103168.52327083323 103565.87427083323 60 37
7427.721250000001 9305.84770416667 61 32
9286.403250000003 11151.33841666667 61 35
11134.750750000005 12943.048941666666 61 33
14453.299750000002 14794.290925000001 61 32
14777.62425 16642.100775000003 61 34
16625.97175 18457.624050000002 61 41
21424.034249999993 21913.041749999997 61 31
25199.041791666663 25819.69829166666 61 29
29607.86162500001 31480.145300000004 61 27
31456.209125000005 37001.55534999999 61 34
36964.12220833332 38842.24866249998 61 32
38822.80420833331 39711.24862499998 61 41
39658.33854166664 39872.54204166664 61 26
39872.54204166664 40081.980541666635 61 27
40081.980541666635 40280.98554166664 61 28
40280.98554166664 40486.87104166663 61 29
40486.87104166663 40699.637041666625 61 31
40699.637041666625 42510.241991666626 61 36
44023.22504166663 44364.21621666663 61 32
44347.54954166663 46212.02606666663 61 34
55310.44104166665 57132.181091666665 61 50
60760.69204166667 62625.70621666669 61 33
68149.76004166668 69439.66829166669 61 35
76676.47354166667 77058.63904166667 61 37
84697.67120833331 85072.67120833331 61 40
91985.33977083328 92377.49677083327 61 26
93860.92727083326 94213.86827083325 61 26
94213.86827083325 94556.72527083325 61 26
96057.37677083325 96412.40627083323 61 26
96412.40627083323 96757.23377083323 61 26
100510.34302083324 101233.27059583325 61 51
100885.70977083324 101262.56956041658 61 46
104349.53077083324 105133.52869583323 61 42
106692.58585416657 107494.53413333326 61 39
108251.0278541666 110509.80890416661 61 38
121468.8468541666 123329.44702916662 61 50
128111.60285416662 128747.18472916663 61 42
142474.50067499996 142845.7080208333 61 38
19634.27075 20236.413749999996 63 43
53462.09354166665 55365.41484166665 63 32
58756.51879166667 58932.836370833335 63 49
64473.43354166668 66500.59420833335 63 36
75501.15304166666 75876.15304166666 63 40
87808.96220833331 88203.6992083333 63 30
88203.6992083333 88590.7962083333 63 27
88590.7962083333 88968.1547083333 63 31
88968.1547083333 89331.36226458331 63 30
89345.0817708333 89704.3632708333 63 26
89704.3632708333 90055.2402708333 63 26
90055.2402708333 90442.33727083329 63 24
90442.33727083329 90825.89368749995 63 26
90825.89368749995 91205.65068749996 63 26
91205.65068749996 91593.18277083329 63 26
91593.18277083329 91985.33977083328 63 26
94556.72527083325 94924.82327083327 63 30
94924.82327083327 95311.92027083326 63 27
95311.92027083326 95689.27877083326 63 21
95689.27877083326 96057.37677083325 63 30
97512.42877083324 97885.09977083324 63 40
97885.09977083324 98257.77077083326 63 44
98625.92452083326 98980.95402083325 63 42
99349.05202083326 99749.05225416659 63 42
100123.24602083325 100521.63334999992 63 46
102028.92177083323 102413.53727083321 63 46
102413.53727083321 102798.15277083321 63 34
102798.15277083321 103585.22912083323 63 48
103565.87427083323 104368.88562083324 63 51
105123.72477083323 106713.6897562499 63 42
107471.80685416659 108273.90367916661 63 37
119620.4993541666 121484.55365416661 63 37
124914.92460416663 125084.75144166662 63 49
130545.78085416665 132341.57537500001 63 40
141345.29052083328 141705.36835416663 63 37
44347.54954166663 46212.02606666663 64 46
46195.897041666634 48027.54934166662 64 55
48011.84254166662 49833.582591666636 64 44
49818.03854166663 51630.139508333305 64 45
51619.21054166664 53478.76021666665 64 34
83558.06070833332 83947.67120833331 64 24
83947.67120833331 84322.67120833331 64 26
84322.67120833331 84697.67120833331 64 28
84697.67120833331 85072.67120833331 64 31
85072.67120833331 85480.83470833332 64 28
85480.83470833332 85872.99170833331 64 29
85872.99170833331 86255.15720833332 64 29
86255.15720833332 86637.3227083333 64 28
86637.3227083333 87019.4882083333 64 27
87019.4882083333 87414.2252083333 64 26
87414.2252083333 87808.96220833331 64 26
110492.4678541666 112370.4318791666 64 46
112354.3028541666 114185.9551541666 64 55
114170.2483541666 115991.98840416662 64 44
115976.44435416661 119637.1660291666 64 30
5545.272 7446.437820833334 65 41
12175.38765 12588.72775 65 36
12923.92325 14170.79975 65 32
23971.35079166666 25965.316918749995 65 28
35090.95145833333 37001.55534999999 65 46
41869.25404166662 42493.84854166662 65 44
42493.84854166662 44023.22504166663 65 36
58917.809041666675 62625.70621666669 65 31
66274.6055416667 70069.02741666668 65 41
78612.44404166666 79007.18104166667 65 30
79007.18104166667 79394.27804166666 65 27
79394.27804166666 79771.63654166667 65 31
79771.63654166667 80148.99504166667 65 30
80148.99504166667 80519.49254166667 65 26
80519.49254166667 80874.52204166667 65 26
80874.52204166667 81247.19304166666 65 26
81247.19304166666 81618.35829166665 65 26
81618.35829166665 81987.62987499998 65 26
81987.62987499998 82371.06220833333 65 26
82371.06220833333 82763.21920833332 65 26
82763.21920833332 83155.37620833333 65 26
98257.77077083326 98625.92452083326 65 53
98980.95402083325 99716.79417083325 65 48
99736.14902083325 100490.98817083325 65 40
104349.53077083324 105133.52869583323 65 56
125076.21485416662 127217.24535416662 65 47
126883.91185416662 128413.11035416664 65 42
132328.75485416668 136105.89890416668 65 38
7427.721250000001 9305.84770416667 66 37
9286.403250000003 10815.601750000003 66 43
10514.094250000006 11151.33841666667 66 44
11134.750750000005 11707.572250000001 66 49
11825.798850000001 12290.22025 66 36
12529.02625 12943.048941666666 66 36
14777.62425 16642.100775000003 66 46
18441.917250000002 20251.957799999996 66 46
21913.041749999997 23988.01746666666 66 36
29607.86162500001 31480.145300000004 66 36
31456.209125000005 35215.26845416666 66 41
36964.12220833332 38842.24866249998 66 37
38822.80420833331 39658.33854166664 66 41
39658.33854166664 39872.54204166664 66 35
39872.54204166664 40081.980541666635 66 36
40081.980541666635 40280.98554166664 66 36
40280.98554166664 40486.87104166663 66 39
40486.87104166663 40699.637041666625 66 41
40699.637041666625 41582.17254166662 66 49
41582.17254166662 42167.76154166662 66 43
42167.76154166662 42510.241991666626 66 45
62609.03954166668 64138.238041666686 66 51
70051.78604166668 72964.74704166668 66 38
74361.54254166667 74751.15304166666 66 24
74751.15304166666 75126.15304166666 66 26
75126.15304166666 75501.15304166666 66 28
75501.15304166666 75876.15304166666 66 31
75876.15304166666 76284.31654166667 66 28
76284.31654166667 76676.47354166667 66 29
76676.47354166667 77058.63904166667 66 29
77058.63904166667 77440.80454166667 66 28
77440.80454166667 77822.97004166666 66 27
77822.97004166666 78217.70704166665 66 26
78217.70704166665 78612.44404166666 66 26
101251.56327083324 102394.30649583323 66 60
102028.92177083323 102822.84413749988 66 58
102798.15277083321 103585.22912083323 66 57
103565.87427083323 104368.88562083324 66 60
128732.25935416664 130226.63185416664 66 54
136090.35485416668 139914.56020416666 66 42
55310.44104166665 57132.181091666665 67 56
121468.8468541666 123329.44702916662 67 50
6791.698 7446.437820833334 68 49
11476.803050000002 12003.138750000002 68 36
12175.38765 12588.72775 68 49
13553.299749999998 14170.79975 68 36
14453.299750000002 14794.290925000001 68 50
20236.413749999996 22001.799124999998 68 37
21972.213333333333 22456.336791666665 68 42
23971.35079166666 25965.316918749995 68 37
36801.95995833332 37001.55534999999 68 46
41286.60604166662 41869.25404166662 68 41
41869.25404166662 42493.84854166662 68 60
43123.22504166663 44023.22504166663 68 34
44023.22504166663 44364.21621666663 68 50
53462.09354166665 55365.41484166665 68 42
57116.63704166666 58932.836370833335 68 50
58917.809041666675 60777.35871666668 68 57
66274.6055416667 68166.70919166668 68 50
85480.83470833332 87034.2908458333 68 57
93132.69177083326 94068.28010833326 68 55
95311.92027083326 96394.65479583324 68 54
97512.42877083324 100490.98817083325 68 53
103565.87427083323 105133.52869583323 68 54
105123.72477083323 106713.6897562499 68 56
107471.80685416659 108273.90367916661 68 50
123275.04285416662 125084.75144166662 68 47
125076.21485416662 127217.24535416662 68 59
126883.91185416662 128413.11035416664 68 51
130545.78085416665 132341.57537500001 68 45
132328.75485416668 134526.6783541667 68 51
143790.79155833332 144218.71953333332 69 40
7427.721250000001 9305.84770416667 70 51
9286.403250000003 10815.601750000003 70 57
10514.094250000006 11151.33841666667 70 59
11134.750750000005 11707.572250000001 70 66
11825.798850000001 12290.22025 70 49
12529.02625 12943.048941666666 70 47
12923.92325 13570.799749999998 70 49
14777.62425 18457.624050000002 70 55
18441.917250000002 20251.957799999996 70 62
29607.86162500001 31480.145300000004 70 49
31456.209125000005 35215.26845416666 70 55
36964.12220833332 38842.24866249998 70 51
38822.80420833331 39711.24862499998 70 55
39658.33854166664 39872.54204166664 70 48
39872.54204166664 40081.980541666635 70 49
40081.980541666635 40280.98554166664 70 51
40280.98554166664 40486.87104166663 70 52
40486.87104166663 40699.637041666625 70 56
40699.637041666625 41582.17254166662 70 66
41582.17254166662 42167.76154166662 70 58
42167.76154166662 42510.241991666626 70 60
42493.84854166662 43141.97504166663 70 49
44347.54954166663 46212.02606666663 70 55
46195.897041666634 48011.84254166662 70 66
48011.84254166662 49833.582591666636 70 59
49818.03854166663 51630.139508333305 70 60
51619.21054166664 53478.76021666665 70 42
55310.44104166665 57132.181091666665 70 56
60760.69204166667 62625.70621666669 70 51
68149.76004166668 70069.02741666668 70 42
76284.31654166667 77832.83846666665 70 57
87019.4882083333 87820.4753708333 70 58
87808.96220833331 89686.3991958333 70 60
91593.18277083329 92388.23296249994 70 56
92377.49677083327 93145.27038749993 70 60
94037.39777083325 94385.29677083324 70 43
94556.72527083325 95333.93284999992 70 60
96234.89152083323 96584.82002083323 70 40
96757.23377083323 97532.61511666658 70 57
100123.24602083325 100521.63334999992 70 55
100885.70977083324 101262.56956041658 70 55
106692.58585416657 107494.53413333326 70 52
108251.0278541666 110509.80890416661 70 51
110492.4678541666 112370.4318791666 70 55
112354.3028541666 114170.2483541666 70 66
114170.2483541666 115991.98840416662 70 59
115976.44435416661 117789.91144166661 70 45
128111.60285416662 128747.18472916663 70 51
134183.8213541667 136105.89890416668 70 56
142101.10400416664 143822.69846875 70 52
144016.0168083333 144271.1055458333 70 35
144941.0018083333 152655.2888083333 70 33
5545.272 6842.980083333334 71 55
11476.803050000002 12003.138750000002 71 49
13553.299749999998 14170.79975 71 49
35090.95145833333 36964.12220833332 71 55
41286.60604166662 41869.25404166662 71 57
43123.22504166663 44023.22504166663 71 46
47857.20329166662 48027.54934166662 71 62
53462.09354166665 55365.41484166665 71 51
57116.63704166666 58917.809041666675 71 60
64473.43354166668 66500.59420833335 71 53
89524.72252083331 89879.80177083329 71 43
90055.2402708333 91616.05859583328 71 45
94385.29677083324 94576.66391249992 71 40
96584.82002083323 96767.9699624999 71 38
114015.6091041666 114185.9551541666 71 62
119620.4993541666 121484.55365416661 71 50
121468.8468541666 123329.44702916662 71 56
123275.04285416662 125076.21485416662 71 57
130545.78085416665 132341.57537500001 71 57
144497.2148083333 144964.21609791665 71 35
77822.97004166666 78627.24667916667 72 58
78612.44404166666 80501.31071666666 72 60
12923.92325 13570.799749999998 73 66
16625.97175 18457.624050000002 73 66
20236.413749999996 22456.336791666665 73 50
23971.35079166666 25965.316918749995 73 45
42493.84854166662 43141.97504166663 73 66
48011.84254166662 49833.582591666636 73 71
51457.92029166664 51630.139508333305 73 60
51619.21054166664 53478.76021666665 73 62
80337.67429166667 80697.00729166667 73 43
80874.52204166667 83167.12117291665 73 52
89879.80177083329 90076.20802499996 73 40
94213.86827083325 94539.58242083325 73 42
96412.40627083323 96739.99239583324 73 39
100510.34302083324 101233.27059583325 73 61
114170.2483541666 115991.98840416662 73 71
117616.32610416663 117789.91144166661 73 66
117777.61635416663 119637.1660291666 73 48
144241.2420583333 144896.6231083333 73 40
22128.467791666666 23988.01746666666 75 56
49818.03854166663 51619.21054166664 75 72
80697.00729166667 80907.13075416666 75 40
89704.3632708333 90037.6964208333 75 42
115976.44435416661 117777.61635416663 75 67
119620.4993541666 123329.44702916662 75 61
83155.37620833333 85555.99813333331 76 60
20236.413749999996 21930.793224999998 77 60
22031.384916666662 22456.336791666665 77 44
80519.49254166667 80856.77056666667 77 42
125368.89785416663 128747.18472916663 77 54
132636.44735416668 136090.35485416668 77 58
18441.917250000002 20251.957799999996 78 72
73958.85804166665 76397.06167916667 78 60
115976.44435416661 117789.91144166661 78 67
117777.61635416663 119637.1660291666 78 69
129030.76685416665 130560.41500416666 78 59
135926.42035416668 136105.89890416668 78 54
136401.23585416668 139914.56020416666 78 57
130838.46385416666 132341.57537500001 80 61
