65890.46367500014 66053.46267500015 36 45
72080.82857083353 72232.90457083353 36 55
63722.398037500105 63871.252037500104 38 63
66216.46167500016 66377.70867500016 38 42
69967.6854937502 70117.21524375021 38 59
71170.2238125002 71290.07021458354 38 39
72384.98057083352 72534.74107083354 38 55
34426.965037500086 34574.813870833415 39 69
36850.620120833424 37011.86712083343 39 55
39410.24412083344 39566.86112083343 39 58
4490.587833333332 4637.2945833333315 40 66
5980.26833333333 6129.440999999995 40 55
7159.071749999995 7305.193749999995 40 55
10396.731749999999 10547.462999999998 40 58
13976.921991666666 14123.628741666666 40 66
15461.055741666663 15608.904574999997 40 55
16638.535324999997 16784.657324999993 40 55
46264.37962083335 46412.784120833356 40 49
49788.99028750005 49935.697037500046 40 66
51278.67078750004 51427.843454166716 40 55
52457.47420416671 52603.596204166715 40 55
55702.734770833405 55810.492670833395 40 58
59293.31195416674 59440.01870416674 40 66
60777.445704166734 60925.29453750006 40 55
61954.92528750007 62101.04728750006 40 55
64020.106037500096 64171.331037500095 40 62
66538.95567500016 66705.57617500015 40 41
70265.9362437502 70421.5217437502 40 41
71472.68546458354 71609.43761458354 40 38
72684.50157083354 72834.26207083356 40 55
32964.63253750007 33109.10653750007 41 77
34138.017037500074 34282.491037500076 41 77
34722.64087083342 34870.46787083343 41 69
35921.62062083346 36074.64262083346 41 61
36533.70862083344 36686.73062083343 41 61
37173.11412083343 37334.36112083343 41 49
38455.59012083343 38614.69912083344 41 39
39092.02612083344 39251.13512083344 41 42
39723.47812083344 39877.284620833445 41 64
71779.23057083352 71930.02957083353 41 36
8325.642499999994 8474.370999999994 43 64
17805.10607500001 17954.694575000012 43 64
20208.813283333333 20370.060283333336 43 55
35018.29487083344 35166.12187083344 43 69
35313.94887083345 35464.174370833454 43 69
37495.608120833436 37653.047120833435 43 49
37810.48612083343 37973.92912083343 43 49
40336.35462083343 40491.75462083343 43 70
41546.64762083345 41698.72362083344 43 55
53630.80312083339 53779.5316208334 43 64
25034.900787500017 25182.74962083335 44 61
25330.57662083335 25478.028204166683 44 61
25625.404704166685 25772.408287500017 44 61
25919.337287500017 26063.81128750002 44 61
26208.28528750002 26352.759287500023 44 61
26497.23328750003 26641.70728750003 44 61
26789.665287500033 26936.514537500036 44 61
27083.142037500034 27228.477037500037 44 61
27373.81203750004 27520.439537500042 44 61
27667.067037500045 27813.694537500043 44 61
27960.322037500046 28106.949537500048 44 62
28253.577037500047 28403.802537500043 44 63
28554.028037500044 28700.655537500043 44 64
28847.283037500045 28993.910537500047 44 64
29140.538037500046 29287.16553750005 44 67
29433.79303750005 29582.197537500047 44 67
29730.602037500044 29877.229537500047 44 68
30023.857037500045 30170.484537500048 44 69
30317.11203750005 30463.73953750005 44 70
30903.622037500052 31050.249537500054 44 72
31196.877037500057 31343.504537500055 44 73
40030.31062083344 40183.33262083344 44 68
1215.745 1367.9931666666664 45 55
2720.771666666666 2868.278666666666 45 55
4790.217833333331 4938.497833333331 45 68
5679.89783333333 5828.1778333333295 45 58
6277.267999999995 6424.719583333328 45 55
6866.028666666662 7012.587249999995 45 55
7450.506999999995 7595.672999999994 45 55
8031.170999999993 8176.336999999993 45 60
8623.099499999995 8771.827999999996 45 68
10698.915658333332 10851.163824999998 45 55
12209.600325000001 12357.107325000003 45 55
14271.005241666666 14419.285241666666 45 68
15160.685241666664 15308.965241666665 45 58
15756.731574999996 15904.18315833333 45 55
16345.492241666661 16492.050824999995 45 55
16929.970574999996 17075.136574999997 45 55
17510.634575000007 17655.800575000012 45 60
18104.283075000014 18253.871575000012 45 68
19294.044247916674 19409.880756250008 45 60
19894.063616666666 19995.38195 45 58
20531.30728333334 20689.995283333334 45 57
30610.36703750005 30756.994537500053 45 71
46561.18862083335 46709.03745416669 45 55
48030.24895416671 48177.700537500044 45 64
50088.620287500045 50236.900287500044 45 68
50978.30028750004 51126.58028750004 45 58
51575.67045416672 51723.122037500056 45 55
52164.43112083338 52310.98970416671 45 55
52748.909454166715 52894.07545416672 45 55
53333.68712083339 53480.61612083339 45 60
53928.2601208334 54076.98862083341 45 68
56014.57687083339 56167.55378750006 45 55
57525.990287500055 57673.49728750006 45 55
59587.39520416673 59735.675204166735 45 68
60477.07520416673 60625.35520416673 45 58
61073.12153750007 61220.573120833404 45 55
61661.88220416674 61808.44078750007 45 55
62246.36053750007 62391.52653750007 45 55
64322.55603750011 64475.93003750012 45 58
64930.28189583346 65082.66280000014 45 58
65555.36167500012 65722.91267500013 45 51
66869.67517500017 66965.68453958351 45 44
67489.84998541686 67604.55483958354 45 39
68125.07774375021 68282.10474375021 45 40
69357.0114937502 69507.34999375019 45 69
70577.10724375019 70664.45201458353 45 44
72984.02257083358 73102.92894583357 45 41
73589.68278958357 73696.88604583358 45 38
74213.71399583356 74372.4588166669 45 39
74853.4163166669 75021.63431666691 45 35
75197.07281666691 75547.94981666692 45 33
75547.94981666692 83004.19597500023 45 27
31490.132037500058 31636.75953750006 46 73
31783.38703750006 31931.791537500056 46 74
1826.6856666666663 1976.453666666666 47 55
4197.2498333333315 4320.351249999998 47 63
5086.777833333331 5235.057833333331 47 66
6572.096083333328 6719.0996666666615 47 55
7740.8389999999945 7886.004999999994 47 56
8920.556499999997 9067.485499999997 47 63
9214.414499999997 9361.343499999997 47 62
11309.856325000004 11465.304825000003 47 55
13685.493991666668 13806.685408333333 47 63
14567.565241666665 14715.845241666666 47 66
16051.559658333328 16198.563241666661 47 55
17220.302575 17365.468575000006 47 56
18403.460075000014 18552.30657500001 47 63
18701.15307500001 18849.999575000005 47 62
20848.683283333332 21004.892783333336 47 53
21161.102283333337 21323.659783333336 47 52
32080.19603750006 32228.044870833393 47 77
32375.8718708334 32523.323454166737 47 77
33253.58053750007 33401.42937083341 47 77
33549.25637083341 33696.70795416675 47 77
42144.05462083342 42290.682120833415 47 49
42730.5646208334 42880.7901208334 47 50
43324.2706208334 43470.898120833386 47 51
43910.78062083337 44059.18512083337 47 52
44499.48962083337 44646.51262083337 47 52
45086.85653750003 45234.96803750003 47 51
45676.23053750003 45823.61453750003 47 50
45970.99853750003 46117.75212083336 47 49
47151.69253750003 47298.69612083336 47 64
49495.65228750005 49618.753704166724 47 63
50385.18028750004 50533.46028750004 47 66
51870.49853750005 52017.502120833386 47 55
53039.82912083339 53186.75812083339 47 56
54225.71712083341 54372.64612083341 47 63
54519.57512083341 54666.50412083341 47 62
56626.24628750004 56781.69478750005 47 55
59001.88395416674 59123.07537083341 47 63
59883.955204166734 60032.23520416673 47 66
61367.9496208334 61514.95320416673 47 55
62536.69253750007 62681.85853750008 47 56
68748.3307437502 68897.87949375018 47 62
1520.8906666666664 1673.7881666666663 48 55
2425.757666666666 2573.264666666666 48 55
3603.4234166666656 3726.612583333332 48 60
3898.4026666666655 4045.035333333332 48 61
5383.33783333333 5531.61783333333 48 61
11004.061325 11156.958825000002 48 55
11914.586325 12062.093325000002 48 55
13097.397575000003 13220.586741666668 48 60
13392.376825000001 13539.009491666668 48 61
14864.125241666665 15012.405241666665 48 61
22697.469204166664 22845.3180375 48 77
22993.1450375 23140.59662083333 48 77
23287.973120833332 23434.976704166664 48 77
23581.905704166664 23726.37970416667 48 77
23870.85370416667 24015.327704166673 48 77
24159.801704166675 24304.275704166677 48 77
24448.74970416668 24595.018287500014 48 77
28106.949537500048 28253.577037500047 48 35
32670.69995416673 32817.70353750006 48 77
33844.08445416674 33991.08803750008 48 77
35614.39987083346 35768.20637083346 48 61
36227.66462083345 36380.68662083345 48 61
38137.37212083343 38296.481120833436 48 42
38773.80812083343 38932.91712083344 48 41
40647.15462083344 40796.91512083344 48 71
41850.79962083344 41997.42712083343 48 49
42437.30962083341 42583.937120833405 48 49
43031.01562083341 43177.6431208334 48 51
43617.52562083338 43764.153120833376 48 52
44207.589620833365 44353.53962083337 48 53
44793.535620833376 44940.22903750004 48 52
45383.07953750003 45529.38553750003 48 51
46856.864454166694 47004.31603750003 48 64
47734.57312083337 47882.421954166704 48 55
48907.95762083338 49052.431620833384 48 55
49196.905620833386 49343.43778750005 48 61
50681.74028750004 50830.02028750004 48 61
56320.45128750006 56473.34878750005 48 55
57230.976287500045 57378.48328750005 48 55
58413.78753750007 58536.976704166744 48 60
58708.76678750008 58855.39945416674 48 61
60180.51520416673 60328.79520416673 48 61
68439.13174375021 68593.7312437502 48 64
72232.90457083353 72384.98057083352 48 30
22389.38553333333 22539.79941875 49 77
27813.694537500043 27960.322037500046 49 35
28993.910537500047 29140.538037500046 49 37
62827.02453750008 62972.190537500086 49 60
3017.088416666666 3113.865749999999 50 56
3308.5164166666655 3406.394999999999 50 58
10097.570749999999 10246.768999999998 50 61
12505.917075000003 12655.677575000002 50 56
12802.490575000002 12900.369158333335 50 58
22084.472679166665 22233.36191875 50 72
48325.077037500036 48472.080620833374 50 64
48619.00962083337 48763.48362083338 50 64
55402.73137083341 55491.55747083342 50 61
57822.30703750007 57972.067537500065 50 56
58118.88053750006 58216.7591208334 50 58
63121.49603750009 63750.928387500106 50 64
64627.10325000012 64747.45314583346 50 57
65235.431354166794 65327.746645833475 50 55
67177.51603958353 67306.57028958353 50 41
67805.67758958355 67889.81838958354 50 38
69657.6884937502 69812.6869937502 50 59
70871.7369000002 70975.10226458353 50 41
72534.74107083354 72684.50157083354 50 30
73284.52383333357 73405.38354583358 50 39
73899.35155625024 73992.50369583357 50 36
74531.2478166669 74694.44231666691 50 36
75372.51131666692 75624.70356666691 50 23
75624.70356666691 77835.14531666688 50 27
9801.44025 9949.125499999998 51 60
21782.771087499998 21869.81236875 51 63
25772.408287500017 25919.337287500017 51 35
26063.81128750002 26208.28528750002 51 35
26352.759287500023 26497.23328750003 51 35
26641.70728750003 26789.665287500033 51 35
26936.514537500036 27083.142037500034 51 35
27520.439537500042 27667.067037500045 51 35
29582.197537500047 29730.602037500044 51 38
30463.73953750005 30610.36703750005 51 40
34574.813870833415 34722.64087083342 51 39
37011.86712083343 37173.11412083343 51 27
39566.86112083343 39723.47812083344 51 35
55106.60087083341 55254.286120833414 51 60
909.1379999999999 1240.5785833333332 52 55
1367.9931666666664 1520.8906666666664 52 31
2126.221666666666 2275.989666666666 52 55
4637.2945833333315 4790.217833333331 52 38
4938.497833333331 5086.777833333331 52 38
5235.057833333331 5383.33783333333 52 37
5531.61783333333 5679.89783333333 52 35
5828.1778333333295 5980.26833333333 52 31
6129.440999999995 6277.267999999995 52 31
6424.719583333328 6572.096083333328 52 31
6719.0996666666615 6866.028666666662 52 31
7012.587249999995 7159.071749999995 52 31
7305.193749999995 7450.506999999995 52 31
7595.672999999994 7740.8389999999945 52 31
7886.004999999994 8031.170999999993 52 35
8176.336999999993 8325.642499999994 52 38
9508.272499999997 9654.489249999997 52 61
11615.065325000001 11764.825825000002 52 55
14123.628741666666 14271.005241666666 52 38
14419.285241666666 14567.565241666665 52 38
14715.845241666666 14864.125241666665 52 37
15012.405241666665 15160.685241666664 52 35
15308.965241666665 15461.055741666663 52 31
15608.904574999997 15756.731574999996 52 31
15904.18315833333 16051.559658333328 52 31
16198.563241666661 16345.492241666661 52 31
16492.050824999995 16638.535324999997 52 31
16784.657324999993 16929.970574999996 52 31
17075.136574999997 17220.302575 52 31
17365.468575000006 17510.634575000007 52 35
17655.800575000012 17805.10607500001 52 38
18998.808085416673 19142.948606250007 52 61
19592.437375000005 19694.474906250005 52 61
21484.25356041667 21570.259368750005 52 59
25478.028204166683 25625.404704166685 52 35
46412.784120833356 46561.18862083335 52 27
46709.03745416669 46856.864454166694 52 30
47445.62512083336 47590.099120833365 52 64
49935.697037500046 50088.620287500045 52 38
50236.900287500044 50385.18028750004 52 38
50533.46028750004 50681.74028750004 52 37
50830.02028750004 50978.30028750004 52 35
51126.58028750004 51278.67078750004 52 31
51427.843454166716 51575.67045416672 52 31
51723.122037500056 51870.49853750005 52 31
52017.502120833386 52164.43112083338 52 31
52310.98970416671 52457.47420416671 52 31
52603.596204166715 52748.909454166715 52 31
52894.07545416672 52990.85278750005 52 31
53186.75812083339 53333.68712083339 52 35
53480.61612083339 53630.80312083339 52 38
54813.43312083341 54959.64987083341 52 61
56931.45528750005 57081.21578750005 52 55
59440.01870416674 59587.39520416673 52 38
59735.675204166735 59883.955204166734 52 38
60032.23520416673 60180.51520416673 52 37
60328.79520416673 60477.07520416673 52 35
60625.35520416673 60777.445704166734 52 31
60925.29453750006 61073.12153750007 52 31
61220.573120833404 61367.9496208334 52 31
61514.95320416673 61661.88220416674 52 31
61808.44078750007 61954.92528750007 52 31
62101.04728750006 62246.36053750007 52 31
62391.52653750007 62536.69253750007 52 31
62681.85853750008 62827.02453750008 52 35
64171.331037500095 64322.55603750011 52 35
64475.93003750012 64626.47314583346 52 35
65082.66280000014 65204.33379583346 52 33
65722.91267500013 65890.46367500014 52 23
66053.46267500015 66216.46167500016 52 24
66705.57617500015 66843.7323395835 52 24
67022.64251666683 67119.88853958351 52 25
67647.30669375022 67746.83078958355 52 25
68282.10474375021 68439.13174375021 52 28
68593.7312437502 68748.3307437502 52 39
69047.01449375019 69202.01299375019 52 62
70421.5217437502 70577.10724375019 52 24
70723.90739791686 70841.45561458354 52 25
71625.41407291687 71732.31301458353 52 24
72834.26207083356 72984.02257083358 52 30
73133.63224375024 73223.40194583357 52 23
73743.93910833358 73867.49369583357 52 24
74372.4588166669 74531.2478166669 52 20
75021.63431666691 75197.07281666691 52 22
79518.27256666688 83004.19597500023 52 27
1976.453666666666 2126.221666666666 53 31
4344.617166666665 4466.173749999998 53 37
11465.304825000003 11615.065325000001 53 31
13830.951325 13952.507908333333 53 37
24741.645787500016 24888.27328750002 53 77
25182.74962083335 25330.57662083335 53 35
27228.477037500037 27373.81203750004 53 35
28700.655537500043 28847.283037500045 53 37
29287.16553750005 29433.79303750005 53 38
30170.484537500048 30317.11203750005 53 39
31931.791537500056 32080.19603750006 53 42
33109.10653750007 33253.58053750007 53 44
34282.491037500076 34426.965037500086 53 44
34870.46787083343 35018.29487083344 53 39
36074.64262083346 36227.66462083345 53 35
36686.73062083343 36850.620120833424 53 35
37334.36112083343 37495.608120833436 53 27
38614.69912083344 38773.80812083343 53 27
39251.13512083344 39410.24412083344 53 27
39877.284620833445 40030.31062083344 53 36
40946.67562083344 41096.43612083344 53 60
47298.69612083336 47445.62512083336 53 37
49643.01962083339 49764.57620416672 53 37
56781.69478750005 56931.45528750005 53 31
59147.34128750008 59268.8978708334 53 37
63421.9470375001 63572.172537500104 53 68
63871.252037500104 64020.106037500096 53 37
64778.41563333347 64930.28189583346 53 35
65391.7934166668 65488.41184583347 53 29
66377.70867500016 66538.95567500016 53 24
67333.25607916687 67447.32183958354 53 23
67964.93137291686 68049.56313958354 53 27
70117.21524375021 70265.9362437502 53 33
71020.46416041686 71154.55886458354 53 25
71320.94531875021 71411.22141458353 53 25
71930.02957083353 72080.82857083353 53 25
73436.52080000025 73573.66044583358 53 23
74055.93755416689 74181.38869583356 53 26
74694.44231666691 74853.4163166669 53 20
75701.4573166669 79518.27256666688 53 33
28403.802537500043 28554.028037500044 54 36
29877.229537500047 30023.857037500045 54 39
30756.994537500053 30903.622037500052 54 40
31050.249537500054 31196.877037500057 54 41
31343.504537500055 31490.132037500058 54 41
31636.75953750006 31783.38703750006 54 42
8474.370999999994 8623.099499999995 55 38
17954.694575000012 18104.283075000014 55 38
20370.060283333336 20531.30728333334 55 31
21633.054645833337 21719.661868749998 55 36
21933.23868541667 22020.71811875 55 40
23434.976704166664 23581.905704166664 55 44
23726.37970416667 23870.85370416667 55 44
24015.327704166673 24159.801704166675 55 44
24304.275704166677 24448.74970416668 55 44
24595.018287500014 24741.645787500016 55 44
32523.323454166737 32670.69995416673 55 44
32817.70353750006 32964.63253750007 55 44
33696.70795416675 33844.08445416674 55 44
33991.08803750008 34138.017037500074 55 44
35166.12187083344 35313.94887083345 55 39
35464.174370833454 35614.39987083346 55 39
35768.20637083346 35921.62062083346 55 35
36380.68662083345 36533.70862083344 55 35
37653.047120833435 37810.48612083343 55 27
37973.92912083343 38071.31390833343 55 27
38296.481120833436 38455.59012083343 55 24
38932.91712083344 39092.02612083344 55 27
40491.75462083343 40647.15462083344 55 39
41246.196620833434 41396.42212083344 55 57
41698.72362083344 41850.79962083344 55 27
41997.42712083343 42144.05462083342 55 27
42583.937120833405 42730.5646208334 55 27
43177.6431208334 43324.2706208334 55 29
43764.153120833376 43910.78062083337 55 29
44353.53962083337 44499.48962083337 55 29
44940.22903750004 45086.85653750003 55 29
45529.38553750003 45676.23053750003 55 29
53779.5316208334 53928.2601208334 55 38
3455.520499999999 3553.996749999999 56 35
6719.0996666666615 6866.028666666662 56 31
7305.193749999995 7450.506999999995 56 31
7886.004999999994 8031.170999999993 56 35
12949.494658333337 13047.970908333335 56 35
14715.845241666666 14864.125241666665 56 37
16198.563241666661 16345.492241666661 56 31
16784.657324999993 16929.970574999996 56 31
17365.468575000006 17510.634575000007 56 35
22236.541772916666 22386.18941875 56 44
22543.01196041667 22678.74021875 56 42
23140.59662083333 23287.973120833332 56 44
26063.81128750002 26208.28528750002 56 42
26641.70728750003 26789.665287500033 56 42
28106.949537500048 28253.577037500047 56 44
32228.044870833393 32375.8718708334 56 44
33401.42937083341 33549.25637083341 56 44
40183.33262083344 40336.35462083343 56 37
42290.682120833415 42437.30962083341 56 27
42880.7901208334 43031.01562083341 56 28
43470.898120833386 43617.52562083338 56 29
44059.18512083337 44207.589620833365 56 29
44646.51262083337 44793.535620833376 56 29
45234.96803750003 45383.07953750003 56 29
45823.61453750003 45970.99853750003 56 28
48763.48362083338 48907.95762083338 56 37
52017.502120833386 52164.43112083338 56 31
52603.596204166715 52748.909454166715 56 31
53186.75812083339 53333.68712083339 56 35
58265.8846208334 58364.3608708334 56 35
60032.23520416673 60180.51520416673 56 37
61514.95320416673 61661.88220416674 56 31
1673.7881666666663 1826.6856666666663 57 31
2573.264666666666 2720.771666666666 57 31
2868.278666666666 3017.088416666666 57 31
3162.397583333332 3259.6882499999992 57 33
3751.1753333333318 3849.426333333332 57 35
4045.035333333332 4197.2498333333315 57 37
7012.587249999995 7159.071749999995 57 31
7595.672999999994 7740.8389999999945 57 31
8176.336999999993 8325.642499999994 57 38
8771.827999999996 8920.556499999997 57 37
10851.163824999998 11004.061325 57 31
11156.958825000002 11309.856325000004 57 31
12062.093325000002 12209.600325000001 57 31
12357.107325000003 12505.917075000003 57 31
12655.677575000002 12753.662408333335 57 33
13245.149491666667 13343.400491666667 57 35
13539.009491666668 13685.493991666668 57 37
15012.405241666665 15160.685241666664 57 35
16492.050824999995 16638.535324999997 57 31
17075.136574999997 17220.302575 57 31
17655.800575000012 17805.10607500001 57 38
18253.871575000012 18403.460075000014 57 37
19442.83273333334 19544.324406250005 57 37
20047.282616666667 20153.960283333334 57 31
20689.995283333334 20848.683283333332 57 30
22845.3180375 22993.1450375 57 44
24888.27328750002 25034.900787500017 57 44
46117.75212083336 46264.37962083335 57 28
47004.31603750003 47151.69253750003 57 37
47882.421954166704 48030.24895416671 57 30
48177.700537500044 48325.077037500036 57 37
48472.080620833374 48619.00962083337 57 37
49052.431620833384 49196.905620833386 57 31
49343.43778750005 49495.65228750005 57 37
52310.98970416671 52457.47420416671 57 31
52894.07545416672 52990.85278750005 57 31
53480.61612083339 53630.80312083339 57 38
54076.98862083341 54225.71712083341 57 37
56167.55378750006 56320.45128750006 57 31
56473.34878750005 56626.24628750004 57 31
57378.48328750005 57525.990287500055 57 31
57673.49728750006 57822.30703750007 57 31
57972.067537500065 58070.05237083339 57 33
58561.53945416674 58659.79045416674 57 35
58855.39945416674 59001.88395416674 57 37
59735.675204166735 59883.955204166734 57 38
60328.79520416673 60477.07520416673 57 35
60625.35520416673 60777.445704166734 57 31
61808.44078750007 61954.92528750007 57 31
64475.93003750012 64626.47314583346 57 41
64778.41563333347 64930.28189583346 57 41
65082.66280000014 65204.33379583346 57 39
65391.7934166668 65488.41184583347 57 36
65722.91267500013 65890.46367500014 57 28
66053.46267500015 66216.46167500016 57 29
67022.64251666683 67119.88853958351 57 30
67333.25607916687 67447.32183958354 57 28
67647.30669375022 67746.83078958355 57 30
67964.93137291686 68049.56313958354 57 33
68282.10474375021 68439.13174375021 57 34
69507.34999375019 69657.6884937502 57 39
69812.6869937502 69967.6854937502 57 39
70723.90739791686 70841.45561458354 57 30
71020.46416041686 71154.55886458354 57 30
71930.02957083353 72080.82857083353 57 29
72232.90457083353 72384.98057083352 57 38
73133.63224375024 73223.40194583357 57 28
73436.52080000025 73573.66044583358 57 28
73743.93910833358 73867.49369583357 57 29
74055.93755416689 74181.38869583356 57 30
74372.4588166669 74531.2478166669 57 26
74694.44231666691 74853.4163166669 57 25
75021.63431666691 75197.07281666691 57 26
79602.96581666688 83004.19597500023 57 33
27813.694537500043 27960.322037500046 58 42
28993.910537500047 29140.538037500046 58 46
62972.190537500086 63121.49603750009 58 38
63271.72153750009 63421.9470375001 58 38
63572.172537500104 63722.398037500105 58 37
63871.252037500104 64020.106037500096 58 45
66377.70867500016 66538.95567500016 58 29
70117.21524375021 70265.9362437502 58 40
71320.94531875021 71411.22141458353 58 30
72534.74107083354 72684.50157083354 58 38
75372.51131666692 75624.70356666691 58 28
75778.2110666669 77835.14531666688 58 33
2275.989666666666 2425.757666666666 59 31
4637.2945833333315 4790.217833333331 59 38
9067.485499999997 9214.414499999997 59 37
9361.343499999997 9508.272499999997 59 37
9654.489249999997 9801.44025 59 37
10246.768999999998 10396.731749999999 59 35
10547.462999999998 10623.818360416666 59 31
11764.825825000002 11914.586325 59 31
14123.628741666666 14271.005241666666 59 38
18552.30657500001 18701.15307500001 59 37
18849.999575000005 18995.745106250004 59 37
19146.026668750008 19276.103156250007 59 37
19742.82962291667 19830.30905625 59 35
21004.892783333336 21161.102283333337 59 30
21323.659783333336 21466.57491875 59 30
21633.054645833337 21719.661868749998 59 36
21933.23868541667 22020.71811875 59 40
22236.541772916666 22386.18941875 59 44
22543.01196041667 22678.74021875 59 42
35464.174370833454 35614.39987083346 59 48
37973.92912083343 38071.31390833343 59 34
46412.784120833356 46561.18862083335 59 27
47590.099120833365 47734.57312083337 59 37
49935.697037500046 50088.620287500045 59 38
54372.64612083341 54519.57512083341 59 37
54666.50412083341 54813.43312083341 59 37
54959.64987083341 55106.60087083341 59 37
55551.33512083341 55656.98262083341 59 35
55857.1232708334 55951.2001208334 59 31
57081.21578750005 57230.976287500045 59 31
59440.01870416674 59587.39520416673 59 38
64171.331037500095 64322.55603750011 59 41
66705.57617500015 66843.7323395835 59 29
68897.87949375018 69047.01449375019 59 39
69202.01299375019 69357.0114937502 59 39
70421.5217437502 70577.10724375019 59 29
71625.41407291687 71732.31301458353 59 28
72834.26207083356 72984.02257083358 59 38
1367.9931666666664 1520.8906666666664 60 38
4938.497833333331 5086.777833333331 60 46
5828.1778333333295 5980.26833333333 60 38
6424.719583333328 6572.096083333328 60 38
7012.587249999995 7159.071749999995 60 38
7595.672999999994 7740.8389999999945 60 38
8176.336999999993 8325.642499999994 60 46
9949.125499999998 10097.570749999999 60 37
14419.285241666666 14567.565241666665 60 46
15308.965241666665 15461.055741666663 60 38
15904.18315833333 16051.559658333328 60 38
16492.050824999995 16638.535324999997 60 38
17075.136574999997 17220.302575 60 38
17655.800575000012 17805.10607500001 60 46
23726.37970416667 23870.85370416667 60 53
24304.275704166677 24448.74970416668 60 53
25772.408287500017 25919.337287500017 60 42
26063.81128750002 26208.28528750002 60 50
26352.759287500023 26497.23328750003 60 42
26641.70728750003 26789.665287500033 60 50
26936.514537500036 27083.142037500034 60 42
27520.439537500042 27667.067037500045 60 42
28106.949537500048 28328.689787500047 60 57
29582.197537500047 29730.602037500044 60 47
30463.73953750005 30610.36703750005 60 49
31343.504537500055 31490.132037500058 60 51
32817.70353750006 32964.63253750007 60 53
33109.10653750007 33253.58053750007 60 53
33991.08803750008 34138.017037500074 60 53
34282.491037500076 34426.965037500086 60 53
34574.813870833415 34722.64087083342 60 48
34870.46787083343 35018.29487083344 60 48
35166.12187083344 35313.94887083345 60 48
35768.20637083346 35921.62062083346 60 42
36074.64262083346 36227.66462083345 60 42
36380.68662083345 36533.70862083344 60 42
36686.73062083343 36850.620120833424 60 42
37011.86712083343 37173.11412083343 60 34
37334.36112083343 37495.608120833436 60 34
37653.047120833435 37810.48612083343 60 34
38296.481120833436 38455.59012083343 60 29
38614.69912083344 38773.80812083343 60 34
38932.91712083344 39092.02612083344 60 34
39251.13512083344 39410.24412083344 60 34
39566.86112083343 39723.47812083344 60 44
39877.284620833445 40030.31062083344 60 46
40183.33262083344 40336.35462083343 60 37
40796.91512083344 40946.67562083344 60 34
41096.43612083344 41246.196620833434 60 33
41396.42212083344 41546.64762083345 60 30
41997.42712083343 42144.05462083342 60 34
42583.937120833405 42730.5646208334 60 35
43177.6431208334 43324.2706208334 60 35
43764.153120833376 43910.78062083337 60 36
44353.53962083337 44499.48962083337 60 37
44940.22903750004 45086.85653750003 60 36
45529.38553750003 45676.23053750003 60 35
46709.03745416669 46856.864454166694 60 38
50236.900287500044 50385.18028750004 60 46
51126.58028750004 51278.67078750004 60 38
51723.122037500056 51870.49853750005 60 38
52310.98970416671 52457.47420416671 60 38
52894.07545416672 52990.85278750005 60 38
53480.61612083339 53630.80312083339 60 46
55254.286120833414 55402.73137083341 60 37
59735.675204166735 59883.955204166734 60 46
60625.35520416673 60777.445704166734 60 38
61220.573120833404 61367.9496208334 60 38
61808.44078750007 61954.92528750007 60 38
62391.52653750007 62536.69253750007 60 38
64475.93003750012 64702.71575000013 60 50
65082.66280000014 65250.129695833464 60 40
65722.91267500013 66134.96217500015 60 38
67022.64251666683 67228.66853958352 60 42
67647.30669375022 67826.17478958353 60 40
68282.10474375021 68516.4314937502 60 41
68593.7312437502 68748.3307437502 60 48
70723.90739791686 70915.61386458353 60 42
71930.02957083353 72239.87472083353 60 37
73133.63224375024 73344.55314583359 60 40
73743.93910833358 73929.90909583356 60 39
74372.4588166669 74612.84506666691 60 37
75021.63431666691 75233.62250416691 60 35
25182.74962083335 25330.57662083335 61 42
25478.028204166683 25625.404704166685 61 42
27228.477037500037 27373.81203750004 61 42
27813.694537500043 27984.75995416671 61 50
28700.655537500043 28847.283037500045 61 45
28993.910537500047 29164.975954166715 61 53
29287.16553750005 29433.79303750005 61 46
30170.484537500048 30317.11203750005 61 48
42290.682120833415 42437.30962083341 61 34
43470.898120833386 43617.52562083338 61 36
45234.96803750003 45383.07953750003 61 35
79687.65906666688 83004.19597500023 61 35
1976.453666666666 2126.221666666666 62 38
4344.617166666665 4466.173749999998 62 45
4637.2945833333315 4790.217833333331 62 46
5235.057833333331 5383.33783333333 62 44
6129.440999999995 6277.267999999995 62 38
6719.0996666666615 6866.028666666662 62 38
7305.193749999995 7450.506999999995 62 38
7886.004999999994 8031.170999999993 62 41
11465.304825000003 11615.065325000001 62 38
13830.951325 13952.507908333333 62 45
14123.628741666666 14271.005241666666 62 46
14715.845241666666 14864.125241666665 62 44
15608.904574999997 15756.731574999996 62 38
16198.563241666661 16345.492241666661 62 38
16784.657324999993 16929.970574999996 62 38
17365.468575000006 17510.634575000007 62 41
31931.791537500056 32080.19603750006 62 52
40491.75462083343 40647.15462083344 62 39
41698.72362083344 41850.79962083344 62 35
42880.7901208334 43031.01562083341 62 35
44059.18512083337 44207.589620833365 62 37
44646.51262083337 44793.535620833376 62 36
45823.61453750003 45970.99853750003 62 35
46412.784120833356 46561.18862083335 62 34
47298.69612083336 47445.62512083336 62 45
49643.01962083339 49764.57620416672 62 45
49935.697037500046 50088.620287500045 62 46
50533.46028750004 50681.74028750004 62 44
51427.843454166716 51575.67045416672 62 38
52017.502120833386 52164.43112083338 62 38
52603.596204166715 52748.909454166715 62 38
53186.75812083339 53333.68712083339 62 41
56781.69478750005 56931.45528750005 62 38
59147.34128750008 59268.8978708334 62 45
59440.01870416674 59587.39520416673 62 46
60032.23520416673 60180.51520416673 62 44
60925.29453750006 61073.12153750007 62 38
61514.95320416673 61661.88220416674 62 38
62101.04728750006 62246.36053750007 62 38
62681.85853750008 62827.02453750008 62 41
63271.72153750009 63421.9470375001 62 46
63572.172537500104 63722.398037500105 62 44
64171.331037500095 64326.39038750011 62 52
64778.41563333347 64975.27104583347 62 41
65391.7934166668 65639.13717500013 62 37
66705.57617500015 67027.1285395835 62 37
67333.25607916687 67525.83533958354 62 37
67964.93137291686 68203.59124375021 62 39
69812.6869937502 69967.6854937502 62 48
70421.5217437502 70782.29281458353 62 37
71020.46416041686 71229.75061458354 62 39
71625.41407291687 71936.94119166686 62 35
72834.26207083356 73163.08234583357 62 45
73436.52080000025 73635.18624583358 62 37
74055.93755416689 74228.88709583356 62 37
74694.44231666691 74937.52531666691 62 33
75372.51131666692 75624.70356666691 62 34
75854.96481666689 79518.27256666688 62 35
9361.343499999997 9508.272499999997 63 44
18849.999575000005 18995.745106250004 63 44
21323.659783333336 21466.57491875 63 37
25772.408287500017 25919.337287500017 63 56
27520.439537500042 27740.380787500042 63 56
28403.802537500043 28554.028037500044 63 44
29582.197537500047 29803.915787500046 63 56
29877.229537500047 30023.857037500045 63 48
30463.73953750005 30645.191068750053 63 64
31050.249537500054 31196.877037500057 63 50
31343.504537500055 31514.569954166724 63 60
31636.75953750006 31783.38703750006 63 51
35166.12187083344 35313.94887083345 63 62
35768.20637083346 35998.13162083346 63 56
36380.68662083345 36610.219620833435 63 56
37653.047120833435 37983.46329583343 63 44
38296.481120833436 38535.14462083344 63 39
38932.91712083344 39171.58062083344 63 44
41396.42212083344 41546.64762083345 63 38
46117.75212083336 46264.37962083335 63 34
54666.50412083341 54813.43312083341 63 44
1367.9931666666664 1520.8906666666664 64 48
1673.7881666666663 1826.6856666666663 64 38
2275.989666666666 2425.757666666666 64 38
2573.264666666666 2720.771666666666 64 38
2868.278666666666 3017.088416666666 64 38
4045.035333333332 4197.2498333333315 64 44
5531.61783333333 5679.89783333333 64 41
6719.0996666666615 6866.028666666662 64 48
7886.004999999994 8031.170999999993 64 50
8474.370999999994 8623.099499999995 64 46
8771.827999999996 8920.556499999997 64 44
9067.485499999997 9214.414499999997 64 45
9654.489249999997 9801.44025 64 44
10547.462999999998 10623.818360416666 64 38
10851.163824999998 11004.061325 64 38
11156.958825000002 11309.856325000004 64 38
11764.825825000002 11914.586325 64 38
12062.093325000002 12209.600325000001 64 38
12357.107325000003 12505.917075000003 64 38
13539.009491666668 13685.493991666668 64 44
15012.405241666665 15160.685241666664 64 41
16198.563241666661 16369.98040833333 64 50
17365.468575000006 17583.21757500001 64 58
17954.694575000012 18104.283075000014 64 46
18253.871575000012 18403.460075000014 64 44
18552.30657500001 18701.15307500001 64 45
19146.026668750008 19276.103156250007 64 44
19442.83273333334 19544.324406250005 64 44
19742.82962291667 19830.30905625 64 41
20047.282616666667 20153.960283333334 64 38
20370.060283333336 20531.30728333334 64 38
20689.995283333334 20848.683283333332 64 37
21004.892783333336 21161.102283333337 64 37
21633.054645833337 21719.661868749998 64 45
21933.23868541667 22020.71811875 64 50
23434.976704166664 23581.905704166664 64 53
23726.37970416667 23870.85370416667 64 63
24015.327704166673 24159.801704166675 64 53
24304.275704166677 24448.74970416668 64 63
24595.018287500014 24741.645787500016 64 53
25478.028204166683 25777.30592083335 64 57
32817.70353750006 33181.34353750007 64 70
33991.08803750008 34210.254037500075 64 70
41997.42712083343 42217.36837083342 64 44
42583.937120833405 42805.6773708334 64 45
43177.6431208334 43397.58437083339 64 47
43764.153120833376 43984.98287083337 64 49
44353.53962083337 44573.00112083337 64 49
44940.22903750004 45160.91228750003 64 48
45529.38553750003 45749.922537500024 64 47
46412.784120833356 46585.84828750002 64 39
46709.03745416669 46881.502287500036 64 50
47004.31603750003 47151.69253750003 64 45
47590.099120833365 47734.57312083337 64 45
47882.421954166704 48030.24895416671 64 38
48177.700537500044 48325.077037500036 64 45
49343.43778750005 49495.65228750005 64 44
50830.02028750004 50978.30028750004 64 41
52017.502120833386 52164.43112083338 64 48
53186.75812083339 53333.68712083339 64 50
53779.5316208334 53928.2601208334 64 46
54076.98862083341 54225.71712083341 64 44
54372.64612083341 54519.57512083341 64 45
54959.64987083341 55106.60087083341 64 44
55857.1232708334 55951.2001208334 64 38
56167.55378750006 56320.45128750006 64 38
56473.34878750005 56626.24628750004 64 38
57081.21578750005 57230.976287500045 64 38
57378.48328750005 57525.990287500055 64 38
57673.49728750006 57822.30703750007 64 38
58855.39945416674 59001.88395416674 64 44
60328.79520416673 60477.07520416673 64 41
61514.95320416673 61686.3703708334 64 50
62681.85853750008 62844.56542916675 64 58
62972.190537500086 63121.49603750009 64 46
65082.66280000014 65250.129695833464 64 48
65722.91267500013 66134.96217500015 64 38
66053.46267500015 66458.33217500016 64 42
67647.30669375022 67826.17478958353 64 47
68282.10474375021 68516.4314937502 64 50
68593.7312437502 68823.31199375018 64 63
69202.01299375019 69357.0114937502 64 48
69507.34999375019 69657.6884937502 64 48
70723.90739791686 70915.61386458353 64 42
72232.90457083353 72541.6050937502 64 50
73743.93910833358 73929.90909583356 64 46
74372.4588166669 74612.84506666691 64 37
75021.63431666691 75233.62250416691 64 41
79772.35231666689 83004.19597500023 64 35
3162.397583333332 3259.6882499999992 65 39
3455.520499999999 3553.996749999999 65 41
3751.1753333333318 3849.426333333332 65 41
10246.768999999998 10396.731749999999 65 41
12655.677575000002 12753.662408333335 65 39
12949.494658333337 13047.970908333335 65 41
13245.149491666667 13343.400491666667 65 41
22236.541772916666 22386.18941875 65 51
22543.01196041667 22678.74021875 65 51
22845.3180375 22993.1450375 65 53
23140.59662083333 23287.973120833332 65 53
24888.27328750002 25034.900787500017 65 53
25182.74962083335 25484.168891666683 65 59
27228.477037500037 27447.12578750004 65 50
28700.655537500043 28920.596787500046 65 59
29287.16553750005 29507.99528750005 65 61
30170.484537500048 30341.549954166716 65 57
30756.994537500053 30903.622037500052 65 49
31931.791537500056 32104.855704166723 65 62
32228.044870833393 32375.8718708334 65 53
32523.323454166737 32670.69995416673 65 53
33109.10653750007 33278.24020416674 65 63
33401.42937083341 33549.25637083341 65 53
33696.70795416675 33844.08445416674 65 53
34282.491037500076 34451.624704166745 65 63
35464.174370833454 35614.39987083346 65 57
36074.64262083346 36304.17562083345 65 57
36686.73062083343 36931.243620833426 65 50
37973.92912083343 38216.92662083343 65 39
38614.69912083344 38853.36262083344 65 45
39251.13512083344 39443.525233333436 65 39
40183.33262083344 40336.35462083343 65 47
41096.43612083344 41246.196620833434 65 40
41698.72362083344 41924.11337083343 65 39
42290.682120833415 42461.74753750007 65 39
42880.7901208334 43104.3293708334 65 41
43470.898120833386 43641.96353750004 65 42
44059.18512083337 44280.564620833364 65 44
44646.51262083337 44818.03945416671 65 42
45234.96803750003 45456.23253750003 65 41
45823.61453750003 45995.56253750003 65 40
48472.080620833374 48619.00962083337 65 45
48763.48362083338 48907.95762083338 65 45
49052.431620833384 49196.905620833386 65 38
55551.33512083341 55656.98262083341 65 41
57972.067537500065 58070.05237083339 65 39
58265.8846208334 58364.3608708334 65 41
58561.53945416674 58659.79045416674 65 41
63572.172537500104 63750.928387500106 65 63
63871.252037500104 64028.92749583343 65 59
64778.41563333347 64975.27104583347 65 50
65391.7934166668 65639.13717500013 65 45
66377.70867500016 66622.26592500016 65 39
67333.25607916687 67525.83533958354 65 45
67964.93137291686 68203.59124375021 65 48
68897.87949375018 69047.01449375019 65 48
70117.21524375021 70343.7289937502 65 52
71020.46416041686 71487.25941458353 65 48
72534.74107083354 72909.14232083356 65 49
73436.52080000025 73635.18624583358 65 45
74055.93755416689 74228.88709583356 65 38
74694.44231666691 74937.52531666691 65 40
75372.51131666692 75624.70356666691 65 35
75931.71856666688 79518.27256666688 65 40
9949.125499999998 10097.570749999999 66 44
25772.408287500017 25919.337287500017 66 56
26063.81128750002 26208.28528750002 66 50
26352.759287500023 26497.23328750003 66 56
26641.70728750003 26789.665287500033 66 50
26936.514537500036 27083.142037500034 66 56
28403.802537500043 28627.341787500045 66 52
29877.229537500047 30097.170787500047 66 62
30756.994537500053 30976.935787500053 66 58
31050.249537500054 31270.190787500054 66 66
31343.504537500055 31514.569954166724 66 60
31636.75953750006 31857.589287500057 66 68
46117.75212083336 46274.89160625002 66 45
55254.286120833414 55402.73137083341 66 44
63271.72153750009 63497.0597875001 66 61
69812.6869937502 70042.85474375021 66 57
9067.485499999997 9214.414499999997 67 56
10246.768999999998 10396.731749999999 67 51
18552.30657500001 18775.576325000005 67 59
19146.026668750008 19350.342156250008 67 53
19742.82962291667 19919.1012 67 42
21004.892783333336 21242.38103333334 67 49
21633.054645833337 21794.64311875 67 53
21933.23868541667 22157.23916875 67 50
23434.976704166664 23581.905704166664 67 70
24015.327704166673 24159.801704166675 67 70
24595.018287500014 24741.645787500016 67 70
25478.028204166683 25777.30592083335 67 57
32523.323454166737 32695.26270416673 67 71
33696.70795416675 33868.647204166744 67 71
34574.813870833415 34722.64087083342 67 62
35166.12187083344 35313.94887083345 67 62
35464.174370833454 35614.39987083346 67 57
35768.20637083346 35998.13162083346 67 56
36380.68662083345 36610.219620833435 67 56
37011.86712083343 37338.39229583344 67 44
37653.047120833435 37983.46329583343 67 44
37973.92912083343 38216.92662083343 67 39
38296.481120833436 38535.14462083344 67 39
38932.91712083344 39171.58062083344 67 44
39566.86112083343 39888.17924791677 67 57
40491.75462083343 40647.15462083344 67 49
40796.91512083344 40946.67562083344 67 42
41396.42212083344 41706.32742083344 67 50
41698.72362083344 41924.11337083343 67 39
41997.42712083343 42217.36837083342 67 44
42583.937120833405 42805.6773708334 67 45
43177.6431208334 43397.58437083339 67 47
43764.153120833376 43984.98287083337 67 49
44353.53962083337 44573.00112083337 67 49
44940.22903750004 45160.91228750003 67 48
45529.38553750003 45749.922537500024 67 47
54372.64612083341 54519.57512083341 67 56
55551.33512083341 55656.98262083341 67 51
62972.190537500086 63125.87761458342 67 57
69507.34999375019 69735.1877437502 67 62
2275.989666666666 2425.757666666666 68 48
5235.057833333331 5383.33783333333 68 56
9654.489249999997 9801.44025 68 55
10547.462999999998 10623.818360416666 68 48
11764.825825000002 11914.586325 68 44
22236.541772916666 22462.896168749998 68 53
22543.01196041667 22722.128870833334 68 52
23140.59662083333 23444.159766666664 68 71
25182.74962083335 25484.168891666683 68 59
26063.81128750002 26208.28528750002 68 61
26352.759287500023 26497.23328750003 68 56
26641.70728750003 26789.665287500033 68 61
26936.514537500036 27083.142037500034 68 56
27228.477037500037 27447.12578750004 68 50
27520.439537500042 27740.380787500042 68 56
27813.694537500043 27984.75995416671 68 50
28106.949537500048 28478.915287500044 68 67
28403.802537500043 28627.341787500045 68 52
28700.655537500043 28920.596787500046 68 59
28993.910537500047 29164.975954166715 68 53
29287.16553750005 29507.99528750005 68 61
29582.197537500047 29803.915787500046 68 56
29877.229537500047 30097.170787500047 68 62
30170.484537500048 30341.549954166716 68 57
30463.73953750005 30645.191068750053 68 64
32228.044870833393 32400.509704166736 68 71
33109.10653750007 33278.24020416674 68 63
33401.42937083341 33573.89420416675 68 70
34282.491037500076 34451.624704166745 68 63
34870.46787083343 35018.29487083344 68 63
36074.64262083346 36304.17562083345 68 57
36686.73062083343 36931.243620833426 68 50
37334.36112083343 37664.1990500001 68 45
38614.69912083344 38853.36262083344 68 45
39251.13512083344 39443.525233333436 68 39
39877.284620833445 40189.70853750011 68 60
41096.43612083344 41401.42963750011 68 53
42290.682120833415 42461.74753750007 68 39
42880.7901208334 43104.3293708334 68 41
43470.898120833386 43641.96353750004 68 42
44059.18512083337 44280.564620833364 68 44
44646.51262083337 44818.03945416671 68 42
45234.96803750003 45456.23253750003 68 41
45823.61453750003 45995.56253750003 68 40
46412.784120833356 46585.84828750002 68 39
47590.099120833365 47759.232787500034 68 53
50533.46028750004 50681.74028750004 68 56
54959.64987083341 55106.60087083341 68 55
55857.1232708334 55951.2001208334 68 48
57081.21578750005 57230.976287500045 68 44
64171.331037500095 64326.39038750011 68 52
66705.57617500015 67027.1285395835 68 37
69202.01299375019 69432.1807437502 68 57
70421.5217437502 70782.29281458353 68 37
71625.41407291687 71936.94119166686 68 35
72834.26207083356 73163.08234583357 68 55
1367.9931666666664 1520.8906666666664 69 48
1673.7881666666663 1826.6856666666663 69 48
1976.453666666666 2126.221666666666 69 48
2573.264666666666 2720.771666666666 69 48
3751.1753333333318 3849.426333333332 69 53
5531.61783333333 5679.89783333333 69 51
6424.719583333328 6572.096083333328 69 48
7012.587249999995 7159.071749999995 69 48
7595.672999999994 7740.8389999999945 69 48
8176.336999999993 8325.642499999994 69 53
9361.343499999997 9508.272499999997 69 55
9949.125499999998 10097.570749999999 69 53
10851.163824999998 11004.061325 69 47
11156.958825000002 11309.856325000004 69 51
11465.304825000003 11615.065325000001 69 48
12062.093325000002 12209.600325000001 69 47
13245.149491666667 13343.400491666667 69 49
15012.405241666665 15160.685241666664 69 47
15904.18315833333 16076.122408333329 69 51
16492.050824999995 16662.94940833333 69 46
17075.136574999997 17292.885575000004 69 53
17655.800575000012 17879.900325000013 69 57
18849.999575000005 19069.25660625001 69 56
19442.83273333334 19619.305656250006 69 44
20047.282616666667 20289.436783333334 69 39
21323.659783333336 21495.83611875 69 47
22845.3180375 23146.737308333333 69 74
24888.27328750002 25034.900787500017 69 63
46117.75212083336 46274.89160625002 69 45
46709.03745416669 46881.502287500036 69 50
47004.31603750003 47176.255287500026 69 60
47298.69612083336 47517.862120833364 69 59
47882.421954166704 48054.88678750004 69 50
48177.700537500044 48349.63978750004 69 60
49052.431620833384 49196.905620833386 69 48
50830.02028750004 50978.30028750004 69 51
51723.122037500056 51870.49853750005 69 48
52310.98970416671 52457.47420416671 69 48
52894.07545416672 52990.85278750005 69 48
53480.61612083339 53630.80312083339 69 53
54666.50412083341 54813.43312083341 69 55
55254.286120833414 55402.73137083341 69 53
56167.55378750006 56320.45128750006 69 47
56473.34878750005 56626.24628750004 69 51
56781.69478750005 56931.45528750005 69 48
57378.48328750005 57525.990287500055 69 47
58561.53945416674 58659.79045416674 69 49
60328.79520416673 60551.21520416673 69 47
61220.573120833404 61392.5123708334 69 51
61808.44078750007 61979.339370833404 69 46
62391.52653750007 62609.27553750008 69 53
64475.93003750012 65639.13717500013 69 61
66053.46267500015 66458.33217500016 69 42
67022.64251666683 68671.03099375019 69 50
68593.7312437502 68823.31199375018 69 63
68897.87949375018 69124.51374375018 69 62
70723.90739791686 71229.75061458354 69 50
71930.02957083353 72239.87472083353 69 45
72232.90457083353 72541.6050937502 69 50
73133.63224375024 73758.76404583357 69 47
74372.4588166669 75109.3535666669 69 42
79857.04556666689 83004.19597500023 69 41
23434.976704166664 23581.905704166664 70 70
23726.37970416667 23870.85370416667 70 63
24015.327704166673 24159.801704166675 70 70
24304.275704166677 24448.74970416668 70 63
24595.018287500014 24741.645787500016 70 70
27813.694537500043 28180.263287500045 70 62
28993.910537500047 29360.47928750005 70 66
31636.75953750006 31857.589287500057 70 68
31931.791537500056 32104.855704166723 70 62
32817.70353750006 33181.34353750007 70 70
33991.08803750008 34210.254037500075 70 70
40796.91512083344 41105.796152083436 70 52
62972.190537500086 63125.87761458342 70 57
63271.72153750009 63497.0597875001 70 61
63572.172537500104 63750.928387500106 70 63
63871.252037500104 64028.92749583343 70 59
66377.70867500016 66622.26592500016 70 39
70117.21524375021 70343.7289937502 70 52
71320.94531875021 71661.84039791687 70 40
72534.74107083354 72909.14232083356 70 49
74055.93755416689 74451.8533166669 70 42
75372.51131666692 75624.70356666691 70 38
76008.47231666688 78570.89031666688 70 49
3455.520499999999 3553.996749999999 71 51
6129.440999999995 6277.267999999995 71 48
6719.0996666666615 6866.028666666662 71 48
7305.193749999995 7450.506999999995 71 48
7886.004999999994 8031.170999999993 71 50
8474.370999999994 8623.099499999995 71 58
9067.485499999997 9214.414499999997 71 56
9361.343499999997 9508.272499999997 71 55
9654.489249999997 9801.44025 71 55
10246.768999999998 10396.731749999999 71 51
12949.494658333337 13047.970908333335 71 47
14715.845241666666 14864.125241666665 71 51
15608.904574999997 15781.36940833333 71 53
16198.563241666661 16369.98040833333 71 50
16784.657324999993 17002.553574999998 71 50
17365.468575000006 17583.21757500001 71 58
17954.694575000012 18179.077325000013 71 61
18552.30657500001 18775.576325000005 71 59
18849.999575000005 19069.25660625001 71 56
19146.026668750008 19350.342156250008 71 53
19742.82962291667 19919.1012 71 51
20370.060283333336 20610.651283333336 71 51
21004.892783333336 21242.38103333334 71 49
21323.659783333336 21495.83611875 71 47
21633.054645833337 21794.64311875 71 53
21933.23868541667 22157.23916875 71 60
22236.541772916666 22462.896168749998 71 63
22543.01196041667 22722.128870833334 71 64
23140.59662083333 23444.159766666664 71 71
41698.72362083344 42070.740870833426 71 50
48763.48362083338 48980.19462083338 71 53
51427.843454166716 51575.67045416672 71 48
52017.502120833386 52164.43112083338 71 48
52603.596204166715 52748.909454166715 71 48
53186.75812083339 53333.68712083339 71 50
53779.5316208334 53928.2601208334 71 58
54372.64612083341 54519.57512083341 71 56
54666.50412083341 54813.43312083341 71 55
54959.64987083341 55106.60087083341 71 55
55551.33512083341 55656.98262083341 71 51
58265.8846208334 58364.3608708334 71 47
60032.23520416673 60254.65520416673 71 51
60925.29453750006 61097.75937083341 71 53
61514.95320416673 61686.3703708334 71 50
62101.04728750006 62318.94353750007 71 50
62681.85853750008 62844.56542916675 71 58
64171.331037500095 64326.39038750011 71 63
66705.57617500015 67027.1285395835 71 44
70421.5217437502 70782.29281458353 71 44
71625.41407291687 71936.94119166686 71 42
2868.278666666666 3017.088416666666 72 48
3162.397583333332 3259.6882499999992 72 49
4938.497833333331 5086.777833333331 72 58
5828.1778333333295 5980.26833333333 72 48
8771.827999999996 8920.556499999997 72 62
9949.125499999998 10097.570749999999 72 53
10851.163824999998 11004.061325 72 47
12357.107325000003 12505.917075000003 72 52
12655.677575000002 12753.662408333335 72 47
14419.285241666666 14567.565241666665 72 55
15308.965241666665 15461.055741666663 72 44
18253.871575000012 18477.88332500001 72 63
19442.83273333334 19619.305656250006 72 53
20047.282616666667 20289.436783333334 72 48
20689.995283333334 20926.788033333334 72 53
22845.3180375 23146.737308333333 72 74
23726.37970416667 23870.85370416667 72 77
24304.275704166677 24448.74970416668 72 77
27520.439537500042 27887.008287500044 72 66
29582.197537500047 29950.543287500048 72 68
30463.73953750005 30830.30828750005 72 75
30756.994537500053 30976.935787500053 72 58
31050.249537500054 31270.190787500054 72 66
31343.504537500055 31710.073287500058 72 73
32817.70353750006 33036.86953750007 72 82
33991.08803750008 34210.254037500075 72 82
34574.813870833415 34722.64087083342 72 62
34870.46787083343 35018.29487083344 72 63
35768.20637083346 36931.243620833426 72 67
37011.86712083343 37338.39229583344 72 44
37334.36112083343 37664.1990500001 72 45
38296.481120833436 39443.525233333436 72 47
39566.86112083343 39888.17924791677 72 57
39877.284620833445 40189.70853750011 72 60
40183.33262083344 40505.352120833435 72 59
41096.43612083344 41401.42963750011 72 53
41997.42712083343 42363.995870833416 72 52
42583.937120833405 42955.90287083341 72 52
43177.6431208334 43544.21187083339 72 56
43764.153120833376 44133.38737083337 72 58
44353.53962083337 44720.024120833375 72 58
44940.22903750004 45309.02378750003 72 57
45529.38553750003 45897.30653750003 72 55
48472.080620833374 48691.24662083338 72 59
50236.900287500044 50385.18028750004 72 58
51126.58028750004 51278.67078750004 72 48
54076.98862083341 54225.71712083341 72 62
55254.286120833414 55402.73137083341 72 53
56167.55378750006 56320.45128750006 72 47
57673.49728750006 57822.30703750007 72 52
57972.067537500065 58070.05237083339 72 47
59735.675204166735 59958.09520416673 72 55
60625.35520416673 60802.10537083339 72 44
73743.93910833358 74118.24409583356 72 46
75021.63431666691 75547.94981666692 72 41
27228.477037500037 27593.753287500043 73 61
28700.655537500043 29067.224287500045 73 70
29287.16553750005 29656.399787500046 73 72
30170.484537500048 30537.05328750005 73 69
42290.682120833415 42657.2508708334 73 49
43470.898120833386 43837.46687083338 73 52
45234.96803750003 45602.538537500026 73 51
69507.34999375019 69735.1877437502 73 62
78570.89031666688 79518.27256666688 73 41
1976.453666666666 2126.221666666666 74 48
4344.617166666665 4466.173749999998 74 57
10547.462999999998 10623.818360416666 74 48
11465.304825000003 11615.065325000001 74 57
13830.951325 13952.507908333333 74 55
31931.791537500056 32301.958370833396 74 75
32228.044870833393 32400.509704166736 74 71
32523.323454166737 32695.26270416673 74 71
33401.42937083341 33573.89420416675 74 70
33696.70795416675 33868.647204166744 74 71
35464.174370833454 35614.39987083346 74 69
37973.92912083343 38343.55086666677 74 49
40491.75462083343 40704.56281250011 74 53
42880.7901208334 43250.9568708334 74 50
44059.18512083337 44426.51462083337 74 53
44646.51262083337 45013.54278750004 74 52
45823.61453750003 46191.06587083336 74 50
47298.69612083336 47517.862120833364 74 60
49643.01962083339 49764.57620416672 74 57
55857.1232708334 55951.2001208334 74 48
56781.69478750005 56931.45528750005 74 57
59147.34128750008 59268.8978708334 74 55
63871.252037500104 64028.92749583343 74 73
66377.70867500016 66788.88642500016 74 50
69812.6869937502 70042.85474375021 74 57
71320.94531875021 71661.84039791687 74 47
72534.74107083354 72909.14232083356 74 58
77835.14531666688 79433.57931666687 74 41
25772.408287500017 25919.337287500017 75 66
26352.759287500023 26497.23328750003 75 66
26936.514537500036 27083.142037500034 75 66
28403.802537500043 28773.969287500044 75 63
29877.229537500047 30243.79828750005 75 73
31050.249537500054 31416.818287500057 75 78
31636.75953750006 32005.99378750006 75 80
35166.12187083344 35313.94887083345 75 73
37653.047120833435 37983.46329583343 75 51
41396.42212083344 41706.32742083344 75 50
46117.75212083336 46486.98637083336 75 52
68897.87949375018 69124.51374375018 75 62
1367.9931666666664 1520.8906666666664 76 55
1673.7881666666663 1826.6856666666663 76 48
2275.989666666666 2425.757666666666 76 48
2573.264666666666 2720.771666666666 76 55
2868.278666666666 3017.088416666666 76 48
4045.035333333332 4197.2498333333315 76 55
4637.2945833333315 4790.217833333331 76 58
4938.497833333331 5086.777833333331 76 58
5235.057833333331 5383.33783333333 76 56
5531.61783333333 5679.89783333333 76 51
5828.1778333333295 5980.26833333333 76 48
6129.440999999995 6277.267999999995 76 48
6424.719583333328 6572.096083333328 76 48
6719.0996666666615 6866.028666666662 76 55
7012.587249999995 7159.071749999995 76 48
7305.193749999995 7450.506999999995 76 48
7595.672999999994 7740.8389999999945 76 48
7886.004999999994 8031.170999999993 76 57
8176.336999999993 8325.642499999994 76 53
8474.370999999994 8623.099499999995 76 58
8771.827999999996 8920.556499999997 76 62
9654.489249999997 9801.44025 76 62
10547.462999999998 10623.818360416666 76 48
10851.163824999998 11004.061325 76 47
11156.958825000002 11309.856325000004 76 51
11764.825825000002 11914.586325 76 44
12062.093325000002 12209.600325000001 76 56
12357.107325000003 12505.917075000003 76 52
13539.009491666668 13685.493991666668 76 51
14123.628741666666 14271.005241666666 76 58
14419.285241666666 14567.565241666665 76 55
14715.845241666666 14864.125241666665 76 51
15012.405241666665 15160.685241666664 76 47
15308.965241666665 15461.055741666663 76 52
15608.904574999997 15781.36940833333 76 53
15904.18315833333 16076.122408333329 76 51
16198.563241666661 16565.293074999998 76 64
16492.050824999995 16662.94940833333 76 46
16784.657324999993 16929.970574999996 76 50
17075.136574999997 17220.302575 76 53
17365.468575000006 17728.383575000014 76 75
17655.800575000012 17879.900325000013 76 57
17954.694575000012 18179.077325000013 76 61
18253.871575000012 18477.88332500001 76 63
19146.026668750008 20289.436783333334 76 64
20370.060283333336 20610.651283333336 76 51
20689.995283333334 20926.788033333334 76 53
21633.054645833337 22309.67841875 76 63
25478.028204166683 25777.30592083335 76 67
40796.91512083344 41105.796152083436 76 52
46412.784120833356 46782.95095416669 76 49
46709.03745416669 47078.00428750003 76 50
47004.31603750003 47176.255287500026 76 60
47590.099120833365 47759.232787500034 76 53
47882.421954166704 48054.88678750004 76 50
48177.700537500044 48349.63978750004 76 60
49343.43778750005 49495.65228750005 76 55
49935.697037500046 50088.620287500045 76 58
50236.900287500044 50385.18028750004 76 58
50533.46028750004 50681.74028750004 76 56
50830.02028750004 50978.30028750004 76 51
51126.58028750004 51278.67078750004 76 48
51427.843454166716 51575.67045416672 76 48
51723.122037500056 51870.49853750005 76 48
52017.502120833386 52164.43112083338 76 55
52310.98970416671 52457.47420416671 76 48
52603.596204166715 52748.909454166715 76 48
52894.07545416672 52990.85278750005 76 48
53186.75812083339 53333.68712083339 76 57
53480.61612083339 53630.80312083339 76 53
53779.5316208334 53928.2601208334 76 58
54076.98862083341 54225.71712083341 76 62
54959.64987083341 55106.60087083341 76 62
55857.1232708334 55951.2001208334 76 48
56167.55378750006 56320.45128750006 76 47
56473.34878750005 56626.24628750004 76 51
57081.21578750005 57230.976287500045 76 44
57378.48328750005 57525.990287500055 76 56
57673.49728750006 57822.30703750007 76 52
58855.39945416674 59001.88395416674 76 51
59440.01870416674 59587.39520416673 76 58
59735.675204166735 59958.09520416673 76 55
60032.23520416673 60254.65520416673 76 51
60328.79520416673 60551.21520416673 76 47
60625.35520416673 60802.10537083339 76 52
60925.29453750006 61097.75937083341 76 53
61220.573120833404 61392.5123708334 76 51
61514.95320416673 61881.683037500065 76 64
61808.44078750007 61979.339370833404 76 46
62101.04728750006 62318.94353750007 76 50
62391.52653750007 62609.27553750008 76 53
62681.85853750008 63044.773537500085 76 75
66053.46267500015 66458.33217500016 76 51
68593.7312437502 68972.44699375019 76 75
69202.01299375019 69432.1807437502 76 57
72232.90457083353 72541.6050937502 76 60
3162.397583333332 3259.6882499999992 77 49
3455.520499999999 3553.996749999999 77 51
3751.1753333333318 3849.426333333332 77 53
10246.768999999998 10396.731749999999 77 51
12655.677575000002 12753.662408333335 77 56
12949.494658333337 13047.970908333335 77 47
13245.149491666667 13343.400491666667 77 49
22236.541772916666 22722.128870833334 77 80
24888.27328750002 25034.900787500017 77 77
25182.74962083335 25484.168891666683 77 70
30756.994537500053 31056.969964583386 77 71
33109.10653750007 33278.24020416674 77 77
34282.491037500076 34451.624704166745 77 77
40183.33262083344 40505.352120833435 77 59
48472.080620833374 48691.24662083338 77 60
48763.48362083338 48980.19462083338 77 53
49052.431620833384 49196.905620833386 77 55
55551.33512083341 55656.98262083341 77 51
57972.067537500065 58070.05237083339 77 56
58265.8846208334 58364.3608708334 77 47
58561.53945416674 58659.79045416674 77 49
63572.172537500104 63750.928387500106 77 77
70117.21524375021 70422.17001666687 77 62
9361.343499999997 9508.272499999997 78 62
9949.125499999998 10097.570749999999 78 61
18849.999575000005 19202.047406250007 78 68
21323.659783333336 21495.83611875 78 56
54666.50412083341 54813.43312083341 78 62
55254.286120833414 55402.73137083341 78 61
63271.72153750009 63497.0597875001 78 75
69812.6869937502 70127.74964791688 78 69
9067.485499999997 9214.414499999997 79 63
10246.768999999998 10396.731749999999 79 58
18552.30657500001 18924.422825000005 79 73
21004.892783333336 21404.938533333338 79 60
23434.976704166664 23581.905704166664 79 82
24015.327704166673 24159.801704166675 79 82
24595.018287500014 24741.645787500016 79 82
32523.323454166737 32891.168037500065 79 84
33696.70795416675 33868.647204166744 79 84
34574.813870833415 34722.64087083342 79 74
37011.86712083343 37338.39229583344 79 52
39566.86112083343 39888.17924791677 79 68
40491.75462083343 40704.56281250011 79 53
41396.42212083344 41706.32742083344 79 59
54372.64612083341 54519.57512083341 79 63
55551.33512083341 55656.98262083341 79 58
62972.190537500086 63125.87761458342 79 67
69507.34999375019 69817.85361041687 79 73
2275.989666666666 2425.757666666666 80 55
4637.2945833333315 4790.217833333331 80 58
5235.057833333331 5383.33783333333 80 63
10547.462999999998 10623.818360416666 80 55
11764.825825000002 11914.586325 80 53
14123.628741666666 14271.005241666666 80 58
23140.59662083333 23444.159766666664 80 84
32228.044870833393 32597.011704166733 80 84
33401.42937083341 33573.89420416675 80 83
34870.46787083343 35018.29487083344 80 75
37334.36112083343 37664.1990500001 80 53
39877.284620833445 40189.70853750011 80 72
41096.43612083344 41401.42963750011 80 64
47590.099120833365 47759.232787500034 80 64
49935.697037500046 50088.620287500045 80 58
50533.46028750004 50681.74028750004 80 63
55857.1232708334 55951.2001208334 80 55
57081.21578750005 57452.23678750006 80 53
59440.01870416674 59587.39520416673 80 58
69202.01299375019 69513.61409791686 80 69
1673.7881666666663 1826.6856666666663 81 55
1976.453666666666 2126.221666666666 81 55
3751.1753333333318 3849.426333333332 81 61
4045.035333333332 4197.2498333333315 81 55
4344.617166666665 4466.173749999998 81 57
5531.61783333333 5679.89783333333 81 58
6424.719583333328 6572.096083333328 81 55
7012.587249999995 7159.071749999995 81 55
7595.672999999994 7740.8389999999945 81 55
8176.336999999993 8325.642499999994 81 61
10851.163824999998 11004.061325 81 56
11156.958825000002 11839.706075 81 71
13245.149491666667 13441.353158333335 81 58
13539.009491666668 13685.493991666668 81 51
13830.951325 13952.507908333333 81 55
15012.405241666665 15485.71540833333 81 61
15904.18315833333 16272.027741666661 81 66
16492.050824999995 16662.94940833333 81 60
17075.136574999997 17438.051575000005 81 69
17655.800575000012 17879.900325000013 81 67
22845.3180375 23146.737308333333 81 89
47004.31603750003 47662.336120833366 81 70
49052.431620833384 49245.78145416672 81 64
49343.43778750005 49495.65228750005 81 55
49643.01962083339 49764.57620416672 81 57
50830.02028750004 50978.30028750004 81 58
51723.122037500056 51870.49853750005 81 55
52310.98970416671 52457.47420416671 81 55
52894.07545416672 52990.85278750005 81 55
53480.61612083339 53630.80312083339 81 61
56167.55378750006 56320.45128750006 81 56
56473.34878750005 57156.09603750005 81 71
57378.48328750005 57747.25078750007 81 58
58561.53945416674 58928.641704166745 81 58
58855.39945416674 59001.88395416674 81 51
59147.34128750008 59268.8978708334 81 55
60328.79520416673 60802.10537083339 81 61
61220.573120833404 61588.417704166735 81 66
61808.44078750007 62125.3888708334 81 60
62391.52653750007 62754.441537500075 81 69
68897.87949375018 69206.53378333352 81 73
40796.91512083344 41105.796152083436 82 63
3455.520499999999 3553.996749999999 83 58
6129.440999999995 6277.267999999995 83 55
7305.193749999995 7450.506999999995 83 55
8474.370999999994 8623.099499999995 83 66
12949.494658333337 13318.837741666668 83 56
14715.845241666666 15086.545241666665 83 66
15608.904574999997 15977.87140833333 83 71
16784.657324999993 17147.719575 83 67
17954.694575000012 18328.66582500001 83 75
20370.060283333336 20769.339283333335 83 61
40491.75462083343 40704.56281250011 83 72
48763.48362083338 49124.668620833385 83 64
51427.843454166716 51575.67045416672 83 55
52603.596204166715 52748.909454166715 83 55
53779.5316208334 53928.2601208334 83 66
58265.8846208334 58635.22770416674 83 56
60032.23520416673 60402.93520416673 83 66
60925.29453750006 61294.2613708334 83 69
62101.04728750006 62464.10953750007 83 64
2868.278666666666 3017.088416666666 84 55
3162.397583333332 3259.6882499999992 84 56
4938.497833333331 5086.777833333331 84 66
5828.1778333333295 5980.26833333333 84 55
8771.827999999996 8920.556499999997 84 72
12357.107325000003 12974.057408333336 84 71
14419.285241666666 14641.705241666665 84 77
18253.871575000012 18626.72982500001 84 77
20689.995283333334 21082.99753333334 84 64
40183.33262083344 40505.352120833435 84 73
48177.700537500044 48835.72062083338 84 70
50236.900287500044 50385.18028750004 84 72
51126.58028750004 51278.67078750004 84 55
54076.98862083341 54225.71712083341 84 72
57673.49728750006 58290.4473708334 84 71
59735.675204166735 59958.09520416673 84 70
4344.617166666665 4466.173749999998 86 64
13830.951325 14197.316991666667 86 77
49643.01962083339 49764.57620416672 86 70
59147.34128750008 59513.70695416674 86 70
4045.035333333332 4197.2498333333315 88 62
4637.2945833333315 4790.217833333331 88 66
13539.009491666668 13879.483158333333 88 75
14123.628741666666 14493.425241666666 88 82
49343.43778750005 49495.65228750005 88 68
49935.697037500046 50088.620287500045 88 72
58855.39945416674 59195.873120833414 88 73
59440.01870416674 59809.815204166734 88 82
