257945.02199999976 258854.11299999975 25 55
143018.7244166669 143325.7084166669 27 57
185944.7366666668 186947.54316666682 27 83
186947.54316666682 187375.07140625015 28 76
170322.2089166669 170621.63122916687 29 28
80410.97241666674 80834.04250000007 30 26
82069.23650000007 82439.66724791675 30 24
162569.59266666687 162858.96961041685 30 62
166372.33458333346 166661.71152708348 30 62
186351.5166666668 187178.31216666682 30 79
253767.09066666642 254881.64166666646 30 44
185111.40266666684 185944.7366666668 31 82
50092.44566666668 50771.79366666669 32 26
51820.07083333337 52237.56401250003 32 24
62292.67291666674 62694.60841666675 32 29
63887.37650000008 64247.297883333405 32 32
82412.3563333334 83084.62500000009 32 26
84132.16566666675 84511.08300833341 32 24
144495.58416666693 144735.4591666669 32 52
184693.6155833335 185528.06966666682 32 78
185528.06966666682 186351.5166666668 32 82
183833.3995833335 184729.45791666684 33 86
134748.96666666673 134833.75057916675 34 79
22018.09499999999 22441.848083333327 35 26
23805.000333333315 24273.20201666665 35 24
86527.84400000008 86916.3372000001 35 26
88444.56558333342 88910.18057083341 35 24
137454.52458333355 137598.40958333356 35 60
209170.49154166665 209567.98810833332 35 26
211120.46770833325 211577.82176249987 35 24
113225.68358333339 114902.6987500001 36 31
124292.03383333338 124514.5243333334 36 65
170661.97891666688 170984.45591666686 36 37
183377.78537500012 183504.08470833342 36 73
1699.1789999999999 2347.710333333333 37 26
3617.581666666666 4265.101333333333 37 33
5569.904 6216.365666666667 37 30
7559.654083333332 7989.347591666666 37 25
9686.726166666667 10037.202366666666 37 29
11616.507916666667 11994.338766666668 37 32
13609.305583333336 13955.305583333336 37 28
15539.71225 15917.248616666668 37 28
17577.559 17931.235433333335 37 26
19622.416666666668 20024.83828125 37 24
21684.87266666666 22049.60759374999 37 23
26232.640249999986 26860.100916666648 37 31
27801.255749999986 28158.727799999986 37 36
29759.23766666666 30123.69204166666 37 37
31708.71366666666 32068.63941666666 37 33
33720.40133333332 34073.99284166666 37 25
35720.78599999999 36165.890499999994 37 24
37746.77691666666 38411.65425 37 23
39808.45175 40279.76505000001 37 24
41903.06091666667 42265.02276875 37 29
42220.53125 42876.97458333334 37 31
43865.12558333335 44246.16188333335 37 24
44216.81916666668 44887.50983333335 37 27
45869.415000000015 46831.995666666684 37 30
47804.58533333334 48167.261383333345 37 33
48137.91866666668 48808.60933333335 37 34
49772.44566666668 50130.658991666685 37 30
52205.74583333336 52644.612666666704 37 26
53894.61266666671 54266.66568750004 37 24
54227.94600000005 54916.296000000046 37 26
55950.29266666672 56368.603383333386 37 24
56339.26066666672 57009.95133333339 37 34
58004.26958333339 58364.16158333339 37 31
58328.16158333339 58968.16158333339 37 26
59958.85225000006 60344.758550000064 37 24
60315.4158333334 60986.10650000007 37 26
61974.56766666674 62328.96324166675 37 29
64217.95516666674 64888.6458333334 37 35
65874.39783333341 66235.69152916674 37 29
68317.7388333334 68747.40091666674 37 26
69987.07091666674 70317.6495833334 37 24
70317.6495833334 71005.99958333343 37 26
72090.47925000009 72566.68794583342 37 24
74241.83866666675 74596.28312083342 37 28
76151.75150000007 76508.54613333341 37 32
78074.56150000007 78436.40708333341 37 29
84511.08300833341 85186.29666666675 37 26
86194.62166666675 86560.45268750009 37 23
90898.00708333343 91538.00708333343 37 34
92508.47825000007 92869.3598833334 37 36
92840.43425000008 93252.30275000009 37 37
94458.22350000008 94840.23035416674 37 33
94805.67750000008 95372.8163333334 37 32
96406.46716666671 96765.93580000004 37 28
96746.70175000004 97430.57908333336 37 26
98430.5204166667 98819.62637500002 37 24
98783.04100000003 99433.44766666669 37 26
100414.38900000004 100777.67466666672 37 24
100742.25800000005 101408.9246666667 37 26
102420.22400000003 102811.33036250003 37 23
102775.24000000002 103454.58800000003 37 26
104534.56616666669 104990.22396458336 37 24
108715.8481666667 109152.18300000003 37 24
112875.6835833334 113229.1882583334 37 24
114743.33608333343 116230.87975000008 37 30
125637.45950000006 125923.07150000006 37 66
135073.11675000007 135190.1852500001 37 69
162897.96366666688 163220.44066666687 37 62
166700.70558333347 167023.1825833335 37 62
183204.85470833344 183319.46845833346 37 73
187178.31216666682 187882.01583333348 37 102
188877.49116666685 189526.0225000002 37 45
190795.89383333354 191443.4135000002 37 40
192748.21616666683 193394.6778333335 37 31
194737.9662500002 195166.2317166669 37 25
196815.16320833357 197163.65528125022 37 29
198734.77829166685 199094.0454958335 37 32
200684.9654583335 201022.9654583335 37 28
202615.3721250001 202964.08374166678 37 28
204624.3941250001 204976.01430000007 37 26
206680.0224166667 207128.85967708335 37 24
208812.335875 209203.97369791663 37 23
213557.76266666656 214197.76266666653 37 34
215168.23383333324 215529.11546666652 37 36
215500.1898333332 215912.05833333315 37 37
217117.97908333314 217504.05097916647 37 33
217465.43308333313 218032.57191666646 37 32
219066.2227499998 219427.8284999998 37 28
219406.45733333315 220090.33466666646 37 26
221090.27599999978 221467.18683333314 37 24
221442.7965833331 222093.20324999976 37 26
223074.14458333308 223437.4302499997 37 24
223402.01358333306 224068.6802499997 37 31
225079.97958333307 225466.8400208331 37 27
225434.9955833331 226114.3435833331 37 31
227169.2579166664 227593.8838895831 37 28
227552.2172083331 228033.07537499975 37 35
229371.40412499974 229757.36919166642 37 27
229722.28145833308 230424.03612499972 37 31
231452.87945833307 231863.43674791642 37 27
231820.64395833306 232269.48570833303 37 37
233573.97945833308 233953.2898916664 37 26
233918.80712499976 234608.46245833306 37 29
235625.55879166638 236081.3186874997 37 26
236039.2626249997 236786.92595833304 37 35
237930.6456666664 238330.64563333307 37 25
238294.28199999972 239021.55466666643 37 28
240150.05241666644 240604.61324999973 37 25
240552.11324999973 241352.11324999976 37 33
242511.27058333313 242928.80711666646 37 23
242890.8492499998 243650.00658333313 37 26
244816.83191666644 245323.08416249978 37 23
245269.5127499998 246158.07408333314 37 31
247395.18708333315 247921.5946666665 37 22
250107.6493333331 250677.1551770831 37 35
258854.11299999975 259543.7683333331 37 44
269194.663958333 289682.466958333 37 25
25910.704749999986 26264.136316666652 39 30
90576.07158333343 90932.00708333343 39 33
116189.21308333341 117757.25541666675 39 33
126928.93983333337 127110.3551666667 39 65
140237.08125000028 140315.41474166693 39 79
140542.02941666698 140694.375416667 39 69
140851.26275000031 141008.15008333363 39 69
141165.03741666692 141321.92475000024 39 70
141478.81208333356 141635.69941666687 39 69
142855.84475000022 143033.1142916669 39 59
143172.2164166669 143479.2004166669 39 56
143966.4859166669 144309.2159166669 39 54
183034.4793750001 183147.87470833343 39 73
183573.50237500013 183713.38075000016 39 73
185944.7366666668 186947.54316666682 39 98
213235.82716666654 213593.76266666656 39 33
24242.500249999986 24673.59883333332 40 26
88875.86683333342 89342.92250000007 40 30
117603.99875000009 119023.46941666673 40 34
128209.88408333338 128493.61208333337 40 66
135401.9842916668 135536.76550000015 40 69
138791.28458333362 139019.4910000002 40 71
139250.54458333354 139446.1805833336 40 74
139725.92700000026 139933.41441666696 40 78
182865.85962500013 182978.06179166678 40 73
186947.54316666682 187375.07140625015 40 90
211543.16829166654 211960.09441666654 40 30
118983.30875000007 120472.77400000008 41 45
129524.67700000005 129711.27341666672 41 68
169997.79691666688 170322.2089166669 41 28
66199.60116666673 66878.94916666675 42 26
78415.84450000008 79073.84716666675 42 28
80061.45208333341 80432.34358333341 42 23
80750.00891666673 81165.99850000007 42 24
81740.23516666674 82151.4868333334 42 24
120326.78866666675 121689.07166666671 42 46
130829.55750000011 131115.1695000001 42 72
162260.09066666686 162569.59266666687 42 62
166062.83258333345 166372.33458333346 42 62
182696.2067916668 182809.52162500014 42 73
186351.5166666668 187178.31216666682 42 94
250613.7223333331 251698.5423333331 42 42
253211.53499999977 253829.5906708331 42 36
256945.02199999976 258041.61291874977 42 37
113409.4160833334 113626.68291666674 43 26
114902.6987500001 115221.42408333343 43 26
116353.8360833334 116551.18525000007 43 33
117757.25541666675 118063.76875000008 43 30
135690.80116666682 135844.8368333335 43 70
181827.0436250002 182020.73012500018 43 76
185111.40266666684 185944.7366666668 43 97
370.3703333333333 1037.037 44 21
1368.108 2030.2499999999998 44 24
2030.2499999999998 2665.1706666666664 44 27
3298.2165833333333 3940.1623333333328 44 32
3940.1623333333328 4590.0403333333325 44 34
5242.946333333333 5898.905333333333 44 31
5898.905333333333 6533.825999999999 44 30
7189.013499999999 7955.693749999999 44 26
7955.693749999999 8425.760916666666 44 26
9363.489833333333 9846.726166666667 44 28
10005.456333333334 10640.376999999999 44 28
11281.750583333333 11701.978000000001 44 31
11963.637 12394.735583333335 44 33
13289.305583333336 13929.305583333336 44 29
19992.787 20676.547666666665 44 26
21351.650333333328 22018.09499999999 44 23
26547.600916666648 27092.65916666665 44 32
27477.310999999987 28047.157499999987 44 35
28129.802166666654 28705.605166666657 44 39
29434.034333333326 30087.10666666666 44 37
40250.42233333334 40921.113000000005 44 34
41581.12541666667 41983.06091666667 44 29
42559.51425000001 43194.43491666668 44 24
43529.78025000002 43948.96191666668 44 24
44552.16450000002 45139.01883333335 44 27
45545.523000000016 46191.995666666684 44 29
46511.995666666684 47151.995666666684 44 31
47473.30675000001 48137.91866666668 44 33
48473.26400000002 48892.44566666668 44 29
49452.44566666668 50092.44566666668 44 30
50432.11966666669 51111.46766666669 44 24
51456.35933333336 51914.410416666695 44 24
52559.8669166667 53227.94600000004 44 23
53561.279333333376 54227.94600000005 44 24
54572.12100000004 55279.60200000005 44 24
55614.94733333338 56039.26066666672 44 24
56674.60600000005 57345.29666666673 44 32
57677.06700000006 58166.871250000055 44 31
58648.16158333339 59288.16158333339 44 24
59623.50691666673 60042.688583333394 44 24
60650.761166666736 61321.451833333405 44 26
61650.67566666674 62134.56766666674 44 28
62614.60841666675 63010.81891666675 44 30
63560.81858333342 64217.95516666674 44 32
64553.30050000006 64972.482166666734 44 34
65549.19450000007 66199.60116666673 44 31
67218.62316666674 67655.03800000007 44 24
68663.3673333334 69325.9135833334 44 23
69656.49225000007 70311.4512333334 44 24
70661.82458333341 71264.13083333343 44 24
71703.5992500001 72194.64591666676 44 24
72528.22641666676 73025.7227500001 44 26
73918.60233333343 74401.83866666675 44 28
74560.56883333343 75195.48950000008 44 29
75829.16033333342 76479.62050000008 44 31
76479.62050000008 76971.44600000007 44 32
77762.06150000007 78152.68650000007 44 30
82748.49066666675 83420.75933333342 44 24
83770.13766666675 84502.53600000008 44 24
84848.68983750009 85528.17700000007 44 24
85861.39933333341 86527.84400000008 44 23
91218.00708333343 91778.00708333342 44 34
92180.59825000007 92591.12291666673 44 36
93170.33550000007 93576.19475000008 44 37
94133.02016666674 94540.19075000008 44 34
113584.31000000007 113913.12041666674 44 26
113913.12041666674 114237.0070833334 44 26
114237.0070833334 114574.55975000009 44 26
114574.55975000009 114902.6987500001 44 26
115062.06141666677 115380.7867500001 44 27
115380.7867500001 115703.38308333344 44 27
115703.38308333344 116027.2697500001 44 27
116027.2697500001 116230.87975000008 44 27
116512.4255833334 116818.65541666673 44 29
116818.65541666673 117123.99875000006 44 29
117123.99875000006 117443.99875000007 44 30
117443.99875000007 117757.25541666675 44 29
117910.51208333342 118217.02541666674 44 30
118217.02541666674 118523.53875000007 44 30
118523.53875000007 118830.0520833334 44 30
118830.0520833334 119023.46941666673 44 30
121650.46166666671 123093.36000000007 44 55
132133.36991666676 132314.78525000007 44 74
144812.43575000024 145006.31175000026 44 46
145123.9130833336 145361.67550000024 44 44
145441.74941666692 145763.81075000027 44 46
145763.81075000027 145935.2580729169 44 39
146075.92875000025 146299.39725000024 44 35
146373.06225000025 146592.1739166669 44 35
146665.1665833336 146956.2085833336 44 35
146956.2085833336 147209.83200000026 44 36
147245.9330833336 147535.2650833336 44 44
147535.2650833336 147717.08341666692 44 37
147826.57241666692 148119.47875000027 44 37
148119.47875000027 148306.08116666696 44 37
148422.82325000028 148589.96358333362 44 38
148730.58908333362 148910.70691666697 44 38
149017.46933333366 149229.48333333366 44 38
149300.154666667 149582.34233333368 44 39
149582.34233333368 149828.82108333372 44 39
149863.9088333337 150145.10483333372 44 48
150145.10483333372 150321.6587500004 44 40
150428.0417500004 150641.3124166671 44 40
150712.36233333376 150893.95141666709 44 41
151007.30833333376 151172.13311458373 44 41
151307.15458333373 151483.2152500004 44 42
151587.3827500004 151794.2792500004 44 42
151863.12625000038 152034.94750000042 44 42
152137.68725000042 152411.07533333378 44 43
152411.07533333378 152649.28650000045 44 46
152683.41616666713 152956.9211666671 44 44
152956.9211666671 153197.23558333376 44 44
153231.71833333376 153406.31858333375 44 44
153514.75833333377 153669.64657500043 44 45
153798.9811666671 153971.75458333376 44 45
154074.3774166671 154277.42666666707 44 45
154344.42858333376 154609.44375000038 44 46
154609.44375000038 154840.46708333373 44 46
154873.3618333337 155037.8355833337 44 51
155136.8455833337 155401.41850000035 44 49
155401.41850000035 155633.86658333364 44 48
155667.19991666698 155835.56533333365 44 49
155939.73533333364 156090.65899166698 44 49
156223.9817500003 156392.90450000027 44 50
156492.90525000027 156657.3825833336 44 50
156754.78583333362 156915.04558333362 44 50
157010.5870833336 157265.36441666694 44 51
157265.36441666694 157520.1417500002 44 58
157520.1417500002 157774.91908333355 44 52
157774.91908333355 158029.69641666688 44 52
158029.69641666688 158195.7793333335 44 53
158298.87533333353 158450.07857916687 44 54
158567.11691666686 158791.16866666687 44 60
158823.32300000018 159016.6640000002 44 60
159081.3890000002 159243.7272500002 44 61
159343.0650000002 159607.96566666686 44 61
159607.96566666686 160010.65066666686 44 56
160010.65066666686 160433.18566666686 44 58
160433.18566666686 160952.01266666688 44 60
181661.43862500018 181854.21754166685 44 77
181991.57562500017 182202.17586250015 44 71
182525.0215416668 182667.79770833347 44 74
184693.6155833335 185528.06966666682 44 92
185528.06966666682 186351.5166666668 44 97
187548.68250000014 188215.34916666683 44 38
188546.42016666685 189208.56216666687 44 43
189208.56216666687 189843.48283333355 44 47
190476.5287500002 191118.4745000002 44 42
191118.4745000002 191768.35250000018 44 42
192421.25850000017 193077.21750000017 44 34
193077.21750000017 193712.13816666685 44 30
194367.32566666685 195084.50095833355 44 26
195132.57787500022 195539.72429166688 44 26
196491.9268750002 196975.16320833354 44 28
197133.89337500022 197768.81404166686 44 28
198407.56470833355 199065.35695833352 44 31
199065.35695833352 199557.16045833353 44 33
200364.9654583335 201004.9654583335 44 29
207088.53708333333 207520.8912083333 44 26
208479.11354166665 208895.64145833332 44 23
213877.76266666653 214437.76266666653 44 34
214840.35383333324 215250.87849999988 44 36
215830.09108333316 216235.95033333314 44 37
216792.7757499998 217199.94633333312 44 34
227938.73579166643 228401.77804166643 44 25
229020.5267916664 229722.28145833308 44 27
230073.1587916664 230774.91345833306 44 28
231113.89645833307 231537.62520833308 44 27
232180.19995833305 232710.41112499972 44 26
233229.1517916664 233918.80712499976 44 26
234263.63479166638 234953.29012499974 44 26
235289.42445833306 235709.59237499972 44 26
236413.09429166638 237090.6641874997 44 25
237567.00933333303 238294.28199999972 44 25
238657.91833333307 239385.19099999976 44 25
239761.68449999974 240249.06233333307 44 25
240952.11324999976 241752.1132499998 44 24
242131.69191666646 242890.8492499998 44 23
243270.42791666643 244029.5852499998 44 24
244423.20858333312 244915.2377499998 44 23
245745.70308333312 246570.44508333315 44 22
246982.81608333313 247704.46533333315 44 22
247806.6521666665 248351.76458333313 44 31
249610.36124999975 250613.7223333331 44 32
259543.7683333331 260233.42366666647 44 46
265951.420958333 289682.466958333 44 22
13929.305583333336 14569.305583333335 45 28
15214.508916666668 15621.013083333335 45 28
15893.740333333333 16577.617666666665 45 32
17248.557666666668 17659.809333333335 45 27
17906.560333333335 18575.665000000005 45 25
19260.388666666666 19992.787 45 24
30087.10666666666 30654.245499999994 45 36
31380.84466666666 32036.58266666666 45 34
32036.58266666666 32720.459999999995 45 30
33391.39999999999 33802.65166666666 45 25
34049.40266666666 34705.14066666666 45 25
35377.18466666666 35806.992916666655 45 24
36073.29791666666 36518.51191666667 45 26
37421.573583333324 38071.98024999999 45 23
38071.98024999999 38751.32825 45 26
39445.679083333336 39908.45175000001 45 24
95130.88083333339 95612.81633333338 45 31
96089.00683333339 96485.83225000005 45 29
97088.64041666669 97772.51775000001 45 24
98101.51908333336 98512.77075000003 45 24
99108.24433333336 99758.65100000003 45 24
100086.52000000003 100742.25800000005 45 24
101075.59133333337 101742.25800000003 45 22
102081.24100000004 102504.96975000003 45 23
103114.91400000003 103794.26200000003 45 24
104150.54658333337 104637.6589166667 45 24
104948.14475000002 105424.68116666669 45 26
107046.2161666667 107712.88283333335 45 26
108376.1286666667 108802.05508333337 45 24
111142.56650000006 111732.23783333339 45 26
112512.91091666673 113175.68358333339 45 24
113751.17708333342 113994.09208333341 45 26
114075.06375000009 114405.78341666675 45 26
114405.78341666675 114743.33608333343 45 26
115221.42408333343 115460.46808333344 45 27
115541.4397500001 115865.32641666676 45 27
115865.32641666676 116189.21308333341 45 27
116665.98375000007 116894.99125000006 45 29
116971.3270833334 117283.99875000007 45 29
117283.99875000007 117603.99875000009 45 30
118063.76875000008 118293.65375000007 45 30
118370.28208333341 118676.79541666673 45 30
118676.79541666673 118944.99458333339 45 30
122952.51500000007 124343.31591666672 45 58
133435.68741666668 133719.4154166667 45 79
181490.72929166688 181689.37162500017 45 77
182352.10987500014 182467.55020833347 45 74
183833.3995833335 184729.45791666684 45 102
201004.9654583335 201644.96545833346 45 28
202290.16879166677 202940.57545833342 45 28
202940.57545833342 203624.45279166676 45 32
204295.39279166676 204706.6444583334 45 27
204953.3954583334 205622.50012500005 45 25
206307.23075000002 206728.56612500004 45 24
217790.63641666644 218272.57191666646 45 31
218748.76241666646 219145.58783333315 45 29
219748.39599999978 220432.2733333331 45 24
220761.27466666646 221172.5263333331 45 24
221767.99991666645 222418.40658333307 45 24
222746.27558333307 223402.01358333306 45 24
223735.34691666637 224402.01358333306 45 26
224740.99658333306 225164.72533333307 45 27
225774.6695833331 226454.0175833331 45 28
226808.6944166664 227215.55420833305 45 28
135998.8725000002 136114.39925000022 46 69
143325.7084166669 143632.6924166669 46 56
143795.1209166669 144137.8509166669 46 55
22356.377999999993 22789.687333333324 47 24
23416.339249999986 23909.166999999983 47 24
24588.85308333332 25257.632416666653 47 27
25585.50141666665 26152.640249999986 47 29
86880.30116666677 87339.09391666677 47 24
88027.87633333342 88550.9485833334 47 24
89254.42691666675 89922.9992500001 47 31
90250.8682500001 90818.00708333343 47 32
136152.75458333356 136293.10558333356 47 72
137598.40958333356 137886.17958333358 47 61
138636.6415833336 138801.9162895836 47 70
139096.0521666669 139328.48691666688 47 66
139564.9906666669 139744.36961250028 47 70
140061.62583333362 140313.51041666692 47 73
182177.17587500016 182294.13887500012 47 74
209531.29087499998 210015.33329166664 47 24
210699.34504166662 211174.23116666658 47 24
211916.2347499999 212582.75483333322 47 31
212910.6238333332 213477.76266666653 47 32
119142.05141666671 119333.21258333338 48 45
120472.77400000008 120764.74466666672 48 41
121803.14450000004 121987.66641666672 48 55
123093.36000000007 123375.05000000008 48 51
124292.03383333338 124514.5243333334 48 65
167930.23508333354 168287.4217500002 48 41
168257.60308333355 168637.11563333357 48 37
168631.1717500002 168987.80475000024 48 26
168987.80475000024 169322.06675000026 48 22
169322.06675000026 169663.31191666692 48 22
170984.45591666686 171082.9540833335 48 27
171132.00008333352 171229.6922500002 48 28
171278.33991666685 171375.2417500002 48 28
171423.4972500002 171538.52386875023 48 29
171583.0717500002 172204.3847500002 48 28
171884.77675000022 172231.0187500002 48 30
172204.3847500002 172864.6931250002 48 31
172535.72791666686 172868.15591666687 48 36
172868.15591666687 173183.9449166669 48 30
173183.9449166669 173486.9749166669 48 30
179448.59916666686 180120.62491666686 48 73
181314.7631250002 181515.22494583353 48 78
183377.78537500012 183504.08470833342 48 86
234953.29012499974 235625.55879166638 48 26
244029.5852499998 244816.83191666644 48 23
1037.037 1699.1789999999999 49 23
2347.710333333333 2903.2659166666667 49 28
2982.006083333333 3377.5816666666665 49 31
4265.101333333333 4752.509833333333 49 34
4915.988666666666 5569.904 49 32
6216.365666666667 6851.286333333333 49 29
6851.286333333333 7278.299249999999 49 27
8334.017833333332 8780.588833333333 49 25
9036.28725 9444.790666666666 49 27
10322.916666666666 10957.837333333333 49 29
10957.837333333333 11364.39525 49 30
12309.989833333335 12726.71441666667 49 31
12969.305583333336 13609.305583333336 49 30
14249.305583333335 14889.305583333336 49 28
14889.305583333336 15539.71225 49 28
27169.582249999985 27556.676083333317 49 34
28459.703416666656 29030.808499999992 49 39
29111.453666666657 29759.23766666666 49 38
30412.309999999994 30894.245499999994 49 36
31052.97566666666 31708.71366666666 49 34
71350.3377500001 71796.19183333342 49 24
72935.63266666676 73591.3997500001 49 26
73591.3997500001 73999.90316666676 49 27
74878.02916666675 75512.9498333334 49 29
75512.9498333334 75909.16033333342 49 30
76808.84433333341 77212.09116666674 49 32
77449.56150000007 78074.56150000007 49 30
78744.84583333341 79402.8485000001 49 27
79727.40691666675 80145.48566666675 49 25
91858.00708333342 92261.89908333341 49 35
119295.61858333339 119589.7823333334 49 40
119589.7823333334 119880.69166666672 49 41
119880.69166666672 120178.08966666674 49 41
120178.08966666674 120472.77400000008 49 40
120618.75933333341 120910.73000000005 49 43
120910.73000000005 121202.70066666671 49 44
121202.70066666671 121501.20800000004 49 44
121501.20800000004 121689.07166666671 49 44
121951.30275000005 122236.04200000006 49 49
122236.04200000006 122517.73200000005 49 50
122517.73200000005 122807.5873333334 49 50
122807.5873333334 123093.36000000007 49 50
123234.20500000007 123515.89500000008 49 52
123515.89500000008 123797.58500000006 49 52
123797.58500000006 123975.54275000007 49 54
124087.97116666671 124343.31591666672 49 54
125637.45950000006 125923.07150000006 49 66
134913.23150000008 135033.51275000008 49 69
160946.0066666669 161306.36666666687 49 59
161306.36666666687 161618.05466666684 49 47
161618.05466666684 161942.37866666686 49 47
163220.44066666687 163367.37716666685 49 46
163367.37716666685 163489.12916666683 49 46
163513.38691666684 163610.22416666683 49 46
163658.47966666683 163769.66208125016 49 47
163812.72116666686 164423.2143333335 49 49
164109.0783333335 164451.7043333335 49 51
164423.2143333335 164781.77427708352 49 52
164775.23358333352 165124.0705833335 49 57
165124.0705833335 165430.19258333347 49 47
165430.19258333347 165745.12058333345 49 47
167023.1825833335 167120.7435833335 49 46
167169.39125000016 167266.48833333352 49 46
167314.87466666684 167459.70658333352 49 46
167459.70658333352 167579.8922062502 49 47
167626.43808333355 168257.60308333355 49 39
179816.82791666687 180429.90291666685 49 77
181133.20520833353 181344.43670833355 49 79
183204.85470833344 183319.46845833346 49 86
188215.34916666683 188877.49116666685 49 41
189526.0225000002 190081.57808333353 49 46
190160.31825000021 190555.89383333354 49 43
191443.4135000002 191930.8220000002 49 40
192094.30083333352 192748.21616666683 49 36
193394.6778333335 194029.5985000002 49 29
194029.5985000002 194456.61141666686 49 27
195496.62083333355 196164.72429166688 49 25
196164.72429166688 196573.22770833355 49 27
197451.35370833354 198086.2743750002 49 29
198086.2743750002 198570.1663750002 49 30
199393.22595833353 200044.96545833352 49 31
200044.96545833352 200684.9654583335 49 30
201324.9654583335 201964.96545833346 49 28
201964.96545833346 202615.3721250001 49 28
214517.76266666656 214921.65466666658 49 35
232884.32412499972 233573.97945833308 49 26
241752.1132499998 242511.27058333313 49 23
246570.44508333315 247395.18708333315 49 22
248244.39933333316 248792.40066666648 49 26
249135.2842499998 249732.52099999978 49 30
251210.7373333331 252204.8713333331 49 30
252711.2003333331 253767.09066666642 49 35
254355.3259999998 255445.0219999998 49 37
256111.68866666645 257945.02199999976 49 37
260233.42366666647 260658.76229166644 49 48
265951.420958333 289682.466958333 49 22
16235.678999999998 16919.556333333334 50 29
16919.556333333334 17577.559 50 28
18240.31966666667 18911.010333333335 50 24
18911.010333333335 19349.674416666665 50 24
32378.52133333333 33062.39866666666 50 28
33062.39866666666 33720.40133333332 50 27
34377.27166666666 35033.00966666666 50 24
35033.00966666666 35635.31591666666 50 24
36433.04183333334 36848.44725 50 24
37095.70383333333 37746.77691666666 50 23
38411.65425 39091.002250000005 50 24
39091.002250000005 39624.82641666667 50 24
66539.27516666675 67218.62316666674 50 24
81411.2338333334 82069.23650000007 50 24
97772.51775000001 98430.5204166667 50 24
99758.65100000003 100414.38900000004 50 24
101742.25800000003 102420.22400000003 50 27
103794.26200000003 104243.13916666669 50 24
105332.93808333336 106032.10366666669 50 22
106710.08183333336 107379.54950000002 50 23
107379.54950000002 107962.88283333335 50 24
108044.85008333335 108460.16225000004 50 24
109063.68741666671 109685.52700000003 50 26
111478.00058333339 111988.64808333339 50 24
112161.06191666673 112692.05825000006 50 26
119444.32766666672 119662.50966666672 50 41
119735.23700000005 120029.39066666673 50 41
120029.39066666673 120326.78866666675 50 41
120764.74466666672 120983.72266666673 50 44
121056.71533333338 121351.95433333339 50 44
121351.95433333339 121650.46166666671 50 44
122095.19700000006 122306.46450000005 50 49
122376.88700000005 122662.65966666673 50 50
122662.65966666673 122952.51500000007 50 50
123375.05000000008 123586.31750000006 50 52
123656.74000000006 123832.79625000006 50 53
123939.3108333334 124108.21408333338 50 54
180120.62491666686 180442.7895000002 50 81
203282.5141250001 203966.3914583334 50 29
203966.3914583334 204624.3941250001 50 28
205287.15479166672 205957.84545833338 50 24
205957.84545833338 206351.87362500004 50 24
220432.2733333331 221090.27599999978 50 24
222418.40658333307 223074.14458333308 50 24
224402.01358333306 225079.97958333307 50 32
226454.0175833331 226987.84174999976 50 28
83420.75933333342 83859.42341666676 51 24
126928.93983333337 127110.3551666667 51 65
140389.68341666693 140542.02941666698 51 69
142692.96508333358 142855.84475000022 51 60
143632.6924166669 143966.4859166669 51 56
144137.8509166669 144352.05716666693 51 54
144658.88366666692 144850.99216666693 51 47
144967.34366666691 145163.30175000028 51 45
145282.03866666692 145602.78008333358 51 42
145602.78008333358 145924.84141666692 51 40
147390.33741666694 147680.71975000025 51 48
147680.71975000025 147863.06875000024 51 37
147972.95875000025 148156.10875000028 51 37
148268.0583333336 148462.50575000027 51 37
180940.7642083335 181163.88004166685 51 79
183034.4793750001 183147.87470833343 51 87
183573.50237500013 183713.38075000016 51 86
230774.91345833306 231452.87945833307 51 28
239385.19099999976 239857.8383333331 51 25
20334.66733333333 21018.427999999996 52 24
21018.427999999996 21684.87266666666 52 23
41254.589250000005 41823.06091666667 52 28
45220.319666666684 45708.124666666685 52 29
49132.44566666668 49772.44566666668 52 30
53227.94600000004 53894.61266666671 52 24
57345.29666666673 57922.96875000006 52 32
61321.451833333405 61813.27733333341 52 27
65223.99116666673 65874.39783333341 52 32
69325.9135833334 69987.07091666674 52 24
85528.17700000007 86194.62166666675 52 23
128209.88408333338 128493.61208333337 52 66
135228.69416666677 135401.9842916668 52 69
138943.37583333356 139173.0700000002 52 66
145924.84141666692 146150.8350833336 52 52
146225.32325000025 146409.69225000025 52 35
146519.18125000026 146701.66291666692 52 35
146810.75391666693 147101.13625000024 52 36
147101.13625000024 147253.15330000027 52 36
180429.90291666685 180957.2658750002 52 84
182865.85962500013 182978.06179166678 52 87
207477.03154166666 208145.8912083333 52 24
208145.8912083333 208812.335875 52 23
93815.5598333334 94458.22350000008 53 35
129524.67700000005 129711.27341666672 53 68
148584.46908333362 148766.82100000032 53 56
148874.86458333363 149052.8050000003 53 38
149158.81200000033 149441.49733333368 53 39
149441.49733333368 149723.18733333368 53 39
149723.18733333368 149876.1895458337 53 39
151164.03958333374 151342.6155833337 53 55
151448.2502500004 151621.8655000004 53 42
151725.3137500004 152000.5832500004 53 42
152000.5832500004 152240.42700000043 53 43
152274.5566666671 152417.90126666712 53 43
169663.31191666692 170690.8674812502 53 25
216475.31541666648 217117.97908333314 53 35
228669.6494583331 229371.40412499974 53 27
237158.8459999997 237930.6456666664 53 25
265951.420958333 289682.466958333 53 22
43194.43491666668 43865.12558333335 54 24
47151.995666666684 47555.27400000001 54 32
51111.46766666669 51545.64508333336 54 24
55279.60200000005 55950.29266666672 54 24
59288.16158333339 59958.85225000006 54 24
63244.58833333342 63641.46375000008 54 31
67565.75225000008 68025.48766666674 54 24
79402.8485000001 79810.05158333342 54 26
95771.54650000005 96406.46716666671 54 29
130829.55750000011 131115.1695000001 54 72
137742.29458333357 138033.23825000026 54 63
138033.23825000026 138327.3555833336 54 66
138481.99858333362 138791.28458333362 54 69
150004.25983333372 150180.31608333375 54 50
150286.32308333373 150498.9637500004 54 40
150570.13808333373 150747.94950000042 54 40
150856.91441666707 151045.91833333377 54 41
152547.24575000047 152819.93483333377 54 55
152819.93483333377 153025.41433333379 54 44
153094.14283333375 153266.20108333376 54 44
153370.85758333377 153551.52300000042 54 44
161942.37866666686 162936.25781041686 54 54
165745.12058333345 166734.29693750016 54 54
182696.2067916668 182809.52162500014 54 87
218431.3020833331 219066.2227499998 54 29
252204.8713333331 253072.6460833331 54 33
255445.0219999998 256445.02199999976 54 37
124475.91433333339 124658.58016666672 55 65
125780.26550000007 126065.87750000006 55 58
127074.41500000004 127252.80866666671 55 65
128351.74808333338 128635.47608333337 55 58
135536.76550000015 135690.80116666682 55 69
143479.2004166669 143709.4384166669 55 56
153659.12025000041 153833.70341666706 55 59
153937.39033333375 154142.40458333376 55 45
154210.08666666708 154411.09525000042 55 46
154477.43041666705 154741.45708333372 55 46
154741.45708333372 154880.7631520837 55 46
156082.47716666697 156257.99533333362 55 67
156359.34741666695 156526.01783333358 55 50
156624.7028333336 156787.04391666697 55 50
156883.09666666694 157137.97575000027 55 51
157137.97575000027 157272.53002916693 55 51
167626.43808333355 168257.60308333355 55 49
167930.23508333354 168287.4217500002 55 50
168257.60308333355 168637.11563333357 55 37
168631.1717500002 168987.80475000024 55 26
168987.80475000024 169322.06675000026 55 22
169322.06675000026 169663.31191666692 55 22
170984.45591666686 171082.9540833335 55 27
171132.00008333352 171229.6922500002 55 28
171278.33991666685 171375.2417500002 55 28
171423.4972500002 171538.52386875023 55 29
172204.3847500002 172864.6931250002 55 31
172535.72791666686 172868.15591666687 55 36
172868.15591666687 173183.9449166669 55 30
173183.9449166669 173486.9749166669 55 30
181827.0436250002 182020.73012500018 55 90
703.7036666666667 1368.108 56 22
2665.1706666666664 3139.4864166666666 56 29
4590.0403333333325 5242.946333333333 56 33
6533.825999999999 6933.253583333332 56 28
8693.632333333333 9282.188999999998 56 26
25257.632416666653 25910.704749999986 56 28
26860.100916666648 27246.505333333316 56 33
40585.76766666667 41172.622 56 28
71005.99958333343 71437.2942500001 56 24
73273.93941666676 73837.30150000009 56 26
75195.48950000008 75670.43016666675 56 30
77132.09116666674 77762.06150000007 56 31
83084.62500000009 83506.96625000008 56 24
89922.9992500001 90576.07158333343 56 32
91538.00708333343 91938.00708333342 56 35
113225.68358333339 114075.06375000009 56 32
113994.09208333341 114247.55560416674 56 33
114237.0070833334 116230.87975000008 56 34
116189.21308333341 116971.3270833334 56 39
116894.99125000006 117133.99875000006 56 38
117123.99875000006 119023.46941666673 56 40
124622.75841666672 124906.72241666673 56 58
124906.72241666673 125083.46325000004 56 58
125194.26250000006 125489.72716666672 56 58
125489.72716666672 125643.70726250006 56 56
125923.07150000006 126208.68350000004 56 59
126208.68350000004 126387.19100000005 56 59
126499.54225000004 126785.15425000004 56 59
126785.15425000004 126938.0786041667 56 59
127217.46050000004 127497.2601666667 56 58
127497.2601666667 127671.13683333337 56 58
127778.60208333338 128066.1234166667 56 58
128066.1234166667 128223.18383333337 56 56
128493.61208333337 128777.34008333337 56 59
128777.34008333337 128954.67008333339 56 59
129065.4693333334 129278.26533333339 56 59
129360.56983333339 129534.55841666672 56 59
132133.36991666676 132314.78525000007 56 74
136433.45658333358 136719.26225000023 56 69
137310.92358333356 137468.01380208356 56 59
139406.89708333358 139604.75525000025 56 68
140694.375416667 140851.26275000031 56 69
142530.08541666693 142692.96508333358 56 63
155004.9408333337 155235.8555833337 56 62
155268.968166667 155434.53108333366 56 48
155534.19883333365 155700.4225000003 56 48
155801.43566666698 155974.94658333363 56 49
157392.75308333355 157647.53041666688 56 69
157647.53041666688 157838.61341666686 56 52
157902.3077500002 158061.54358333352 56 52
158161.8810000002 158333.7185000002 56 53
160433.18566666686 160952.01266666688 56 71
160946.0066666669 161306.36666666687 56 59
161306.36666666687 161618.05466666684 56 47
161618.05466666684 161942.37866666686 56 47
163220.44066666687 163367.37716666685 56 46
163367.37716666685 163489.12916666683 56 46
163513.38691666684 163610.22416666683 56 46
163658.47966666683 163769.66208125016 56 47
164423.2143333335 164781.77427708352 56 52
164775.23358333352 165124.0705833335 56 57
165124.0705833335 165430.19258333347 56 47
165430.19258333347 165745.12058333345 56 47
167023.1825833335 167120.7435833335 56 46
167169.39125000016 167266.48833333352 56 46
167314.87466666684 167459.70658333352 56 46
167459.70658333352 167579.8922062502 56 47
171583.0717500002 172204.3847500002 56 28
171884.77675000022 172231.0187500002 56 30
173486.9749166669 174064.5007500002 56 36
181661.43862500018 181854.21754166685 56 91
181991.57562500017 182202.17586250015 56 84
182525.0215416668 182667.79770833347 56 88
187882.01583333348 188546.42016666685 56 39
189843.48283333355 190317.79858333356 56 44
191768.35250000018 192421.25850000017 56 38
193712.13816666685 194111.56575000018 56 28
195831.39095833353 196410.6260416669 56 26
212582.75483333322 213235.82716666654 56 32
214197.76266666653 214597.76266666656 56 35
234608.46245833306 235289.42445833306 56 33
243650.00658333313 244423.20858333312 56 28
246158.07408333314 246982.81608333313 56 27
248680.51883333313 249252.07941666644 56 28
260931.5496666664 261422.1231666664 56 50
265951.420958333 289682.466958333 56 27
14569.305583333335 15214.508916666668 57 28
16577.617666666665 17248.557666666668 57 29
18575.665000000005 18997.21725 57 24
23055.96424999999 23509.797166666653 57 24
30734.245499999994 31380.84466666666 57 35
32720.459999999995 33391.39999999999 57 26
34705.14066666666 35377.18466666666 57 24
36766.48 37177.67108333333 57 23
38751.32825 39267.743083333335 57 24
66878.94916666675 67304.09325000008 57 24
81083.3538333334 81740.23516666674 57 24
87624.82541666675 88130.96908333343 57 24
97430.57908333336 98101.51908333336 57 24
99433.44766666669 100086.52000000003 57 24
101408.9246666667 102081.24100000004 57 24
103454.58800000003 103882.63241666669 57 24
105690.22333333336 106117.57375000003 57 24
106371.81100000002 107046.2161666667 57 23
107712.88283333335 108126.81733333337 57 25
109420.04025000005 109948.68500000004 57 23
110807.12050000005 111225.89983333339 57 23
111817.70791666672 112334.97491666672 57 24
124765.32975000006 125048.11508333338 57 58
125048.11508333338 125341.99483333339 57 58
126065.87750000006 126351.48950000004 57 59
126351.48950000004 126642.34825000004 57 59
127358.15883333338 127636.36150000003 57 58
127636.36150000003 127922.36275000003 57 58
128635.47608333337 128919.20408333337 57 59
128919.20408333337 129207.3333333334 57 59
133435.68741666668 133719.4154166667 57 79
158439.7282500002 158662.96366666685 57 64
158695.01491666684 158887.63166666686 57 60
158952.14783333353 159113.75150000022 57 61
159211.15400000018 159475.51533333352 57 61
159475.51533333352 160006.45603125019 57 62
159607.96566666686 160010.65066666686 57 67
160010.65066666686 160433.18566666686 57 68
163812.72116666686 164423.2143333335 57 49
164109.0783333335 164451.7043333335 57 51
173772.52975000022 174356.4717500002 57 38
181490.72929166688 181689.37162500017 57 91
182352.10987500014 182467.55020833347 57 88
201644.96545833346 202290.16879166677 57 28
203624.45279166676 204295.39279166676 57 29
205622.50012500005 206044.05237500003 57 24
210291.65499999997 210750.8914166666 57 24
220090.33466666646 220761.27466666646 57 24
222093.20324999976 222746.27558333307 57 24
224068.6802499997 224740.99658333306 57 28
226114.3435833331 226630.75841666642 57 28
135844.8368333335 135998.8725000002 58 69
232534.97245833304 233229.1517916664 58 34
241352.11324999976 242131.69191666646 58 29
10640.376999999999 11037.837333333333 59 30
12644.747166666668 13289.305583333336 59 30
28786.90599999999 29434.034333333326 59 38
136293.10558333356 136573.80758333358 59 70
136719.26225000023 137010.17158333358 59 66
137160.54758333357 137348.51758333357 59 60
137886.17958333358 138180.29691666694 59 65
138327.3555833336 138636.6415833336 59 68
139891.39758333363 140104.91591666694 59 71
168257.60308333355 168637.11563333357 59 45
171583.0717500002 172204.3847500002 59 35
171884.77675000022 172231.0187500002 59 37
172204.3847500002 172864.6931250002 59 39
173486.9749166669 174064.5007500002 59 44
174064.5007500002 174652.60654166687 59 40
175239.12100000022 175807.30300000022 59 46
182177.17587500016 182294.13887500012 59 88
197768.81404166686 198246.2743750002 59 30
199719.76212500018 200364.9654583335 59 30
42876.97458333334 43529.78025000002 60 24
46831.995666666684 47231.36075000002 60 32
50771.79366666669 51196.213416666695 60 24
54916.296000000046 55614.94733333338 60 24
58968.16158333339 59623.50691666673 60 24
62932.07875000008 63322.71333333342 60 30
67931.14808333339 68348.44060000006 60 24
103794.26200000003 104990.22396458336 60 36
116189.21308333341 117757.25541666675 60 39
129676.06216666673 129853.37116666674 60 68
130972.36350000008 131257.9755000001 60 61
132278.8450833334 132457.23875000008 60 74
133577.5514166667 133861.27941666672 60 70
141008.15008333363 141165.03741666692 60 69
142378.45541666693 142530.08541666693 60 65
144495.58416666693 145935.2580729169 60 50
147245.9330833336 148589.96358333362 60 45
163812.72116666686 164423.2143333335 60 59
164109.0783333335 164451.7043333335 60 61
164423.2143333335 164781.77427708352 60 62
168631.1717500002 168987.80475000024 60 32
168987.80475000024 169322.06675000026 60 26
169322.06675000026 169663.31191666692 60 26
169663.31191666692 170690.8674812502 60 30
170984.45591666686 171082.9540833335 60 32
171132.00008333352 171229.6922500002 60 33
171278.33991666685 171375.2417500002 60 33
171423.4972500002 171538.52386875023 60 34
172535.72791666686 172868.15591666687 60 44
172868.15591666687 173183.9449166669 60 36
173183.9449166669 173486.9749166669 60 36
173772.52975000022 174356.4717500002 60 46
174356.4717500002 174655.72375000018 60 45
174655.72375000018 174949.6105000002 60 39
174949.6105000002 175239.12100000022 60 41
175518.84100000022 176105.0700000002 60 48
177985.94716666688 179501.5092500002 60 64
179448.59916666686 180120.62491666686 60 86
181314.7631250002 181515.22494583353 60 92
226454.0175833331 227593.8838895831 60 56
230424.03612499972 231113.89645833307 60 32
239021.55466666643 239572.1068333331 60 31
20676.547666666665 21351.650333333328 61 23
40921.113000000005 41418.52375000001 61 28
44887.50983333335 45545.523000000016 61 28
48808.60933333335 49452.44566666668 61 30
52894.612666666704 53561.279333333376 61 24
57009.95133333339 57429.13300000006 61 32
60986.10650000007 61486.74116666674 61 27
64888.6458333334 65549.19450000007 61 33
68995.33491666673 69656.49225000007 61 24
79073.84716666675 79564.13883333342 61 27
85186.29666666675 85861.39933333341 61 23
93495.54958333341 94133.02016666674 61 36
95452.8163333334 96089.00683333339 61 30
102775.24000000002 103882.63241666669 61 40
114743.33608333343 115541.4397500001 61 41
115703.38308333344 116230.87975000008 61 39
117603.99875000009 118370.28208333341 61 48
118523.53875000007 119889.98535416673 61 45
119880.69166666672 121689.07166666671 61 46
121650.46166666671 122376.88700000005 61 56
122306.46450000005 122526.78997916672 61 54
122517.73200000005 123093.36000000007 61 57
122952.51500000007 124343.31591666672 61 58
129818.02300000007 129993.60833333341 61 59
130097.9343333334 130271.81100000007 61 60
130386.75350000008 130663.5060000001 61 60
130681.95616666677 130838.4828750001 61 59
131115.1695000001 131400.7815000001 61 65
131400.7815000001 131579.2890000001 61 65
131691.64025000008 131905.84925000012 61 66
131982.18508333343 132141.59481041678 61 66
132421.8905833334 132701.6902500001 61 66
132701.6902500001 132875.56691666675 61 68
132987.92641666674 133211.8069166667 61 69
133286.43375000005 133449.8738166667 61 66
133719.4154166667 134003.14341666672 61 71
134003.14341666672 134180.47341666673 61 72
134291.27266666674 134504.06866666675 61 72
134585.70133333342 134758.29424791675 61 73
143018.7244166669 144137.8509166669 61 72
143966.4859166669 144509.08838541692 61 63
145924.84141666692 147253.15330000027 61 44
160946.0066666669 161306.36666666687 61 72
161306.36666666687 161618.05466666684 61 57
161618.05466666684 161942.37866666686 61 57
161942.37866666686 162936.25781041686 61 64
163220.44066666687 163367.37716666685 61 55
163367.37716666685 163489.12916666683 61 55
163513.38691666684 163610.22416666683 61 56
163658.47966666683 163769.66208125016 61 57
164775.23358333352 165124.0705833335 61 69
165124.0705833335 165430.19258333347 61 57
165430.19258333347 165745.12058333345 61 57
165745.12058333345 166734.29693750016 61 64
167023.1825833335 167120.7435833335 61 55
167169.39125000016 167266.48833333352 61 55
167314.87466666684 167459.70658333352 61 56
167459.70658333352 167579.8922062502 61 57
177658.66383333353 177985.94716666688 61 61
179816.82791666687 180429.90291666685 61 91
181133.20520833353 181344.43670833355 61 93
207812.55787499997 208479.11354166665 61 23
216155.30516666645 216792.7757499998 61 36
218112.57191666646 218748.76241666646 61 30
225434.9955833331 226630.75841666642 61 57
227552.2172083331 228401.77804166643 61 61
228310.8689583331 229020.5267916664 61 30
236786.92595833304 237567.00933333303 61 30
250613.7223333331 252204.8713333331 61 50
251698.5423333331 252711.2003333331 61 31
253767.09066666642 255445.0219999998 61 56
254881.64166666646 256111.68866666645 61 37
261741.36845833305 262323.39387499966 61 51
269194.663958333 289682.466958333 61 27
102504.96975000003 102811.33036250003 62 34
106032.10366666669 106626.04825000002 62 27
109773.24633333337 110381.21875000004 62 25
110466.68883333338 110891.86625000005 62 23
129958.72133333341 130237.03566666674 62 59
130237.03566666674 130515.90466666676 62 60
131257.9755000001 131543.5875000001 62 65
131543.5875000001 131834.4462500001 62 65
132562.58891666675 132771.24091666675 62 66
132840.79158333343 133062.55325000006 62 68
133861.27941666672 134145.00741666672 62 71
134145.00741666672 134433.13666666675 62 72
148584.46908333362 149876.1895458337 62 48
151164.03958333374 152417.90126666712 62 52
174064.5007500002 174652.60654166687 62 49
175239.12100000022 175807.30300000022 62 55
175807.30300000022 176408.77807291687 62 51
180120.62491666686 180442.7895000002 62 96
225164.72533333307 225466.8400208331 62 47
22701.96799999999 23236.144416666655 63 24
87245.6360000001 87824.82541666676 63 24
113225.68358333339 114902.6987500001 63 32
125341.99483333339 125637.45950000006 63 58
138180.29691666694 138481.99858333362 63 67
141321.92475000024 141478.81208333356 63 69
141782.19808333355 141928.69675000024 63 70
142226.82541666692 142378.45541666693 63 66
142530.08541666693 143033.1142916669 63 69
143018.7244166669 144137.8509166669 63 72
144309.2159166669 144509.08838541692 63 53
148119.47875000027 148589.96358333362 63 56
149863.9088333337 151172.13311458373 63 50
152411.07533333378 153266.20108333376 63 56
153231.71833333376 153669.64657500043 63 67
174356.4717500002 174655.72375000018 63 55
174655.72375000018 174949.6105000002 63 47
174949.6105000002 175239.12100000022 63 49
175518.84100000022 176105.0700000002 63 57
176105.0700000002 176411.9750000002 63 48
176411.9750000002 176711.6339166669 63 51
176711.6339166669 177021.98775000026 63 53
177021.98775000026 177337.4405000002 63 56
177337.4405000002 177658.66383333353 63 58
180940.7642083335 181163.88004166685 63 94
209902.12579166665 210341.65499999997 63 24
233918.80712499976 235289.42445833306 63 40
242890.8492499998 245323.08416249978 63 35
24924.29908333332 25585.50141666665 64 28
84502.53600000008 85861.39933333341 64 45
89595.13025000009 90250.8682500001 64 31
101742.25800000003 102775.24000000002 64 45
115460.46808333344 115713.50454166677 64 38
118293.65375000007 118533.11729166674 64 45
126642.34825000004 126892.25875000004 64 59
136573.80758333358 136864.71691666692 64 68
137010.17158333358 137310.92358333356 64 63
153659.12025000041 154880.7631520837 64 57
156082.47716666697 157272.53002916693 64 62
167930.23508333354 168287.4217500002 64 58
168631.1717500002 168987.80475000024 64 35
168987.80475000024 169322.06675000026 64 33
169322.06675000026 169663.31191666692 64 31
170661.97891666688 171082.9540833335 64 35
171132.00008333352 171229.6922500002 64 36
171278.33991666685 171375.2417500002 64 37
171423.4972500002 171538.52386875023 64 39
172535.72791666686 172868.15591666687 64 48
172868.15591666687 173183.9449166669 64 46
173183.9449166669 173486.9749166669 64 42
180429.90291666685 180957.2658750002 64 99
212252.17616666656 212910.6238333332 64 31
224402.01358333306 225434.9955833331 64 58
121650.46166666671 123093.36000000007 65 56
154873.3618333337 156090.65899166698 65 60
157265.36441666694 158061.54358333352 65 64
158029.69641666688 158450.07857916687 65 79
161306.36666666687 161618.05466666684 65 71
161618.05466666684 161942.37866666686 65 68
162897.96366666688 163294.00966666685 65 59
163220.44066666687 163367.37716666685 65 58
163367.37716666685 163489.12916666683 65 60
163513.38691666684 163610.22416666683 65 62
163658.47966666683 163769.66208125016 65 64
165124.0705833335 165430.19258333347 65 71
165430.19258333347 165745.12058333345 65 68
166700.70558333347 167096.3533333335 65 59
167023.1825833335 167120.7435833335 65 58
167169.39125000016 167266.48833333352 65 60
167314.87466666684 167459.70658333352 65 62
167459.70658333352 167579.8922062502 65 64
167626.43808333355 168257.60308333355 65 55
168257.60308333355 168637.11563333357 65 53
169663.31191666692 170690.8674812502 65 33
171583.0717500002 172204.3847500002 65 39
171884.77675000022 172231.0187500002 65 42
172204.3847500002 172864.6931250002 65 45
173486.9749166669 174064.5007500002 65 48
175807.30300000022 176408.77807291687 65 60
231820.64395833306 233229.1517916664 65 42
236039.2626249997 238330.64563333307 65 40
240552.11324999973 242928.80711666646 65 36
245269.5127499998 250677.1551770831 65 35
262708.177958333 269194.663958333 65 58
269194.663958333 289682.466958333 65 33
80410.97241666674 84511.08300833341 66 50
88550.9485833334 88910.18057083341 66 40
96746.70175000004 100777.67466666672 66 53
100742.25800000005 102081.24100000004 66 41
110122.59800000004 110637.62900000004 66 27
113225.68358333339 114902.6987500001 66 32
120326.78866666675 121056.71533333338 66 57
121202.70066666671 121689.07166666671 66 57
122952.51500000007 123656.74000000006 66 69
123797.58500000006 124343.31591666672 66 73
127922.36275000003 128209.88408333338 66 58
158439.7282500002 159243.7272500002 66 67
159211.15400000018 160006.45603125019 66 68
159607.96566666686 160010.65066666686 66 70
160010.65066666686 160433.18566666686 66 73
160433.18566666686 160952.01266666688 66 76
161942.37866666686 162936.25781041686 66 71
163812.72116666686 164423.2143333335 66 67
164109.0783333335 164451.7043333335 66 70
164423.2143333335 164781.77427708352 66 73
165745.12058333345 166734.29693750016 66 71
170823.21741666686 171033.77291666687 66 37
173772.52975000022 174356.4717500002 66 52
176105.0700000002 176411.9750000002 66 57
176411.9750000002 176711.6339166669 66 60
176711.6339166669 177021.98775000026 66 63
177021.98775000026 177337.4405000002 66 66
177337.4405000002 177658.66383333353 66 69
177658.66383333353 177985.94716666688 66 73
177985.94716666688 179501.5092500002 66 76
211228.5789999999 211577.82176249987 66 40
219406.45733333315 223437.4302499997 66 53
223402.01358333306 224740.99658333306 66 60
229722.28145833308 231113.89645833307 66 40
233918.80712499976 235289.42445833306 66 48
235709.59237499972 236081.3186874997 66 35
238294.28199999972 240604.61324999973 66 36
242890.8492499998 244423.20858333312 66 42
244915.2377499998 245323.08416249978 66 34
253767.09066666642 265951.420958333 66 56
143018.7244166669 144137.8509166669 67 85
143966.4859166669 144509.08838541692 67 63
163059.20216666686 163294.00966666685 67 69
166861.9440833335 167096.3533333335 67 61
169322.06675000026 169663.31191666692 67 37
170661.97891666688 170742.59816666684 67 39
170742.59816666684 170984.45591666686 67 38
170984.45591666686 171082.9540833335 67 42
173183.9449166669 173486.9749166669 67 51
54227.94600000005 55614.94733333338 68 51
80145.48566666675 80432.34358333341 68 48
87171.56193333343 87395.69766666676 68 41
88875.86683333342 92869.3598833334 68 46
96485.83225000005 96765.93580000004 68 52
113225.68358333339 114247.55560416674 68 38
114237.0070833334 116230.87975000008 68 41
116189.21308333341 116971.3270833334 68 47
116894.99125000006 117133.99875000006 68 45
117123.99875000006 119023.46941666673 68 48
118983.30875000007 120472.77400000008 68 45
124292.03383333338 125194.26250000006 68 66
125083.46325000004 125341.99483333339 68 61
125194.26250000006 127778.60208333338 68 66
127671.13683333337 127922.36275000003 68 61
127778.60208333338 129278.26533333339 68 66
129207.3333333334 129484.02658333338 68 59
133137.1800833334 133361.06058333337 68 69
136864.71691666692 137160.54758333357 68 65
138791.28458333362 140313.51041666692 68 75
140237.08125000028 141086.59375000026 68 88
141047.37191666695 141243.48108333358 68 81
141165.03741666692 141708.9487500002 68 87
141635.69941666687 141782.19808333355 68 72
142075.1954166669 142226.82541666692 68 68
142302.64041666692 142611.52525000027 68 72
142530.08541666693 143033.1142916669 68 81
144495.58416666693 145935.2580729169 68 59
147899.69875000024 148156.10875000028 68 55
160946.0066666669 161306.36666666687 68 73
161618.05466666684 161942.37866666686 68 80
162897.96366666688 162978.58291666684 68 66
162978.58291666684 163220.44066666687 68 65
163220.44066666687 163367.37716666685 68 70
164775.23358333352 165124.0705833335 68 76
165430.19258333347 165745.12058333345 68 80
166700.70558333347 166781.3248333335 68 66
166781.3248333335 167023.1825833335 68 65
167023.1825833335 167120.7435833335 68 70
174064.5007500002 174652.60654166687 68 57
175239.12100000022 175807.30300000022 68 66
178813.67816666688 179501.5092500002 68 59
209826.918625 210043.63516666667 68 41
211543.16829166654 215529.11546666652 68 46
219145.58783333315 219427.8284999998 68 52
231820.64395833306 233229.1517916664 68 50
234953.29012499974 236039.2626249997 68 42
236039.2626249997 238330.64563333307 68 47
240552.11324999973 242928.80711666646 68 43
244029.5852499998 245269.5127499998 68 36
245269.5127499998 250677.1551770831 68 42
250613.7223333331 253829.5906708331 68 50
257945.02199999976 269194.663958333 68 56
79402.8485000001 80410.97241666674 69 51
86527.84400000008 86737.91806666677 69 41
86952.37323333343 87153.04341666677 69 39
87395.69766666676 87624.82541666675 69 39
95771.54650000005 96746.70175000004 69 57
120983.72266666673 121212.02902083339 69 56
123586.31750000006 123806.38781250006 69 71
131834.4462500001 132096.68883333344 69 66
137454.52458333355 138033.23825000026 69 74
137886.17958333358 138801.9162895836 69 75
145924.84141666692 146665.1665833336 69 54
146592.1739166669 147253.15330000027 69 53
147245.9330833336 147972.95875000025 69 56
169663.31191666692 170690.8674812502 69 39
170702.28854166687 170823.21741666686 69 39
171132.00008333352 171229.6922500002 69 44
174356.4717500002 174655.72375000018 69 61
174655.72375000018 174949.6105000002 69 59
174949.6105000002 175239.12100000022 69 77
175518.84100000022 176105.0700000002 69 69
176411.9750000002 176711.6339166669 69 75
176711.6339166669 177021.98775000026 69 76
177021.98775000026 177337.4405000002 69 78
177337.4405000002 177658.66383333353 69 80
177658.66383333353 177985.94716666688 69 81
177985.94716666688 179448.59916666686 69 84
208895.64145833332 209203.97369791663 69 36
209170.49154166665 209385.50124166664 69 41
209604.68534166666 209826.918625 69 39
210053.53615833333 210291.65499999997 69 39
218431.3020833331 219406.45733333315 69 57
143709.4384166669 144137.8509166669 70 76
150498.9637500004 150747.94950000042 70 60
153025.41433333379 153266.20108333376 70 67
161942.37866666686 162936.25781041686 70 85
162938.27329166685 163059.20216666686 70 66
163367.37716666685 163489.12916666683 70 73
165745.12058333345 166734.29693750016 70 85
166741.0152083335 166861.9440833335 70 66
167169.39125000016 167266.48833333352 70 73
229722.28145833308 231113.89645833307 70 48
231537.62520833308 231863.43674791642 70 47
232884.32412499972 233953.2898916664 70 43
235709.59237499972 236081.3186874997 70 42
238294.28199999972 240604.61324999973 70 44
241752.1132499998 244423.20858333312 70 37
244915.2377499998 245323.08416249978 70 40
250613.7223333331 253829.5906708331 70 59
253767.09066666642 258041.61291874977 70 66
76479.62050000008 77762.06150000007 71 48
78152.68650000007 78436.40708333341 71 49
78415.84450000008 79564.13883333342 71 50
86737.91806666677 86952.37323333343 71 39
87624.82541666675 88658.47550000007 71 42
92840.43425000008 94133.02016666674 71 55
94540.19075000008 94840.23035416674 71 51
94805.67750000008 96089.00683333339 71 54
118983.30875000007 120472.77400000008 71 45
130534.35483333342 130811.10733333344 71 60
137010.17158333358 137454.52458333355 71 73
137454.52458333355 138033.23825000026 71 74
137886.17958333358 138801.9162895836 71 75
148584.46908333362 149300.154666667 71 59
149229.48333333366 149876.1895458337 71 58
149863.9088333337 150570.13808333373 71 61
151164.03958333374 151828.7620000004 71 65
151794.2792500004 152417.90126666712 71 63
152411.07533333378 153094.14283333375 71 69
167626.43808333355 168257.60308333355 71 67
171278.33991666685 171375.2417500002 71 44
175807.30300000022 176408.77807291687 71 73
209385.50124166664 209604.68534166666 71 39
210291.65499999997 211391.6224999999 71 40
215500.1898333332 216792.7757499998 71 55
217199.94633333312 217504.05097916647 71 51
217465.43308333313 218748.76241666646 71 55
18911.010333333335 20024.83828125 72 51
35033.00966666666 36165.890499999994 72 42
83420.75933333342 84511.08300833341 72 51
99758.65100000003 102811.33036250003 72 52
126928.93983333337 128223.18383333337 72 66
140237.08125000028 141086.59375000026 72 88
141047.37191666695 141243.48108333358 72 81
141165.03741666692 141708.9487500002 72 87
141635.69941666687 142001.94608333358 72 85
141928.69675000024 142075.1954166669 72 69
142302.64041666692 142611.52525000027 72 86
142530.08541666693 143033.1142916669 72 81
143018.7244166669 143795.1209166669 72 85
144352.05716666693 144509.08838541692 72 71
155467.753666667 155700.4225000003 72 73
157838.61341666686 158061.54358333352 72 78
158439.7282500002 159243.7272500002 72 67
159211.15400000018 160006.45603125019 72 68
159607.96566666686 160010.65066666686 72 70
160010.65066666686 160433.18566666686 72 73
160433.18566666686 160952.01266666688 72 76
163513.38691666684 163610.22416666683 72 74
167314.87466666684 167459.70658333352 72 74
167930.23508333354 168287.4217500002 72 69
168987.80475000024 169322.06675000026 72 39
171423.4972500002 171538.52386875023 72 46
172868.15591666687 173183.9449166669 72 55
176105.0700000002 176411.9750000002 72 74
176411.9750000002 176711.6339166669 72 75
176711.6339166669 177021.98775000026 72 76
177021.98775000026 177337.4405000002 72 78
177337.4405000002 177658.66383333353 72 80
205957.84545833338 207128.85967708335 72 51
222418.40658333307 225466.8400208331 72 52
230774.91345833306 231820.64395833306 72 54
234953.29012499974 236039.2626249997 72 50
239385.19099999976 242131.69191666646 72 38
244029.5852499998 245269.5127499998 72 43
17906.560333333335 18997.21725 73 51
19992.787 21351.650333333328 73 53
34049.40266666666 35377.18466666666 73 43
40250.42233333334 41418.52375000001 73 57
44216.81916666668 46229.995666666684 73 62
52205.74583333336 54266.66568750004 73 59
60315.4158333334 62328.96324166675 73 62
68317.7388333334 72566.68794583342 73 62
77449.56150000007 78415.84450000008 73 53
82412.3563333334 83506.96625000008 73 54
84502.53600000008 85861.39933333341 73 54
93815.5598333334 94805.67750000008 73 56
98783.04100000003 100086.52000000003 73 54
118983.30875000007 119735.23700000005 73 55
119662.50966666672 119889.98535416673 73 53
119880.69166666672 120472.77400000008 73 55
120326.78866666675 121689.07166666671 73 57
121650.46166666671 122376.88700000005 73 66
122306.46450000005 122526.78997916672 73 65
122517.73200000005 123093.36000000007 73 67
122952.51500000007 124343.31591666672 73 69
125637.45950000006 126499.54225000004 73 66
126499.54225000004 126938.0786041667 73 79
128209.88408333338 129065.4693333334 73 78
129065.4693333334 129534.55841666672 73 79
129524.67700000005 130386.75350000008 73 69
130271.81100000007 130515.90466666676 73 53
130386.75350000008 130534.35483333342 73 59
130534.35483333342 130681.95616666677 73 62
130681.95616666677 130829.55750000011 73 68
130829.55750000011 132141.59481041678 73 71
132133.36991666676 132771.24091666675 73 79
132701.6902500001 132840.79158333343 73 59
132840.79158333343 132987.92641666674 73 61
132987.92641666674 133137.1800833334 73 63
133137.1800833334 133286.43375000005 73 63
133286.43375000005 133435.68741666668 73 64
133435.68741666668 134504.06866666675 73 79
134433.13666666675 134748.96666666673 73 72
137886.17958333358 138481.99858333362 73 75
143966.4859166669 144495.58416666693 73 75
153659.12025000041 154310.98375000042 73 71
154277.42666666707 154609.44375000038 73 69
154477.43041666705 154880.7631520837 73 70
154873.3618333337 155534.19883333365 73 74
156082.47716666697 156722.4233333336 73 77
156689.9558333336 156915.04558333362 73 75
156883.09666666694 157272.53002916693 73 76
157265.36441666694 157902.3077500002 73 80
160946.0066666669 161306.36666666687 73 78
161306.36666666687 161618.05466666684 73 85
163658.47966666683 163769.66208125016 73 76
164775.23358333352 165124.0705833335 73 76
165124.0705833335 165430.19258333347 73 85
167459.70658333352 167579.8922062502 73 76
171583.0717500002 172204.3847500002 73 47
177658.66383333353 177985.94716666688 73 81
204953.3954583334 206044.05237500003 73 51
207088.53708333333 208479.11354166665 73 54
216475.31541666648 217465.43308333313 73 56
221442.7965833331 222746.27558333307 73 54
228669.6494583331 229757.36919166642 73 45
232884.32412499972 233953.2898916664 73 51
237158.8459999997 239572.1068333331 73 40
241752.1132499998 244423.20858333312 73 45
257945.02199999976 269194.663958333 73 66
17659.809333333335 17931.235433333335 74 51
33802.65166666666 34073.99284166666 74 45
51111.46766666669 52237.56401250003 74 56
67218.62316666674 68348.44060000006 74 56
82151.4868333334 82439.66724791675 74 55
98512.77075000003 98819.62637500002 74 55
139725.92700000026 140313.51041666692 74 94
163812.72116666686 164423.2143333335 74 80
168257.60308333355 168637.11563333357 74 63
171884.77675000022 172231.0187500002 74 50
173486.9749166669 174064.5007500002 74 59
204706.6444583334 204976.01430000007 74 51
221172.5263333331 221467.18683333314 74 55
43948.96191666668 44246.16188333335 75 54
46191.995666666684 48167.261383333345 75 57
60042.688583333394 60344.758550000064 75 54
62292.67291666674 64247.297883333405 75 57
124292.03383333338 125643.70726250006 75 66
137454.52458333355 138033.23825000026 75 87
138327.3555833336 138801.9162895836 75 89
139485.62208333358 139744.36961250028 75 91
140237.08125000028 141086.59375000026 75 88
141047.37191666695 141243.48108333358 75 84
141165.03741666692 141708.9487500002 75 87
141635.69941666687 142378.45541666693 75 85
142302.64041666692 142611.52525000027 75 86
143018.7244166669 144137.8509166669 75 85
150712.36233333376 151172.13311458373 75 61
158439.7282500002 159243.7272500002 75 80
159211.15400000018 160006.45603125019 75 82
159607.96566666686 160010.65066666686 75 83
160010.65066666686 160433.18566666686 75 86
164109.0783333335 164451.7043333335 75 83
172204.3847500002 172864.6931250002 75 54
173772.52975000022 174356.4717500002 75 63
174655.72375000018 174949.6105000002 75 72
178343.0901666669 179501.5092500002 75 89
230774.91345833306 231863.43674791642 75 54
239385.19099999976 242131.69191666646 75 45
7955.693749999999 10037.202366666666 76 52
16919.556333333334 17906.560333333335 76 55
24020.278083333316 24273.20201666665 76 49
24242.500249999986 26264.136316666652 76 53
26232.640249999986 27246.505333333316 76 52
27169.582249999985 28158.727799999986 76 56
33062.39866666666 34049.40266666666 76 48
43194.43491666668 44216.81916666668 76 56
48137.91866666668 49132.44566666668 76 62
59288.16158333339 60315.4158333334 76 56
64217.95516666674 65223.99116666673 76 62
72528.22641666676 74596.28312083342 76 54
74560.56883333343 75670.43016666675 76 51
75512.9498333334 76508.54613333341 76 54
81411.2338333334 82412.3563333334 76 56
88875.86683333342 91938.00708333342 76 54
91858.00708333342 92869.3598833334 76 58
97772.51775000001 98783.04100000003 76 56
126387.19100000005 126642.34825000004 76 79
128954.67008333339 129207.3333333334 76 79
134748.96666666673 135613.7833333335 76 88
135575.27441666683 135767.81900000016 76 81
135690.80116666682 136158.89493958355 76 87
136152.75458333356 136719.26225000023 76 80
136573.80758333358 137160.54758333357 76 76
137010.17158333358 137454.52458333355 76 86
137886.17958333358 138481.99858333362 76 88
138791.28458333362 139525.2260833336 76 90
160433.18566666686 160952.01266666688 76 91
164423.2143333335 164781.77427708352 76 87
168631.1717500002 168987.80475000024 76 42
172535.72791666686 172868.15591666687 76 57
177985.94716666688 178813.67816666688 76 84
195132.57787500022 197163.65528125022 76 52
203966.3914583334 204953.3954583334 76 55
211543.16829166654 214597.76266666656 76 54
214517.76266666656 215529.11546666652 76 58
220432.2733333331 221442.7965833331 76 56
10005.456333333334 11037.837333333333 77 51
10957.837333333333 11994.338766666668 77 54
11963.637 13955.305583333336 77 56
28129.802166666654 30123.69204166666 77 63
76479.62050000008 78436.40708333341 77 56
92840.43425000008 94840.23035416674 77 62
132133.36991666676 133449.8738166667 77 79
155667.19991666698 156090.65899166698 77 73
160946.0066666669 161306.36666666687 77 92
164775.23358333352 165124.0705833335 77 89
174064.5007500002 174652.60654166687 77 68
175239.12100000022 175807.30300000022 77 78
197133.89337500022 198246.2743750002 77 51
198086.2743750002 199094.0454958335 77 54
199065.35695833352 201022.9654583335 77 56
215500.1898333332 217504.05097916647 77 62
228669.6494583331 229757.36919166642 77 54
237158.8459999997 239572.1068333331 77 47
13929.305583333336 17248.557666666668 78 55
23416.339249999986 24242.500249999986 78 51
30087.10666666666 33391.39999999999 78 63
42220.53125 42876.97458333334 78 59
42876.97458333334 43529.78025000002 78 52
48892.44566666668 49452.44566666668 78 63
50092.44566666668 51196.213416666695 78 58
58328.16158333339 58968.16158333339 78 58
58968.16158333339 59623.50691666673 78 52
64972.482166666734 65549.19450000007 78 63
66199.60116666673 67304.09325000008 78 58
78415.84450000008 81740.23516666674 78 55
87624.82541666675 88910.18057083341 78 54
94805.67750000008 98101.51908333336 78 60
124292.03383333338 125643.70726250006 78 66
130829.55750000011 131691.64025000008 78 75
131691.64025000008 132141.59481041678 78 84
133435.68741666668 134291.27266666674 78 93
134291.27266666674 134758.29424791675 78 90
137454.52458333355 138033.23825000026 78 87
138327.3555833336 138801.9162895836 78 89
174356.4717500002 174655.72375000018 78 72
175518.84100000022 176105.0700000002 78 82
178813.67816666688 179501.5092500002 78 85
201004.9654583335 204295.39279166676 78 55
210291.65499999997 211577.82176249987 78 54
217465.43308333313 220761.27466666646 78 60
134748.96666666673 135613.7833333335 79 88
135575.27441666683 135767.81900000016 79 81
135690.80116666682 136158.89493958355 79 87
21018.427999999996 23236.144416666655 80 56
23055.96424999999 23509.797166666653 80 54
41254.589250000005 42265.02276875 80 60
42559.51425000001 43194.43491666668 80 52
49132.44566666668 50130.658991666685 80 65
55279.60200000005 56368.603383333386 80 59
57345.29666666673 58364.16158333339 80 59
58648.16158333339 59288.16158333339 80 52
65223.99116666673 66235.69152916674 80 65
85528.17700000007 87824.82541666676 80 60
124292.03383333338 125194.26250000006 80 78
125083.46325000004 125341.99483333339 80 74
125194.26250000006 127778.60208333338 80 78
127671.13683333337 127922.36275000003 80 74
127778.60208333338 129534.55841666672 80 78
129524.67700000005 130838.4828750001 80 69
136152.75458333356 136719.26225000023 80 95
136573.80758333358 137160.54758333357 80 91
137010.17158333358 137454.52458333355 80 86
137401.52108333356 137468.01380208356 80 79
138791.28458333362 140313.51041666692 80 90
140237.08125000028 141086.59375000026 80 103
141047.37191666695 141243.48108333358 80 99
141165.03741666692 141708.9487500002 80 102
141635.69941666687 142378.45541666693 80 100
175807.30300000022 176408.77807291687 80 86
178813.67816666688 179501.5092500002 80 85
208145.8912083333 210341.65499999997 80 60
131579.2890000001 131834.4462500001 81 84
134180.47341666673 134433.13666666675 81 90
176105.0700000002 176411.9750000002 81 87
176411.9750000002 176711.6339166669 81 89
176711.6339166669 177021.98775000026 81 91
177021.98775000026 177337.4405000002 81 93
177337.4405000002 177658.66383333353 81 95
177658.66383333353 177985.94716666688 81 96
177985.94716666688 179448.59916666686 81 99
129524.67700000005 130838.4828750001 83 69
136573.80758333358 137160.54758333357 83 91
40250.42233333334 41418.52375000001 85 57
56339.26066666672 57429.13300000006 85 60
129524.67700000005 130386.75350000008 85 80
130271.81100000007 130515.90466666676 85 78
130386.75350000008 130534.35483333342 85 71
130534.35483333342 130681.95616666677 85 73
130681.95616666677 130829.55750000011 85 80
130829.55750000011 132141.59481041678 85 82
132133.36991666676 132771.24091666675 85 93
132701.6902500001 132840.79158333343 85 71
132840.79158333343 132987.92641666674 85 71
132987.92641666674 133137.1800833334 85 73
133137.1800833334 133286.43375000005 85 75
133286.43375000005 133435.68741666668 85 78
133435.68741666668 134758.29424791675 85 93
134748.96666666673 135613.7833333335 85 88
135575.27441666683 135767.81900000016 85 84
135690.80116666682 136158.89493958355 85 87
134748.96666666673 135613.7833333335 88 103
135575.27441666683 135767.81900000016 88 99
135690.80116666682 136158.89493958355 88 102
136152.75458333356 136719.26225000023 88 95
