118022.40632499948 119679.71132499949 26 113
119679.71132499949 121337.0163249995 26 115
121337.0163249995 125447.40988333282 26 113
117953.35194999949 118191.58954374949 28 79
117884.2975749995 118022.40632499948 29 80
44730.05890000001 44990.67940000001 31 62
45120.98965 45511.92040000001 31 42
45511.92040000001 45772.54090000001 31 60
45902.85115000001 46293.781900000016 31 44
46293.781900000016 46488.26865000001 31 59
46719.13640000001 46897.13923333335 31 44
47114.32081666667 47374.941316666685 31 60
47505.25156666669 47768.17606666669 31 44
47900.790316666695 48166.01881666669 31 60
48296.897566666696 48689.5338166667 31 45
48689.5338166667 48951.2913166667 31 60
49082.1700666667 49474.8063166667 31 44
49474.8063166667 49637.20825000003 31 61
49878.39973333337 50064.0186166667 31 44
50274.10631666668 50431.160816666685 31 61
50667.49156666668 50852.334616666674 31 45
28753.870566666683 29017.697150000018 33 67
29148.00740000002 29538.93815000002 33 47
29538.93815000002 29799.558650000024 33 65
29929.868900000023 30320.799650000026 33 47
30320.799650000026 30581.420150000027 33 64
30711.73040000003 31102.661150000033 33 45
31102.661150000033 31363.281650000034 33 64
31493.591900000032 31884.522650000035 33 45
31884.522650000035 32145.14315000004 33 55
32275.45340000004 32675.742150000042 33 40
32675.742150000042 32939.80365000004 33 54
33071.834400000036 33467.92665000003 33 41
33467.92665000003 33731.98815000003 33 55
33864.018900000025 34260.11115000002 33 41
34260.11115000002 34520.73165000002 33 54
34651.041900000026 34911.66240000002 33 43
35041.972650000025 35302.59315000003 33 57
35432.90340000003 35823.83415000003 33 43
35823.83415000003 36084.454650000036 33 56
36216.485400000034 36480.54690000003 33 44
36612.57765000003 36873.19815000003 33 54
37003.508400000035 37394.43915000004 33 43
37394.43915000004 37655.05965000004 33 53
37785.36990000004 38050.076650000046 33 43
38184.47315000004 38445.093650000046 33 57
38575.40390000005 38749.150900000044 33 45
39220.40423333338 39481.024733333375 33 54
39612.46523333337 40006.78673333337 33 41
40006.78673333337 40267.407233333375 33 55
40397.71748333337 40788.64823333338 33 39
40788.64823333338 41045.89423333337 33 54
41174.51723333337 41431.76323333336 33 42
41560.38623333336 41821.006733333365 33 55
41951.31698333337 42340.002733333364 33 43
42340.002733333364 42598.378233333366 33 54
42727.56598333336 42987.06398333336 33 42
43117.374233333365 43381.43573333336 33 55
43513.46648333336 43696.46565000003 33 44
43937.949733333364 44139.64002500002 33 54
44338.56190000002 44534.59352500002 33 42
89507.28715833316 89687.09534583316 33 65
89906.86090833317 90173.24340833316 33 48
90306.43465833316 90567.05515833315 33 66
90697.36540833313 91088.29615833313 33 49
91088.29615833313 91348.91665833312 33 67
91479.22690833312 91739.84740833311 33 50
91870.1576583331 92107.00186666644 33 66
92257.7209083331 92429.97124166644 33 50
92645.28415833312 92909.34565833311 33 67
93041.3764083331 93303.7174083331 33 49
93434.0276583331 93694.64815833308 33 67
93824.95840833307 94215.88915833307 33 54
94215.88915833307 94476.50965833306 33 70
94606.81990833305 94867.44040833304 33 53
94997.75065833304 95236.65278333303 33 71
95388.68140833302 95562.42840833303 33 52
95796.93965833302 96057.56015833303 33 72
96187.87040833302 96585.77515833302 33 54
96585.77515833302 96846.39565833301 33 72
96976.70590833301 97374.610658333 33 51
97374.610658333 97635.231158333 33 72
97765.541408333 98156.472158333 33 57
98156.472158333 98417.09265833297 33 71
98547.40290833297 98810.90440833296 33 58
98944.09565833295 99204.71615833294 33 71
99335.02640833294 99725.95715833294 33 56
99725.95715833294 99986.57765833291 33 70
100116.88790833291 100519.6531583329 33 54
100519.6531583329 100780.2736583329 33 72
100910.58390833289 101301.51465833289 33 54
101301.51465833289 101448.94899583289 33 71
101697.60690833289 102093.69915833288 33 54
117815.5595749995 117953.35194999949 33 80
83102.89510833324 83242.00297083323 34 64
83497.21660833321 83898.6356083332 34 43
83898.6356083332 84160.3931083332 34 64
84291.27185833319 84553.02935833318 34 45
84683.90810833317 84945.66560833316 34 72
85076.54435833315 85469.18060833315 34 50
85469.18060833315 85730.93810833314 34 71
85865.22930833315 86036.79205833314 34 51
86342.48057499979 86520.06890833314 34 72
86741.47732499983 86962.11207499982 34 54
87138.15307499982 87313.40707499982 34 70
87531.91282499982 87749.66507499982 34 53
87923.41207499981 88097.15907499981 34 68
88314.91132499982 88533.60432499982 34 54
88709.25182499981 88885.48732499982 34 67
89106.70340833315 89284.2917416665 34 52
117747.02649166617 117884.2975749995 34 81
54236.565233333335 54499.446233333336 35 64
54626.98648333334 55013.99723333334 35 45
55013.99723333334 55186.97756666667 35 64
55403.20298333333 55550.23626666666 35 46
55792.408733333315 56051.879233333326 35 64
56181.614483333324 56337.865199999986 35 48
56572.42364999999 56730.639149999995 35 64
56982.311125 57167.16741666666 35 47
15998.964416666684 16259.584916666687 36 62
16389.895166666687 16650.515666666688 36 44
16780.82591666669 17041.44641666669 36 60
17171.756666666693 17432.377166666694 36 45
17562.687416666693 17757.174166666693 36 59
17988.041916666687 18166.04475000002 36 45
18383.226333333354 18643.846833333355 36 60
18774.157083333357 19037.081583333358 36 43
19169.695833333357 19434.924333333358 36 63
19565.803083333358 19958.43933333336 36 45
19958.43933333336 20220.19683333336 36 63
20351.07558333336 20743.711833333364 36 42
20743.711833333364 20906.1137666667 36 61
21147.30525000003 21332.92413333336 36 44
21543.011833333363 21700.066333333365 36 61
21936.397083333366 22121.240133333362 36 45
51064.36181666667 51324.98231666667 36 64
51455.29256666667 51854.39581666667 36 47
51854.39581666667 52115.016316666675 36 64
52245.32656666668 52643.23131666668 36 45
52643.23131666668 52835.61698333334 36 64
53061.719566666674 53237.56381666667 36 47
53454.743233333335 53714.21373333334 36 64
53843.94898333334 54105.12473333334 36 45
60646.77942500001 60912.007925000005 36 64
61044.62217500001 61442.46492500001 36 45
61442.46492500001 61707.10992500001 36 63
61838.55042500001 62056.30267500001 36 45
62229.28300833335 62489.90350833335 36 61
62620.213758333346 63019.31700833335 36 45
63019.31700833335 63279.93750833336 36 60
63413.128758333354 63687.03300833336 36 44
63827.74600833336 64096.539008333355 36 63
64230.93550833334 64634.12500833334 36 44
64634.12500833334 64902.91800833333 36 62
65037.31450833332 65440.50400833332 36 45
65440.50400833332 65709.2970083333 36 63
65843.69350833331 66112.48650833328 36 45
66246.88300833329 66476.67624166662 36 64
66650.5836583333 66813.85729166663 36 45
67121.64410833328 67382.26460833327 37 64
67512.57485833325 67910.47960833325 37 45
67910.47960833325 68171.10010833324 37 64
68301.41035833323 68692.34110833322 37 46
68692.34110833322 68952.96160833321 37 63
69083.2718583332 69474.2026083332 37 46
69474.2026083332 69734.82310833319 37 64
69865.13335833319 70130.43285833318 37 45
70265.42210833318 70526.04260833317 37 62
70656.35285833316 71051.89160833317 37 45
71051.89160833317 71317.12010833317 37 56
71449.73435833317 71847.57710833318 37 43
71847.57710833318 72112.80560833319 37 50
72245.41985833319 72650.48910833319 37 29
72650.48910833319 72930.5751083332 37 48
73070.6181083332 73350.70410833322 37 27
73490.74710833322 73770.83310833323 37 43
73910.87610833324 74331.00510833325 37 27
74331.00510833325 74596.23360833325 37 44
74728.84785833325 75126.69060833326 37 27
75126.69060833326 75387.31110833325 37 46
75517.62135833324 75911.99310833323 37 27
75911.99310833323 76176.05460833323 37 45
76308.08535833324 76573.30735833323 37 28
76706.49860833322 76972.88110833323 37 45
77106.07235833321 77505.64610833323 37 27
77505.64610833323 77772.02860833322 37 46
77905.2198583332 78304.79360833322 37 27
78304.79360833322 78571.17610833321 37 45
78703.2068583332 79099.2991083332 37 25
79099.2991083332 79297.34523333321 37 45
79495.3913583332 79773.6208583332 37 26
390.93075 655.6374999999999 38 46
790.034 1050.6545 38 75
1180.96475 1445.07225 38 48
1578.8695 1839.4899999999998 38 63
1969.8002499999998 2232.72475 38 46
2365.339 2625.9595 38 61
2756.26975 3020.9764999999998 38 46
3155.3729999999996 3415.9934999999996 38 55
3546.3037499999996 3811.603249999999 38 41
3946.592499999999 4210.653999999999 38 54
4342.684749999999 4606.746249999999 38 38
4738.777 5002.8385 38 55
5134.869250000001 5398.93075 38 40
5530.961500000001 5791.582000000001 38 54
5921.892250000001 6182.512750000001 38 42
6312.823 6573.4435 38 57
6703.753750000001 6964.374250000001 38 44
7094.6845 7355.305 38 56
7487.33575 7751.397250000001 38 43
7883.428000000001 8144.048500000002 38 54
8274.358750000003 8534.979250000004 38 43
8665.289500000006 8925.910000000007 38 53
9056.220250000008 9320.927000000009 38 42
9455.323500000008 9715.944000000009 38 57
9846.25425000001 10020.00125000001 38 42
10491.254583333344 10751.875083333345 38 54
10883.315583333346 11146.196583333345 38 41
11277.637083333346 11538.257583333347 38 55
11668.567833333349 11929.18833333335 38 39
12059.49858333335 12316.74458333335 38 54
12445.36758333335 12702.613583333346 38 40
12831.236583333346 12976.749695833349 38 55
13222.16733333335 13481.66533333335 38 41
13610.85308333335 13869.22858333335 38 54
13998.416333333349 14257.91433333335 38 43
14388.22458333335 14652.28608333335 38 55
14784.31683333335 14967.316000000017 38 44
15206.855250000017 15408.545541666683 38 54
15607.467416666683 15803.499041666682 38 42
44072.74140000002 44250.541400000024 38 47
46440.472066666676 46628.10681666668 38 48
47244.63106666668 47505.25156666669 38 50
48033.404566666686 48296.897566666696 38 50
48820.412566666695 49082.1700666667 38 50
59860.309925 60120.930425 38 61
60251.240675 60514.165175 38 45
79919.8196083332 80106.5846770832 38 61
80317.66235833321 80715.50510833322 38 40
80715.50510833322 80980.73360833322 38 56
81113.34785833323 81511.19060833324 38 39
81511.19060833324 81776.41910833324 38 64
81907.85960833324 82302.18110833323 38 39
82302.18110833323 82565.06210833322 38 59
82696.50260833322 82965.41910833323 38 42
102093.69915833288 102354.31965833288 38 71
102484.62990833288 102875.56065833288 38 57
102875.56065833288 103136.18115833287 38 68
103266.49140833285 103664.39615833285 38 58
103664.39615833285 103925.01665833284 38 68
104055.32690833283 104315.94740833282 38 56
104446.2576583328 104618.87299166615 38 68
104836.81249166615 105012.85124166615 38 56
105235.04832499952 105496.8058249995 38 64
105627.6845749995 106020.3208249995 38 45
106020.3208249995 106282.07832499947 38 64
106412.95707499947 106813.81432499946 38 46
106813.81432499946 107076.69532499945 38 61
107208.13582499945 107605.95882499944 38 46
107605.95882499944 107867.71632499943 38 61
107998.59507499942 108400.69682499942 38 44
108400.69682499942 108663.57782499943 38 61
108795.01832499943 109189.33982499942 38 41
109189.33982499942 109452.22082499941 38 61
109583.66132499941 109986.32482499942 38 41
109986.32482499942 110248.0823249994 38 68
110378.9610749994 110640.71857499938 38 45
110771.59732499938 110943.47115833273 38 64
111160.46107499939 111335.72457499939 38 45
111557.14049166607 111824.73499166608 38 64
111958.53224166608 112359.92399166607 38 42
112359.92399166607 112627.51849166608 38 66
112761.31574166608 113162.70749166608 38 43
113162.70749166608 113312.75980416608 38 68
113575.37640833276 113800.37815833275 38 44
113978.17815833277 114122.51917916609 38 61
114379.56315833276 114607.42768333276 38 45
114785.98282499942 115599.65182499943 38 50
117678.59586666616 117792.64690833283 38 81
59070.275925 59330.896425000006 39 61
59461.20667500001 59770.71225833334 39 45
25505.470750000022 25768.351750000023 40 64
25895.89200000002 26282.90275000002 40 45
26282.90275000002 26445.071812500017 40 64
26675.584666666684 26825.565683333352 40 46
27091.29033333336 27350.76083333336 40 64
27480.49608333336 27636.746800000026 40 49
27871.305250000023 28021.074133333357 40 64
28279.162066666686 28437.17468333335 40 47
28887.386900000016 29148.00740000002 40 53
29669.248400000022 29929.868900000023 40 53
30451.10990000003 30711.73040000003 40 50
31232.97140000003 31493.591900000032 40 48
32014.832900000038 32275.45340000004 40 46
32807.77290000004 33071.834400000036 40 45
33599.95740000003 33864.018900000025 40 46
34390.42140000002 34651.041900000026 40 48
35172.28290000003 35432.90340000003 40 48
35954.144400000034 36216.485400000034 40 48
36742.88790000004 37003.508400000035 40 48
37524.74940000004 37785.36990000004 40 47
38314.783400000044 38575.40390000005 40 48
39350.71448333337 39495.26412083337 40 46
40137.09698333337 40397.71748333337 40 45
40917.27123333338 41174.51723333337 40 47
41690.69648333336 41951.31698333337 40 46
42469.19048333336 42727.56598333336 40 48
43249.40498333336 43513.46648333336 40 47
44860.369150000006 45120.98965 40 48
45642.23065000001 45902.85115000001 40 50
57495.174341666665 57759.00092499999 40 64
57889.311174999995 58288.414425 40 48
58288.414425 58549.034925 40 62
58679.345175 59070.275925 40 45
22333.267333333355 22593.88783333336 41 64
22724.19808333336 23123.30133333336 41 45
23123.30133333336 23383.92183333336 41 64
23514.23208333336 23912.136833333363 41 45
23912.136833333363 24104.52250000003 41 64
24330.625083333354 24506.469333333353 41 46
24723.648750000022 24983.11925000002 41 64
25112.854500000023 25374.03025000002 41 45
49610.210400000025 49798.323383333365 41 51
50404.98506666668 50588.62726666668 41 52
89640.47840833316 89906.86090833317 41 54
90436.74490833316 90697.36540833313 41 55
91218.60640833313 91479.22690833312 41 55
91999.3454083331 92214.65832499976 41 56
92777.31490833311 93041.3764083331 41 57
93564.33790833308 93824.95840833307 41 59
94346.19940833306 94606.81990833305 41 59
95128.06090833302 95345.24465833303 41 59
117610.37649166615 117747.02649166617 41 81
52788.496066666674 52973.11023333334 42 53
53584.47848333333 53843.94898333334 42 52
15341.646916666683 15933.809291666685 43 46
17709.37758333336 17897.012333333358 43 48
18513.536583333356 18774.157083333357 43 49
51194.672066666666 51455.29256666667 43 54
51984.70606666667 52245.32656666668 43 51
54368.00573333334 54626.98648333334 43 51
55143.73248333334 55308.063799999996 43 54
60779.393675 61044.62217500001 43 52
61575.07917500001 61838.55042500001 43 53
62359.59325833335 62620.213758333346 43 52
63149.627258333356 63413.128758333354 43 52
83234.33560833322 83497.21660833321 43 51
84029.5143583332 84291.27185833319 43 52
95927.24990833303 96187.87040833302 43 61
96716.08540833302 96976.70590833301 43 58
97504.920908333 97765.541408333 43 63
98286.78240833298 98547.40290833297 43 63
99074.40590833295 99335.02640833294 43 61
99856.26740833292 100116.88790833291 43 60
100649.96340833291 100910.58390833289 43 59
101433.5454083329 101697.60690833289 43 61
63962.14250833335 64230.93550833334 44 49
64768.52150833334 65037.31450833332 44 53
65574.90050833332 65749.6159583333 44 51
66378.55825833329 66549.0832583333 44 52
67251.95435833327 67512.57485833325 44 51
68040.78985833324 68301.41035833323 44 53
68822.65135833321 69083.2718583332 44 53
69604.5128583332 69865.13335833319 44 53
70395.73235833317 70656.35285833316 44 52
71184.50585833317 71449.73435833317 44 49
71980.19135833319 72245.41985833319 44 34
72790.5321083332 73070.6181083332 44 34
84814.78685833316 85076.54435833315 44 59
85600.05935833314 85739.70080833315 44 58
86475.67182499981 86697.27257499982 44 61
87269.59357499982 87488.28657499982 44 60
88053.7223249998 88271.2850749998 44 60
88841.28257499982 89062.30632499981 44 58
103794.70640833284 104055.32690833283 44 62
104575.62790833283 104749.37274166616 44 61
106945.25482499946 107208.13582499945 44 51
107736.83757499944 107998.59507499942 44 49
110117.20357499941 110378.9610749994 44 52
110900.40857499938 111073.3980749994 44 52
113301.25074166608 113477.71501249942 44 51
114111.36940833276 114283.24566666609 44 51
130.31025 790.034 45 56
920.34425 1578.8695 45 53
1709.1797499999998 2365.339 45 51
2495.64925 3155.3729999999996 45 52
3285.6832499999996 3946.592499999999 45 48
4078.6232499999987 4738.777 45 45
4870.80775 5530.961500000001 45 45
5661.271750000001 6312.823 45 47
6443.133250000001 7094.6845 45 49
7224.994750000001 7883.428000000001 45 48
8013.738250000001 8665.289500000006 45 48
8795.599750000007 9455.323500000008 45 48
9585.633750000008 10293.328183333344 45 47
10621.564833333345 11277.637083333346 45 45
11407.947333333346 12059.49858333335 45 45
12188.12158333335 12831.236583333346 45 46
12961.546833333348 13610.85308333335 45 47
13740.040833333349 14388.22458333335 45 47
14520.25533333335 15113.047166666684 45 47
16129.274666666684 16780.82591666669 45 48
16911.13616666669 17562.687416666693 45 49
55922.14398333332 56181.614483333324 45 54
56704.116299999994 56850.802266666666 45 55
73630.79010833323 73910.87610833324 45 32
74463.61935833325 74728.84785833325 45 32
75257.00085833325 75517.62135833324 45 33
76044.02385833324 76308.08535833324 45 33
76839.68985833324 77106.07235833321 45 33
77638.83735833321 77905.2198583332 45 34
78437.9848583332 78703.2068583332 45 33
79231.32985833319 79495.3913583332 45 35
80052.4338583332 80317.66235833321 45 45
80848.11935833322 81113.34785833323 45 45
81643.80485833324 81907.85960833324 45 45
82433.62160833323 82696.50260833322 45 49
101565.57615833289 101829.63765833288 45 61
102224.00940833289 102484.62990833288 45 63
103005.87090833287 103266.49140833285 45 62
105365.9270749995 105627.6845749995 45 52
106151.19957499948 106412.95707499947 45 53
108532.13732499944 108795.01832499943 45 49
109320.78032499942 109583.66132499941 45 48
111690.93774166607 111958.53224166608 45 52
112493.72124166608 112761.31574166608 45 51
114819.88569999943 115091.10869999943 45 52
117542.3654083328 117655.78565833281 45 81
19302.310083333356 19565.803083333358 46 50
20089.31808333336 20351.07558333336 46 48
20879.1159166667 21067.22890000003 46 51
21673.890583333363 21857.532783333365 46 49
117474.5596583328 117564.96732499947 46 81
24853.384000000024 25112.854500000023 47 53
49744.80448333337 49905.037983333365 47 50
50536.05106666668 50693.897716666674 47 51
55792.408733333315 56690.85487499999 47 90
57628.69067499999 57889.311174999995 47 54
58418.724675 58679.345175 47 52
59200.586175000004 59461.20667500001 47 51
59990.620175 60251.240675 47 52
22463.577583333357 22724.19808333336 48 52
23253.61158333336 23514.23208333336 48 52
25636.911250000023 25895.89200000002 48 52
26412.638000000017 26568.779400000018 48 54
29017.697150000018 29278.31765000002 48 54
29799.558650000024 30060.179150000025 48 53
30581.420150000027 30842.040650000028 48 50
31363.281650000034 31623.902150000034 48 48
32145.14315000004 32405.76365000004 48 46
32939.80365000004 33203.865150000034 48 46
33731.98815000003 33996.04965000002 48 47
34520.73165000002 34781.35215000003 48 48
35302.59315000003 35563.21365000003 48 48
36084.454650000036 36348.51615000003 48 48
36873.19815000003 37133.81865000004 48 48
37655.05965000004 37915.680150000044 48 47
38445.093650000046 38705.71415000005 48 48
39481.024733333375 39743.90573333337 48 45
40267.407233333375 40528.02773333337 48 45
41045.89423333337 41303.14023333337 48 47
41821.006733333365 42081.62723333336 48 46
42598.378233333366 42856.75373333336 48 47
43381.43573333336 43579.48185833336 48 47
44206.33665000003 44382.37540000002 48 47
44990.67940000001 45251.299900000005 48 48
45772.54090000001 46033.16140000001 48 49
46582.070566666676 46764.13281666667 48 48
47374.941316666685 47635.56181666669 48 50
48166.01881666669 48427.77631666669 48 49
48951.2913166667 49213.0488166667 48 48
55731.865616666655 55803.22000416665 48 68
56651.07059999999 56704.116299999994 48 60
101301.51465833289 102104.55834583289 49 84
27221.02558333336 27480.49608333336 50 54
28003.234500000024 28166.138550000025 50 53
44469.43840000002 44745.261762500006 50 53
46853.12898333335 47125.18000416668 50 53
47635.56181666669 47907.42102916669 50 56
48427.77631666669 48820.412566666695 50 55
49213.0488166667 49482.71698750003 50 55
50011.20631666669 50326.45781666668 50 50
50799.52231666668 51074.135085416674 50 57
83365.77610833322 83628.65710833321 50 51
84160.3931083332 84422.15060833318 50 52
84945.66560833316 85207.42310833314 50 58
85730.93810833314 85874.31114166648 50 58
86608.86307499981 86785.68207499983 50 61
87401.03407499981 87575.53907499982 50 60
88184.0325749998 88358.53757499982 50 60
88973.89682499981 89151.10049166648 50 58
89773.66965833318 90040.05215833317 50 54
90567.05515833315 90827.67565833313 50 55
91348.91665833312 91609.53715833311 50 55
92128.5331583331 92322.3147833331 50 56
92909.34565833311 93173.40715833311 50 57
93694.64815833308 93955.26865833307 50 59
94476.50965833306 94737.13015833305 50 59
95258.37115833303 95453.83653333303 50 59
96057.56015833303 96318.18065833302 50 61
96846.39565833301 97107.01615833299 50 58
97635.231158333 97895.85165833299 50 63
98417.09265833297 98677.71315833296 50 63
99204.71615833294 99465.33665833293 50 61
99986.57765833291 100247.1981583329 50 60
100780.2736583329 101040.89415833289 50 60
102093.69915833288 102875.56065833288 50 86
105235.04832499952 106412.95707499947 50 90
111557.14049166607 112761.31574166608 50 90
117406.85761666614 117542.3654083328 50 81
24057.401583333358 24242.015750000024 51 54
27784.431750000025 27853.930550000023 51 67
56051.879233333326 56294.05169999999 51 54
56690.85487499999 56770.42342499999 51 62
56837.05466666667 57007.668666666665 51 55
60912.007925000005 61177.23642500001 51 52
61707.10992500001 61969.42917500001 51 53
62489.90350833335 62750.52400833335 51 52
63279.93750833336 63546.32000833336 51 52
64096.539008333355 64365.33200833334 51 49
64902.91800833333 65171.71100833332 51 51
21013.710000000032 21173.94350000003 52 50
21804.956583333365 21962.803233333365 52 49
27091.29033333336 27636.746800000026 52 85
27610.45870000003 27749.682350000025 52 64
27749.682350000025 27819.181150000022 52 66
27819.181150000022 27871.305250000023 52 67
29278.31765000002 29669.248400000022 52 59
30060.179150000025 30451.10990000003 52 58
30842.040650000028 31232.97140000003 52 59
31623.902150000034 32014.832900000038 52 58
32405.76365000004 32807.77290000004 52 53
33203.865150000034 33599.95740000003 52 53
33996.04965000002 34390.42140000002 52 53
34781.35215000003 35051.74591875003 52 56
35563.21365000003 35954.144400000034 52 54
36348.51615000003 36624.52275625003 52 54
37133.81865000004 37524.74940000004 52 51
37915.680150000044 38192.074581250046 52 51
38705.71415000005 39232.34933958338 52 54
39743.90573333337 40137.09698333337 52 53
40528.02773333337 40917.27123333338 52 53
41303.14023333337 41563.64398958336 52 53
42081.62723333336 42469.19048333336 52 53
42856.75373333336 43249.40498333336 52 53
43645.49723333336 43952.57356875003 52 53
45251.299900000005 45642.23065000001 52 56
46033.16140000001 46306.14590000001 52 55
51324.98231666667 51585.60281666667 52 52
52115.016316666675 52375.63681666668 52 51
52927.90640000001 53105.72981666667 52 53
53714.21373333334 53973.68423333334 52 52
54499.446233333336 54754.52673333334 52 51
55273.46773333333 55429.15003333333 52 54
55671.32249999999 55792.408733333315 52 68
83628.65710833321 84029.5143583332 52 63
84422.15060833318 84690.45204583317 52 63
96318.18065833302 96716.08540833302 52 71
97107.01615833299 97385.469845833 52 70
97895.85165833299 98172.76093958298 52 68
98677.71315833296 98951.69708958294 52 66
99465.33665833293 99735.73042708293 52 65
100247.1981583329 100542.4574520829 52 66
101040.89415833289 101316.9182458329 52 67
101829.63765833288 102104.55834583289 52 65
105190.44924166617 105242.6829187495 52 72
111512.54140833273 111564.9453312494 52 72
260.6205 521.241 53 56
1050.6545 1311.2749999999999 53 53
1839.4899999999998 2100.1105 53 51
2625.9595 2886.58 53 53
3415.9934999999996 3676.6139999999996 53 47
4210.653999999999 4474.715499999999 53 45
5002.8385 5266.900000000001 53 46
5791.582000000001 6052.202500000001 53 47
6573.4435 6834.064 53 49
7355.305 7619.366500000001 53 49
8144.048500000002 8404.669000000004 53 48
8925.910000000007 9186.530500000008 53 48
9715.944000000009 9976.564500000011 53 47
10751.875083333345 11014.756083333346 53 45
11538.257583333347 11798.87808333335 53 45
12316.74458333335 12573.990583333349 53 46
13091.857083333349 13352.47758333335 53 47
13869.22858333335 14127.604083333348 53 46
14652.28608333335 14850.33220833335 53 47
15475.242166666683 15651.280916666683 53 47
16259.584916666687 16520.20541666669 53 48
17041.44641666669 17302.066916666692 53 49
17850.976083333357 18033.038333333356 53 49
18643.846833333355 18904.46733333336 53 49
19434.924333333358 19696.681833333358 53 50
20220.19683333336 20481.954333333364 53 48
27024.01199166669 27103.182731250025 53 68
27714.932950000028 27784.431750000025 53 65
60120.930425 60381.550924999996 53 52
67382.26460833327 67642.88510833324 53 52
68171.10010833324 68431.72060833323 53 52
68952.96160833321 69213.5821083332 53 53
69734.82310833319 69995.44360833318 53 53
70526.04260833317 70786.66310833316 53 52
71317.12010833317 71582.34860833318 53 46
72112.80560833319 72378.0341083332 53 35
72930.5751083332 73210.66110833321 53 34
73770.83310833323 74050.91910833324 53 32
74596.23360833325 74861.46210833326 53 32
75387.31110833325 75647.93160833324 53 33
76176.05460833323 76440.11610833323 53 33
76972.88110833323 77239.26360833322 53 33
77772.02860833322 78038.41110833321 53 33
78571.17610833321 78835.2376083332 53 33
79363.36060833321 79627.42210833321 53 33
80185.04810833321 80450.27660833321 53 45
80980.73360833322 81245.96210833323 53 45
81776.41910833324 81995.48660833323 53 45
82565.06210833322 82827.94310833322 53 47
85207.42310833314 85600.05935833314 53 64
86007.11845833315 86431.27474166646 53 64
86874.09157499982 87225.78007499981 53 64
87662.79157499984 88010.28557499981 53 64
88445.97732499981 88797.27232499981 53 64
89239.89465833316 89515.0566479165 53 64
90040.05215833317 90436.74490833316 53 62
90827.67565833313 91218.60640833313 53 61
91609.53715833311 91999.3454083331 53 63
92386.9086583331 92647.4846708331 53 63
93173.40715833311 93564.33790833308 53 61
93955.26865833307 94346.19940833306 53 63
94737.13015833305 95128.06090833302 53 67
95518.99165833303 95801.28333333303 53 67
102354.31965833288 102614.94015833287 53 62
103136.18115833287 103396.80165833284 53 62
103925.01665833284 104185.63715833283 53 62
104705.74649166614 104880.62599166615 53 61
105145.85015833283 105235.04832499952 53 72
105496.8058249995 105758.56332499949 53 52
106282.07832499947 106543.83582499946 53 53
107076.69532499945 107339.57632499945 53 51
107867.71632499943 108129.47382499943 53 49
108663.57782499943 108926.45882499943 53 48
109452.22082499941 109715.10182499941 53 48
110248.0823249994 110509.83982499939 53 52
111029.96132499939 111204.08732499939 53 52
111468.1443249994 111557.14049166607 53 72
111824.73499166608 112092.32949166608 53 52
112627.51849166608 112895.11299166609 53 51
113438.93765833275 113640.92196666608 53 51
114245.16665833276 114444.80796249943 53 52
114853.78857499943 115091.10869999943 53 54
117339.36299166613 117429.35582499947 53 82
27853.930550000023 27923.429350000024 54 68
49744.80448333337 49834.00265000004 54 63
53193.75031666667 53584.47848333333 54 60
53973.68423333334 54247.51860833334 54 59
56311.57709999999 56624.54774999999 54 59
56730.639149999995 56810.2077 54 63
57139.72204166667 57507.067774999996 54 61
65709.2970083333 65978.0900083333 54 51
66512.75592499996 66669.2560583333 54 52
15738.343916666683 16014.167279166684 55 53
18122.03450000002 18513.536583333356 55 63
18904.46733333336 19302.310083333356 55 62
19696.681833333358 20089.31808333336 55 63
20481.954333333364 20750.492408333364 55 63
21280.11183333336 21595.363333333364 55 56
22068.427833333364 22433.171858333357 55 57
47900.790316666695 49655.2068166667 55 72
49691.04588333337 49798.323383333365 55 62
49798.323383333365 49878.39973333337 55 63
51585.60281666667 51984.70606666667 55 59
52375.63681666668 52659.14708125001 55 59
54754.52673333334 55065.89133333334 55 60
55532.93823333333 55671.32249999999 55 61
55610.77938333332 55731.865616666655 55 69
57759.00092499999 58019.621425 55 54
58549.034925 58809.655425000004 55 52
59330.896425000006 59591.51692500001 55 51
60381.550924999996 60655.620375000006 55 57
61177.23642500001 61575.07917500001 55 57
61969.42917500001 62359.59325833335 55 61
62750.52400833335 63149.627258333356 55 57
63546.32000833336 63836.70577500002 55 55
100247.1981583329 100542.4574520829 55 78
105101.4530749995 105190.44924166617 55 72
111423.9395749994 111512.54140833273 55 72
27350.76083333336 27592.933300000026 56 54
27888.679950000023 27958.793150000023 56 68
28138.643350000024 28288.768216666685 56 53
64365.33200833334 64768.52150833334 56 58
65171.71100833332 65574.90050833332 56 57
65978.0900083333 66352.03540833328 56 58
66794.07489166663 66960.82239166662 56 58
66949.96344166662 67177.02596458327 56 82
67642.88510833324 68040.78985833324 56 57
68431.72060833323 68822.65135833321 56 58
69213.5821083332 69604.5128583332 56 59
69995.44360833318 70395.73235833317 56 58
70786.66310833316 71184.50585833317 56 59
71582.34860833318 71980.19135833319 56 50
72378.0341083332 72790.5321083332 56 42
73210.66110833321 73496.58223333323 56 42
104185.63715833283 104489.32024166615 56 66
104968.64649166615 105242.6829187495 56 65
107339.57632499945 107622.31866874945 56 56
108129.47382499943 108409.45952499943 56 56
110509.83982499939 110814.47165833272 56 61
111291.7143249994 111564.9453312494 56 60
113710.78049166608 113994.82706458276 56 61
114514.75982499943 114796.15368749942 56 61
521.241 920.34425 57 69
1311.2749999999999 1709.1797499999998 57 65
2100.1105 2495.64925 57 60
2886.58 3285.6832499999996 57 60
3676.6139999999996 4078.6232499999987 57 50
4474.715499999999 4870.80775 57 53
5266.900000000001 5661.271750000001 57 53
6052.202500000001 6320.424431250001 57 56
6834.064 7224.994750000001 57 54
7619.366500000001 7892.115350000001 57 54
8404.669000000004 8795.599750000007 57 51
9186.530500000008 9585.633750000008 57 51
9976.564500000011 10621.564833333345 57 54
11014.756083333346 11407.947333333346 57 53
11798.87808333335 12188.12158333335 57 53
12573.990583333349 12837.752095833346 57 53
13352.47758333335 13740.040833333349 57 53
14127.604083333348 14520.25533333335 57 53
14916.34758333335 15220.354175000017 57 53
16520.20541666669 16788.427347916688 57 56
17302.066916666692 17572.57861666669 57 55
22593.88783333336 22854.50833333336 57 52
23383.92183333336 23644.542333333364 57 52
24196.811916666695 24374.635333333354 57 54
24983.11925000002 25242.58975000002 57 53
25768.351750000023 26023.43225000002 57 52
26542.37325000002 26695.926391666686 57 54
26957.363150000023 27043.94633333336 57 68
27923.429350000024 27976.475050000023 57 68
32675.742150000042 34390.42140000002 57 67
39022.47783333338 39154.428766666715 57 63
39481.024733333375 40006.78673333337 57 72
49637.20825000003 49744.80448333337 57 61
49851.76148333337 49922.7968166667 57 63
56770.42342499999 56827.8896 57 63
74050.91910833324 74463.61935833325 57 42
74861.46210833326 75257.00085833325 57 41
75647.93160833324 76044.02385833324 57 41
76440.11610833323 76715.3780249999 57 41
77239.26360833322 77638.83735833321 57 41
78038.41110833321 78437.9848583332 57 41
78835.2376083332 79231.32985833319 57 40
79627.42210833321 79931.9759145832 57 39
80450.27660833321 80848.11935833322 57 56
81245.96210833323 81643.80485833324 57 55
82039.30010833323 82433.62160833323 57 57
82827.94310833322 83120.42050833322 57 60
89507.28715833316 90173.24340833316 57 85
92645.28415833312 93041.3764083331 57 78
102614.94015833287 103005.87090833287 57 67
103396.80165833284 103676.34126458285 57 66
105758.56332499949 106151.19957499948 57 62
106543.83582499946 106822.57702499947 57 63
108400.69682499942 109189.33982499942 57 69
108926.45882499943 109320.78032499942 57 56
109715.10182499941 110000.5033562494 57 56
112092.32949166608 112493.72124166608 57 60
112895.11299166609 113171.95819166608 57 62
114887.69144999942 115091.10869999943 57 77
117272.16474166613 117406.85761666614 57 82
99204.71615833294 99725.95715833294 58 81
100519.6531583329 101316.9182458329 58 86
107605.95882499944 108409.45952499943 58 72
113978.17815833277 114138.12885833277 58 65
114138.12885833277 114298.92525833276 58 67
114298.92525833276 114460.55670833276 58 67
114460.55670833276 114623.24902499943 58 68
114623.24902499943 114785.98282499942 58 68
117204.96649166613 117339.36299166613 58 82
21013.710000000032 21102.908166666697 59 63
24462.655833333352 24736.622275000023 59 60
25242.58975000002 25513.138112500023 59 59
27610.45870000003 27888.679950000023 59 60
27958.793150000023 28003.234500000024 59 69
28427.083866666686 28758.330604166684 59 64
39088.453300000045 39220.40423333338 59 63
39220.40423333338 39495.26412083337 59 72
49905.037983333365 50011.20631666669 59 64
54236.565233333335 55013.99723333334 59 76
55550.23626666666 55671.32249999999 59 70
58019.621425 58418.724675 59 60
58809.655425000004 59073.53368125 59 56
59591.51692500001 59873.34095 59 57
105057.05599166616 105145.85015833283 59 73
106813.81432499946 107622.31866874945 59 73
111379.7348249994 111468.1443249994 59 73
113162.70749166608 113328.87249166607 59 61
113328.87249166607 113484.55807499941 59 62
113493.63990833276 113656.74330833275 59 63
113656.74330833275 113818.21779166609 59 63
113818.21779166609 113978.17815833277 59 64
19169.695833333357 20924.112333333367 60 72
20959.951400000034 21067.22890000003 60 62
21067.22890000003 21147.30525000003 60 63
22854.50833333336 23253.61158333336 60 59
23644.542333333364 23924.379729166696 60 59
26023.43225000002 26321.82332500002 60 60
26811.818083333354 26903.89691666669 60 61
26891.177204166688 26997.042000000027 60 69
27994.314683333356 28066.070550000026 60 69
32405.76365000004 32807.77290000004 60 70
34260.11115000002 34651.041900000026 60 72
38937.65223333338 39088.453300000045 60 63
39154.428766666715 39232.34933958338 60 63
40528.02773333337 40917.27123333338 60 70
46984.010566666686 47114.32081666667 60 66
47768.17606666669 47907.42102916669 60 78
49958.1606166667 50064.0186166667 60 64
55489.69314999999 55610.77938333332 60 70
56810.2077 56859.967333333334 60 64
61442.46492500001 63149.627258333356 60 78
99465.33665833293 99735.73042708293 60 79
67910.47960833325 69474.2026083332 61 82
101301.51465833289 102104.55834583289 61 84
3946.592499999999 5661.271750000001 62 70
10293.328183333344 10425.279116666678 62 63
10751.875083333345 11146.196583333345 62 72
20906.1137666667 21013.710000000032 62 61
21120.66700000003 21191.702333333364 62 63
28030.07341666669 28084.06911666669 62 70
46293.781900000016 46392.20948333335 62 60
46440.472066666676 46535.38956666668 62 61
46582.070566666676 46673.727233333346 62 63
46719.13640000001 46808.73190000001 62 63
46853.12898333335 46940.76548333335 62 64
47049.16569166668 47125.18000416668 62 67
50011.20631666669 50099.22681666669 62 65
80715.50510833322 82039.30010833323 62 66
89418.08899166649 89515.0566479165 62 63
92214.65832499976 92386.9086583331 62 78
92537.62769999978 92647.4846708331 62 73
99986.57765833291 100519.6531583329 62 78
102093.69915833288 102875.56065833288 62 86
105012.85124166615 105101.4530749995 62 73
111335.72457499939 111423.9395749994 62 73
117138.06786666614 117272.16474166613 62 83
56850.802266666666 56907.99691666668 63 65
61177.23642500001 61575.07917500001 63 80
63019.31700833335 63413.128758333354 63 76
64634.12500833334 65843.69350833331 63 79
66650.5836583333 66813.85729166663 63 80
10359.303650000013 10491.254583333344 64 63
10491.254583333344 10883.315583333346 64 72
21173.94350000003 21280.11183333336 64 64
25505.470750000022 26282.90275000002 64 76
26825.565683333352 26903.89691666669 64 70
28066.070550000026 28129.478283333356 64 70
31884.522650000035 32675.742150000042 64 77
34520.73165000002 35041.972650000025 64 77
36612.57765000003 37524.74940000004 64 70
38050.076650000046 38749.150900000044 64 77
40788.64823333338 41174.51723333337 64 72
43117.374233333365 43579.48185833336 64 79
43513.46648333336 43645.49723333336 64 57
44599.748650000016 44730.05890000001 64 64
46033.16140000001 46306.14590000001 64 77
46367.72369166668 46488.26865000001 64 61
46511.829108333346 46628.10681666668 64 62
46650.91702500001 46764.13281666667 64 63
46786.432358333346 46897.13923333335 64 64
46918.95235833335 47049.16569166668 64 65
47114.32081666667 47768.17606666669 64 78
50064.0186166667 50169.328416666685 64 66
53324.81631666667 53454.743233333335 64 65
54105.12473333334 54247.51860833334 64 77
55429.15003333333 55532.93823333333 64 71
89328.89082499983 89507.28715833316 64 63
91870.1576583331 92107.00186666644 64 76
92107.00186666644 92257.7209083331 64 78
92322.3147833331 92537.62769999978 64 78
98810.90440833296 98951.69708958294 64 79
99725.95715833294 100116.88790833291 64 83
104968.64649166615 105057.05599166616 64 74
111291.7143249994 111379.7348249994 64 73
3676.6139999999996 4078.6232499999987 65 73
5530.961500000001 5921.892250000001 65 72
10208.502583333344 10359.303650000013 65 63
10425.279116666678 10621.564833333345 65 63
11798.87808333335 12188.12158333335 65 70
18252.91608333335 18383.226333333354 65 66
19037.081583333358 19302.310083333356 65 78
21227.066133333363 21332.92413333336 65 64
26760.521520833354 26857.643416666688 65 70
36480.54690000003 36624.52275625003 65 75
45511.92040000001 46293.781900000016 65 78
50116.75221666669 50186.853816666684 65 66
66378.55825833329 66549.0832583333 65 76
67642.88510833324 68040.78985833324 65 82
69213.5821083332 69604.5128583332 65 77
72378.0341083332 72790.5321083332 65 54
76176.05460833323 76573.30735833323 65 55
80450.27660833321 80848.11935833322 65 66
82039.30010833323 82433.62160833323 65 70
89239.89465833316 89418.08899166649 65 63
91739.84740833311 91999.3454083331 65 78
91999.3454083331 92128.5331583331 65 78
92429.97124166644 92645.28415833312 65 78
104924.63624166614 105012.85124166615 65 74
106813.81432499946 108409.45952499943 65 73
108400.69682499942 109189.33982499942 65 69
111247.9008249994 111335.72457499939 65 74
113162.70749166608 113328.87249166607 65 61
113328.87249166607 113484.55807499941 65 62
113493.63990833276 113656.74330833275 65 63
113656.74330833275 113818.21779166609 65 63
113818.21779166609 113978.17815833277 65 64
113978.17815833277 114138.12885833277 65 65
114138.12885833277 114298.92525833276 65 67
114298.92525833276 114460.55670833276 65 67
114460.55670833276 114623.24902499943 65 68
114623.24902499943 114785.98282499942 65 68
114921.59432499942 115091.10869999943 65 81
115599.65182499943 116478.47594999944 65 68
117071.37124166613 117204.96649166613 65 83
28102.232783333355 28166.138550000025 66 71
43579.48185833336 43696.46565000003 66 57
43721.566066666695 43844.141650000034 66 58
43867.81365000003 43952.57356875003 66 59
44005.444358333356 44139.64002500002 66 60
44139.64002500002 44250.541400000024 66 61
44272.54652500003 44382.37540000002 66 62
44404.18852500003 44534.59352500002 66 63
44534.59352500002 44664.90377500001 66 63
44664.90377500001 44745.261762500006 66 64
52643.23131666668 52729.78775208335 66 64
52788.496066666674 52882.08106666667 66 64
52927.90640000001 53017.709316666675 66 64
53061.719566666674 53193.75031666667 66 65
53193.75031666667 53324.81631666667 66 65
53389.875608333336 53584.47848333333 66 65
56893.518141666675 56957.21070833333 66 67
66512.75592499996 66669.2560583333 66 78
66794.07489166663 66960.82239166662 66 81
89151.10049166648 89284.2917416665 66 63
17562.687416666693 17661.115000000027 67 60
17709.37758333336 17804.295083333356 67 61
17850.976083333357 17942.632750000022 67 63
17988.041916666687 18077.637416666686 67 63
18122.03450000002 18209.67100000002 67 64
18318.071208333353 18513.536583333356 67 67
21280.11183333336 21368.13233333336 67 65
35041.972650000025 36612.57765000003 67 77
43645.49723333336 43746.66648333336 67 58
43795.8790666667 43891.48565000003 67 59
43937.949733333364 44027.94256666669 67 60
44072.74140000002 44161.93956666669 67 61
44206.33665000003 44338.56190000002 67 62
44338.56190000002 44426.00165000003 67 63
44469.43840000002 44599.748650000016 67 63
44730.05890000001 45642.23065000001 67 79
50169.328416666685 50274.10631666668 67 67
52716.45119166668 52835.61698333334 67 64
52858.849025 52973.11023333334 67 64
52995.40977500001 53105.72981666667 67 64
53127.73494166668 53237.56381666667 67 65
53259.37694166668 53368.253066666664 67 65
53454.743233333335 54105.12473333334 67 77
55368.606916666664 55489.69314999999 67 72
58288.414425 59770.71225833334 67 79
59591.51692500001 59815.511091666674 67 78
59770.71225833334 59860.309925 67 72
60514.165175 60655.620375000006 67 78
60646.77942500001 61442.46492500001 67 77
63279.93750833336 63827.74600833336 67 78
76573.30735833323 76715.3780249999 67 62
83898.6356083332 84291.27185833319 67 80
89062.30632499981 89239.89465833316 67 63
89328.89082499983 89515.0566479165 67 63
91348.91665833312 91870.1576583331 67 81
97635.231158333 98156.472158333 67 83
98944.09565833295 99335.02640833294 67 87
100247.1981583329 100542.4574520829 67 78
104880.62599166615 104968.64649166615 67 75
111204.08732499939 111291.7143249994 67 74
28138.643350000024 28184.639950000023 68 71
59860.309925 60514.165175 68 80
64365.33200833334 64768.52150833334 68 79
65709.2970083333 66246.88300833329 68 81
66112.48650833328 66352.03540833328 68 78
66246.88300833329 67177.02596458327 68 74
67121.64410833328 67910.47960833325 68 84
69474.2026083332 69865.13335833319 68 79
71051.89160833317 71980.19135833319 68 72
72650.48910833319 73070.6181083332 68 56
85469.18060833315 85739.70080833315 68 78
88973.89682499981 89106.70340833315 68 63
89239.89465833316 89418.08899166649 68 63
3155.3729999999996 3811.603249999999 69 79
5791.582000000001 6312.823 69 77
7883.428000000001 8795.599750000007 69 70
9320.927000000009 10020.00125000001 69 77
12059.49858333335 12445.36758333335 69 72
14388.22458333335 14850.33220833335 69 79
14784.31683333335 14916.34758333335 69 57
15868.654166666684 15998.964416666684 69 64
17302.066916666692 17572.57861666669 69 73
17636.62920833336 17757.174166666693 69 61
17780.734625000026 17897.012333333358 69 62
17919.82254166669 18033.038333333356 69 63
18055.33787500002 18166.04475000002 69 64
18187.85787500002 18318.071208333353 69 65
18383.226333333354 19037.081583333358 69 78
21332.92413333336 21438.233933333362 69 66
24593.721833333355 24723.648750000022 69 65
25374.03025000002 25513.138112500023 69 77
26695.926391666686 26766.19766666669 69 71
28175.389250000022 28231.49691666669 69 72
34911.66240000002 35051.74591875003 69 78
41045.89423333337 41560.38623333336 69 76
42987.06398333336 43249.40498333336 69 79
50221.75481666668 50326.45781666668 69 68
56937.428308333336 57007.668666666665 69 68
74331.00510833325 75517.62135833324 69 52
75387.31110833325 75911.99310833323 69 60
75647.93160833324 76044.02385833324 69 58
75911.99310833323 76308.08535833324 69 62
76706.49860833322 79099.2991083332 69 62
78835.2376083332 79231.32985833319 69 64
79099.2991083332 79363.36060833321 69 67
79773.6208583332 79931.9759145832 69 72
79919.8196083332 80715.50510833322 69 68
82302.18110833323 82696.50260833322 69 72
88885.48732499982 89062.30632499981 69 64
89151.10049166648 89284.2917416665 69 63
90173.24340833316 90436.74490833316 69 83
90306.43465833316 91479.22690833312 69 86
92645.28415833312 93041.3764083331 69 78
93173.40715833311 93434.0276583331 69 84
97895.85165833299 98172.76093958298 69 80
108400.69682499942 109189.33982499942 69 69
114989.40007499943 115328.42882499941 69 85
115599.65182499943 116478.47594999944 69 68
117004.77561666613 117115.76832499946 69 83
7751.397250000001 7892.115350000001 70 75
16780.82591666669 17432.377166666694 70 78
21385.65773333336 21455.75933333336 70 66
59815.511091666674 59873.34095 70 72
63827.74600833336 64634.12500833334 70 81
79363.36060833321 79919.8196083332 70 66
88797.27232499981 88973.89682499981 70 64
89062.30632499981 89239.89465833316 70 63
97107.01615833299 97385.469845833 70 84
98417.09265833297 98810.90440833296 70 82
99204.71615833294 99725.95715833294 70 81
100519.6531583329 101316.9182458329 70 86
107605.95882499944 108409.45952499943 70 72
113978.17815833277 114138.12885833277 70 77
114138.12885833277 114298.92525833276 70 79
114298.92525833276 114460.55670833276 70 80
114460.55670833276 114623.24902499943 70 81
114623.24902499943 114785.98282499942 70 81
116938.37232499945 117071.37124166613 70 84
14850.33220833335 14967.316000000017 71 57
14992.416416666683 15113.047166666684 71 58
15136.719166666684 15220.354175000017 71 59
15274.349875000016 15408.545541666683 71 60
15408.545541666683 15519.446916666684 71 61
15541.452041666684 15651.280916666683 71 62
15673.094041666684 15803.499041666682 71 63
15803.499041666682 15933.809291666685 71 63
15933.809291666685 16014.167279166684 71 64
23912.136833333363 24009.605000000025 71 64
24057.401583333358 24150.98658333336 71 64
24196.811916666695 24286.614833333355 71 64
24330.625083333354 24462.655833333352 71 65
24462.655833333352 24593.721833333355 71 65
24658.781125000023 24736.622275000023 71 65
28212.648550000024 28269.555916666686 71 72
41560.38623333336 43117.374233333365 71 79
50274.10631666668 50378.80931666668 71 69
55308.063799999996 55403.20298333333 71 72
88709.25182499981 88841.28257499982 71 64
88973.89682499981 89106.70340833315 71 63
104836.81249166615 104924.63624166614 71 75
106813.81432499946 107622.31866874945 71 73
111160.46107499939 111247.9008249994 71 75
113162.70749166608 113328.87249166607 71 72
113328.87249166607 113484.55807499941 71 73
113493.63990833276 113656.74330833275 71 74
113656.74330833275 113818.21779166609 71 75
113818.21779166609 113978.17815833277 71 76
6312.823 7883.428000000001 72 77
14916.34758333335 15017.516833333351 72 58
15066.729416666683 15160.391166666683 72 59
15206.855250000017 15296.84808333335 72 60
15341.646916666683 15430.84508333335 72 61
15475.242166666683 15607.467416666683 72 62
15607.467416666683 15694.907166666682 72 63
15738.343916666683 15868.654166666684 72 63
15998.964416666684 16788.427347916688 72 79
21438.233933333362 21543.011833333363 72 67
23985.35670833336 24104.52250000003 72 64
24127.754541666694 24242.015750000024 72 64
24264.31529166669 24374.635333333354 72 64
24396.640458333353 24506.469333333353 72 65
24528.282458333353 24637.158583333356 72 65
24723.648750000022 25374.03025000002 72 77
26631.713160416683 26720.78850000002 72 72
28250.52641666669 28307.980516666685 72 72
41431.76323333336 41563.64398958336 72 77
50326.45781666668 50404.98506666668 72 69
55247.520683333336 55368.606916666664 72 72
56982.311125 57033.41795833333 72 69
63687.03300833336 63836.70577500002 72 81
79297.34523333321 79495.3913583332 72 60
88621.23132499981 88797.27232499981 72 64
88885.48732499982 89062.30632499981 72 64
98156.472158333 98547.40290833297 72 86
99465.33665833293 99735.73042708293 72 79
69734.82310833319 70265.42210833318 73 81
70786.66310833316 71184.50585833317 73 77
72930.5751083332 73490.74710833322 73 58
74050.91910833324 74463.61935833325 73 59
88533.60432499982 88709.25182499981 73 64
88797.27232499981 88973.89682499981 73 64
6182.512750000001 6320.424431250001 74 78
12316.74458333335 12831.236583333346 74 76
14257.91433333335 14520.25533333335 74 79
21490.660333333362 21595.363333333364 74 68
28288.768216666685 28347.157783333354 74 72
50378.80931666668 50483.51231666668 74 70
80715.50510833322 82017.39335833324 74 66
82565.06210833322 83102.89510833324 74 75
83628.65710833321 84029.5143583332 74 76
84160.3931083332 84683.90810833317 74 83
85207.42310833314 85600.05935833314 74 82
85730.93810833314 86036.79205833314 74 81
88445.97732499981 88621.23132499981 74 64
88709.25182499981 88841.28257499982 74 64
95345.24465833303 95518.99165833303 74 82
95723.12078333303 95801.28333333303 74 82
97374.610658333 97765.541408333 74 88
99986.57765833291 100519.6531583329 74 78
104792.99899166616 104880.62599166615 74 75
111116.83482499939 111204.08732499939 74 75
115599.65182499943 116478.47594999944 74 81
116872.16244999944 116982.57707499946 74 84
57028.2681 57085.86241666666 75 71
70265.42210833318 71051.89160833317 75 79
73490.74710833322 74331.00510833325 75 60
88358.53757499982 88533.60432499982 75 65
88621.23132499981 88797.27232499981 75 64
12831.236583333346 14388.22458333335 76 79
21543.011833333363 21647.714833333364 76 69
26568.779400000018 26675.584666666684 76 72
28327.56915000002 28376.831383333352 76 73
50431.160816666685 50492.23756666668 76 71
55186.97756666667 55273.46773333333 76 72
83102.89510833324 83898.6356083332 76 81
84683.90810833317 85469.18060833315 76 84
88271.2850749998 88402.16382499982 76 65
88533.60432499982 88709.25182499981 76 64
94997.75065833304 95236.65278333303 76 80
95236.65278333303 95388.68140833302 76 82
95453.83653333303 95649.30190833303 76 82
96057.56015833303 96585.77515833302 76 84
98810.90440833296 98951.69708958294 76 79
99725.95715833294 100116.88790833291 76 83
104749.37274166616 104836.81249166615 76 76
111073.3980749994 111160.46107499939 76 75
12702.613583333346 12837.752095833346 77 77
21595.363333333364 21673.890583333363 77 69
26506.696056250017 26586.383500000018 77 72
50483.51231666668 50588.62726666668 77 71
70130.43285833318 70395.73235833317 77 82
73350.70410833322 73496.58223333323 77 61
80450.27660833321 80848.11935833322 77 66
82039.30010833323 82433.62160833323 77 70
82965.41910833323 83120.42050833322 77 79
84553.02935833318 84690.45204583317 77 84
86007.11845833315 86431.27474166646 77 83
88184.0325749998 88314.91132499982 77 65
88445.97732499981 88621.23132499981 77 64
94867.44040833304 95128.06090833302 77 87
95128.06090833302 95258.37115833303 77 82
95562.42840833303 95723.12078333303 77 82
96318.18065833302 96716.08540833302 77 84
104705.74649166614 104792.99899166616 77 76
111029.96132499939 111116.83482499939 77 76
115599.65182499943 116478.47594999944 77 81
116806.14707499943 116894.16757499945 77 84
28366.940183333354 28427.083866666686 78 74
57075.290466666665 57139.72204166667 78 72
88097.15907499981 88271.2850749998 78 66
88358.53757499982 88533.60432499982 78 65
21647.714833333364 21752.417833333366 79 70
50536.05106666668 50641.20346666667 79 72
55126.43445000001 55247.520683333336 79 73
83898.6356083332 84291.27185833319 79 80
88010.28557499981 88184.0325749998 79 66
88271.2850749998 88402.16382499982 79 65
94476.50965833306 94997.75065833304 79 85
96846.39565833301 97374.610658333 79 84
97635.231158333 98156.472158333 79 83
98944.09565833295 99335.02640833294 79 87
104662.30974166615 104749.37274166616 79 77
110986.71624166606 111073.3980749994 79 76
28406.902233333352 28477.94941666668 80 74
85469.18060833315 85739.70080833315 80 78
87923.41207499981 88053.7223249998 80 66
88184.0325749998 88314.91132499982 80 65
21700.066333333365 21761.143083333365 81 71
26445.071812500017 26542.37325000002 81 72
28447.368366666684 28509.166916666683 81 75
50588.62726666668 50667.49156666668 81 72
57123.43361666667 57195.07233333333 81 72
78571.17610833321 79099.2991083332 81 62
78835.2376083332 79231.32985833319 81 64
79099.2991083332 79363.36060833321 81 67
79773.6208583332 79931.9759145832 81 72
79919.8196083332 80715.50510833322 81 68
82302.18110833323 82696.50260833322 81 72
87836.53857499982 88010.28557499981 81 67
88097.15907499981 88271.2850749998 81 66
93173.40715833311 93434.0276583331 81 84
93434.0276583331 94606.81990833305 81 84
96585.77515833302 96976.70590833301 81 87
97895.85165833299 98172.76093958298 81 80
116740.23007499943 116872.16244999944 81 85
21752.417833333366 21857.532783333365 82 71
79363.36060833321 79919.8196083332 82 66
87749.66507499982 87923.41207499981 82 67
88010.28557499981 88184.0325749998 82 66
95796.93965833302 96187.87040833302 82 89
97107.01615833299 97385.469845833 82 84
98417.09265833297 98810.90440833296 82 82
116674.50982499943 116762.13682499943 82 85
28488.355250000015 28551.23231666668 83 75
50641.20346666667 50746.71001666668 83 72
55065.89133333334 55143.73248333334 83 74
87662.79157499984 87836.53857499982 83 67
87923.41207499981 88053.7223249998 83 66
104618.87299166615 104705.74649166614 83 77
110943.47115833273 111029.96132499939 83 77
21804.956583333365 21910.108983333364 84 72
26383.44756875002 26506.696056250017 84 73
28530.199616666683 28583.45921666668 84 76
50693.897716666674 50799.52231666668 84 73
54754.52673333334 55126.43445000001 84 87
57172.7484 57252.00466666666 84 73
79297.34523333321 79495.3913583332 84 60
87575.53907499982 87749.66507499982 84 68
87836.53857499982 88010.28557499981 84 67
98156.472158333 98547.40290833297 84 86
87488.28657499982 87662.79157499984 85 68
87749.66507499982 87923.41207499981 85 67
21857.532783333365 21936.397083333366 86 72
28572.716916666683 28638.474500000015 86 76
50746.71001666668 50852.334616666674 86 74
82565.06210833322 83102.89510833324 86 75
83628.65710833321 84029.5143583332 86 76
84160.3931083332 84683.90810833317 86 83
85207.42310833314 85600.05935833314 86 82
85730.93810833314 86036.79205833314 86 81
87401.03407499981 87531.91282499982 86 68
87662.79157499984 87836.53857499982 86 67
95345.24465833303 95518.99165833303 86 82
95723.12078333303 95801.28333333303 86 82
97374.610658333 97765.541408333 86 88
104575.62790833283 104662.30974166615 86 78
110900.40857499938 110986.71624166606 86 77
115599.65182499943 116478.47594999944 86 90
116609.07044999943 116740.23007499943 86 85
57223.29541666666 57281.04741666665 87 75
87313.40707499982 87488.28657499982 87 69
87575.53907499982 87749.66507499982 87 68
21910.108983333364 22015.615533333363 88 72
26321.82332500002 26412.638000000017 88 74
28616.27446666668 28683.756466666684 88 77
50799.52231666668 50887.542816666675 88 75
83102.89510833324 83898.6356083332 88 81
84683.90810833317 85469.18060833315 88 84
87225.78007499981 87401.03407499981 88 69
87488.28657499982 87662.79157499984 88 68
94997.75065833304 95236.65278333303 88 80
95236.65278333303 95388.68140833302 88 82
95453.83653333303 95649.30190833303 88 82
96057.56015833303 96585.77515833302 88 84
104532.38282499948 104618.87299166615 88 78
110857.34599166605 110943.47115833273 88 78
21962.803233333365 22068.427833333364 89 73
26023.43225000002 26383.44756875002 89 87
50852.334616666674 50958.27041666667 89 75
82965.41910833323 83120.42050833322 89 79
84553.02935833318 84690.45204583317 89 84
86007.11845833315 86431.27474166646 89 83
87138.15307499982 87269.59357499982 89 69
87401.03407499981 87531.91282499982 89 68
94867.44040833304 95128.06090833302 89 87
95128.06090833302 95258.37115833303 89 82
95562.42840833303 95723.12078333303 89 82
96318.18065833302 96716.08540833302 89 84
103664.39615833285 104315.94740833282 89 90
104489.32024166615 104575.62790833283 89 79
109986.32482499942 110640.71857499938 89 90
110814.47165833272 110900.40857499938 89 78
116543.63107499944 116674.50982499943 89 86
28661.052400000015 28730.224866666686 90 77
57275.23886666665 57340.51670833332 90 76
87050.13257499982 87225.78007499981 90 70
87313.40707499982 87488.28657499982 90 69
22015.615533333363 22121.240133333362 91 74
50905.22471666667 51011.31611666667 91 76
86962.11207499982 87138.15307499982 91 70
87225.78007499981 87401.03407499981 91 69
94476.50965833306 94997.75065833304 91 85
96846.39565833301 97374.610658333 91 84
104446.2576583328 104532.38282499948 91 79
110771.59732499938 110857.34599166605 91 78
28706.990666666683 28758.330604166684 92 78
86874.09157499982 87050.13257499982 92 70
87138.15307499982 87269.59357499982 92 69
22068.427833333364 22156.448333333363 93 75
28753.870566666683 29538.93815000002 93 85
50958.27041666667 51064.36181666667 93 77
57328.55212499999 57401.81224999999 93 77
86785.68207499983 86962.11207499982 93 71
87050.13257499982 87225.78007499981 93 70
93434.0276583331 94606.81990833305 93 84
96585.77515833302 96976.70590833301 93 87
116478.47594999944 116609.07044999943 93 86
22121.240133333362 22227.17593333336 94 75
86697.27257499982 86874.09157499982 94 71
86962.11207499982 87138.15307499982 94 70
95796.93965833302 96187.87040833302 94 89
116413.32082499943 116543.63107499944 94 86
51011.31611666667 51074.135085416674 95 77
86608.86307499981 86741.47732499983 95 71
86874.09157499982 87050.13257499982 95 70
104402.82090833281 104489.32024166615 95 80
110727.97107499938 110814.47165833272 95 79
22174.130233333362 22280.22163333336 96 76
51064.36181666667 51854.39581666667 96 90
57383.31199999998 57465.04187499999 96 78
86520.06890833314 86697.27257499982 96 72
86785.68207499983 86962.11207499982 96 71
86431.27474166646 86608.86307499981 97 72
86697.27257499982 86874.09157499982 97 71
22227.17593333336 22333.267333333355 98 77
86342.48057499979 86475.67182499981 98 72
86608.86307499981 86741.47732499983 98 71
104359.38415833282 104446.2576583328 98 80
110684.34482499938 110771.59732499938 98 79
115599.65182499943 116478.47594999944 98 102
57439.59010833332 57507.067774999996 99 79
86520.06890833314 86697.27257499982 99 72
22280.22163333336 22433.171858333357 100 77
57495.174341666665 58288.414425 100 90
86431.27474166646 86608.86307499981 100 72
104315.94740833282 104402.82090833281 100 81
110640.71857499938 110727.97107499938 100 80
22333.267333333355 23123.30133333336 101 90
86342.48057499979 86475.67182499981 101 72
103664.39615833285 104359.38415833282 101 90
109986.32482499942 110684.34482499938 101 90
