26661.092889583353 27276.405947916686 27 31
22059.105441666674 22241.477441666673 32 62
22542.23210833334 22694.210608333342 32 49
22786.51885833334 22940.176275000005 34 54
23275.08160833334 23458.568941666676 34 42
761.1031666666664 920.2727499999999 38 30
1264.2224166666665 1421.0621666666666 38 23
2266.098583333333 2423.1340833333334 38 35
2765.7195833333335 2923.4514166666663 38 28
14156.865083333318 14401.140416666653 38 47
15612.726916666656 15821.150166666657 38 67
16091.784333333322 16273.878833333323 38 50
17046.548249999993 17195.6705 38 71
21576.932025000006 21725.74210833334 38 59
505.9606666666665 663.6944166666665 39 25
1517.0151666666666 1674.3476666666666 39 27
2015.5839166666665 2171.0575833333332 39 28
3019.401083333333 3178.434583333333 39 32
3522.514916666666 3707.225333333333 39 34
13426.804249999985 13610.85441666665 39 61
13914.072416666651 14156.865083333318 39 45
14892.79108333332 15044.032249999987 39 64
16335.228499999992 16484.63283333333 39 56
17761.8795 17912.899083333334 39 59
18239.64008333334 18415.036333333337 39 60
21336.960025000008 21547.081275000004 39 67
21815.562941666674 21967.080941666674 39 56
22301.900441666676 22482.08160833334 39 51
23031.919275000007 23214.291275000007 39 46
23520.202358333343 23675.772191666678 39 48
23768.555858333344 23952.983025000012 39 40
24014.521525000015 24169.033525000013 39 38
24262.298025000015 24450.387025000015 39 41
24512.595608333348 24697.97369166668 39 36
24759.702025000017 24915.078941666685 39 32
25009.024941666685 25166.35744166669 39 36
25260.30344166669 25408.951127083354 39 31
25509.87311458335 25667.056835416683 39 28
25765.41908541668 25901.059900000015 39 31
26031.18779375001 26162.16096250001 39 27
26295.08337916668 26661.092889583353 39 25
11208.168583333321 11362.29958333332 40 47
11704.109916666654 11861.054999999988 40 48
1014.5137499999998 1170.667083333333 41 24
2516.8840833333334 2672.261 41 26
3768.5749999999994 3954.049249999999 41 40
10471.484249999989 10626.091833333323 41 55
10962.862583333323 11146.630083333323 41 43
12685.746083333319 12899.347749999984 41 48
13176.36741666665 13331.461249999984 41 48
13671.830083333318 13914.072416666651 41 50
14401.140416666653 14647.011166666654 41 44
15851.09024999999 16031.361333333321 41 53
17520.981 17670.76525 41 61
18473.291000000005 18649.412083333336 41 70
18949.00483333334 19186.781083333342 41 69
21095.862275000014 21245.29577500001 41 60
254.3753333333333 412.40533333333326 42 22
1768.0003333333332 1953.6644166666665 42 24
3273.2715 3522.514916666666 42 29
4521.131416666666 4679.572499999998 42 35
5021.513499999998 5205.562499999998 42 38
11957.520749999987 12110.896083333317 42 54
12443.412249999985 12624.955749999986 42 44
14647.011166666654 14862.395916666655 42 50
15134.393749999988 15374.364583333323 42 58
15374.364583333323 15583.053333333322 42 63
16573.56408333333 16749.86666666666 42 51
17284.6965 17432.235249999998 42 63
18002.95866666667 18239.64008333334 42 54
19186.781083333342 19337.800666666677 42 65
19664.541666666682 19839.93791666668 42 66
20133.56958333335 20344.137416666683 42 68
20858.38410833335 21006.75319166668 42 62
21695.980191666673 21845.68344166667 42 62
21936.59310833334 22067.48959583334 42 55
22180.871441666673 22362.141441666678 42 53
22422.201441666675 22572.443608333342 42 56
22663.62960833334 22794.98040208334 42 48
22909.501441666675 23092.894941666676 42 47
23153.685275000007 23336.05727500001 42 49
23397.219275000007 23531.105791666676 42 41
9727.291416666654 9912.477749999987 43 46
10223.036916666653 10471.484249999989 43 47
10718.399583333323 10962.862583333323 43 49
11455.17883333332 11704.109916666654 43 41
16808.6625 16956.297166666664 43 57
20373.906416666687 20493.350891666687 43 77
4016.451916666666 4148.571558333333 44 33
8247.200999999992 8403.94199999999 44 55
8992.195083333323 9146.707083333324 44 57
9483.01374999999 9665.941749999987 44 42
12930.022583333319 13176.36741666665 44 42
20617.959191666687 20768.653191666683 44 73
21457.261025000003 21606.782775000007 44 59
22059.105441666674 22241.477441666673 44 75
22542.23210833334 22694.210608333342 44 58
25899.39212083335 26044.25116041668 44 28
4278.162783333333 4425.890749999999 45 33
5266.7244999999975 5420.382999999997 45 45
6757.775499999995 6912.7665833333285 45 44
7251.419166666662 7406.699916666661 45 37
7996.7968333333265 8152.5631666666595 45 44
12202.174249999985 12353.050749999986 45 50
13793.22641666665 14035.284416666651 45 50
14035.284416666651 14161.438258333317 45 45
14278.816416666652 14493.164916666654 45 44
18708.668 18919.23583333334 45 62
19427.860250000012 19664.541666666682 45 60
127.59216666666664 317.4668333333332 46 21
1139.5144166666664 1295.4724166666665 46 26
1389.5164166666664 1523.3243166666666 46 23
1642.9996666666666 1830.1121666666663 46 24
2641.3012499999995 2797.0675833333335 46 32
2891.7054166666667 3028.9552333333336 46 24
3146.6885833333336 3304.8172499999996 46 28
4773.813499999998 5021.513499999998 46 32
6014.311666666664 6200.64833333333 46 39
6508.060249999995 6663.826583333329 46 43
7500.645916666661 7657.091916666661 46 40
9974.58958333332 10223.036916666653 46 40
14523.934166666655 14770.088166666656 46 56
14770.088166666656 14901.149754166654 46 50
15013.820749999988 15164.51424999999 46 57
15971.120333333323 16152.390333333322 46 57
16213.08849999999 16343.466468749992 46 49
16454.863833333326 16632.543749999997 46 49
17402.83733333333 17550.75 46 67
17640.619333333332 17771.708339583332 46 58
17882.753166666665 18032.91491666667 46 54
19898.192583333348 20074.31366666668 46 77
22786.51885833334 22940.176275000005 46 64
23275.08160833334 23458.568941666676 46 50
23644.71627500001 23799.42002500001 46 41
24387.887025000015 24543.651525000016 46 36
25636.666572916685 25767.011443750016 46 28
26160.553245833344 26302.17054583335 46 28
26444.40822291669 26666.62793958335 46 24
380.6593333333332 537.3086666666666 47 27
631.8472499999998 773.3982604166665 47 26
888.7269999999999 1045.8617499999998 47 24
1891.9360833333333 2108.7516666666666 47 32
2139.8075833333332 2277.891020833333 47 30
2391.7860833333334 2579.1894166666666 47 28
3399.0582499999996 3553.379083333333 47 36
8743.646916666657 8898.735333333323 47 42
9238.920416666657 9422.40774999999 47 48
10840.911249999988 11054.605583333321 47 52
11085.280416666656 11219.707052083322 47 45
11331.435416666654 11548.34658333332 47 42
13549.692416666652 13732.62041666665 47 51
15254.60424999999 15493.767583333323 47 66
15493.767583333323 15620.14531249999 47 65
15731.597916666657 15881.030333333323 47 54
16691.249999999996 16897.131999999994 47 65
16926.621833333327 17055.506674999993 47 58
17165.901499999996 17343.857666666663 47 62
18122.406750000002 18268.94841666667 47 65
18356.60116666667 18484.247593750002 47 61
20738.623191666684 20917.907941666683 47 63
20977.16735833335 21125.624191666677 47 68
21215.26577500001 21349.008225000005 47 59
23891.633358333343 24107.114025000013 47 43
24636.435191666682 24790.66177500002 47 37
25384.897775000023 25545.317364583356 47 32
3645.6868333333327 3780.1134687499994 48 37
3891.937416666666 4047.7999166666664 48 36
5513.358416666664 5671.9148333333305 48 39
7005.359083333329 7159.016499999995 48 40
11829.308999999988 11967.520756249985 48 48
12323.020749999985 12534.046749999985 48 53
12564.349749999985 12697.144270833318 48 46
12807.604749999986 12991.372249999986 48 43
4394.54275 4529.195937499999 49 29
4648.026749999998 4805.161499999998 49 31
5765.86083333333 5921.527999999997 49 36
6262.376666666663 6415.751999999996 49 37
7750.356416666661 7935.163416666661 49 39
10595.227666666655 10779.74924999999 49 49
11579.499249999988 11735.262583333322 49 44
13300.113249999984 13434.496562499984 49 48
18590.43241666667 18738.437000000005 49 66
18829.651583333336 18978.773833333344 49 71
19067.705083333345 19195.097793750014 49 67
19307.654750000012 19457.816500000015 49 59
24138.07377500001 24273.304300000014 49 36
24883.92627500002 25020.780441666684 49 32
25134.91094166669 25291.55344166669 49 32
761.1031666666664 920.2727499999999 50 36
1264.2224166666665 1421.0621666666666 50 28
2266.098583333333 2423.1340833333334 50 41
2765.7195833333335 2923.4514166666663 50 34
8497.20649999999 8682.01349999999 50 43
9361.432083333322 9543.804083333322 50 51
9604.779749999989 9737.291422916654 50 44
9850.558249999987 10098.813249999987 50 41
12080.315083333318 12232.477249999985 50 49
14156.865083333318 14401.140416666653 50 56
15612.726916666656 15821.150166666657 50 80
16091.784333333322 16273.878833333323 50 59
17046.548249999993 17195.6705 50 83
19547.30833333335 19693.850000000017 50 70
19781.502750000014 19906.957858333346 50 66
21576.932025000006 21725.74210833334 50 70
505.9606666666665 663.6944166666665 51 30
1517.0151666666666 1674.3476666666666 51 33
2015.5839166666665 2171.0575833333332 51 34
3019.401083333333 3178.434583333333 51 37
3522.514916666666 3707.225333333333 51 41
4148.571558333333 4278.162783333333 51 40
4898.814166666665 5144.212833333332 51 41
10347.260583333322 10478.450193749988 51 47
13052.910749999985 13207.231583333318 51 45
13426.804249999985 13610.85441666665 51 71
13914.072416666651 14156.865083333318 51 53
14892.79108333332 15044.032249999987 51 75
16335.228499999992 16484.63283333333 51 67
17761.8795 17912.899083333334 51 71
18239.64008333334 18415.036333333337 51 73
20015.334000000013 20163.33858333335 51 70
21336.960025000008 21547.081275000004 51 79
21815.562941666674 21967.080941666674 51 67
22301.900441666676 22482.08160833334 51 62
23031.919275000007 23214.291275000007 51 55
23520.202358333343 23675.772191666678 51 56
23768.555858333344 23952.983025000012 51 48
24014.521525000015 24169.033525000013 51 45
24262.298025000015 24450.387025000015 51 48
24512.595608333348 24697.97369166668 51 42
24759.702025000017 24915.078941666685 51 39
25009.024941666685 25166.35744166669 51 43
25260.30344166669 25408.951127083354 51 36
25509.87311458335 25667.056835416683 51 35
25765.41908541668 25901.059900000015 51 37
26031.18779375001 26162.16096250001 51 32
26295.08337916668 26661.092889583353 51 30
26661.092889583353 27276.405947916686 51 36
5144.212833333332 5278.192374999998 52 41
5389.518833333331 5544.51108333333 52 38
9115.842916666656 9300.270083333324 52 48
11208.168583333321 11362.29958333332 52 56
11704.109916666654 11861.054999999988 52 56
20254.553166666683 20403.675416666687 52 81
1014.5137499999998 1170.667083333333 53 29
2516.8840833333334 2672.261 53 33
3768.5749999999994 3954.049249999999 53 48
5890.47208333333 6025.993916666664 53 32
6138.72883333333 6323.915166666663 53 36
7128.341666666662 7313.338666666662 53 42
7375.547249999995 7510.020916666662 53 36
7625.841916666661 7781.316166666661 53 37
8620.663833333323 8774.511083333324 53 46
8867.582666666656 9001.483008333324 53 40
10098.813249999987 10347.260583333322 53 42
10471.484249999989 10626.091833333323 53 67
10962.862583333323 11146.630083333323 53 52
12685.746083333319 12899.347749999984 53 57
13176.36741666665 13331.461249999984 53 58
13671.830083333318 13914.072416666651 53 60
14401.140416666653 14647.011166666654 53 51
15851.09024999999 16031.361333333321 53 65
17520.981 17670.76525 53 72
18473.291000000005 18649.412083333336 53 85
18949.00483333334 19186.781083333342 53 82
20492.60666666669 20625.512066666684 53 75
21095.862275000014 21245.29577500001 53 71
254.3753333333333 412.40533333333326 54 27
1768.0003333333332 1953.6644166666665 54 30
3273.2715 3522.514916666666 54 35
4521.131416666666 4679.572499999998 54 42
5021.513499999998 5205.562499999998 54 45
5639.86358333333 5797.11083333333 54 43
6385.170999999996 6539.019999999995 54 46
6632.478583333328 6766.315877083328 54 45
6881.8068333333285 7097.666833333329 54 40
7873.813749999994 8027.7565833333265 54 47
8121.2151666666605 8259.77959999999 54 46
8372.69199999999 8528.16624999999 54 50
11957.520749999987 12110.896083333317 54 70
12443.412249999985 12624.955749999986 54 53
14647.011166666654 14862.395916666655 54 58
15134.393749999988 15374.364583333323 54 69
15374.364583333323 15583.053333333322 54 75
16573.56408333333 16749.86666666666 54 61
17284.6965 17432.235249999998 54 74
18002.95866666667 18239.64008333334 54 63
19186.781083333342 19337.800666666677 54 78
19664.541666666682 19839.93791666668 54 77
20133.56958333335 20344.137416666683 54 82
20858.38410833335 21006.75319166668 54 73
21695.980191666673 21845.68344166667 54 73
21936.59310833334 22067.48959583334 54 66
22180.871441666673 22362.141441666678 54 64
22422.201441666675 22572.443608333342 54 65
22663.62960833334 22794.98040208334 54 57
22909.501441666675 23092.894941666676 54 56
23153.685275000007 23336.05727500001 54 58
23397.219275000007 23531.105791666676 54 49
9727.291416666654 9912.477749999987 55 55
10223.036916666653 10471.484249999989 55 56
10718.399583333323 10962.862583333323 55 58
11455.17883333332 11704.109916666654 55 49
16808.6625 16956.297166666664 55 74
20373.906416666687 20493.350891666687 55 90
4016.451916666666 4148.571558333333 56 45
8247.200999999992 8403.94199999999 56 65
8992.195083333323 9146.707083333324 56 69
9483.01374999999 9665.941749999987 56 51
12930.022583333319 13176.36741666665 56 51
20617.959191666687 20768.653191666683 56 84
21457.261025000003 21606.782775000007 56 70
25899.39212083335 26044.25116041668 56 34
4278.162783333333 4425.890749999999 57 44
5266.7244999999975 5420.382999999997 57 54
6757.775499999995 6912.7665833333285 57 56
7251.419166666662 7406.699916666661 57 45
7996.7968333333265 8152.5631666666595 57 53
12202.174249999985 12353.050749999986 57 59
13793.22641666665 14035.284416666651 57 61
14035.284416666651 14161.438258333317 57 54
14278.816416666652 14493.164916666654 57 51
18708.668 18919.23583333334 57 76
19427.860250000012 19664.541666666682 57 72
127.59216666666664 317.4668333333332 58 26
1139.5144166666664 1295.4724166666665 58 32
1389.5164166666664 1523.3243166666666 58 27
1642.9996666666666 1830.1121666666663 58 30
2641.3012499999995 2797.0675833333335 58 38
2891.7054166666667 3028.9552333333336 58 32
3146.6885833333336 3304.8172499999996 58 34
4773.813499999998 5021.513499999998 58 38
6014.311666666664 6200.64833333333 58 47
6508.060249999995 6663.826583333329 58 52
7500.645916666661 7657.091916666661 58 48
9974.58958333332 10223.036916666653 58 49
14523.934166666655 14770.088166666656 58 66
14770.088166666656 14901.149754166654 58 60
15013.820749999988 15164.51424999999 58 68
15971.120333333323 16152.390333333322 58 67
16213.08849999999 16343.466468749992 58 58
16454.863833333326 16632.543749999997 58 59
17402.83733333333 17550.75 58 80
17640.619333333332 17771.708339583332 58 69
17882.753166666665 18032.91491666667 58 63
19898.192583333348 20074.31366666668 58 90
23644.71627500001 23799.42002500001 58 49
24387.887025000015 24543.651525000016 58 43
25636.666572916685 25767.011443750016 58 35
26160.553245833344 26302.17054583335 58 34
26444.40822291669 26666.62793958335 58 29
380.6593333333332 537.3086666666666 59 33
631.8472499999998 773.3982604166665 59 32
888.7269999999999 1045.8617499999998 59 29
1891.9360833333333 2108.7516666666666 59 37
2139.8075833333332 2277.891020833333 59 36
2391.7860833333334 2579.1894166666666 59 36
3399.0582499999996 3553.379083333333 59 44
8743.646916666657 8898.735333333323 59 50
9238.920416666657 9422.40774999999 59 57
10840.911249999988 11054.605583333321 59 63
11085.280416666656 11219.707052083322 59 53
11331.435416666654 11548.34658333332 59 50
13549.692416666652 13732.62041666665 59 61
15254.60424999999 15493.767583333323 59 78
15493.767583333323 15620.14531249999 59 77
15731.597916666657 15881.030333333323 59 67
16691.249999999996 16897.131999999994 59 80
16926.621833333327 17055.506674999993 59 75
17165.901499999996 17343.857666666663 59 73
18122.406750000002 18268.94841666667 59 78
18356.60116666667 18484.247593750002 59 73
20738.623191666684 20917.907941666683 59 74
20977.16735833335 21125.624191666677 59 80
21215.26577500001 21349.008225000005 59 70
23891.633358333343 24107.114025000013 59 51
24636.435191666682 24790.66177500002 59 45
25384.897775000023 25545.317364583356 59 39
3645.6868333333327 3780.1134687499994 60 44
3891.937416666666 4047.7999166666664 60 45
5513.358416666664 5671.9148333333305 60 51
7005.359083333329 7159.016499999995 60 47
11829.308999999988 11967.520756249985 60 58
12323.020749999985 12534.046749999985 60 63
12564.349749999985 12697.144270833318 60 54
12807.604749999986 12991.372249999986 60 51
4394.54275 4529.195937499999 61 39
4648.026749999998 4805.161499999998 61 37
5765.86083333333 5921.527999999997 61 43
6262.376666666663 6415.751999999996 61 44
7750.356416666661 7935.163416666661 61 46
10595.227666666655 10779.74924999999 61 59
11579.499249999988 11735.262583333322 61 51
13300.113249999984 13434.496562499984 61 59
18590.43241666667 18738.437000000005 61 76
18829.651583333336 18978.773833333344 61 86
19067.705083333345 19195.097793750014 61 78
19307.654750000012 19457.816500000015 61 71
24138.07377500001 24273.304300000014 61 43
24883.92627500002 25020.780441666684 61 38
25134.91094166669 25291.55344166669 61 37
8497.20649999999 8682.01349999999 62 52
9361.432083333322 9543.804083333322 62 62
9604.779749999989 9737.291422916654 62 52
9850.558249999987 10098.813249999987 62 49
12080.315083333318 12232.477249999985 62 59
19547.30833333335 19693.850000000017 62 83
19781.502750000014 19906.957858333346 62 79
4148.571558333333 4278.162783333333 63 49
4898.814166666665 5144.212833333332 63 49
10347.260583333322 10478.450193749988 63 55
13052.910749999985 13207.231583333318 63 53
20015.334000000013 20163.33858333335 63 83
5144.212833333332 5278.192374999998 64 49
5389.518833333331 5544.51108333333 64 50
9115.842916666656 9300.270083333324 64 58
20254.553166666683 20403.675416666687 64 97
5890.47208333333 6025.993916666664 65 40
6138.72883333333 6323.915166666663 65 42
7128.341666666662 7313.338666666662 65 48
7375.547249999995 7510.020916666662 65 45
7625.841916666661 7781.316166666661 65 45
8620.663833333323 8774.511083333324 65 54
8867.582666666656 9001.483008333324 65 47
10098.813249999987 10347.260583333322 65 50
20492.60666666669 20625.512066666684 65 85
5639.86358333333 5797.11083333333 66 54
6385.170999999996 6539.019999999995 66 45
6632.478583333328 6766.315877083328 66 54
6881.8068333333285 7097.666833333329 66 50
7873.813749999994 8027.7565833333265 66 57
8121.2151666666605 8259.77959999999 66 55
8372.69199999999 8528.16624999999 66 60
