3084.9347479166668 3265.1374145833342 38 38
15544.811679166656 15723.905679166653 38 38
22400.844714583323 22552.70183958333 38 57
23181.090835416664 23333.75448125 38 55
24012.503914583325 24198.897995833326 38 44
24881.071012499982 25158.852908333316 38 33
25429.15699166665 25585.36794999998 38 35
25947.01380833332 26071.392362499984 38 41
26447.548266666654 26631.206766666655 38 46
26936.23833749999 27057.60773333332 38 50
27427.542570833313 27512.363154166644 38 45
27960.526654166642 28201.449831249975 38 79
29506.91727916664 29641.386029166642 38 58
6308.614706249999 6457.952262499999 40 45
18744.08796666666 18883.71297916666 40 45
9984.963233333328 10129.951849999994 42 57
10776.539374999995 10953.519712499998 42 52
11601.041768749994 11820.67873541666 42 43
12506.97742291666 12789.09142291666 42 41
3487.061081250001 3631.3433375000004 43 32
15942.920762499985 16085.515614583319 43 32
22014.303714583326 22121.260172916664 43 42
22789.699506249995 22918.643006249993 43 41
23596.822779166665 23684.226877083333 43 37
24445.370097916653 24537.183591666653 43 32
427.39425 635.6341249999999 45 34
972.8145875 1174.3627333333334 45 39
1485.59238125 1632.8613562499997 45 39
1971.6863229166665 2209.3288229166665 45 44
2447.9058354166664 2614.8702916666666 45 41
3619.7458312500007 3846.6566437500005 45 37
5798.712372916665 5931.761872916665 45 41
6439.563539583332 6677.535247916667 45 48
12924.619839583327 13104.178339583326 45 34
13455.650052083329 13630.895641666662 45 39
13963.452081249992 14110.249185416658 45 39
14444.700912499991 14678.201912499992 45 44
14913.895145833323 15057.015295833324 45 41
16073.868012499986 16299.573699999986 45 37
18242.22977708333 18374.65547083333 45 41
18869.14300416666 19004.912493749995 45 48
22271.297089583328 22379.150839583326 45 42
23048.193506249998 23135.57983958333 45 40
23870.903987499998 23961.248683333328 45 33
24734.044341666653 24828.162289583317 45 29
25020.934658333317 25271.88311666665 45 33
25294.38132499998 25473.93982499998 45 33
25563.08232499998 25710.99305416665 45 31
25821.958770833317 25969.90948333332 45 35
26071.392362499984 26323.64360833332 45 37
26323.64360833332 26508.767766666653 45 36
26569.987266666656 26692.426266666655 45 39
26814.386087499992 26958.577916666654 45 43
27057.60773333332 27200.08940833332 45 45
27301.87361249998 27448.628945833312 45 45
27555.105487499975 27692.44399166664 45 46
27816.351404166642 28094.995404166642 45 58
28599.25321666664 28901.80790416664 45 46
4012.1259145833337 4273.547331250001 47 36
5921.753872916665 6142.701435416665 47 46
6698.53308125 6922.303581249999 47 49
7838.197879166666 7985.69969375 47 56
10381.37108333333 10512.164331249995 47 40
11188.322831249996 11323.275581249996 47 36
12053.153733333327 12201.289433333328 47 32
16465.53026249999 16725.543095833324 47 36
18365.43868333333 18571.87011458333 47 46
19117.228137499995 19335.398699999994 47 49
20244.58202083333 20491.294993749994 47 56
9855.41560833333 9963.269358333328 49 42
10643.022297916661 10728.308093749994 49 38
11459.361233333328 11549.493995833327 49 32
12350.644043749995 12451.600118749993 49 29
5043.9496 5185.881974999999 50 39
9598.422233333331 9705.378691666663 50 42
17490.529658333322 17631.77949999999 50 39
29574.151654166642 29708.620404166646 50 51
4403.350081250001 4625.46695625 52 42
5170.7243499999995 5390.195787499999 52 42
7082.672043749999 7278.185737499999 52 46
7963.03048125 8214.371814583332 52 49
16854.797845833324 17079.860220833325 52 42
17614.43397499999 17836.38653749999 52 42
19492.28549166666 19661.83291041666 52 46
20368.855993749996 20619.642743749995 52 49
28632.87040416664 28901.80790416664 52 51
8588.487247916668 8735.316629166666 53 52
16725.543095833324 16864.24687083332 53 36
20996.75220416666 21166.923231249995 53 52
3220.3144979166677 3367.6055229166673 54 34
3879.635914583334 4056.159414583334 54 41
4273.547331250001 4413.603539583334 54 36
5675.335006249998 5921.753872916665 54 41
7462.877477083332 7679.249102083331 54 51
8214.371814583332 8430.003777083331 54 55
9341.029858333332 9448.683191666665 54 44
15679.481012499988 15825.068237499985 54 34
16332.454012499988 16509.370679166655 54 41
18118.241552083327 18276.233595833328 54 41
19867.175168749996 20085.140106249994 54 51
20619.642743749995 20837.905318749996 54 55
21626.954256249996 21800.09292291666 54 62
286.94399999999996 497.12924999999996 55 38
566.5414999999999 772.87175 55 32
840.9198749999999 984.8675395833334 55 45
1103.2420958333332 1290.78911875 55 43
1359.5659229166668 1520.0133062500001 55 50
1610.1566229166667 1743.7157479166665 55 49
1852.8650729166666 2090.5075729166665 55 50
2090.5075729166665 2268.7394479166664 55 49
2569.699433333333 2728.082808333333 55 44
2819.8099145833335 2973.2702062500002 55 35
3354.2781229166676 3619.7458312500007 55 35
3746.2640812500003 3857.811372916667 55 37
6176.318622916665 6352.4551229166655 55 49
6954.898081249999 7094.352302083333 55 51
7334.327310416666 7471.928158333332 55 46
12789.09142291666 13014.61267291666 55 38
13059.395506249994 13215.606464583327 55 36
13326.404839583327 13538.168866666661 55 45
13583.999341666662 13723.119266666661 55 44
13837.915481249993 13997.87300624999 55 50
14087.781868749991 14220.30677499999 55 50
14328.134554166658 14561.160662499991 55 50
14561.160662499991 14736.72253749999 55 48
14795.35082499999 14924.842597916657 55 50
15034.664854166656 15191.976904166659 55 44
15283.211508333325 15423.090306249991 55 35
15811.973512499986 16073.868012499986 55 35
18617.995587499994 18778.60101666666 55 49
19367.060916666658 19503.733329166662 55 51
19739.703964583325 19875.298652083326 55 46
2328.1500729166664 2458.9659916666665 57 50
2951.0893729166664 3101.895404166667 57 30
3220.3144979166677 3367.6055229166673 57 45
4788.74793125 4931.922154166667 57 41
6041.849872916665 6176.318622916665 57 40
6569.366289583333 6716.381239583333 57 44
6824.52008125 6954.898081249999 57 47
12648.034422916659 12797.003537499993 57 33
14795.35082499999 14924.842597916657 57 50
15411.236866666657 15564.03375624999 57 30
15679.481012499988 15825.068237499985 57 45
16200.932762499984 16332.454012499988 57 37
17239.511585416658 17375.049433333323 57 41
18485.586 18617.995587499994 57 40
18993.521558333327 19134.659016666665 57 44
19238.046637499996 19344.05221666666 57 47
22142.65146458333 22292.78767291666 57 53
22531.00796458333 22660.65579791666 57 42
22918.643006249993 23091.78550625 57 50
23320.970922916666 23410.030406249996 57 40
23732.847425 23883.68754583333 57 43
24158.996664583323 24251.792779166655 57 36
24588.87622083332 24747.42242708332 57 36
25158.852908333316 25384.374158333314 57 37
25696.166324999984 25856.471820833318 57 41
26195.49335833332 26327.773791666656 57 46
26692.426266666655 26936.23833749999 57 49
27178.868733333322 27322.679195833316 57 53
27684.82469583331 27960.526654166642 57 63
29574.151654166642 29708.620404166646 57 51
3354.2781229166676 3619.7458312500007 58 45
15811.973512499986 16073.868012499986 58 45
21885.95596458333 22078.47758958333 58 53
22660.65579791666 22854.171256249996 58 51
23459.4511125 23659.351247916664 58 48
24303.188797916657 24484.592316666658 58 38
3487.061081250001 3631.3433375000004 59 44
6176.318622916665 6352.4551229166655 59 66
8712.759020833333 8846.105835416665 59 54
15942.920762499985 16085.515614583319 59 44
18617.995587499994 18778.60101666666 59 66
21121.584806249994 21330.65118125 59 54
5550.106604166664 5698.116877083331 60 39
6439.563539583332 6677.535247916667 60 58
17112.115070833326 17297.49911666666 60 48
17993.57848749999 18186.587164583325 60 39
18869.14300416666 19004.912493749995 60 58
286.94399999999996 497.12924999999996 61 30
840.9198749999999 984.8675395833334 61 46
1359.5659229166668 1520.0133062500001 61 59
1852.8650729166666 2090.5075729166665 61 63
2328.1500729166664 2458.9659916666665 61 63
2819.8099145833335 2973.2702062500002 61 48
3619.7458312500007 3846.6566437500005 61 40
4658.49208125 4800.60854375 61 48
5422.698849999998 5584.793797916664 61 49
8957.490058333333 9211.072775 61 62
9211.072775 9384.211441666665 61 62
9726.76998333333 9876.906191666663 61 53
10117.777233333329 10249.953583333328 61 42
10512.164331249995 10655.132564583328 61 48
10915.381749999997 11027.954352083329 61 38
11323.275581249996 11472.073887499993 61 42
11750.525662499995 11875.191895833326 61 36
12201.289433333328 12364.761077083327 61 36
12789.09142291666 13014.61267291666 61 30
13326.404839583327 13538.168866666661 61 46
13837.915481249993 13997.87300624999 61 59
14328.134554166658 14561.160662499991 61 63
14795.35082499999 14924.842597916657 61 65
15283.211508333325 15423.090306249991 61 48
16073.868012499986 16299.573699999986 61 39
17868.24088749999 18073.71334999999 61 49
21372.64684791666 21626.954256249996 61 62
22142.65146458333 22292.78767291666 61 83
22918.643006249993 23091.78550625 61 78
23732.847425 23883.68754583333 61 66
24588.87622083332 24747.42242708332 61 50
28666.48759166664 28901.80790416664 61 60
3084.9347479166668 3265.1374145833342 62 49
3879.635914583334 4056.159414583334 62 56
4143.744581250001 4403.350081250001 62 36
4526.391581250001 4658.49208125 62 36
4917.056370833333 5170.7243499999995 62 39
5291.985349999999 5401.108058333331 62 37
7711.147727083332 7872.710929166666 62 54
8462.28638125 8599.991597916667 62 59
9078.972275 9223.00440625 62 54
9470.074483333332 9662.596108333331 62 53
10249.953583333328 10393.417687499996 62 50
11052.965739583327 11255.799206249996 62 46
11902.913683333327 12066.850314583327 62 38
15544.811679166656 15723.905679166653 62 49
16332.454012499988 16509.370679166655 62 56
16596.288345833324 16854.797845833324 62 36
16980.784845833325 17088.666920833326 62 36
17365.66190833332 17501.942341666654 62 39
17736.87297499999 17845.23218749999 62 37
20117.177668749995 20256.08637083333 62 55
20870.32327708333 21031.26525416666 62 59
21494.853756249995 21638.885887499997 62 54
21756.91133958333 21864.564672916662 62 44
25158.852908333316 25384.374158333314 62 30
25696.166324999984 25856.471820833318 62 38
26195.49335833332 26327.773791666656 62 50
26692.426266666655 26936.23833749999 62 57
27178.868733333322 27322.679195833316 62 69
27684.82469583331 27960.526654166642 62 91
29574.151654166642 29708.620404166646 62 60
5921.753872916665 6142.701435416665 63 50
6698.53308125 6922.303581249999 63 54
18365.43868333333 18571.87011458333 63 50
19117.228137499995 19335.398699999994 63 54
704.4098749999999 855.2446291666666 64 31
1232.16874375 1336.3709104166667 64 41
1732.5983458333333 1830.9701687499999 64 42
2209.3288229166665 2306.3661770833332 64 44
2693.661883333333 2796.488997916667 64 35
3746.2640812500003 3857.811372916667 64 49
4658.49208125 4800.60854375 64 58
5675.335006249998 5921.753872916665 64 60
6308.614706249999 6457.952262499999 64 57
6569.366289583333 6716.381239583333 64 57
6954.898081249999 7094.352302083333 64 69
7209.159637499999 7420.690477083333 64 46
7583.553227083332 7711.147727083332 64 46
8086.024064583333 8237.087822916665 64 52
8334.705214583331 8440.59250625 64 52
13193.320839583326 13336.103108333327 64 31
13711.458808333327 13814.84499791666 64 41
14209.303245833324 14285.880479166657 64 42
14678.201912499992 14773.785599999992 64 44
15157.738854166657 15260.016495833324 64 35
17112.115070833326 17297.49911666666 64 58
18118.241552083327 18276.233595833328 64 60
18744.08796666666 18883.71297916666 64 57
18993.521558333327 19134.659016666665 64 57
19367.060916666658 19503.733329166662 64 69
19616.49448541666 19826.06713124999 64 46
19989.027418749996 20117.177668749995 64 46
20491.294993749994 20625.838018749997 64 52
20741.388568749997 20848.62940208333 64 52
4917.056370833333 5170.7243499999995 65 54
9726.76998333333 9876.906191666663 65 80
10512.164331249995 10655.132564583328 65 75
11323.275581249996 11472.073887499993 65 64
12201.289433333328 12364.761077083327 65 49
17365.66190833332 17501.942341666654 65 54
2951.0893729166664 3101.895404166667 66 46
3619.7458312500007 3846.6566437500005 66 48
4143.744581250001 4403.350081250001 66 51
5043.9496 5185.881974999999 66 54
6824.52008125 6954.898081249999 66 63
7838.197879166666 7985.69969375 66 63
12648.034422916659 12797.003537499993 66 40
15411.236866666657 15564.03375624999 66 46
16200.932762499984 16332.454012499988 66 46
16596.288345833324 16854.797845833324 66 51
19238.046637499996 19344.05221666666 66 63
20244.58202083333 20491.294993749994 66 63
22400.844714583323 22552.70183958333 66 91
23181.090835416664 23333.75448125 66 78
24012.503914583325 24198.897995833326 66 65
24881.071012499982 25158.852908333316 66 45
26071.392362499984 26327.773791666656 66 52
27057.60773333332 27200.08940833332 66 63
29574.151654166642 29941.699570833312 66 86
6698.53308125 6922.303581249999 67 64
7209.159637499999 7420.690477083333 67 64
7963.03048125 8214.371814583332 67 70
16073.868012499986 16299.573699999986 67 47
19117.228137499995 19335.398699999994 67 64
19616.49448541666 19826.06713124999 67 64
20368.855993749996 20619.642743749995 67 70
21885.95596458333 22078.47758958333 67 86
22660.65579791666 22854.171256249996 67 80
23459.4511125 23659.351247916664 67 72
24303.188797916657 24484.592316666658 67 55
25821.958770833317 26082.783297916652 67 56
26814.386087499992 27178.868733333322 67 70
28700.104779166635 29091.184727083306 67 79
4403.350081250001 4625.46695625 68 48
5170.7243499999995 5390.195787499999 68 50
8834.990243749999 8966.939083333333 68 55
16854.797845833324 17079.860220833325 68 45
17614.43397499999 17836.38653749999 68 50
21244.688847916663 21382.09587291666 68 55
143.47199999999998 357.33349999999996 69 40
704.4098749999999 855.2446291666666 69 42
1232.16874375 1369.054791666667 69 50
1732.5983458333333 1863.7570208333334 69 60
2209.3288229166665 2340.0321979166665 69 58
2693.661883333333 2829.4023395833333 69 50
4273.547331250001 4413.603539583334 69 51
4788.74793125 4931.922154166667 69 54
5422.698849999998 5584.793797916664 69 62
5798.712372916665 5931.761872916665 69 57
13193.320839583326 13336.103108333327 69 42
13711.458808333327 13847.353406249993 69 50
14209.303245833324 14338.863335416658 69 61
14678.201912499992 14806.133437499991 69 58
15157.738854166657 15294.871966666658 69 50
16725.543095833324 16864.24687083332 69 51
17239.511585416658 17375.049433333323 69 54
17490.529658333322 17631.77949999999 69 54
17868.24088749999 18073.71334999999 69 62
18242.22977708333 18374.65547083333 69 57
21626.954256249996 21800.09292291666 69 92
25563.08232499998 25710.99305416665 69 44
26569.987266666656 26936.23833749999 69 58
27555.105487499975 27960.526654166642 69 83
972.8145875 1290.78911875 70 65
1971.6863229166665 2268.7394479166664 70 72
7462.877477083332 7679.249102083331 70 58
8214.371814583332 8430.003777083331 70 64
9211.072775 9384.211441666665 70 91
9984.963233333328 10129.951849999994 70 89
10776.539374999995 10953.519712499998 70 74
11601.041768749994 11820.67873541666 70 63
13455.650052083329 13723.119266666661 70 65
14444.700912499991 14736.72253749999 70 70
19867.175168749996 20085.140106249994 70 58
20619.642743749995 20837.905318749996 70 64
25294.38132499998 25585.36794999998 70 49
26323.64360833332 26631.206766666655 70 60
27301.87361249998 27576.575779166644 70 77
427.39425 772.87175 71 53
1485.59238125 1743.7157479166665 71 67
2447.9058354166664 2728.082808333333 71 67
4526.391581250001 4658.49208125 71 55
5291.985349999999 5401.108058333331 71 56
6041.849872916665 6176.318622916665 71 60
7334.327310416666 7471.928158333332 71 64
7711.147727083332 7872.710929166666 71 73
8086.024064583333 8237.087822916665 71 72
8462.28638125 8599.991597916667 71 86
9078.972275 9223.00440625 71 85
9470.074483333332 9662.596108333331 71 84
10249.953583333328 10393.417687499996 71 79
11052.965739583327 11255.799206249996 71 69
11902.913683333327 12066.850314583327 71 55
12924.619839583327 13215.606464583327 71 53
13963.452081249992 14220.30677499999 71 67
14913.895145833323 15191.976904166659 71 58
16980.784845833325 17088.666920833326 71 51
17736.87297499999 17845.23218749999 71 56
18485.586 18617.995587499994 71 60
19739.703964583325 19875.298652083326 71 64
20117.177668749995 20256.08637083333 71 77
20491.294993749994 20625.838018749997 71 72
20870.32327708333 21031.26525416666 71 86
21494.853756249995 21638.885887499997 71 85
5921.753872916665 6142.701435416665 72 59
16854.797845833324 17079.860220833325 72 53
17614.43397499999 17836.38653749999 72 59
18365.43868333333 18571.87011458333 72 59
4403.350081250001 4625.46695625 73 57
5170.7243499999995 5390.195787499999 73 59
7583.553227083332 7711.147727083332 73 64
8334.705214583331 8440.59250625 73 77
8957.490058333333 9211.072775 73 90
19989.027418749996 20117.177668749995 73 64
20741.388568749997 20848.62940208333 73 77
21372.64684791666 21626.954256249996 73 92
4012.1259145833337 4273.547331250001 74 51
7462.877477083332 7679.249102083331 74 70
8214.371814583332 8430.003777083331 74 76
8834.990243749999 8966.939083333333 74 83
16465.53026249999 16725.543095833324 74 51
19867.175168749996 20085.140106249994 74 70
20619.642743749995 20837.905318749996 74 76
21244.688847916663 21382.09587291666 74 83
21756.91133958333 21864.564672916662 74 77
22531.00796458333 22660.65579791666 74 73
23320.970922916666 23410.030406249996 74 63
24158.996664583323 24251.792779166655 74 55
25020.934658333317 25271.88311666665 74 39
25947.01380833332 26071.392362499984 74 45
26447.548266666654 26569.987266666656 74 51
26936.23833749999 27057.60773333332 74 57
27427.542570833313 27512.363154166644 74 70
27816.351404166642 28094.995404166642 74 96
29574.151654166642 29941.699570833312 74 86
566.5414999999999 772.87175 76 51
1103.2420958333332 1290.78911875 76 57
1610.1566229166667 1743.7157479166665 76 69
2090.5075729166665 2268.7394479166664 76 62
2569.699433333333 2728.082808333333 76 61
5550.106604166664 5698.116877083331 76 52
7082.672043749999 7278.185737499999 76 61
13059.395506249994 13215.606464583327 76 49
13583.999341666662 13723.119266666661 76 57
14087.781868749991 14220.30677499999 76 67
14561.160662499991 14736.72253749999 76 64
15034.664854166656 15191.976904166659 76 61
17993.57848749999 18186.587164583325 76 52
19492.28549166666 19661.83291041666 76 61
22014.303714583326 22121.260172916664 76 76
22789.699506249995 22918.643006249993 76 72
23596.822779166665 23684.226877083333 76 58
24445.370097916653 24537.183591666653 76 48
25429.15699166665 25585.36794999998 76 42
28733.721966666635 29091.184727083306 76 86
9341.029858333332 9448.683191666665 78 77
10117.777233333329 10249.953583333328 78 73
10915.381749999997 11027.954352083329 78 60
11750.525662499995 11875.191895833326 78 54
12506.97742291666 12789.09142291666 78 45
22271.297089583328 22379.150839583326 78 75
23048.193506249998 23135.57983958333 78 67
23870.903987499998 23961.248683333328 78 59
24734.044341666653 24828.162289583317 78 43
29574.151654166642 29941.699570833312 78 101
8712.759020833333 8846.105835416665 80 82
9598.422233333331 9705.378691666663 80 73
10381.37108333333 10512.164331249995 80 70
11188.322831249996 11323.275581249996 80 55
12053.153733333327 12201.289433333328 80 48
21121.584806249994 21330.65118125 80 82
12350.644043749995 12451.600118749993 81 43
28767.339154166635 29091.184727083306 81 93
9855.41560833333 9963.269358333328 82 71
10643.022297916661 10728.308093749994 82 64
11459.361233333328 11549.493995833327 82 57
8588.487247916668 8735.316629166666 83 75
20996.75220416666 21166.923231249995 83 80
27960.526654166642 28201.449831249975 90 108
