3843.0504999999985 4398.539541666665 36 47
1544.23075 2902.948749999999 41 30
6016.043124999998 6423.762624999999 41 47
7101.189124999999 7502.472874999999 41 48
8171.279124999998 8578.283541666666 41 47
41794.819999999985 42196.10374999999 41 43
42866.909499999994 43274.149000000005 41 43
43956.93600000001 44362.34175000001 41 40
45042.033500000005 45545.57341666667 41 37
47588.69205833333 51174.82522708333 41 21
12517.151958333345 13095.200791666679 43 47
4241.209749999998 4351.809541666665 47 33
4788.077124999999 4928.791124999999 47 42
1616.346125 2902.948749999999 48 37
4307.569624999998 4398.539541666665 48 33
4445.1598749999985 4537.116333333332 48 38
4582.468041666665 4672.864833333332 48 40
4718.631666666665 4834.806124999999 48 41
4858.302374999999 4941.249220833332 48 42
4928.791124999999 6025.103558333332 48 36
6287.856124999999 6556.271462499999 48 37
6827.1916249999995 7117.9092812499985 48 35
7368.711624999999 7632.890093749998 48 41
7903.756624999999 8181.311218749998 48 40
8442.377041666665 8707.394716666666 48 45
10218.382208333334 11577.05020833334 48 30
14691.756875000023 15099.476375000024 48 47
15776.90287500002 16178.18662500002 48 48
16846.992875000018 17118.090791666687 48 47
21183.732208333335 21761.559541666666 48 47
38543.751875 39097.88670833334 48 38
42062.342499999984 42329.86499999998 48 40
42594.181999999986 42882.74659166666 48 28
43138.4025 43406.5018375 48 39
43676.562000000005 43973.82790625001 48 26
44227.20650000001 44494.09861875001 48 35
44762.963500000005 45060.38213333333 48 24
45453.830250000006 45682.55966666667 48 31
47256.09780833333 48597.09505833333 48 20
4375.065374999998 4468.308041666665 50 38
4514.285291666665 4627.513124999999 50 39
4650.137541666665 4741.673124999998 50 40
6423.762624999999 6693.430374999999 53 33
7502.472874999999 7769.995374999999 53 36
8578.283541666666 8846.909791666667 53 39
8846.909791666667 8991.79551875 53 40
18890.25445833334 20243.630458333344 53 30
23355.563458333338 23763.28295833334 53 47
24440.709458333342 24841.993208333337 53 48
25510.799458333335 25781.897375000004 53 47
36246.34287499998 37603.650124999986 53 35
40709.67399999999 41117.39349999999 53 42
42196.10374999999 42462.02349999999 53 36
43274.149000000005 43543.22875 53 36
44362.34175000001 44630.220250000006 53 32
45591.2355 45774.30283333333 53 31
47048.62880833333 47588.69205833333 53 22
12915.311208333345 13048.030958333346 54 33
13463.912875000015 13604.504875000015 54 42
5472.417124999999 6025.103558333332 55 45
6827.1916249999995 7117.9092812499985 55 41
7903.756624999999 8181.311218749998 55 40
10290.152583333334 11577.05020833334 55 37
12981.671083333345 13095.200791666679 55 33
13118.674958333346 13211.484916666679 55 38
13257.251750000012 13371.268375000014 55 40
13394.38229166668 13510.519875000015 55 41
13534.016125000015 13620.36063333335 55 42
13604.504875000015 14700.817308333357 55 36
14963.569875000023 15230.852658333357 55 43
15502.90537500002 15794.737708333354 55 30
16044.42537500002 16307.489166666688 55 42
16579.470375000023 16859.254322916688 55 29
17027.486458333355 17253.99729166669 55 45
29841.89262499999 30112.990541666662 55 54
42594.181999999986 42882.74659166666 55 37
43676.562000000005 43973.82790625001 55 35
44762.963500000005 45060.38213333333 55 33
1688.4615000000001 2902.948749999999 57 44
4928.791124999999 5488.272883333332 57 47
6423.762624999999 6559.669124999999 57 33
6559.669124999999 6844.316468749999 57 41
7502.472874999999 7636.234124999999 57 35
7636.234124999999 7920.476781249999 57 42
8578.283541666666 8714.190041666667 57 33
8714.190041666667 8979.629541666667 57 45
13048.030958333346 13142.039458333345 57 38
13188.443458333346 13279.97904166668 57 39
13325.227875000013 13417.496208333347 57 40
42329.86499999998 42610.091104166655 57 40
43274.149000000005 43409.895500000006 57 39
43409.895500000006 43689.412475000005 57 40
44362.34175000001 44497.47700000001 57 34
44497.47700000001 44779.24258333333 57 37
45453.830250000006 45682.55966666667 57 34
45728.43125 45959.06133333333 57 28
46886.15372499999 47256.09780833333 57 24
27691.79479166666 27962.892708333333 58 55
9114.836458333331 9385.04820833333 59 35
21581.891458333335 21714.611208333336 59 33
22127.719458333333 22268.311458333334 59 42
38941.911125000006 39074.63087500001 59 29
39482.353041666676 39622.42200000001 59 37
2231.4474999999998 2500.048 60 40
3305.849499999999 3574.449999999999 60 40
4375.065374999998 4537.116333333332 60 40
5472.417124999999 5744.230124999999 60 40
6287.856124999999 6556.271462499999 60 33
6559.669124999999 6827.1916249999995 60 37
7368.711624999999 7632.890093749998 60 35
7636.234124999999 7903.756624999999 60 37
8442.377041666665 8707.394716666666 60 33
8714.190041666667 8979.629541666667 60 37
9251.28695833333 9662.826208333332 60 43
15099.476375000024 15369.14412500002 60 39
16178.18662500002 16445.709125000023 60 37
17208.695125000024 17522.623541666686 60 39
18959.378833333343 20243.630458333344 60 37
21648.251333333334 21761.559541666666 60 33
21784.924041666665 21877.305291666667 60 38
21922.863624999998 22035.07495833333 60 40
22058.188875 22174.326458333333 60 41
22197.822708333333 22284.16721666667 60 42
22268.311458333334 23368.021554166673 60 36
23627.37645833334 23895.791795833342 60 44
24166.71195833334 24456.314937500007 60 32
24708.23195833334 24972.410427083338 60 43
25243.276958333336 25520.831552083335 60 32
25691.293041666668 25917.803875000005 60 45
31991.99045833332 32263.08837499998 60 57
34008.32704166664 34870.29320833329 60 42
36317.43287499998 37603.650124999986 60 40
39008.27100000001 39097.88670833334 60 29
39144.07633333334 39235.19487500001 60 34
39280.138958333344 39369.22620833334 60 36
39414.17029166667 39505.28883333335 60 36
39551.93325000001 39639.41031250001 60 37
39622.42200000001 40718.734433333324 60 32
40981.486999999994 41253.29999999999 60 40
41520.82249999999 41802.62273958332 60 28
42462.02349999999 42610.091104166655 60 39
43138.4025 43406.5018375 60 39
43409.895500000006 43676.562000000005 60 41
44227.20650000001 44494.09861875001 60 34
44497.47700000001 44762.963500000005 60 38
45316.425 45545.57341666667 60 34
45591.2355 45774.30283333333 60 34
45866.46866666666 46099.030999999995 60 28
46730.15672499999 46939.62964166666 60 27
2095.701 2365.7477499999995 62 33
3171.549249999999 3440.1497499999987 62 32
4241.209749999998 4398.539541666665 62 34
5336.510624999999 5488.272883333332 62 35
8979.629541666667 9251.28695833333 62 40
14148.130875000019 14700.817308333357 62 45
15502.90537500002 15794.737708333354 62 41
16579.470375000023 16859.254322916688 62 42
21714.611208333336 21808.179875 62 38
21854.3695 21945.488041666664 62 39
21990.432125 22081.302791666665 62 40
39074.63087500001 39167.01212500001 62 34
39212.57045833334 39302.46037500001 62 35
39346.904791666675 39436.794708333335 62 36
5608.323624999999 5880.136624999998 64 38
6827.1916249999995 7101.189124999999 64 31
7903.756624999999 8171.279124999998 64 31
10361.922958333334 11577.05020833334 64 45
13604.504875000015 14165.11918750002 64 47
15099.476375000024 15235.382875000023 64 37
15235.382875000023 15514.321937500019 64 44
16178.18662500002 16311.947875000023 64 39
16311.947875000023 16595.075854166687 64 45
17253.99729166669 17389.903791666686 64 37
17389.903791666686 17655.343291666686 64 47
42594.181999999986 42866.909499999994 64 33
43676.562000000005 43956.93600000001 64 30
44762.963500000005 45042.033500000005 64 28
1959.9545 2231.4474999999998 65 32
2365.7477499999995 2634.3482499999996 65 36
3037.2489999999993 3305.849499999999 65 32
3440.1497499999987 3708.7502499999987 65 37
4108.489999999999 4307.569624999998 65 34
4514.285291666665 4672.864833333332 65 35
5200.604124999999 5472.417124999999 65 35
6151.949624999999 6423.762624999999 65 37
6693.430374999999 6844.316468749999 65 34
7234.9503749999985 7502.472874999999 65 38
7769.995374999999 7920.476781249999 65 34
8306.470541666664 8578.283541666666 65 37
8846.909791666667 8991.79551875 65 32
23763.28295833334 24032.95070833334 65 40
24841.993208333337 25109.515708333336 65 41
25872.501708333337 26186.430125000003 65 39
27872.288374999996 28098.799208333334 65 20
30022.386208333326 30248.897041666663 65 47
41117.39349999999 41387.061249999984 65 38
42329.86499999998 42594.181999999986 65 43
43002.655999999995 43274.149000000005 65 44
43543.22875 43689.412475000005 65 36
44092.07125000001 44362.34175000001 65 41
44630.220250000006 44779.24258333333 65 34
45179.43875 45362.08708333333 65 38
45728.43125 45959.06133333333 65 32
46005.573 46181.883958333325 65 27
46578.66076458333 46781.438808333325 65 23
5880.136624999998 6025.103558333332 67 37
6964.190374999998 7117.9092812499985 67 37
8037.517874999999 8181.311218749998 67 36
10905.548958333336 11174.149458333337 67 45
11979.950958333342 12248.551458333344 67 45
13048.030958333346 13211.484916666679 67 45
14148.130875000019 14419.94387500002 67 45
14963.569875000023 15230.852658333357 67 37
15235.382875000023 15502.90537500002 67 42
16044.42537500002 16307.489166666688 67 39
16311.947875000023 16579.470375000023 67 42
17118.090791666687 17383.108466666687 67 37
17389.903791666686 17566.86345833335 67 42
22811.937458333337 23368.021554166673 67 45
24166.71195833334 24456.314937500007 67 41
25243.276958333336 25520.831552083335 67 42
32172.48404166665 34194.662541666636 67 47
34101.494791666635 34206.9239895833 67 48
40166.048 40718.734433333324 67 40
41520.82249999999 41802.62273958332 67 36
42730.54574999999 42882.74659166666 67 42
43816.74900000001 43973.82790625001 67 39
44902.4985 45060.38213333333 67 35
9114.836458333331 9385.04820833333 68 41
9662.826208333332 9940.604208333334 68 36
1824.208 2095.701 69 32
2902.948749999999 3171.549249999999 69 32
3975.7702499999987 4241.209749999998 69 35
5064.697624999999 5336.510624999999 69 35
6016.043124999998 6287.856124999999 69 40
7101.189124999999 7368.711624999999 69 40
8171.279124999998 8442.377041666665 69 40
9251.28695833333 9523.937208333331 69 45
9801.715208333333 10218.382208333334 69 39
10769.642458333336 11039.849208333337 69 41
11845.650708333342 12114.251208333342 69 41
12915.311208333345 13095.200791666679 69 42
14012.224375000018 14165.11918750002 69 41
19028.503208333343 20243.630458333344 69 46
22268.311458333334 22827.79321666667 69 47
23763.28295833334 23899.18945833334 69 39
23899.18945833334 24184.97845833334 69 46
24841.993208333337 24975.754458333337 69 41
24975.754458333337 25255.538406250005 69 45
25917.803875000005 26053.710375000002 69 39
26053.710375000002 26319.149875 69 47
36388.52287499998 37603.650124999986 69 44
39622.42200000001 40183.0363125 69 42
41253.29999999999 41536.80568749998 69 42
42196.10374999999 42462.02349999999 69 40
42866.909499999994 43138.4025 69 45
43956.93600000001 44227.20650000001 69 42
45042.033500000005 45316.425 69 38
45866.46866666666 46099.030999999995 69 36
46145.83741666666 46310.36014583332 69 29
46430.85708333332 46603.58597291666 69 29
5744.230124999999 6016.043124999998 70 40
6827.1916249999995 7101.189124999999 70 37
7903.756624999999 8171.279124999998 70 37
8979.629541666667 9251.28695833333 70 45
9385.04820833333 9662.826208333332 70 40
9523.937208333331 9801.715208333333 70 39
17566.86345833335 17790.55020833335 70 44
34194.662541666636 36399.848416666646 70 61
42594.181999999986 42866.909499999994 70 42
43676.562000000005 43956.93600000001 70 39
44762.963500000005 45042.033500000005 70 35
9662.826208333332 9940.604208333334 71 41
14284.03737500002 14555.850375000022 71 43
15502.90537500002 15776.90287500002 71 44
16579.470375000023 16846.992875000018 71 29
1688.4615000000001 1959.9545 72 40
2768.6484999999993 3037.2489999999993 72 40
3843.0504999999985 4108.489999999999 72 40
4928.791124999999 5200.604124999999 72 40
9801.715208333333 10079.493208333333 72 48
10633.735958333335 10905.548958333336 72 45
11039.849208333337 11308.449708333339 72 40
11711.35045833334 11979.950958333342 72 41
12114.251208333342 12382.851708333345 72 42
12782.591458333347 12981.671083333345 72 42
13188.443458333346 13371.268375000014 72 41
13876.317875000017 14148.130875000019 72 41
14827.663375000022 15099.476375000024 72 42
15369.14412500002 15514.321937500019 72 38
15910.66412500002 16178.18662500002 72 43
16445.709125000023 16595.075854166687 72 38
16982.184291666686 17208.695125000024 72 42
17522.623541666686 17699.58320833335 72 36
19572.129208333346 19840.729708333347 72 46
20646.53120833334 20915.131708333338 72 51
21714.611208333336 21877.305291666667 72 46
22811.937458333337 23083.75045833334 72 51
23627.37645833334 23895.791795833342 72 39
23899.18945833334 24166.71195833334 72 44
24708.23195833334 24972.410427083338 72 41
24975.754458333337 25243.276958333336 72 44
25781.897375000004 26045.782495833337 72 39
26053.710375000002 26230.670041666668 72 47
32353.692708333314 32667.621124999976 72 43
41387.061249999984 41536.80568749998 72 39
42062.342499999984 42329.86499999998 72 40
46005.573 46181.883958333325 72 33
2634.3482499999996 2902.948749999999 74 36
3708.7502499999987 3850.7924854166654 74 36
4788.077124999999 4941.249220833332 74 36
9523.937208333331 9801.715208333333 74 45
14555.850375000022 14700.817308333357 74 42
15639.904125000021 15794.737708333354 74 42
16713.23162500002 16859.254322916688 74 41
18475.508208333344 18752.00570833334 74 51
18752.00570833334 18959.378833333343 74 49
19436.222708333346 19706.429458333347 74 43
20512.23095833334 20780.831458333338 74 46
21581.891458333335 21761.559541666666 74 44
22676.030958333336 22827.79321666667 74 46
28053.497041666666 28367.42545833333 74 45
30203.594874999995 30517.523291666665 74 43
26230.670041666668 26454.356791666665 75 50
46286.57327083332 46468.58834583333 75 32
9940.604208333334 10218.382208333334 76 46
10497.829458333334 10769.642458333336 76 40
11577.05020833334 11845.650708333342 76 41
12649.871708333347 12915.311208333345 76 42
13740.411375000016 14012.224375000018 76 41
14691.756875000023 14963.569875000023 76 45
15776.90287500002 16044.42537500002 76 45
16846.992875000018 17027.486458333355 76 45
17655.343291666686 17927.000708333348 76 51
18890.25445833334 19124.77031250001 76 48
22947.84395833334 23219.65695833334 76 49
24166.71195833334 24440.709458333342 76 34
25243.276958333336 25510.799458333335 76 34
34737.573458333296 36399.848416666646 76 49
41520.82249999999 41794.819999999985 76 33
2500.048 2768.6484999999993 77 40
3574.449999999999 3843.0504999999985 77 40
4650.137541666665 4834.806124999999 77 40
10079.493208333333 10290.152583333334 77 50
14419.94387500002 14691.756875000023 77 45
15502.90537500002 15776.90287500002 77 44
16579.470375000023 16846.992875000018 77 42
19300.316208333345 19572.129208333346 77 42
19706.429458333347 19975.029958333344 77 42
20377.93070833334 20646.53120833334 77 46
20780.831458333338 21049.431958333338 77 47
21449.171708333335 21648.251333333334 77 44
21854.3695 22035.07495833333 77 43
22540.124458333335 22811.937458333337 77 46
23491.46995833334 23763.28295833334 77 44
24032.95070833334 24184.97845833334 77 40
24574.47070833334 24841.993208333337 77 45
25109.515708333336 25255.538406250005 77 40
25645.990875000003 25872.501708333337 77 44
26186.430125000003 26363.389791666665 77 41
28234.705708333335 28500.14520833333 77 46
29306.84762499999 29574.37012499999 77 47
30384.803541666664 30650.24304166666 77 48
31456.94545833332 31724.46795833332 77 48
32534.901374999976 34206.9239895833 77 52
41253.29999999999 41520.82249999999 77 43
41928.58124999999 42196.10374999999 77 44
46145.83741666666 46310.36014583332 77 39
10361.922958333334 10633.735958333335 79 52
11442.74995833334 11711.35045833334 79 45
12517.151958333345 12782.591458333347 79 45
13604.504875000015 13876.317875000017 79 45
17790.55020833335 18060.761958333347 79 49
18337.259458333345 18613.756958333342 79 47
18613.756958333342 18890.25445833334 79 47
23219.65695833334 23368.021554166673 79 47
24303.71070833334 24456.314937500007 79 44
25377.038208333335 25520.831552083335 79 43
27138.752291666664 27412.72479166666 79 52
27412.72479166666 27691.79479166666 79 51
28098.799208333334 28367.42545833333 79 42
29173.08637499999 29440.60887499999 79 44
30248.897041666663 30517.523291666665 79 43
30517.523291666665 30694.482958333327 79 43
31323.184208333325 31590.70670833332 79 45
31590.70670833332 31858.22920833332 79 44
32534.901374999976 32800.34087499997 79 48
33607.04329166664 33874.56579166664 79 52
34737.573458333296 35003.0129583333 79 47
35827.665374999975 36104.16287499998 79 51
41657.82124999999 41802.62273958332 79 43
10218.382208333334 10414.02045 81 52
11308.449708333339 11577.05020833334 81 42
12382.851708333345 12525.99994166668 81 41
13463.912875000015 13620.36063333335 81 42
19164.409708333344 19436.222708333346 81 42
20243.630458333344 20512.23095833334 81 46
21316.451958333335 21581.891458333335 81 44
22404.217958333335 22676.030958333336 81 46
23355.563458333338 23627.37645833334 81 51
24440.709458333342 24597.87892708334 81 46
25510.799458333335 25691.293041666668 81 46
26319.149875 26590.807291666664 81 48
27552.25979166666 27702.941562499993 81 48
32398.99487499998 32667.621124999976 81 43
33473.28204166664 33740.80454166664 81 48
34601.6669583333 34737.573458333296 81 44
35274.670374999965 35689.41662499997 81 52
35689.41662499997 35965.914124999974 81 45
41117.39349999999 41387.061249999984 81 37
41794.819999999985 42062.342499999984 81 45
46286.57327083332 46468.58834583333 81 34
47256.09780833333 48597.09505833333 81 26
23083.75045833334 23355.563458333338 82 51
24166.71195833334 24440.709458333342 82 44
25243.276958333336 25510.799458333335 82 44
27962.892708333333 28234.705708333335 82 42
28367.42545833333 28544.385124999997 82 42
29039.325124999996 29306.84762499999 82 48
29440.60887499999 29708.13137499999 82 44
41520.82249999999 41794.819999999985 82 42
30112.990541666662 30384.803541666664 83 43
31189.422958333325 31456.94545833332 83 48
11174.149458333337 11442.74995833334 84 48
12248.551458333344 12517.151958333345 84 48
13325.227875000013 13510.519875000015 84 49
17927.000708333348 18199.010708333346 84 51
19028.503208333343 19300.316208333345 84 52
20109.330208333344 20377.93070833334 84 51
21183.732208333335 21449.171708333335 84 53
22268.311458333334 22540.124458333335 84 51
26454.356791666665 26727.793541666662 84 46
27001.766041666662 27275.738541666662 84 45
27275.738541666662 27552.25979166666 84 46
32263.08837499998 32534.901374999976 84 42
32667.621124999976 32844.580791666645 84 45
33339.52079166664 33607.04329166664 84 48
33740.80454166664 34008.32704166664 84 46
34465.7604583333 34734.1757958333 84 44
34870.29320833329 35047.25287499996 84 42
35551.16787499997 35827.665374999975 84 45
35965.914124999974 36246.34287499998 84 40
36932.14887499998 37200.74937499998 84 45
38006.55087499999 38275.151375 84 45
39074.63087500001 39235.19487500001 84 45
40166.048 40437.861 84 45
40981.486999999994 41253.29999999999 84 37
46430.85708333332 46603.58597291666 84 30
46886.15372499999 47256.09780833333 84 31
18199.010708333346 18475.508208333344 86 51
19975.029958333344 20243.630458333344 86 46
21049.431958333338 21194.792187500003 86 46
22127.719458333333 22284.16721666667 86 47
27826.986208333332 28053.497041666666 86 45
28905.563874999996 29173.08637499999 86 46
29977.08404166666 30203.594874999995 86 46
31055.661708333326 31323.184208333325 86 46
32127.181874999984 32353.692708333314 86 46
33205.759541666645 33473.28204166664 86 46
34329.853958333304 34601.6669583333 86 47
36796.24237499998 37066.44912499998 86 42
37872.25062499999 38140.851125 86 42
38941.911125000006 39097.88670833334 86 43
40030.141500000005 40183.0363125 86 42
18060.761958333347 18337.259458333345 88 49
35412.919124999964 35689.41662499997 88 45
40301.9545 40573.767499999994 88 44
19840.729708333347 20109.330208333344 89 51
20915.131708333338 21183.732208333335 89 51
21990.432125 22174.326458333333 89 51
26590.807291666664 26864.779791666664 89 51
27691.79479166666 27872.288374999996 89 48
28771.802624999997 29039.325124999996 89 51
29841.89262499999 30022.386208333326 89 48
30921.900458333326 31189.422958333325 89 51
31991.99045833332 32172.48404166665 89 48
33071.99829166665 33339.52079166664 89 51
34194.662541666636 34465.7604583333 89 51
36660.33587499998 36932.14887499998 89 41
37066.44912499998 37335.049624999985 89 41
37737.95037499999 38006.55087499999 89 42
38140.851125 38409.451625 89 43
38809.191375 39008.27100000001 89 43
39212.57045833334 39369.22620833334 89 42
39894.23500000001 40166.048 89 42
40845.5805 41117.39349999999 89 43
46578.66076458333 46781.438808333325 89 26
47048.62880833333 47588.69205833333 89 29
26864.779791666664 27138.752291666664 91 48
28635.352124999998 28905.563874999996 91 46
29708.13137499999 29853.039395833322 91 48
30785.449958333327 31055.661708333326 91 46
31858.22920833332 32005.36658333332 91 48
35274.670374999965 35551.16787499997 91 53
36246.34287499998 36399.848416666646 91 37
40573.767499999994 40718.734433333324 91 43
26727.793541666662 27001.766041666662 93 46
32935.54779166664 33205.759541666645 93 46
34008.32704166664 34206.9239895833 93 48
35138.21987499996 35412.919124999964 93 45
36524.429374999985 36796.24237499998 93 41
37603.650124999986 37872.25062499999 93 42
38676.471625000006 38941.911125000006 93 43
39758.32850000001 40030.141500000005 93 42
40709.67399999999 40981.486999999994 93 45
46730.15672499999 46939.62964166666 93 33
28500.14520833333 28771.802624999997 94 48
29574.37012499999 29841.89262499999 94 51
40437.861 40709.67399999999 94 45
30650.24304166666 30921.900458333326 95 48
31724.46795833332 31991.99045833332 95 51
32800.34087499997 33071.99829166665 96 48
33874.56579166664 34101.494791666635 96 51
35003.0129583333 35274.670374999965 96 51
36104.16287499998 36317.43287499998 96 45
36388.52287499998 36660.33587499998 96 45
37469.349874999985 37737.95037499999 96 45
38543.751875 38809.191375 96 46
39622.42200000001 39894.23500000001 96 45
37335.049624999985 37603.650124999986 98 42
38409.451625 38550.3878625 98 42
39482.353041666676 39639.41031250001 98 43
37200.74937499998 37469.349874999985 101 45
38275.151375 38543.751875 101 45
39346.904791666675 39505.28883333335 101 45
47588.69205833333 51174.82522708333 101 42
