119970.72317708303 121409.68939583303 28 74
122805.17517708305 124232.77211458306 28 74
165738.827427083 167177.79364583295 28 74
168573.27942708298 170000.876364583 28 74
116923.09455208309 117139.97342708308 32 82
125676.44467708305 127100.98340624975 32 74
128501.20517708303 129955.44497708304 32 67
162691.19880208312 162908.07767708309 32 82
171457.797427083 172882.33615624954 32 74
174282.55792708282 175714.14405208282 32 67
179983.89775416607 182095.99012916608 32 37
191307.76976458286 192040.09017083285 32 36
194832.13576458284 196245.43167083283 32 33
196941.41026458284 199805.2142624996 32 35
202673.8025249996 205517.8881249996 32 50
214029.86228541646 216145.18641041647 32 42
216845.40278541643 218960.72691041644 32 42
219663.00128541642 221973.2692937497 32 41
125284.28767708306 125683.67512499972 34 74
171052.391927083 171475.15050208298 34 74
121387.62017708302 122818.41670833304 35 70
124212.17417708306 125656.83682708305 35 72
167155.72442708295 168585.04967708298 35 70
169980.278427083 171437.527152083 35 72
211186.68652499976 212617.2190687498 36 52
85639.4577916667 86397.31832083336 37 26
105124.63266666644 105875.21274166646 37 37
108668.47601041643 109386.81088541642 37 52
131370.11384374966 132127.60043333302 37 29
150830.68476041642 151578.10465624972 37 37
154403.7787604164 155120.6997687497 37 52
179245.94225416606 179995.9444874994 37 31
189874.4017645829 191324.3340229162 37 37
192018.49626458288 194138.36868124953 37 41
194123.31026458283 194849.50693958282 37 37
196223.83776458283 196956.3821187495 37 35
201935.84702499962 202691.87262499958 37 41
205499.8180249996 206920.1853062496 37 58
212596.4942854165 214047.93238541647 37 44
216122.59878541649 216861.96704374978 37 46
218938.13928541643 219681.2805854164 37 42
265957.37753541616 272479.2120041662 37 24
86380.91608333336 87123.79372916669 39 24
87824.33133333334 88577.54785416667 39 27
88566.72133333333 89331.34277083333 39 33
101546.97587499984 102280.55119583318 39 31
102975.41274999981 103714.1985124998 39 33
104413.22666666647 105147.54601041645 39 34
109365.60288541642 110080.80378958311 39 51
110762.30338541645 111489.67341041646 39 52
111472.61438541647 112184.15766041644 39 57
127079.16584374975 128518.86055208303 39 71
132111.20601041632 132852.2632312497 39 26
133554.04788541637 134306.89205416638 39 27
134296.07088541638 135060.3147916664 39 33
147254.636177083 147987.90996666637 39 31
148682.4619687497 149420.92351458312 39 33
150119.61576041643 150853.58972916644 39 34
155100.9056354164 155830.78089374973 39 51
156515.3573854164 157238.46265416642 39 52
157225.66838541641 157937.21166041642 39 57
172860.51859374956 174300.21330208282 39 71
87101.01954166668 87841.3444375 40 29
89309.11133333333 90037.11759374998 40 29
90744.89233333331 91497.80947916667 40 31
91482.71833333332 92224.77368333332 40 38
99382.96420833321 100122.16016666654 40 30
100818.74520833319 101564.86922499984 40 30
102263.85012499985 102987.55898333316 40 29
103693.19766666649 104429.52972083313 40 30
110060.08638541643 110783.02078958313 40 56
112166.90238541646 112887.2945395831 40 56
113563.31038541642 114299.60147916642 40 57
114278.03238541643 114995.37204166641 40 59
119970.72317708303 121409.68939583303 40 88
122805.17517708305 124232.77211458306 40 88
132831.01505208304 133571.05257916637 40 29
135038.0938854164 135765.7571416664 40 29
136473.27588541637 137225.8245729164 40 31
137210.7388854164 137952.52598541637 40 38
145091.49167708296 145828.93722083297 40 30
146526.673677083 147272.521002083 40 30
147971.2149687497 148697.63923958302 40 29
149399.93276041644 150135.91109166644 40 30
155809.8728854164 156536.07478958307 40 56
157919.95638541642 158646.05368958312 40 56
159331.41463541644 160059.07809166642 40 57
160046.13663541645 160764.94757291646 40 59
165738.827427083 167177.79364583295 40 88
168573.27942708298 170000.876364583 40 88
178535.37825416608 179267.0240374994 40 33
201225.28302499963 201956.92880833294 40 41
44174.29704166671 44934.286041666695 41 43
45720.3470416667 46309.8927916667 41 43
208347.77102499965 209770.34912083304 41 58
90020.51733333332 90767.94939583332 42 35
112867.16338541645 113580.86246041642 42 60
135749.16288541642 136496.32160416638 42 35
158625.34363541644 159348.96671041645 42 60
177113.82967708271 178553.14235416608 42 37
187747.74800416618 188465.90400208288 42 37
199803.9042645829 201243.04712499963 42 40
209749.3885249997 211187.99652291645 42 51
25371.745375 26160.427875 44 39
34767.8520416667 35564.000041666695 44 39
37883.6675416667 38689.9025416667 44 43
85639.4577916667 86397.31832083336 44 31
86380.91608333336 87123.79372916669 44 29
88566.72133333333 89331.34277083333 44 39
89309.11133333333 90037.11759374998 44 35
92207.09333333332 92936.80823958335 44 38
93634.33633333333 94401.6754270833 44 38
94381.44133333329 97985.22479166658 44 39
98676.48349999989 99404.09181249989 44 35
100107.3392083332 100841.5193958332 44 35
105857.85966666645 108684.38299583309 44 40
108668.47601041643 109386.81088541642 44 62
109365.60288541642 110080.80378958311 44 61
111472.61438541647 112184.15766041644 44 67
112166.90238541646 112887.2945395831 44 66
114976.24538541642 115699.82085208305 44 61
116384.25546874975 116937.15354583309 44 61
117110.54780208308 119984.19945833304 44 62
125676.44467708305 127100.98340624975 44 88
128501.20517708303 129955.44497708304 44 79
131370.11384374966 132127.60043333302 44 35
132111.20601041632 132852.2632312497 44 31
134296.07088541638 135060.3147916664 44 39
135038.0938854164 135765.7571416664 44 35
137934.85188541637 138662.80663958302 44 38
139361.49888541634 140130.01159791634 44 38
140108.23188541632 143695.87771666635 44 39
144385.33676041636 145114.12020833296 44 35
145815.60467708297 146549.43958333298 44 35
151563.6437604164 154415.34747708307 44 40
154403.7787604164 155120.6997687497 44 62
155100.9056354164 155830.78089374973 44 61
157225.66838541641 157937.21166041642 44 67
157919.95638541642 158646.05368958312 44 66
160744.34963541644 161469.41355208313 44 61
162152.35971874974 162711.50623749977 44 61
162878.6520520831 165755.29843749964 44 62
171457.797427083 172882.33615624954 44 88
174282.55792708282 175714.14405208282 44 79
177113.82967708271 178553.14235416608 44 37
178535.37825416608 179995.9444874994 44 33
179983.89775416607 182095.99012916608 44 44
182073.40250416606 182811.2649208327 44 37
184194.11600416608 185665.79217291612 44 37
187044.10050416616 187765.6691541662 44 42
188464.5940041662 189895.1265479162 44 49
189874.4017645829 191324.3340229162 44 44
191307.76976458286 192040.09017083285 44 42
192018.49626458288 194138.36868124953 44 49
194123.31026458283 194849.50693958282 44 45
194832.13576458284 196245.43167083283 44 39
196223.83776458283 199805.2142624996 44 41
199803.9042645829 200171.4190249996 44 40
200171.4190249996 200522.70702499963 44 40
200522.70702499963 200873.99502499963 44 40
200873.99502499963 201225.28302499963 44 40
201225.28302499963 202691.87262499958 44 41
202673.8025249996 205517.8881249996 44 60
205499.8180249996 206920.1853062496 44 69
206897.7275249996 208364.240064583 44 51
214029.86228541646 216145.18641041647 44 55
216122.59878541649 216861.96704374978 44 60
216845.40278541643 218960.72691041644 44 50
218938.13928541643 219681.2805854164 44 51
219663.00128541642 220419.4438791664 44 49
220396.3242854164 221508.8090937497 44 44
248667.54495208297 251965.541577083 44 36
255242.06895208303 258568.57562708296 44 36
258551.555952083 262001.0634354162 44 29
263732.81445208285 270149.5175354162 44 26
185652.31750416613 187064.2385999995 45 45
42599.029041666705 43390.51104166671 46 47
47327.7865416667 48126.4965416667 46 43
53619.05520833336 54410.32120833336 46 43
125284.28767708306 125683.67512499972 46 88
171052.391927083 171475.15050208298 46 88
121387.62017708302 122818.41670833304 47 83
124212.17417708306 125656.83682708305 47 85
167155.72442708295 168585.04967708298 47 83
169980.278427083 171437.527152083 47 85
87824.33133333334 88577.54785416667 48 33
101546.97587499984 102280.55119583318 48 38
102975.41274999981 103714.1985124998 48 39
110762.30338541645 111489.67341041646 48 62
133554.04788541637 134306.89205416638 48 33
147254.636177083 147987.90996666637 48 38
148682.4619687497 149420.92351458312 48 39
156515.3573854164 157238.46265416642 48 62
211186.68652499976 212617.2190687498 48 59
12733.740375 13354.429875 49 35
27706.262375000002 28499.711375 49 31
30054.911375000003 30792.667875000003 49 36
60259.467958333364 60864.14420833337 49 35
73020.73929166667 73641.42879166667 49 35
87101.01954166668 87841.3444375 49 35
90744.89233333331 91497.80947916667 49 38
91482.71833333332 92224.77368333332 49 46
92914.30733333335 93653.01395833332 49 41
97970.40383333326 98692.50167708323 49 33
99382.96420833321 100122.16016666654 49 37
100818.74520833319 101564.86922499984 49 37
102263.85012499985 102987.55898333316 49 35
103693.19766666649 104429.52972083313 49 37
110060.08638541643 110783.02078958313 49 67
113563.31038541642 114299.60147916642 49 68
114278.03238541643 114995.37204166641 49 70
115678.98255208305 116401.91084374975 49 66
132831.01505208304 133571.05257916637 49 35
136473.27588541637 137225.8245729164 49 38
137210.7388854164 137952.52598541637 49 46
138641.81588541635 139380.16721041634 49 41
143679.58238541635 144401.34746666637 49 33
145091.49167708296 145828.93722083297 49 37
146526.673677083 147272.521002083 49 37
147971.2149687497 148697.63923958302 49 35
149399.93276041644 150135.91109166644 49 37
155809.8728854164 156536.07478958307 49 67
159331.41463541644 160059.07809166642 49 68
160046.13663541645 160764.94757291646 49 70
161447.08680208313 162170.01509374977 49 66
179245.94225416606 179995.9444874994 49 38
182796.20650416604 184216.57378541608 49 41
201935.84702499962 202691.87262499958 49 50
212596.4942854165 214047.93238541647 49 52
222905.97561874968 223510.6518687497 49 35
235873.38470208307 236489.82320208303 49 35
251953.63195208303 255444.53257708304 49 36
261980.9904520829 263861.0686437495 49 30
31676.71029166667 32439.545291666676 51 39
33188.14129166668 33756.51354166668 51 39
41030.4230416667 41779.2665416667 51 50
90020.51733333332 90767.94939583332 51 41
92207.09333333332 92936.80823958335 51 46
93634.33633333333 94401.6754270833 51 46
94381.44133333329 97985.22479166658 51 47
98676.48349999989 99404.09181249989 51 41
100107.3392083332 100841.5193958332 51 41
104413.22666666647 105147.54601041645 51 40
105857.85966666645 108684.38299583309 51 48
112867.16338541645 113580.86246041642 51 71
114976.24538541642 115699.82085208305 51 73
116384.25546874975 116937.15354583309 51 73
117110.54780208308 119984.19945833304 51 74
127079.16584374975 128518.86055208303 51 84
135749.16288541642 136496.32160416638 51 41
137934.85188541637 138662.80663958302 51 46
139361.49888541634 140130.01159791634 51 46
140108.23188541632 143695.87771666635 51 47
144385.33676041636 145114.12020833296 51 41
145815.60467708297 146549.43958333298 51 41
150119.61576041643 150853.58972916644 51 40
151563.6437604164 154415.34747708307 51 48
158625.34363541644 159348.96671041645 51 71
160744.34963541644 161469.41355208313 51 73
162152.35971874974 162711.50623749977 51 73
162878.6520520831 165755.29843749964 51 74
172860.51859374956 174300.21330208282 51 84
222410.10761874972 222924.4518374997 51 34
92914.30733333335 93653.01395833332 52 49
97970.40383333326 98692.50167708323 52 39
105124.63266666644 105875.21274166646 52 45
115678.98255208305 116401.91084374975 52 78
138641.81588541635 139380.16721041634 52 49
143679.58238541635 144401.34746666637 52 39
150830.68476041642 151578.10465624972 52 45
161447.08680208313 162170.01509374977 52 78
178535.37825416608 179267.0240374994 52 39
201225.28302499963 201956.92880833294 52 50
43004.70854166671 43776.3135416667 53 36
43776.3135416667 44191.55574375004 53 31
44550.850541666696 44958.850447916695 53 35
45327.316541666696 45733.448058333364 53 29
46113.3775416667 46543.407458333364 53 33
46927.2525416667 47340.887558333365 53 30
47720.8170416667 48143.963510416695 53 37
48507.5940416667 48907.9816666667 53 39
49274.4940416667 49692.81393750003 53 37
50071.80170833337 50497.883041666704 53 36
50857.55070833337 51264.21057500004 53 34
51622.08370833337 52051.875864583366 53 31
52413.565708333364 52851.193029166694 53 37
53223.589708333355 53633.610777083355 53 39
54007.203708333356 54434.580489583364 53 37
54798.46970833336 55209.687029166686 53 39
55582.08370833336 56003.67982500002 53 43
56388.39720833335 56814.43223333335 53 43
57199.94620833335 58434.81998750003 53 39
208347.77102499965 209770.34912083304 53 69
221528.28961874972 221973.2692937497 53 33
28499.711375 29250.921875000004 54 33
41395.8310416667 41795.95545833337 54 36
42179.8005416667 42624.3840104167 54 32
58829.924958333366 60259.467958333364 54 36
177113.82967708271 178553.14235416608 54 44
187747.74800416618 188465.90400208288 54 44
199803.9042645829 201243.04712499963 54 48
209749.3885249997 211187.99652291645 54 62
221956.2496187497 222432.83490208304 54 37
33562.439291666684 33985.22195833336 55 34
34359.52204166669 34782.5906854167 55 29
403.1175 826.5179979166667 56 24
1233.519 1613.266 56 21
1613.266 1985.9370000000004 56 23
1985.9370000000004 2351.7905000000005 56 19
2737.593 3156.7951500000004 56 24
3548.952 3939.5260000000003 56 26
3939.5260000000003 4322.9615 56 28
4322.9615 4691.0595 56 32
5063.730500000001 5627.882312500001 56 32
5839.519000000001 6265.458381250001 56 31
6648.517500000002 7837.4107250000025 56 32
7464.031750000003 7857.062250000002 56 35
7857.062250000002 8241.677750000003 56 32
8241.677750000003 9423.710750000002 56 32
9010.031750000002 9438.730775000002 56 29
9813.9235 10223.838656250002 56 26
10585.528500000004 11009.426983333338 56 27
11386.596500000003 11873.014916666669 56 27
12241.436416666667 12738.9127875 56 31
13147.533375 13590.245906249998 56 30
13983.272625 14369.075124999998 56 21
14369.075124999998 14747.863124999998 56 24
14747.863124999998 15119.933124999998 56 21
15119.933124999998 15505.735624999998 56 32
15505.735624999998 15911.415124999998 56 28
16317.094624999996 16700.530124999997 56 31
16700.530124999997 17083.965624999997 56 29
17083.965624999997 17458.263624999996 56 32
17839.361124999996 18411.939437499997 56 32
18623.576124999996 19044.540712499995 56 31
19432.574624999997 20604.338874999998 56 32
20248.088874999998 20623.088874999998 56 35
20623.088874999998 20993.459375 56 32
20993.459375 22195.695874999998 56 32
21782.016875 22469.017110416666 56 29
22583.844374999997 22993.759531249998 56 31
23355.449375 23781.01675 56 31
24156.517375 24560.327333333335 56 24
24952.516875 25486.8989 56 30
25772.279375000002 26529.431375 56 32
26529.431375 26941.83915625 56 25
27305.728375000002 27721.09233125 56 32
30465.870375000002 31260.043791666667 56 32
31260.043791666667 31699.73661666667 56 27
32071.44729166667 32455.141041666677 56 30
32813.84329166668 33200.61789166668 56 31
35160.882541666695 35628.30045833336 56 30
35942.0950416667 36343.024725000025 56 31
36713.67904166669 37114.68866875003 56 29
37480.5500416667 37890.38616666669 56 34
38286.7850416667 39093.0200416667 56 37
39093.0200416667 39471.8080416667 56 39
39471.8080416667 39850.5960416667 56 43
39850.5960416667 40216.0040416667 56 40
40613.987541666706 41039.5582416667 56 44
59735.907958333366 60277.94417708337 56 27
60662.58545833337 61085.985956250035 56 30
61492.98695833337 62622.80995833336 56 23
62250.138958333366 62646.92261458336 56 19
63008.61245833336 63432.88560208336 56 28
63819.97145833336 64589.21745833337 56 26
64208.11995833337 64970.31495833336 56 28
64589.21745833337 64984.017758333364 56 32
65343.13295833336 65914.84177083336 56 32
66126.47845833337 66554.07610416671 56 29
66935.47695833338 68126.68343333338 56 32
67750.99120833339 68146.45670833338 56 35
68146.45670833338 68541.92220833339 56 32
68541.92220833339 69734.68220833338 56 32
69321.00320833338 69928.75645833339 56 29
70122.83070833338 70522.66938333338 56 31
70882.93120833338 71288.47188333338 56 27
71683.99920833336 72173.05520833336 56 27
72541.04341666668 73191.42890416666 56 31
73434.53229166668 73878.99160833334 56 30
74270.27154166668 74658.42004166667 56 23
74658.42004166667 75039.51754166668 56 24
75039.51754166668 75413.81554166669 56 21
75413.81554166669 75799.61804166668 56 30
75799.61804166668 76205.29754166667 56 28
76610.97704166669 76999.12554166668 56 31
76999.12554166668 77380.22304166669 56 29
77380.22304166669 77756.77654166668 56 32
78133.33004166668 78701.36435416668 56 32
78913.00104166669 79342.25695208336 56 31
79721.9995416667 80940.63129166668 56 32
80537.51379166669 81343.74879166667 56 35
80940.63129166668 82582.87229166667 56 32
82140.00229166668 82601.23010000002 56 29
82983.40629166669 83383.94029166669 56 26
83383.94029166669 83760.4937916667 56 29
83760.4937916667 84137.04729166669 56 27
84137.04729166669 84504.7842916667 56 30
84504.7842916667 84872.5212916667 56 27
84872.5212916667 85251.3092916667 56 30
85251.3092916667 85639.4577916667 56 26
85639.4577916667 86010.6527916667 56 31
86010.6527916667 86380.91608333336 56 30
86380.91608333336 86739.88004166669 56 31
86739.88004166669 87101.01954166668 56 32
87101.01954166668 87462.14383333335 56 35
87462.14383333335 87824.33133333334 56 33
87824.33133333334 88195.52633333333 56 31
88195.52633333333 88566.72133333333 56 31
88566.72133333333 88937.91633333333 56 39
88937.91633333333 89309.11133333333 56 36
89309.11133333333 89664.81433333333 56 37
89664.81433333333 90020.51733333332 56 37
90020.51733333332 90382.70483333332 56 45
90382.70483333332 90744.89233333331 56 38
90744.89233333331 91113.80533333332 56 35
91113.80533333332 91482.71833333332 56 36
91482.71833333332 91844.90583333332 56 49
91844.90583333332 92207.09333333332 56 42
92207.09333333332 92560.70033333333 56 42
92560.70033333333 92914.30733333335 56 42
92914.30733333335 93274.32183333334 56 49
93274.32183333334 93634.33633333333 56 40
93634.33633333333 94007.88883333332 56 39
94007.88883333332 94381.44133333329 56 39
94381.44133333329 94754.99383333328 56 49
94754.99383333328 95121.60733333329 56 40
95121.60733333329 95481.62183333328 56 42
95481.62183333328 95841.63633333327 56 41
95841.63633333327 96190.18883333326 56 42
96190.18883333326 96545.21833333327 56 41
96545.21833333327 96895.34533333327 56 40
96895.34533333327 97250.37483333326 56 40
97250.37483333326 97610.38933333325 56 44
97610.38933333325 97970.40383333326 56 39
97970.40383333326 98322.8409999999 56 39
98322.8409999999 98676.48349999989 56 37
98676.48349999989 99032.78833333323 56 41
99032.78833333323 99382.96420833321 56 37
99382.96420833321 99745.15170833321 56 35
99745.15170833321 100107.3392083332 56 35
100107.3392083332 100463.0422083332 56 40
100463.0422083332 100818.74520833319 56 35
100818.74520833319 101183.13220833318 56 35
101183.13220833318 101546.97587499984 56 31
101546.97587499984 101905.06079166652 56 38
101905.06079166652 102263.85012499985 56 35
102263.85012499985 102619.12783333319 56 35
102619.12783333319 102975.41274999981 56 33
102975.41274999981 103332.44583333316 56 38
103332.44583333316 103693.19766666649 56 40
103693.19766666649 104053.21216666648 56 41
104053.21216666648 104413.22666666647 56 44
104413.22666666647 104768.92966666644 56 46
104768.92966666644 105124.63266666644 56 48
105124.63266666644 105491.24616666646 56 49
105491.24616666646 105857.85966666645 56 51
105857.85966666645 106204.92116666645 56 53
106204.92116666645 106562.14916666645 56 45
106562.14916666645 106904.22466666646 56 46
106904.22466666646 107241.27049999978 56 47
107254.90191666645 107575.65341458311 56 48
107590.03776874978 107945.41001041644 56 49
107945.41001041644 108306.94301041643 56 50
108306.94301041643 108668.47601041643 56 51
108668.47601041643 109015.53751041643 56 51
109015.53751041643 109365.60288541642 56 49
109365.60288541642 109704.93088541643 56 49
109704.93088541643 110060.08638541643 56 49
110060.08638541643 110415.24188541644 56 52
110415.24188541644 110762.30338541645 56 50
110762.30338541645 111117.45888541645 56 48
111117.45888541645 111472.61438541647 56 48
111472.61438541647 111813.79488541644 56 55
111813.79488541644 112166.90238541646 56 51
112166.90238541646 112512.00788541643 56 51
112512.00788541643 112867.16338541645 56 51
112867.16338541645 113212.26888541643 56 56
113212.26888541643 113563.31038541642 56 51
113563.31038541642 113914.35188541643 56 51
113914.35188541643 114278.03238541643 56 51
114278.03238541643 114623.1378854164 56 62
114623.1378854164 114976.24538541642 56 57
114976.24538541642 115327.49421874975 56 57
115327.49421874975 115678.98255208305 56 57
115678.98255208305 116031.81001041639 56 58
116031.81001041639 116384.25546874975 56 57
116384.25546874975 116735.64130208308 56 57
116735.64130208308 117110.54780208308 56 57
117110.54780208308 117461.29792708307 56 67
117461.29792708307 117812.89284374972 56 62
117812.89284374972 118162.64938541637 56 63
118162.64938541637 118513.5838437497 56 64
118513.5838437497 118869.1040937497 56 66
118869.1040937497 119229.55567708303 56 66
119229.55567708303 119596.55534374969 56 67
119596.55534374969 119970.72317708303 56 68
128854.31267708301 129211.540677083 56 63
129211.540677083 129573.07367708301 56 57
129573.07367708301 129934.60667708302 56 49
129934.60667708302 130293.83542708308 56 46
130293.83542708308 130653.23605208306 56 42
130653.23605208306 131010.88063541635 56 39
131010.88063541635 131370.11384374966 56 36
131370.11384374966 131741.12534374968 56 35
131741.12534374968 132111.20601041632 56 33
132111.20601041632 132470.01992708302 56 33
132470.01992708302 132831.01505208304 56 33
132831.01505208304 133191.99138541636 56 35
133191.99138541636 133554.04788541637 56 33
133554.04788541637 133925.0593854164 56 31
133925.0593854164 134296.07088541638 56 31
134296.07088541638 134667.0823854164 56 39
134667.0823854164 135038.0938854164 56 36
135038.0938854164 135393.6283854164 56 37
135393.6283854164 135749.16288541642 56 37
135749.16288541642 136111.21938541636 56 45
136111.21938541636 136473.27588541637 56 38
136473.27588541637 136842.0073854164 56 35
136842.0073854164 137210.7388854164 56 36
137210.7388854164 137572.7953854164 56 49
137572.7953854164 137934.85188541637 56 42
137934.85188541637 138288.33388541636 56 42
138288.33388541636 138641.81588541635 56 42
138641.81588541635 139001.65738541636 56 49
139001.65738541636 139361.49888541634 56 40
139361.49888541634 139734.8653854163 56 39
139734.8653854163 140108.23188541632 56 39
140108.23188541632 140481.59838541632 56 49
140481.59838541632 140848.07788541634 56 40
140848.07788541634 141193.30238541632 56 42
141193.30238541632 141551.72538541636 56 41
141551.72538541636 141907.25988541637 56 42
141907.25988541637 142262.79438541635 56 41
142262.79438541635 142604.86988541638 56 40
142604.86988541638 142959.8993854164 56 40
142959.8993854164 143319.74088541637 56 44
143319.74088541637 143679.58238541635 56 39
143679.58238541635 144031.85401041634 56 39
144031.85401041634 144385.33676041636 56 37
144385.33676041636 144741.479177083 56 41
144741.479177083 145091.49167708296 56 37
145091.49167708296 145453.54817708296 56 35
145453.54817708296 145815.60467708297 56 35
145815.60467708297 146171.13917708298 56 40
146171.13917708298 146526.673677083 56 35
146526.673677083 146890.928177083 56 35
146890.928177083 147254.636177083 56 31
147254.636177083 147612.5753854164 56 38
147612.5753854164 147971.2149687497 56 35
147971.2149687497 148326.3390937497 56 35
148326.3390937497 148682.4619687497 56 33
148682.4619687497 149039.33967708307 56 38
149039.33967708307 149399.93276041644 56 40
149399.93276041644 149759.77426041642 56 41
149759.77426041642 150119.61576041643 56 44
150119.61576041643 150475.15026041644 56 46
150475.15026041644 150830.68476041642 56 48
150830.68476041642 151197.1642604164 56 49
151197.1642604164 151563.6437604164 56 51
151563.6437604164 151910.7052604164 56 53
151910.7052604164 152267.93326041638 56 45
152267.93326041638 152621.0407604164 56 46
152621.0407604164 152974.14826041638 56 47
152974.14826041638 153322.55617708305 56 48
153322.55617708305 153680.71276041638 56 49
153680.71276041638 154042.24576041638 56 50
154042.24576041638 154403.7787604164 56 51
154403.7787604164 154750.84026041636 56 51
154750.84026041636 155100.9056354164 56 49
155100.9056354164 155440.2336354164 56 49
155440.2336354164 155809.8728854164 56 49
155809.8728854164 156168.2958854164 56 52
156168.2958854164 156515.3573854164 56 50
156515.3573854164 156870.51288541642 56 48
156870.51288541642 157225.66838541641 56 48
157225.66838541641 157566.84888541643 56 55
157566.84888541643 157919.95638541642 56 51
157919.95638541642 158265.06188541642 56 51
158265.06188541642 158625.34363541644 56 51
158625.34363541644 158980.37313541645 56 56
158980.37313541645 159331.41463541644 56 51
159331.41463541644 159682.45613541643 56 51
159682.45613541643 160046.13663541645 56 51
160046.13663541645 160391.24213541643 56 62
160391.24213541643 160744.34963541644 56 57
160744.34963541644 161095.59846874978 56 57
161095.59846874978 161447.08680208313 56 57
161447.08680208313 161799.91426041644 56 58
161799.91426041644 162152.35971874974 56 57
162152.35971874974 162503.7455520831 56 57
162503.7455520831 162878.6520520831 56 57
162878.6520520831 163229.40217708307 56 67
163229.40217708307 163580.9970937497 56 62
163580.9970937497 163930.7536354163 56 63
163930.7536354163 164281.68809374963 56 64
164281.68809374963 164637.20834374963 56 66
164637.20834374963 164997.65992708298 56 66
164997.65992708298 165364.65959374962 56 67
165364.65959374962 165738.827427083 56 68
182073.40250416606 182811.2649208327 56 44
182796.20650416604 184216.57378541608 56 49
184194.11600416608 185665.79217291612 56 44
187044.10050416616 187765.6691541662 56 51
188464.5940041662 188832.10876458287 56 39
188832.10876458287 189183.39676458287 56 39
189183.39676458287 189528.8992645829 56 39
189528.8992645829 189874.4017645829 56 39
189874.4017645829 190229.68376458288 56 38
190229.68376458288 190584.96576458288 56 38
190584.96576458288 190946.3677645829 56 38
190946.3677645829 191307.76976458286 56 38
191307.76976458286 191669.17176458286 56 39
191669.17176458286 192018.49626458288 56 39
192018.49626458288 192363.99876458288 56 38
192363.99876458288 192709.50126458288 56 38
192709.50126458288 193055.00376458286 56 38
193055.00376458286 193400.50626458286 56 38
193400.50626458286 193761.90826458283 56 38
193761.90826458283 194123.31026458283 56 38
194123.31026458283 194484.71226458283 56 42
194484.71226458283 194832.13576458284 56 42
194832.13576458284 195179.55926458281 56 39
195179.55926458281 195532.83276458282 56 39
195532.83276458282 195878.33526458283 56 41
195878.33526458283 196223.83776458283 56 41
196223.83776458283 196569.34026458283 56 39
196569.34026458283 196941.41026458284 56 39
196941.41026458284 197300.73476458286 56 39
197300.73476458286 197660.05926458284 56 39
197660.05926458284 198013.33276458285 56 39
198013.33276458285 198366.60626458286 56 39
198366.60626458286 198725.93076458288 56 39
198725.93076458288 199085.25526458287 56 39
199085.25526458287 199444.5797645829 56 39
199444.5797645829 199803.9042645829 56 39
206897.7275249996 208364.240064583 56 61
211186.68652499976 211554.20128541646 56 47
211554.20128541646 211905.4892854165 56 47
211905.4892854165 212250.9917854165 56 47
212250.9917854165 212596.4942854165 56 48
212596.4942854165 212951.77628541648 56 47
212951.77628541648 213307.05828541648 56 48
213307.05828541648 213668.46028541648 56 48
213668.46028541648 214029.86228541646 56 48
214029.86228541646 214391.26428541646 56 50
214391.26428541646 214740.58878541648 56 50
214740.58878541648 215086.09128541648 56 48
215086.09128541648 215431.59378541648 56 48
215431.59378541648 215777.09628541645 56 47
215777.09628541645 216122.59878541649 56 47
216122.59878541649 216484.00078541643 56 47
216484.00078541643 216845.40278541643 56 46
216845.40278541643 217206.80478541643 56 47
217206.80478541643 217556.12928541642 56 46
217556.12928541642 217901.63178541645 56 44
217901.63178541645 218247.13428541645 56 42
218247.13428541645 218592.63678541643 56 41
218592.63678541643 218938.13928541643 56 40
218938.13928541643 219299.5412854164 56 39
219299.5412854164 219663.00128541642 56 39
219663.00128541642 220028.5872854164 56 38
220028.5872854164 220396.3242854164 56 38
220396.3242854164 220766.2377854164 56 34
220766.2377854164 221138.67911874971 56 34
221138.67911874971 221528.28961874972 56 37
221528.28961874972 221956.2496187497 56 37
221956.2496187497 222410.10761874972 56 40
222410.10761874972 222905.97561874968 56 37
223309.0931187497 223735.98718749968 56 30
224139.49461874968 224525.2971187497 56 19
224525.2971187497 224904.0851187497 56 23
224904.0851187497 225262.5081187497 56 19
225262.5081187497 225648.3106187497 56 27
225648.3106187497 226053.9901187497 56 28
226459.6696187497 226850.2436187497 56 26
226850.2436187497 227215.6516187497 56 28
227215.6516187497 227592.0631187497 56 32
227970.8511187497 228541.11993124968 56 32
228752.7566187497 229177.03773541635 56 31
229561.7551187497 230750.64834374972 56 32
230377.26936874972 230770.29986874975 56 35
230770.29986874975 231163.33036874974 56 32
231163.33036874974 232356.09036874975 56 32
231942.41136874977 232422.8460354164 56 29
232746.30311874975 233156.21827499976 56 31
233517.90811874976 233946.02831874977 56 31
234333.98424374976 234880.45248541643 56 31
235270.5793270831 236042.90528958305 56 31
236284.34370208305 236725.63923333303 56 30
237118.66595208304 237504.46845208303 56 20
237504.46845208303 237883.25645208303 56 24
237883.25645208303 238255.32645208304 56 21
238255.32645208304 238641.12895208303 56 30
238641.12895208303 239046.80845208303 56 28
239452.48795208303 239835.92345208302 56 31
239835.92345208302 240219.358952083 56 29
240219.358952083 240593.656952083 56 33
240974.75445208297 241547.332764583 56 35
249075.874952083 249484.204952083 56 29
249484.204952083 249892.534952083 56 29
249892.534952083 250300.864952083 56 29
250300.864952083 250709.19495208302 56 29
250709.19495208302 251117.524952083 56 29
251117.524952083 251525.85495208303 56 29
251525.85495208303 251953.63195208303 56 29
251953.63195208303 252361.96195208302 56 36
252361.96195208302 252770.29195208303 56 29
252770.29195208303 253178.62195208302 56 29
253178.62195208302 253586.95195208304 56 29
253586.95195208304 253995.28195208305 56 29
253995.28195208305 254403.61195208304 56 29
254403.61195208304 254822.84045208307 56 29
254822.84045208307 255242.06895208303 56 29
255242.06895208303 255650.39895208305 56 36
255650.39895208305 256058.72895208307 56 29
256058.72895208307 256472.40795208307 56 29
256472.40795208307 256886.08695208307 56 29
256886.08695208307 257291.76645208304 56 27
257291.76645208304 257697.445952083 56 27
257697.445952083 258103.12545208295 56 26
258103.12545208295 258551.555952083 56 26
258551.555952083 259005.41395208295 56 26
259005.41395208295 259423.82395208295 56 26
259423.82395208295 259842.23395208296 56 26
259842.23395208296 260260.64395208293 56 26
260260.64395208293 260679.05395208293 56 26
260679.05395208293 261097.46395208294 56 26
261097.46395208294 261515.87395208294 56 26
261515.87395208294 261980.9904520829 56 26
261980.9904520829 262418.9464520829 56 26
262418.9464520829 262856.90245208284 56 26
262856.90245208284 263294.85845208284 56 26
263294.85845208284 263732.81445208285 56 26
263732.81445208285 264189.1976187495 56 26
264189.1976187495 264652.6876749996 56 26
264652.6876749996 265169.9760354162 56 26
265169.9760354162 265957.37753541616 56 26
265957.37753541616 272479.2120041662 56 23
46526.7185416667 47327.7865416667 57 27
52027.76320833337 52611.29845833337 57 36
185652.31750416613 187064.2385999995 57 53
4691.0595 5436.401500000001 58 35
17458.263624999996 18220.458624999996 58 35
28499.711375 29250.921875000004 58 39
29250.921875000004 30054.911375000003 58 26
36330.2435416667 37097.11454166669 58 30
41779.2665416667 42599.029041666705 58 36
43390.51104166671 44174.29704166671 58 30
44934.286041666695 45720.3470416667 58 30
51238.648208333376 52027.76320833337 58 25
64970.31495833336 65723.36095833336 58 35
77756.77654166668 78509.88354166668 58 35
190584.96576458288 191324.3340229162 58 46
192709.50126458288 193423.09388958287 58 46
227592.0631187497 228349.63911874968 58 35
240593.656952083 241355.85195208297 58 38
248667.54495208297 250322.982827083 58 37
26917.579875000003 27706.262375000002 59 30
27706.262375000002 28499.711375 59 36
32439.545291666676 33188.14129166668 59 31
35564.000041666695 36330.2435416667 59 32
38689.9025416667 40240.8780104167 59 32
40216.0040416667 41030.4230416667 59 39
119970.72317708303 120330.09067708303 59 74
120330.09067708303 120679.17167708304 59 70
120679.17167708304 121028.25267708303 59 70
121028.25267708303 121387.62017708302 59 66
121387.62017708302 121740.72767708304 59 74
121740.72767708304 122087.78917708303 59 70
122087.78917708303 122434.85067708304 59 70
122434.85067708304 122805.17517708305 59 66
122805.17517708305 123158.28267708306 59 74
123158.28267708306 123503.38817708305 59 70
123503.38817708305 123848.49367708305 59 70
123848.49367708305 124212.17417708306 59 66
124212.17417708306 124565.28167708305 59 74
124565.28167708305 124918.38917708305 59 70
124918.38917708305 125284.28767708306 59 70
125284.28767708306 125676.44467708305 59 70
125676.44467708305 126023.50617708307 59 74
126023.50617708307 126376.61367708308 59 70
126376.61367708308 126728.74046874975 59 70
126728.74046874975 127079.16584374975 59 66
127079.16584374975 127429.42709374973 59 74
127429.42709374973 127780.68834374972 59 70
127780.68834374972 128133.10717708302 59 70
128133.10717708302 128501.20517708303 59 66
128501.20517708303 129193.67927708302 59 62
165738.827427083 166098.19492708298 59 74
166098.19492708298 166447.27592708296 59 70
166447.27592708296 166796.35692708293 59 70
166796.35692708293 167155.72442708295 59 66
167155.72442708295 167508.83192708297 59 74
167508.83192708297 167855.89342708298 59 70
167855.89342708298 168202.95492708296 59 70
168202.95492708296 168573.27942708298 59 66
168573.27942708298 168926.386927083 59 74
168926.386927083 169271.492427083 59 70
169271.492427083 169616.59792708297 59 70
169616.59792708297 169980.278427083 59 66
169980.278427083 170317.201833333 59 74
170333.38592708303 170686.493427083 59 70
170686.493427083 171052.391927083 59 70
171052.391927083 171457.797427083 59 70
171457.797427083 171804.858927083 59 74
171804.858927083 172157.96642708298 59 70
172157.96642708298 172510.0932187496 59 70
172510.0932187496 172860.51859374956 59 66
172860.51859374956 173210.7798437495 59 74
173210.7798437495 173562.04109374952 59 70
173562.04109374952 173914.45992708282 59 70
173914.45992708282 174282.55792708282 59 66
174282.55792708282 174975.0320270828 59 62
6250.534000000001 8621.997837500003 60 45
9423.710750000002 11009.426983333338 60 42
11797.611500000003 12278.749833333335 60 27
19034.591124999995 21407.249079166664 60 45
22195.695874999998 23781.01675 60 44
26160.427875 26917.579875000003 60 30
48888.6915416667 49340.40495833337 60 36
54410.32120833336 55186.618208333355 60 37
55990.413708333355 56799.41220833335 60 43
59274.36945833337 60259.467958333364 60 32
66537.49345833337 68946.23541250004 60 45
69734.68220833338 70508.63320833338 60 44
70508.63320833338 71283.46520833336 60 40
72098.19370833338 72578.35683333334 60 27
79324.01604166669 81854.33631041666 60 45
110762.30338541645 111489.67341041646 60 59
156515.3573854164 157238.46265416642 60 59
177113.82967708271 178553.14235416608 60 47
188464.5940041662 189895.1265479162 60 47
191307.76976458286 192040.09017083285 60 47
194832.13576458284 195548.66829583282 60 47
196941.41026458284 199805.2142624996 60 47
199803.9042645829 201243.04712499963 60 51
215431.59378541648 216145.18641041647 60 50
218247.13428541645 218960.72691041644 60 44
220396.3242854164 221508.8090937497 60 40
229163.77161874968 231570.9601020831 60 45
232356.09036874975 233946.02831874977 60 44
234782.09178541644 235310.90191041646 60 27
250300.864952083 251965.541577083 60 37
256058.72895208307 257271.48247708305 60 44
257697.445952083 258568.57562708296 60 40
258551.555952083 262001.0634354162 60 31
814.2905000000001 2375.90315625 61 17
2351.7905000000005 3143.2725 61 21
5436.401500000001 6250.534000000001 61 35
8612.048250000003 9423.710750000002 61 44
10986.062500000004 11393.446750000003 61 26
13564.044124999999 15919.866781249997 61 18
18220.458624999996 19034.591124999995 61 35
21384.033375 22195.695874999998 61 40
23755.983375 24551.982875 61 29
24551.982875 25371.745375 61 27
28101.727875 28513.414175 61 33
28865.119375000002 29265.660518750003 61 33
29643.952375000004 30070.3223375 61 25
30857.359291666668 31676.71029166667 61 27
33968.948041666685 34563.68704166669 61 27
36330.2435416667 37097.11454166669 61 36
37097.11454166669 37883.6675416667 61 30
43390.51104166671 44174.29704166671 61 30
44934.286041666695 45720.3470416667 61 30
48126.4965416667 48888.6915416667 61 36
50485.48070833337 51238.648208333376 61 36
51238.648208333376 52027.76320833337 61 25
55186.618208333355 55990.413708333355 61 41
56799.41220833335 58434.81998750003 61 44
58410.34445833336 59274.36945833337 61 35
61073.75845833337 62646.92261458336 61 17
62622.80995833336 63414.29195833336 61 19
65723.36095833336 66537.49345833337 61 35
68923.01970833339 69734.68220833338 61 44
71283.46520833336 71694.27458333336 61 29
73851.04304166666 76218.82019166667 61 18
78509.88354166668 79324.01604166669 61 35
110060.08638541643 110783.02078958313 61 67
113563.31038541642 114995.37204166641 61 68
155809.8728854164 156536.07478958307 61 67
159331.41463541644 160764.94757291646 61 68
178535.37825416608 179995.9444874994 61 50
185652.31750416613 188465.90400208288 61 51
189874.4017645829 190603.03586458287 61 46
190584.96576458288 191324.3340229162 61 55
192018.49626458288 192726.77638958287 61 46
192709.50126458288 193423.09388958287 61 55
193400.50626458286 194138.36868124953 61 46
194123.31026458283 194849.50693958282 61 50
196223.83776458283 196956.3821187495 61 47
201225.28302499963 202691.87262499958 61 58
208347.77102499965 208707.09552499966 61 59
208707.09552499966 209058.38352499966 61 59
209058.38352499966 209403.88602499967 61 58
209403.88602499967 209749.3885249997 61 58
209749.3885249997 210108.7130249997 61 55
210108.7130249997 210468.0375249997 61 53
210468.0375249997 210827.36202499975 61 53
210827.36202499975 211186.68652499976 61 53
212596.4942854165 213325.12838541646 61 48
213307.05828541648 214047.93238541647 61 49
214029.86228541646 215448.86891041647 61 51
216122.59878541649 218264.40941041644 61 47
218938.13928541643 219681.2805854164 61 48
219663.00128541642 220419.4438791664 61 46
223720.26611874969 226067.5127687497 61 17
228349.63911874968 229163.77161874968 61 35
231544.42786874974 232356.09036874975 61 44
233918.44211874978 234348.47699374976 61 29
236699.43745208305 239058.64077083304 61 18
251953.63195208303 254383.19545208305 61 37
253995.28195208305 254428.0669479164 61 41
255032.45470208305 255444.53257708304 61 41
255242.06895208303 256451.7240020831 61 45
261980.9904520829 270149.5175354162 61 27
265957.37753541616 272479.2120041662 61 23
3143.2725 5627.882312500001 63 35
15911.415124999998 18411.939437499997 63 35
26160.427875 26917.579875000003 63 30
26917.579875000003 27706.262375000002 63 30
32439.545291666676 33188.14129166668 63 31
33968.948041666685 34563.68704166669 63 34
35564.000041666695 36330.2435416667 63 37
38689.9025416667 40240.8780104167 63 37
46526.7185416667 47327.7865416667 63 29
48888.6915416667 49340.40495833337 63 43
49676.33620833337 50485.48070833337 63 36
52027.76320833337 52611.29845833337 63 43
52828.124208333364 53421.32245833336 63 30
54410.32120833336 55186.618208333355 63 45
55990.413708333355 56799.41220833335 63 51
59274.36945833337 60259.467958333364 63 37
63414.29195833336 65914.84177083336 63 35
76205.29754166667 78701.36435416668 63 35
81734.32279166667 82582.87229166667 63 39
112867.16338541645 113580.86246041642 63 71
114976.24538541642 115699.82085208305 63 73
116384.25546874975 117139.97342708308 63 73
117110.54780208308 119984.19945833304 63 74
121387.62017708302 122818.41670833304 63 88
124212.17417708306 128518.86055208303 63 88
128501.20517708303 129193.67927708302 63 74
158625.34363541644 159348.96671041645 63 71
160744.34963541644 161469.41355208313 63 73
162152.35971874974 162908.07767708309 63 73
162878.6520520831 165755.29843749964 63 74
167155.72442708295 168585.04967708298 63 88
169980.278427083 174300.21330208282 63 88
174282.55792708282 174975.0320270828 63 74
179983.89775416607 182811.2649208327 63 51
184194.11600416608 184933.72559999942 63 51
184912.76500416608 185665.79217291612 63 46
188464.5940041662 189895.1265479162 63 56
191307.76976458286 192040.09017083285 63 56
194832.13576458284 195548.66829583282 63 56
195532.83276458282 196245.43167083283 63 49
196941.41026458284 199805.2142624996 63 56
199803.9042645829 201243.04712499963 63 51
202673.8025249996 204789.58430833297 63 63
204768.50252499964 205517.8881249996 63 69
206897.7275249996 207637.33712083296 63 71
207616.37652499962 208364.240064583 63 63
211186.68652499976 212617.2190687498 63 56
215431.59378541648 216145.18641041647 63 57
218247.13428541645 218960.72691041644 63 50
220396.3242854164 221508.8090937497 63 40
226053.9901187497 228541.11993124968 63 35
239046.80845208303 239816.75167708303 63 35
248667.54495208297 251965.541577083 63 37
254403.61195208304 255221.10752708305 63 44
255242.06895208303 258568.57562708296 63 34
258551.555952083 262001.0634354162 63 31
37097.11454166669 37883.6675416667 64 36
115678.98255208305 116401.91084374975 64 78
119970.72317708303 121409.68939583303 64 88
122805.17517708305 124232.77211458306 64 88
161447.08680208313 162170.01509374977 64 78
165738.827427083 167177.79364583295 64 88
168573.27942708298 170000.876364583 64 88
182796.20650416604 183521.82572291605 64 53
183503.11100416604 184216.57378541608 64 49
189874.4017645829 190603.03586458287 64 55
192018.49626458288 192726.77638958287 64 55
193400.50626458286 194138.36868124953 64 55
194123.31026458283 194849.50693958282 64 60
196223.83776458283 196956.3821187495 64 56
205499.8180249996 206226.87683749959 64 74
206206.72252499958 206920.1853062496 64 69
213307.05828541648 214047.93238541647 64 58
214029.86228541646 215448.86891041647 64 60
216122.59878541649 218264.40941041644 64 56
218938.13928541643 219681.2805854164 64 48
219663.00128541642 220419.4438791664 64 46
814.2905000000001 2375.90315625 65 22
2351.7905000000005 3143.2725 65 27
5436.401500000001 6250.534000000001 65 35
10986.062500000004 11393.446750000003 65 31
13564.044124999999 15919.866781249997 65 22
18220.458624999996 19034.591124999995 65 35
23755.983375 24551.982875 65 35
24551.982875 25371.745375 65 33
27706.262375000002 28499.711375 65 36
30857.359291666668 31676.71029166667 65 34
40216.0040416667 41030.4230416667 65 46
43390.51104166671 44174.29704166671 65 36
44934.286041666695 45720.3470416667 65 36
46526.7185416667 47327.7865416667 65 37
48126.4965416667 48888.6915416667 65 44
50485.48070833337 51238.648208333376 65 43
51238.648208333376 52027.76320833337 65 36
52828.124208333364 53421.32245833336 65 37
55186.618208333355 55990.413708333355 65 50
56799.41220833335 58434.81998750003 65 53
58410.34445833336 59274.36945833337 65 43
61073.75845833337 62646.92261458336 65 27
62622.80995833336 63414.29195833336 65 30
65723.36095833336 66537.49345833337 65 35
71283.46520833336 71694.27458333336 65 35
73851.04304166666 76218.82019166667 65 26
78509.88354166668 79324.01604166669 65 35
223720.26611874969 226067.5127687497 65 26
228349.63911874968 229163.77161874968 65 35
233918.44211874978 234348.47699374976 65 35
236699.43745208305 239058.64077083304 65 26
251953.63195208303 255444.53257708304 65 37
261980.9904520829 270149.5175354162 65 34
265957.37753541616 272479.2120041662 65 27
3143.2725 5627.882312500001 66 35
6250.534000000001 7053.0167500000025 66 45
10199.726000000002 10986.062500000004 66 34
11797.611500000003 12278.749833333335 66 32
15911.415124999998 18411.939437499997 66 35
19034.591124999995 19837.073875 66 45
22969.646875 23755.983375 66 34
29250.921875000004 30054.911375000003 66 31
41779.2665416667 42599.029041666705 66 43
49676.33620833337 50485.48070833337 66 43
63414.29195833336 65914.84177083336 66 35
66537.49345833337 67339.97620833338 66 45
70508.63320833338 71283.46520833336 66 34
72098.19370833338 72578.35683333334 66 32
76205.29754166667 78701.36435416668 66 35
79324.01604166669 80126.49879166669 66 45
82582.87229166667 84158.4986166667 66 39
186362.93000416615 186698.87600416614 66 45
186698.87600416614 187044.10050416616 66 41
195532.83276458282 196245.43167083283 66 58
210468.0375249997 211187.99652291645 66 62
211186.68652499976 212617.2190687498 66 56
212596.4942854165 213325.12838541646 66 57
226053.9901187497 228541.11993124968 66 35
229163.77161874968 229966.2543687497 66 45
233132.10561874977 233918.44211874978 66 34
234782.09178541644 235310.90191041646 66 32
239046.80845208303 239816.75167708303 66 35
248667.54495208297 251965.541577083 66 37
255242.06895208303 258568.57562708296 66 39
258551.555952083 262001.0634354162 66 37
127079.16584374975 128518.86055208303 67 92
172860.51859374956 174300.21330208282 67 92
814.2905000000001 2375.90315625 68 47
6847.509250000002 7078.7051875000025 68 47
8612.048250000003 9423.710750000002 68 44
9423.710750000002 10199.726000000002 68 44
13564.044124999999 15144.045781249999 68 46
19631.566375 19855.912062499996 68 47
21384.033375 22195.695874999998 68 44
22195.695874999998 22969.646875 68 44
32813.84329166668 33200.61789166668 68 54
33898.13654166669 33985.22195833336 68 51
34767.8520416667 35628.30045833336 68 51
61073.75845833337 62646.92261458336 68 49
67134.46870833338 67365.66464583337 68 47
68923.01970833339 69734.68220833338 68 44
69734.68220833338 70508.63320833338 68 44
73851.04304166666 75437.92819791667 68 46
79920.9912916667 80152.18722916668 68 47
106204.92116666645 106562.14916666645 68 53
106562.14916666645 106904.22466666646 68 55
106904.22466666646 107241.27049999978 68 56
107254.90191666645 107575.65341458311 68 57
107590.03776874978 107945.41001041644 68 59
107945.41001041644 108306.94301041643 68 60
108306.94301041643 108668.47601041643 68 61
108668.47601041643 109015.53751041643 68 61
109015.53751041643 109365.60288541642 68 59
109365.60288541642 109704.93088541643 68 59
109704.93088541643 110060.08638541643 68 59
110060.08638541643 110415.24188541644 68 61
110415.24188541644 110762.30338541645 68 60
110762.30338541645 111117.45888541645 68 58
111117.45888541645 111472.61438541647 68 58
111472.61438541647 111813.79488541644 68 64
111813.79488541644 112166.90238541646 68 61
112166.90238541646 112512.00788541643 68 61
112512.00788541643 112867.16338541645 68 61
112867.16338541645 113212.26888541643 68 66
113212.26888541643 113563.31038541642 68 61
113563.31038541642 113914.35188541643 68 61
113914.35188541643 114278.03238541643 68 61
114278.03238541643 114623.1378854164 68 74
114623.1378854164 114976.24538541642 68 68
114976.24538541642 115327.49421874975 68 68
115327.49421874975 115678.98255208305 68 68
115678.98255208305 116031.81001041639 68 69
116031.81001041639 116384.25546874975 68 68
116384.25546874975 116735.64130208308 68 68
116735.64130208308 117110.54780208308 68 68
117110.54780208308 117461.29792708307 68 79
117461.29792708307 117812.89284374972 68 74
117812.89284374972 118162.64938541637 68 77
118162.64938541637 118513.5838437497 68 78
118513.5838437497 118869.1040937497 68 79
118869.1040937497 119229.55567708303 68 78
119229.55567708303 119596.55534374969 68 79
119596.55534374969 119970.72317708303 68 80
119970.72317708303 127100.98340624975 68 92
128501.20517708303 129193.67927708302 68 74
151910.7052604164 152267.93326041638 68 53
152267.93326041638 152621.0407604164 68 55
152621.0407604164 152974.14826041638 68 56
152974.14826041638 153322.55617708305 68 57
153322.55617708305 153680.71276041638 68 59
153680.71276041638 154042.24576041638 68 60
154042.24576041638 154403.7787604164 68 61
154403.7787604164 154750.84026041636 68 61
154750.84026041636 155100.9056354164 68 59
155100.9056354164 155440.2336354164 68 59
155440.2336354164 155809.8728854164 68 59
155809.8728854164 156168.2958854164 68 61
156168.2958854164 156515.3573854164 68 60
156515.3573854164 156870.51288541642 68 58
156870.51288541642 157225.66838541641 68 58
157225.66838541641 157566.84888541643 68 64
157566.84888541643 157919.95638541642 68 61
157919.95638541642 158265.06188541642 68 61
158265.06188541642 158625.34363541644 68 61
158625.34363541644 158980.37313541645 68 66
158980.37313541645 159331.41463541644 68 61
159331.41463541644 159682.45613541643 68 61
159682.45613541643 160046.13663541645 68 61
160046.13663541645 160391.24213541643 68 74
160391.24213541643 160744.34963541644 68 68
160744.34963541644 161095.59846874978 68 68
161095.59846874978 161447.08680208313 68 68
161447.08680208313 161799.91426041644 68 69
161799.91426041644 162152.35971874974 68 68
162152.35971874974 162503.7455520831 68 68
162503.7455520831 162878.6520520831 68 68
162878.6520520831 163229.40217708307 68 79
163229.40217708307 163580.9970937497 68 74
163580.9970937497 163930.7536354163 68 77
163930.7536354163 164281.68809374963 68 78
164281.68809374963 164637.20834374963 68 79
164637.20834374963 164997.65992708298 68 78
164997.65992708298 165364.65959374962 68 79
165364.65959374962 165738.827427083 68 80
165738.827427083 172882.33615624954 68 92
174282.55792708282 174975.0320270828 68 74
174635.6654270828 174992.8934270828 68 63
174992.8934270828 175338.1179270828 68 57
175338.1179270828 175693.14742708282 68 55
175693.14742708282 176038.63517708282 68 52
176038.63517708282 176396.9518854161 68 50
176396.9518854161 176754.5964687494 68 48
176754.5964687494 177113.82967708271 68 48
177113.82967708271 177481.51425416605 68 44
177481.51425416605 177832.80225416608 68 44
177832.80225416608 178184.09025416608 68 44
178184.09025416608 178535.37825416608 68 44
178535.37825416608 178890.66025416608 68 46
178890.66025416608 179245.94225416606 68 46
179245.94225416606 179607.34425416606 68 46
179607.34425416606 179983.89775416607 68 46
179983.89775416607 180345.29975416607 68 46
180345.29975416607 180696.58775416607 68 46
180696.58775416607 181042.09025416608 68 46
181042.09025416608 181387.59275416608 68 46
181387.59275416608 181728.17800416608 68 46
181728.17800416608 182073.40250416606 68 47
182073.40250416606 182434.80450416604 68 47
182434.80450416604 182796.20650416604 68 48
182796.20650416604 183157.60850416604 68 48
183157.60850416604 183503.11100416604 68 48
183503.11100416604 183848.61350416605 68 48
183848.61350416605 184194.11600416608 68 48
184194.11600416608 184553.44050416606 68 46
184553.44050416606 184912.76500416608 68 46
184912.76500416608 185272.0895041661 68 46
185272.0895041661 185652.31750416613 68 46
185652.31750416613 186011.64200416615 68 46
186011.64200416615 186362.93000416615 68 46
187044.10050416616 187389.32500416617 68 45
187389.32500416617 187747.74800416618 68 41
188464.5940041662 189895.1265479162 68 47
189874.4017645829 191324.3340229162 68 46
191307.76976458286 192040.09017083285 68 47
192018.49626458288 194138.36868124953 68 46
194123.31026458283 194849.50693958282 68 50
194832.13576458284 195548.66829583282 68 47
195532.83276458282 196245.43167083283 68 49
196223.83776458283 199805.2142624996 68 47
199803.9042645829 200171.4190249996 68 48
200171.4190249996 200522.70702499963 68 53
200522.70702499963 200873.99502499963 68 57
200873.99502499963 201225.28302499963 68 57
201225.28302499963 201580.56502499964 68 53
201580.56502499964 201935.84702499962 68 58
201935.84702499962 202297.2490249996 68 59
202297.2490249996 202673.8025249996 68 61
202673.8025249996 203035.20452499957 68 57
203035.20452499957 203386.4925249996 68 66
203386.4925249996 203731.9950249996 68 68
203731.9950249996 204077.4975249996 68 69
204077.4975249996 204423.00002499964 68 71
204423.00002499964 204768.50252499964 68 73
204768.50252499964 205129.9045249996 68 63
205129.9045249996 205499.8180249996 68 73
205499.8180249996 205861.22002499958 68 67
205861.22002499958 206206.72252499958 68 67
206206.72252499958 206552.22502499959 68 67
206552.22502499959 206897.7275249996 68 67
206897.7275249996 207257.0520249996 68 63
207257.0520249996 207616.37652499962 68 63
207616.37652499962 207975.70102499964 68 63
207975.70102499964 208347.77102499965 68 63
208347.77102499965 209770.34912083304 68 67
209749.3885249997 210486.0037499997 68 62
211186.68652499976 212617.2190687498 68 67
212596.4942854165 213325.12838541646 68 68
215431.59378541648 216145.18641041647 68 68
218247.13428541645 218960.72691041644 68 60
220396.3242854164 221508.8090937497 68 49
223720.26611874969 225286.6207749997 68 51
229760.7468687497 229991.94280624972 68 47
231544.42786874974 232356.09036874975 68 44
232356.09036874975 233132.10561874977 68 44
236699.43745208305 238277.83159791637 68 46
187747.74800416618 188106.1710041662 69 44
188106.1710041662 188464.5940041662 69 40
209749.3885249997 211187.99652291645 69 62
2351.7905000000005 3156.7951500000004 70 50
7053.0167500000025 8621.997837500003 70 49
15119.933124999998 15919.866781249997 70 50
19837.073875 21407.249079166664 70 49
32439.545291666676 33188.14129166668 70 54
33188.14129166668 33862.73079166668 70 59
33827.325041666685 33898.13654166669 70 51
33968.948041666685 34767.8520416667 70 54
45327.316541666696 45733.448058333364 70 54
46454.4432916667 46543.407458333364 70 53
47327.7865416667 48143.963510416695 70 51
51622.08370833337 52051.875864583366 70 53
52755.848958333365 52851.193029166694 70 55
53619.05520833336 54434.580489583364 70 51
62622.80995833336 63432.88560208336 70 49
67339.97620833338 68946.23541250004 70 49
75413.81554166669 76218.82019166667 70 48
80126.49879166669 81854.33631041666 70 49
213307.05828541648 215448.86891041647 70 69
216122.59878541649 218264.40941041644 70 67
218938.13928541643 219681.2805854164 70 57
219663.00128541642 220419.4438791664 70 55
225262.5081187497 226067.5127687497 70 50
229966.2543687497 231570.9601020831 70 49
238255.32645208304 239058.64077083304 70 51
247822.53395208297 248679.45457708297 70 44
256886.08695208307 258082.84147708298 70 46
32071.44729166667 32455.141041666677 71 51
33756.51354166668 33862.73079166668 71 51
34563.68704166669 34782.5906854167 71 47
119970.72317708303 120330.09067708303 71 88
120330.09067708303 120679.17167708304 71 83
120679.17167708304 121028.25267708303 71 83
121028.25267708303 121387.62017708302 71 79
121387.62017708302 121740.72767708304 71 88
121740.72767708304 122087.78917708303 71 83
122087.78917708303 122434.85067708304 71 83
122434.85067708304 122805.17517708305 71 79
122805.17517708305 123158.28267708306 71 88
123158.28267708306 123503.38817708305 71 83
123503.38817708305 123848.49367708305 71 83
123848.49367708305 124212.17417708306 71 79
124212.17417708306 124565.28167708305 71 88
124565.28167708305 124918.38917708305 71 83
124918.38917708305 125284.28767708306 71 83
125284.28767708306 125676.44467708305 71 83
125676.44467708305 126023.50617708307 71 88
126023.50617708307 126376.61367708308 71 83
126376.61367708308 126728.74046874975 71 83
126728.74046874975 127079.16584374975 71 79
127079.16584374975 127429.42709374973 71 88
127429.42709374973 127780.68834374972 71 83
127780.68834374972 128133.10717708302 71 83
128133.10717708302 128501.20517708303 71 79
128501.20517708303 129193.67927708302 71 88
165738.827427083 166098.19492708298 71 88
166098.19492708298 166447.27592708296 71 83
166447.27592708296 166796.35692708293 71 83
166796.35692708293 167155.72442708295 71 79
167155.72442708295 167508.83192708297 71 88
167508.83192708297 167855.89342708298 71 83
167855.89342708298 168202.95492708296 71 83
168202.95492708296 168573.27942708298 71 79
168573.27942708298 168926.386927083 71 88
168926.386927083 169271.492427083 71 83
169271.492427083 169616.59792708297 71 83
169616.59792708297 169980.278427083 71 79
169980.278427083 170317.201833333 71 88
170333.38592708303 170686.493427083 71 83
170686.493427083 171052.391927083 71 83
171052.391927083 171457.797427083 71 83
171457.797427083 171804.858927083 71 88
171804.858927083 172157.96642708298 71 83
172157.96642708298 172510.0932187496 71 83
172510.0932187496 172860.51859374956 71 79
172860.51859374956 173210.7798437495 71 88
173210.7798437495 173562.04109374952 71 83
173562.04109374952 173914.45992708282 71 83
173914.45992708282 174282.55792708282 71 79
174282.55792708282 174975.0320270828 71 88
208347.77102499965 209770.34912083304 71 67
3143.2725 5627.882312500001 72 49
15911.415124999998 18411.939437499997 72 49
24551.982875 25371.745375 72 51
44934.286041666695 45720.3470416667 72 54
45720.3470416667 46418.305666666696 72 59
46382.16804166669 46454.4432916667 72 52
46526.7185416667 47327.7865416667 72 55
51238.648208333376 52027.76320833337 72 53
52027.76320833337 52719.71133333336 72 59
52683.573708333366 52755.848958333365 72 55
52828.124208333364 53619.05520833336 72 55
63414.29195833336 65914.84177083336 72 49
76205.29754166667 78701.36435416668 72 49
81734.32279166667 82601.23010000002 72 46
177113.82967708271 178553.14235416608 72 56
182073.40250416606 182811.2649208327 72 60
184912.76500416608 185665.79217291612 72 55
199803.9042645829 201243.04712499963 72 61
204768.50252499964 205517.8881249996 72 81
207616.37652499962 208364.240064583 72 77
226053.9901187497 228541.11993124968 72 51
239046.80845208303 241547.332764583 72 49
244584.013452083 246207.33845208297 72 47
604.67625 826.5179979166667 73 44
5436.401500000001 6265.458381250001 73 51
10986.062500000004 11797.611500000003 73 46
13354.429875 13590.245906249998 73 44
18220.458624999996 19044.540712499995 73 51
23755.983375 24560.327333333335 73 46
24952.516875 25486.8989 73 49
29643.952375000004 30070.3223375 73 53
36330.2435416667 37114.68866875003 73 65
42179.8005416667 42624.3840104167 73 54
44550.850541666696 44958.850447916695 73 54
46309.8927916667 46418.305666666696 73 52
46927.2525416667 47340.887558333365 73 51
50857.55070833337 51264.21057500004 73 53
52611.29845833337 52719.71133333336 73 55
53421.32245833336 53633.610777083355 73 51
60864.14420833337 61085.985956250035 73 45
65723.36095833336 66554.07610416671 73 51
71283.46520833336 72173.05520833336 73 46
73641.42879166667 73878.99160833334 73 44
78509.88354166668 79342.25695208336 73 51
178535.37825416608 179995.9444874994 73 59
179983.89775416607 182095.99012916608 73 61
183503.11100416604 184216.57378541608 73 59
184194.11600416608 184933.72559999942 73 61
185652.31750416613 188465.90400208288 73 59
201225.28302499963 202691.87262499958 73 69
202673.8025249996 204789.58430833297 73 77
206206.72252499958 206920.1853062496 73 82
206897.7275249996 207637.33712083296 73 85
208347.77102499965 209770.34912083304 73 77
209749.3885249997 211187.99652291645 73 72
223510.6518687497 223735.98718749968 73 45
228349.63911874968 229177.03773541635 73 51
233918.44211874978 234740.7694520831 73 46
236489.82320208303 236725.63923333303 73 44
247006.315702083 247842.950452083 73 46
12175.761608333336 12316.628625 74 51
72098.19370833338 72247.3825416667 74 51
234551.37549374977 234880.45248541643 74 45
235076.4408270831 235270.5793270831 74 44
6250.534000000001 7053.0167500000025 75 54
10585.528500000004 11009.426983333338 75 49
11694.857750000003 11873.014916666669 75 45
11797.611500000003 11947.87641666667 75 51
12051.470583333336 12204.671708333335 75 46
12301.477108333334 12474.485625 75 46
19034.591124999995 19837.073875 75 54
23355.449375 23781.01675 75 49
25371.745375 27721.09233125 75 54
29250.921875000004 30054.911375000003 75 53
31676.71029166667 32439.545291666676 75 57
35564.000041666695 36343.024725000025 75 62
37883.6675416667 39093.0200416667 75 63
38689.9025416667 40240.8780104167 75 56
41779.2665416667 42599.029041666705 75 54
48888.6915416667 49692.81393750003 75 59
54410.32120833336 55209.687029166686 75 62
55990.413708333355 56814.43223333335 75 62
59274.36945833337 60277.94417708337 75 51
66537.49345833337 67339.97620833338 75 54
70882.93120833338 71288.47188333338 75 49
72225.0843416667 72358.1000416667 75 50
79324.01604166669 80126.49879166669 75 54
82582.87229166667 84158.4986166667 75 46
179983.89775416607 182095.99012916608 75 61
182073.40250416606 182811.2649208327 75 60
182796.20650416604 183521.82572291605 75 63
184194.11600416608 184933.72559999942 75 61
184912.76500416608 185665.79217291612 75 55
202673.8025249996 204789.58430833297 75 77
204768.50252499964 205517.8881249996 75 81
205499.8180249996 206226.87683749959 75 89
206897.7275249996 207637.33712083296 75 85
207616.37652499962 208364.240064583 75 77
229163.77161874968 229966.2543687497 75 54
233517.90811874976 233946.02831874977 75 49
234782.09178541644 234978.81318541645 75 51
234978.81318541645 235149.6115770831 75 46
235173.80512708312 235310.90191041646 75 45
246207.33845208297 247073.928952083 75 50
37097.11454166669 37890.38616666669 76 59
72350.71887500002 72504.27870833334 76 52
182796.20650416604 183521.82572291605 76 63
183503.11100416604 184216.57378541608 76 59
205499.8180249996 206226.87683749959 76 89
206206.72252499958 206920.1853062496 76 82
235270.5793270831 235394.00536874976 76 46
6847.509250000002 7078.7051875000025 77 56
8612.048250000003 10986.062500000004 77 53
11925.41796666667 12058.851750000002 77 46
12433.835208333334 12600.559791666667 77 46
12733.740375 13564.044124999999 77 49
19631.566375 19855.912062499996 77 56
21384.033375 23755.983375 77 53
27706.262375000002 28513.414175 77 54
28865.119375000002 29265.660518750003 77 53
30054.911375000003 31699.73661666667 77 55
40216.0040416667 41039.5582416667 77 57
41395.8310416667 41795.95545833337 77 54
42599.029041666705 44934.286041666695 77 51
48126.4965416667 48907.9816666667 77 59
50485.48070833337 51238.648208333376 77 57
55186.618208333355 56003.67982500002 77 65
56799.41220833335 59297.446383333365 77 66
60259.467958333364 61073.75845833337 77 49
67134.46870833338 67365.66464583337 77 56
68923.01970833339 71283.46520833336 77 53
72475.08164166668 72615.95083333335 77 56
73020.73929166667 73851.04304166666 77 49
79920.9912916667 80152.18722916668 77 56
222905.97561874968 223720.26611874969 77 53
229760.7468687497 229991.94280624972 77 56
231544.42786874974 233918.44211874978 77 53
234880.45248541643 234987.00991041644 77 45
235368.14329374977 235484.9445354164 77 51
235873.38470208307 236699.43745208305 77 49
245411.371452083 246273.6690354163 77 53
7053.0167500000025 8621.997837500003 78 57
12574.918766666666 12738.9127875 78 46
19837.073875 21407.249079166664 78 57
28499.711375 29250.921875000004 78 57
41030.4230416667 41779.2665416667 78 63
49676.33620833337 50497.883041666704 78 63
67339.97620833338 68946.23541250004 78 57
72868.80289166668 73191.42890416666 78 52
80126.49879166669 81854.33631041666 78 57
229966.2543687497 231570.9601020831 78 57
235726.0526604164 236042.90528958305 78 51
243782.945452083 245411.371452083 78 54
72731.941 72893.59629166666 79 53
235594.5196020831 235749.0411604164 79 53
72600.91323333334 72771.62354166668 80 54
235475.68527708307 235636.62486874976 80 55
242992.014452083 244584.013452083 80 55
241355.85195208297 243010.13995416634 82 63
