82002.36308541705 82350.18908541705 25 68
82524.10208541703 83050.45808541703 25 68
81741.49358541705 82089.31958541705 30 71
82263.23258541705 82611.05858541703 30 71
82784.97158541704 83137.41458541703 30 71
88254.50075208361 88909.4711520836 30 99
33522.14650000002 34672.588000000025 32 89
37808.90250000004 38959.34400000004 32 52
88146.97233541694 88429.9392520836 32 92
33229.46350000002 33549.80134375002 33 89
88040.30491875026 88173.71029375026 34 89
23728.20600000001 24074.932166666673 36 70
24770.62450000001 25076.179864583337 36 59
25565.966000000008 25915.310666666675 36 62
2068.964 2241.3776666666663 37 47
10440.239000000012 10612.65266666668 37 51
20345.472000000038 20516.41233333337 37 62
25037.291000000005 25215.068666666673 37 63
25827.974500000008 26105.266829166674 37 61
26614.000000000007 26963.344666666675 37 64
42074.93700000004 42268.942333333376 37 63
52981.132068750034 53153.54573541671 37 48
67741.41481875029 67803.1431937503 37 47
80437.14608541706 80784.97208541706 37 78
81480.62408541705 81828.45008541705 37 80
82002.36308541705 82350.18908541705 37 80
82524.10208541703 83050.45808541703 37 80
87934.34404375027 88093.49641875026 37 89
26089.983000000007 26439.327666666675 38 69
26876.008500000007 27157.92848750001 38 63
27138.017000000007 27491.99900000001 39 70
27930.998500000012 28215.932743750014 39 69
87829.21866875027 88013.70916875027 39 88
28193.007000000012 28542.35166666668 40 73
28979.032500000012 29291.259295833344 40 71
29765.058000000015 30114.40266666668 40 77
29241.041000000012 29415.713333333348 41 78
30027.066500000015 30327.28457291668 41 77
30813.092000000015 31162.436666666683 41 80
1034.482 1206.8956666666666 42 48
5186.142000000003 5358.55566666667 42 47
9405.757000000009 9578.170666666676 42 56
13552.760000000024 13725.173666666691 42 47
30289.075000000015 30463.747333333347 42 82
31075.100500000015 31349.331214583348 42 78
51946.65006875001 52119.06373541668 42 47
56098.3100687501 56270.723735416774 42 48
80698.01558541706 81306.71108541705 42 75
81741.49358541705 82089.31958541705 42 85
82263.23258541705 82611.05858541703 42 85
82784.97158541704 83137.41458541703 42 85
83572.19708541704 83746.11008541704 42 53
83833.06658541702 84006.97958541702 42 56
87724.91566875027 87855.39666875027 42 87
88254.50075208361 88909.4711520836 42 99
31337.109000000015 31692.664333333345 43 89
2844.825499999999 3017.2391666666654 44 68
11216.100500000015 11388.514166666682 44 66
15363.10350000003 15540.881166666695 44 64
19832.651000000034 20003.591333333366 44 62
20858.293000000038 21209.17033333337 44 62
31870.44200000001 32225.997333333347 44 81
33522.14650000002 34672.588000000025 44 106
37808.90250000004 38959.34400000004 44 62
53756.993568750055 53929.40723541672 44 62
87621.42221041693 87803.04066875027 44 86
88146.97233541694 88429.9392520836 44 92
32403.775000000016 32770.747666666684 45 86
33229.46350000002 33549.80134375002 45 106
7231.911687500008 7517.786343750008 46 57
57915.51956875014 58189.033595833476 46 66
59013.43915208346 59209.54115208347 46 69
60869.142818750166 61041.55648541683 46 86
62944.972818750204 63117.38648541687 46 94
80698.01558541706 81306.71108541705 46 75
84093.93608541702 84267.84908541702 46 57
87518.59371041694 87647.19541875027 46 86
88040.30491875026 88173.71029375026 46 89
6220.624000000005 6565.45133333334 47 66
6996.485500000008 7248.727843750008 47 64
57132.792068750125 57305.2057354168 47 66
58181.00606875015 58364.49240208347 47 66
59310.55381875014 59487.54481875013 47 80
60351.90181875015 60524.315485416824 47 84
61386.383818750175 61563.37481875017 47 88
62427.73181875019 62600.14548541686 47 91
63462.21381875021 63821.42615208355 47 94
64260.02281875023 64554.712377083575 47 94
80437.14608541706 80784.97208541706 47 78
14587.242000000027 14759.655666666693 48 62
18796.892500000027 18969.306166666698 48 62
22945.568500000016 23120.240833333348 48 68
23986.826500000006 24163.03783333334 48 72
24770.62450000001 25076.179864583337 48 70
25565.966000000008 25915.310666666675 48 73
64523.18081875025 64881.17065208358 48 104
65319.76731875028 65615.52608958361 48 100
2068.964 2241.3776666666663 49 56
3103.4459999999985 3974.668999999998 49 70
10440.239000000012 10612.65266666668 49 61
11474.721000000016 12342.839333333353 49 70
15629.77000000003 15807.547666666695 49 78
19576.240500000033 19747.18083333337 49 62
25037.291000000005 25215.068666666673 49 77
25827.974500000008 26105.266829166674 49 72
26614.000000000007 26963.344666666675 49 78
44256.73700000003 44442.54166666669 49 63
48888.3575 49070.739499999996 49 63
52981.132068750034 53153.54573541671 49 59
54015.61406875006 54886.83706875008 49 66
59834.66081875014 60007.07448541681 49 82
61910.49081875018 62082.904485416846 49 89
65587.62431875027 65944.76698541695 49 106
67772.27900625029 69721.36508541697 49 47
69149.93608541696 70551.41458541698 49 56
73149.01258541702 73497.6407520837 49 48
73668.58108541703 74017.20925208372 49 48
74188.14958541705 74537.5144187504 49 52
77304.15708541713 77651.63575208378 49 53
77822.57608541711 78170.79141875042 49 61
78343.2050854171 78585.6618041671 49 69
79393.66808541706 79741.49408541706 49 79
81654.53708541705 81828.45008541705 49 88
82002.36308541705 82176.27608541705 49 101
82524.10208541703 82698.01508541704 49 101
83659.15358541704 83833.06658541702 49 48
83920.02308541702 84093.93608541702 49 51
84354.80558541702 84528.71858541702 49 59
87416.55154375029 87569.87579375027 49 85
87934.34404375027 88093.49641875026 49 89
26089.983000000007 26439.327666666675 50 81
26876.008500000007 27157.92848750001 50 75
27138.017000000007 27491.99900000001 51 82
27930.998500000012 28215.932743750014 51 81
33522.14650000002 33699.13750000002 51 74
87315.2850437503 87441.93225208361 51 83
87829.21866875027 88013.70916875027 51 88
28193.007000000012 28542.35166666668 52 88
28979.032500000012 29291.259295833344 52 85
29765.058000000015 30114.40266666668 52 90
7248.727843750008 7517.786343750008 53 59
29241.041000000012 29415.713333333348 53 91
30027.066500000015 30327.28457291668 53 90
30813.092000000015 31162.436666666683 53 95
46416.373 46600.70466666667 53 77
57650.03306875014 58004.015068750145 53 59
58731.46506875014 59061.748318750135 53 62
72890.392085417 73236.73191875035 53 53
73931.73908541705 74275.86891875039 53 56
77047.74658541713 77391.49325208379 53 59
78084.58458541709 78429.41191875043 53 70
80437.14608541706 80784.97208541706 53 93
1.0775854166666665 172.41366666666664 54 75
258.62049999999994 431.0341666666666 54 71
517.2409999999999 689.6546666666666 54 75
1034.482 1206.8956666666666 54 57
4151.659999999999 4324.073666666666 54 73
4410.2805 4582.694166666667 54 69
4668.901000000001 4841.314666666668 54 73
5186.142000000003 5358.55566666667 54 56
8365.515193750007 8541.400000000005 54 72
8629.895500000006 8802.309166666673 54 64
8888.516000000007 9060.929666666674 54 72
9405.757000000009 9578.170666666676 54 56
12518.27800000002 12690.691666666688 54 73
12776.898500000021 12949.312166666688 54 69
13035.519000000022 13207.93266666669 54 73
13552.760000000024 13725.173666666691 54 56
30289.075000000015 30463.747333333347 54 97
31075.100500000015 31349.331214583348 54 91
33327.02450000002 33462.390387500025 54 89
33610.64200000002 33787.63300000002 54 71
33876.12850000002 34053.11950000002 54 70
50902.85114583332 51081.10240208332 54 73
51170.78856874999 51343.20223541666 54 70
51429.40906875 51601.82273541667 54 73
51946.65006875001 52119.06373541668 54 56
55063.828068750074 55236.24173541675 54 73
55322.448568750086 55494.86223541675 54 69
55581.06906875009 55753.48273541676 54 73
56098.3100687501 56270.723735416774 54 59
70292.79408541697 71413.48291875033 54 48
71327.27608541699 72449.8637520837 54 50
72361.75808541702 72714.18075208367 54 53
73412.17058541703 73756.30041875037 54 56
74451.30758541707 75571.99641875044 54 48
75485.7895854171 76612.17491875045 54 51
76525.9680854171 76872.30791875045 54 55
77566.16558541711 77909.91225208377 54 66
78569.4980229171 79219.75508541707 54 68
79654.53758541706 80263.23308541706 54 77
80698.01558541706 81306.71108541705 54 89
81828.45008541705 82002.36308541705 54 92
82350.18908541705 82524.10208541703 54 93
83050.45808541703 83224.37108541703 54 48
83224.37108541703 83398.28408541704 54 54
84180.89258541702 84354.80558541702 54 52
84615.67508541702 84789.58808541702 54 61
87214.65562708363 87365.79012708363 54 87
87724.91566875027 87855.39666875027 54 87
88254.50075208361 88909.4711520836 54 111
88915.5687145836 91375.4541520836 54 93
31337.109000000015 31692.664333333345 55 105
31603.77550000001 31890.441987500013 55 81
43717.023000000016 44166.784666666696 55 53
45874.221000000005 46326.01433333333 55 63
2327.5844999999995 2499.998166666666 56 50
2586.204999999999 2758.618666666666 56 53
3362.066499999998 3659.4037812499982 56 62
3620.686999999998 3974.668999999998 56 64
6479.244500000006 7086.171666666675 56 60
10698.859500000013 10871.27316666668 56 51
10957.480000000014 11129.893666666681 56 52
11733.341500000017 12034.725175000018 56 62
11991.96200000002 12342.839333333353 56 64
14845.862500000028 15451.992333333363 56 56
15896.436500000029 16074.214166666696 56 60
16982.976000000035 17330.454666666705 56 50
17501.395000000037 17848.1211666667 56 48
18024.332500000037 18365.858333333363 56 48
18538.272000000026 18838.918331250028 56 60
19055.51300000003 19231.724333333364 56 56
19319.83000000003 19490.770333333367 56 53
20089.061500000036 20260.00183333337 56 48
20601.882500000036 20772.82283333337 56 50
21643.229500000034 21988.05683333336 56 50
22160.470500000025 22505.297833333352 56 52
22677.711500000016 22976.136158333346 56 62
23214.127212500014 23382.249333333348 56 52
24251.143500000006 24424.303833333335 56 57
31870.44200000001 32225.997333333347 56 96
32137.10850000001 32419.83005416668 56 81
35115.065500000026 35573.781333333354 56 83
35527.90975000003 35754.020000000026 56 77
35665.52450000002 36815.96600000003 56 83
37808.90250000004 37985.89350000004 56 52
39401.82150000005 39844.29900000004 56 52
39800.05125000005 40021.290000000045 56 48
39932.79450000004 41082.84616666671 56 52
41798.00075000004 41935.61733333338 56 46
42656.95300000005 43806.97533333336 56 59
44121.80850000003 44349.63933333336 56 53
44814.151000000034 45886.645316666676 56 61
46280.83500000001 46508.53883333333 56 57
46692.870500000005 47048.85466666667 56 53
48608.32399999999 48795.013 56 57
53239.75256875004 53412.16623541671 56 48
53498.37306875005 53670.78673541672 56 50
54274.234568750064 54571.57185000007 56 59
54532.855068750076 54886.83706875008 56 62
57391.41256875014 57657.77642500014 56 56
58456.23556875014 58755.65860000014 56 56
63733.706818750215 64347.74215208357 56 70
64793.451318750245 65409.05298541695 56 71
66123.33831875029 66762.60748541696 56 77
67803.1431937503 69721.36508541697 56 47
69149.93608541696 70551.41458541698 56 30
71068.65558541699 71413.48291875033 56 44
72103.13758541702 72449.8637520837 56 42
75227.16908541709 75571.99641875044 56 46
76267.3475854171 76612.17491875045 56 47
79393.66808541706 79741.49408541706 56 79
81480.62408541705 81654.53708541705 56 97
82176.27608541705 82350.18908541705 56 86
82698.01508541704 83050.45808541703 56 89
83137.41458541703 83311.32758541704 56 59
87621.42221041693 87803.04066875027 56 86
88146.97233541694 88429.9392520836 56 103
32403.775000000016 32770.747666666684 57 103
32679.004500000017 33045.977166666686 57 79
46958.357 47324.538 57 59
48333.473 48701.6685 57 61
1.0775854166666665 172.41366666666664 58 75
517.2409999999999 689.6546666666666 58 75
1551.7229999999997 1724.1366666666665 58 48
4151.659999999999 4324.073666666666 58 73
4668.901000000001 4841.314666666668 58 73
5703.383000000003 5875.796666666671 58 48
7500.970187500008 7897.119000000008 58 56
8365.515193750007 8541.400000000005 58 72
8888.516000000007 9060.929666666674 58 72
9922.99800000001 10095.411666666678 58 47
12518.27800000002 12690.691666666688 58 73
13035.519000000022 13207.93266666669 58 73
14070.001000000026 14242.414666666693 58 47
25303.957500000008 25653.302166666672 58 62
26351.991500000007 26701.336166666675 58 63
27403.50350000001 28018.33466666668 58 68
28455.015500000012 29066.36866666668 58 70
29503.049500000012 29852.39416666668 58 73
30551.083500000015 30725.755833333347 58 79
47229.85 47529.94697499999 58 62
48063.61599999999 48425.09 58 64
50902.85114583332 51081.10240208332 58 73
51429.40906875 51601.82273541667 58 73
52463.891068750025 52636.30473541669 58 47
55063.828068750074 55236.24173541675 58 73
55581.06906875009 55753.48273541676 58 73
56615.551068750116 56787.96473541678 58 48
57650.03306875014 58004.015068750145 58 59
58731.46506875014 59061.748318750135 58 62
60093.281318750145 60265.69498541681 58 56
61127.76331875017 61300.17698541684 58 60
62169.11131875018 62341.52498541685 58 62
63203.59331875021 63376.006985416876 58 63
70292.79408541697 70810.03508541698 58 48
71327.27608541699 71672.10341875034 58 50
72361.75808541702 72714.18075208367 58 53
73412.17058541703 73756.30041875037 58 56
74451.30758541707 74796.13491875041 58 48
75485.7895854171 75832.51575208377 58 51
76525.9680854171 76872.30791875045 58 55
77566.16558541711 77909.91225208377 58 66
79654.53758541706 80263.23308541706 58 77
80958.88508541705 81132.79808541705 58 88
81306.71108541705 81480.62408541705 58 87
81741.49358541705 81915.40658541705 58 101
82263.23258541705 82437.14558541705 58 101
82784.97158541704 83137.41458541703 58 101
83050.45808541703 83224.37108541703 58 60
83485.24058541704 83659.15358541704 58 56
83746.11008541704 83920.02308541702 58 46
84006.97958541702 84180.89258541702 58 49
84441.76208541702 84615.67508541702 58 52
84876.54458541702 85049.70491875034 58 61
87518.59371041694 87647.19541875027 58 86
88040.30491875026 88173.71029375026 58 101
258.62049999999994 431.0341666666666 59 71
1293.1024999999997 1465.5161666666665 59 46
2586.204999999999 2758.618666666666 59 53
3362.066499999998 3659.4037812499982 59 62
3620.686999999998 3974.668999999998 59 64
4410.2805 4582.694166666667 59 69
5444.7625000000035 5617.176166666671 59 40
8629.895500000006 8802.309166666673 59 64
9664.37750000001 9836.791166666677 59 40
10957.480000000014 11129.893666666681 59 52
11733.341500000017 12034.725175000018 59 62
11991.96200000002 12342.839333333353 59 64
12776.898500000021 12949.312166666688 59 69
13811.380500000025 13983.794166666692 59 42
47513.91399999999 48087.22848749999 59 70
49161.930499999995 49825.107 59 56
49729.04550000001 50902.85114583332 59 64
51170.78856874999 51343.20223541666 59 70
52205.27056875001 52377.68423541669 59 42
53498.37306875005 53670.78673541672 59 50
54274.234568750064 54571.57185000007 59 59
54532.855068750076 54886.83706875008 59 62
55322.448568750086 55494.86223541675 59 69
56356.93056875011 56529.34423541678 59 46
59576.04031875013 59748.4539854168 59 57
60610.522318750154 60782.93598541683 59 60
61651.87031875017 61824.28398541684 59 62
62686.35231875019 62858.76598541687 59 63
69149.93608541696 70551.41458541698 59 30
70810.03508541698 71154.86241875033 59 50
71844.51708541701 72361.75808541702 59 50
72890.392085417 73236.73191875035 59 53
73931.73908541705 74275.86891875039 59 56
74968.54858541708 75313.37591875042 59 50
76008.7270854171 76525.9680854171 59 51
77047.74658541713 77391.49325208379 59 59
78084.58458541709 78429.41191875043 59 70
79393.66808541706 79741.49408541706 59 79
16718.659000000036 17070.312166666703 60 52
17760.015500000034 18109.438833333366 60 52
20089.061500000036 20260.00183333337 60 48
21121.45100000004 21470.815833333367 60 50
21901.850000000028 22246.677333333355 60 56
39401.82150000005 39844.29900000004 60 52
39800.05125000005 40021.290000000045 60 48
39932.79450000004 41082.84616666671 60 52
1.0775854166666665 172.41366666666664 61 75
517.2409999999999 689.6546666666666 61 75
1551.7229999999997 1724.1366666666665 61 48
2068.964 2165.9466874999994 61 74
2327.5844999999995 2499.998166666666 61 50
3620.686999999998 3974.668999999998 61 78
4151.659999999999 4324.073666666666 61 73
4668.901000000001 4841.314666666668 61 73
5703.383000000003 5875.796666666671 61 48
8365.515193750007 8541.400000000005 61 72
8888.516000000007 9060.929666666674 61 72
9922.99800000001 10095.411666666678 61 47
10440.239000000012 10537.221687500012 61 74
10698.859500000013 10871.27316666668 61 51
11991.96200000002 12342.839333333353 61 78
12518.27800000002 12690.691666666688 61 73
13035.519000000022 13207.93266666669 61 73
14070.001000000026 14242.414666666693 61 47
17244.984500000035 17587.60183333337 61 56
18279.651500000033 18796.892500000027 61 56
19319.83000000003 19490.770333333367 61 53
20601.882500000036 20772.82283333337 61 50
21384.609000000037 21729.436333333364 61 56
22419.09100000002 22945.568500000016 61 55
25303.957500000008 25653.302166666672 61 62
29503.049500000012 29852.39416666668 61 73
30551.083500000015 30725.755833333347 61 79
31603.77550000001 31890.441987500013 61 81
32137.10850000001 32419.83005416668 61 81
33137.72033333335 33327.02450000002 61 85
33229.46350000002 33424.58550000002 61 100
33424.58550000002 33549.80134375002 61 85
33699.13750000002 33876.12850000002 61 72
33964.624000000025 34141.61500000002 61 72
34230.110500000024 34407.101500000026 61 75
35115.065500000026 35573.781333333354 61 83
35527.90975000003 35754.020000000026 61 77
35665.52450000002 36815.96600000003 61 83
37533.67300000004 37717.15933333337 61 64
42074.93700000004 42220.44100000004 61 65
43186.988000000034 43363.66633333336 61 65
44256.73700000003 44396.09050000003 61 65
46692.870500000005 47048.85466666667 61 53
46958.357 47324.538 61 59
47229.85 47529.94697499999 61 62
47513.91399999999 48087.22848749999 61 70
48063.61599999999 48425.09 61 64
48333.473 48701.6685 61 61
48608.32399999999 48795.013 61 57
49161.930499999995 49825.107 61 56
49729.04550000001 50902.85114583332 61 64
50902.85114583332 51081.10240208332 61 73
51429.40906875 51601.82273541667 61 73
52463.891068750025 52636.30473541669 61 47
52981.132068750034 53078.11475625004 61 74
53239.75256875004 53412.16623541671 61 48
54532.855068750076 54886.83706875008 61 73
55063.828068750074 55236.24173541675 61 73
55581.06906875009 55753.48273541676 61 73
56615.551068750116 56787.96473541678 61 48
60093.281318750145 60265.69498541681 61 56
60610.522318750154 60782.93598541683 61 60
61127.76331875017 61300.17698541684 61 60
62169.11131875018 62341.52498541685 61 62
62686.35231875019 62858.76598541687 61 63
63203.59331875021 63376.006985416876 61 63
66123.33831875029 66762.60748541696 61 77
67834.00738125028 69721.36508541697 61 47
69721.36508541697 70551.41458541698 61 47
70551.41458541698 70896.24191875033 61 44
71585.89658541701 71930.72391875034 61 42
73149.01258541702 73497.6407520837 61 57
73668.58108541703 74017.20925208372 61 59
74188.14958541705 74537.5144187504 61 62
74709.92808541708 75054.75541875041 61 45
75744.4100854171 76267.3475854171 61 46
76784.5885854171 77133.2167520838 61 59
77304.15708541713 77651.63575208378 61 63
77822.57608541711 78170.79141875042 61 72
78343.2050854171 78585.6618041671 61 81
78585.6618041671 79219.75508541707 61 70
80611.05908541706 80784.97208541706 61 76
80784.97208541706 80958.88508541705 61 82
81132.79808541705 81306.71108541705 61 81
81567.58058541705 81741.49358541705 61 91
82089.31958541705 82263.23258541705 61 92
82611.05858541703 82784.97158541704 61 93
83398.28408541704 83572.19708541704 61 60
83746.11008541704 83920.02308541702 61 58
84267.84908541702 84441.76208541702 61 49
84702.63158541702 84876.54458541702 61 54
85136.28508541701 85309.82175208368 61 65
85658.02741875034 85832.69975208366 61 68
86183.19391875033 86359.01891875034 61 72
86711.83141875033 86888.82241875031 61 75
87416.55154375029 87569.87579375027 61 85
87934.34404375027 88093.49641875026 61 100
88961.3004333336 91375.4541520836 61 98
7265.544000000008 7517.786343750008 62 77
57650.03306875014 58004.015068750145 62 70
58731.46506875014 59061.748318750135 62 73
258.62049999999994 431.0341666666666 63 71
1293.1024999999997 1465.5161666666665 63 46
2586.204999999999 2758.618666666666 63 63
3362.066499999998 3659.4037812499982 63 73
4410.2805 4582.694166666667 63 69
5444.7625000000035 5617.176166666671 63 40
6220.624000000005 6393.0376666666725 63 77
6479.244500000006 7086.171666666675 63 71
8629.895500000006 8802.309166666673 63 64
9664.37750000001 9836.791166666677 63 40
10957.480000000014 11129.893666666681 63 62
11733.341500000017 12034.725175000018 63 73
12776.898500000021 12949.312166666688 63 69
13811.380500000025 13983.794166666692 63 42
14587.242000000027 14716.552250000028 63 77
14845.862500000028 15451.992333333363 63 68
19055.51300000003 19231.724333333364 63 56
23207.577000000016 23345.131462500012 63 52
24251.143500000006 24424.303833333335 63 57
32679.004500000017 33045.977166666686 63 79
33787.63300000002 33964.624000000025 63 77
34053.11950000002 34230.110500000024 63 81
34318.60600000002 34495.59700000002 63 83
34584.09250000003 34761.08350000003 63 87
37169.94800000003 37350.186666666705 63 69
37441.92983333337 37625.416166666706 63 65
37717.15933333337 37836.557343750035 63 62
37897.39800000004 38074.38900000004 63 54
38162.88450000004 38339.87550000004 63 56
41437.618333333376 41616.59016666671 63 49
41706.88408333338 41843.66283333338 63 48
41981.913666666704 42105.25033333337 63 44
51170.78856874999 51343.20223541666 63 70
52205.27056875001 52377.68423541669 63 42
53498.37306875005 53670.78673541672 63 60
54274.234568750064 54571.57185000007 63 70
55322.448568750086 55494.86223541675 63 69
56356.93056875011 56529.34423541678 63 46
57132.792068750125 57262.102318750134 63 74
57391.41256875014 57657.77642500014 63 66
58456.23556875014 58755.65860000014 63 66
59576.04031875013 59748.4539854168 63 57
61651.87031875017 61824.28398541684 63 62
63733.706818750215 64347.74215208357 63 70
64793.451318750245 65409.05298541695 63 71
69149.93608541696 70149.93683541697 63 47
72890.392085417 73236.73191875035 63 63
73412.17058541703 73756.30041875037 63 66
73931.73908541705 74275.86891875039 63 68
77047.74658541713 77391.49325208379 63 70
77566.16558541711 77909.91225208377 63 79
78084.58458541709 78429.41191875043 63 84
81393.66758541705 81567.58058541705 63 86
81915.40658541705 82089.31958541705 63 87
82437.14558541705 82611.05858541703 63 89
83311.32758541704 83485.24058541704 63 50
83659.15358541704 83833.06658541702 63 62
87315.2850437503 87441.93225208361 63 83
87829.21866875027 88013.70916875027 63 98
30551.083500000015 30725.755833333347 64 94
31603.77550000001 31890.441987500013 64 96
43717.023000000016 44166.784666666696 64 63
45874.221000000005 46326.01433333333 64 75
2327.5844999999995 2499.998166666666 65 60
7517.786343750008 7897.119000000008 65 56
10698.859500000013 10871.27316666668 65 61
15896.436500000029 16074.214166666696 65 71
17244.984500000035 17587.60183333337 65 56
17501.395000000037 17848.1211666667 65 48
18279.651500000033 18796.892500000027 65 68
19319.83000000003 19490.770333333367 65 63
20601.882500000036 20772.82283333337 65 60
21384.609000000037 21729.436333333364 65 56
21643.229500000034 21988.05683333336 65 50
22419.09100000002 22945.568500000016 65 64
29503.049500000012 29852.39416666668 65 88
32137.10850000001 32419.83005416668 65 96
42462.94766666672 42579.35086666672 65 59
42656.95300000005 43806.97533333336 65 70
44121.80850000003 44349.63933333336 65 63
44814.151000000034 45886.645316666676 65 72
46280.83500000001 46508.53883333333 65 69
46692.870500000005 47048.85466666667 65 63
48608.32399999999 48795.013 65 69
49161.930499999995 49825.107 65 56
49729.04550000001 50902.85114583332 65 64
53239.75256875004 53412.16623541671 65 59
60610.522318750154 60782.93598541683 65 60
62686.35231875019 62858.76598541687 65 63
69721.36508541697 70551.41458541698 65 56
71068.65558541699 71413.48291875033 65 52
72103.13758541702 72449.8637520837 65 51
75227.16908541709 75571.99641875044 65 55
76267.3475854171 76612.17491875045 65 56
79393.66808541706 79741.49408541706 65 94
1.0775854166666665 172.41366666666664 66 89
258.62049999999994 431.0341666666666 66 84
517.2409999999999 689.6546666666666 66 89
1293.1024999999997 1465.5161666666665 66 55
1551.7229999999997 1724.1366666666665 66 57
1896.5503333333331 2068.964 66 55
4151.659999999999 4324.073666666666 66 87
4410.2805 4582.694166666667 66 82
4668.901000000001 4841.314666666668 66 87
5444.7625000000035 5617.176166666671 66 48
5703.383000000003 5875.796666666671 66 57
6048.210333333338 6220.624000000005 66 65
8365.515193750007 8541.400000000005 66 86
8629.895500000006 8802.309166666673 66 77
8888.516000000007 9060.929666666674 66 86
9664.37750000001 9836.791166666677 66 48
9922.99800000001 10095.411666666678 66 56
10267.825333333345 10440.239000000012 66 67
12518.27800000002 12690.691666666688 66 87
12776.898500000021 12949.312166666688 66 81
13035.519000000022 13207.93266666669 66 87
13811.380500000025 13983.794166666692 66 50
14070.001000000026 14242.414666666693 66 56
14414.82833333336 14587.242000000027 66 65
16718.659000000036 17070.312166666703 66 52
16982.976000000035 17330.454666666705 66 50
17760.015500000034 18109.438833333366 66 52
18024.332500000037 18365.858333333363 66 59
19055.51300000003 19231.724333333364 66 68
20089.061500000036 20260.00183333337 66 57
21121.45100000004 21470.815833333367 66 50
21901.850000000028 22246.677333333355 66 56
22160.470500000025 22505.297833333352 66 52
23207.577000000016 23345.131462500012 66 62
24251.143500000006 24424.303833333335 66 69
25303.957500000008 25653.302166666672 66 73
26351.991500000007 26701.336166666675 66 77
27403.50350000001 28018.33466666668 66 80
28455.015500000012 29066.36866666668 66 84
32679.004500000017 33045.977166666686 66 94
34141.61500000002 34318.60600000002 66 78
34407.101500000026 34548.694300000025 66 77
34672.588000000025 34849.57900000003 66 80
34938.074500000024 35115.065500000026 66 78
35115.065500000026 35573.781333333354 66 100
35527.90975000003 35754.020000000026 66 92
35665.52450000002 36815.96600000003 66 100
36815.96600000003 36992.95700000003 66 69
37081.452500000036 37258.44350000004 66 66
37350.186666666705 37533.67300000004 66 61
37625.416166666706 37756.1501791667 66 59
37985.89350000004 38162.88450000004 66 54
38251.38000000004 38428.37100000004 66 54
38516.86650000004 38693.85750000004 66 56
39401.82150000005 39844.29900000004 66 52
39800.05125000005 40021.290000000045 66 48
39932.79450000004 41082.84616666671 66 52
41082.84616666671 41259.64225000004 66 51
41348.53108333338 41526.904000000046 66 49
41616.59016666671 41752.33866666671 66 48
41889.534416666706 42021.448583333375 66 46
46958.357 47324.538 66 70
48333.473 48701.6685 66 72
50902.85114583332 51081.10240208332 66 87
51170.78856874999 51343.20223541666 66 83
51429.40906875 51601.82273541667 66 87
52205.27056875001 52377.68423541669 66 51
52463.891068750025 52636.30473541669 66 56
52808.71840208337 52981.132068750034 66 64
55063.828068750074 55236.24173541675 66 87
55322.448568750086 55494.86223541675 66 82
55581.06906875009 55753.48273541676 66 87
56356.93056875011 56529.34423541678 66 55
56615.551068750116 56787.96473541678 66 59
56960.37840208346 57132.792068750125 66 64
60093.281318750145 60265.69498541681 66 66
61127.76331875017 61300.17698541684 66 60
62169.11131875018 62341.52498541685 66 73
63203.59331875021 63376.006985416876 66 63
64793.451318750245 65409.05298541695 66 71
66123.33831875029 66762.60748541696 66 77
66671.28331875028 67262.70656875029 66 79
67864.87156875028 70149.93683541697 66 56
70292.79408541697 70810.03508541698 66 59
71327.27608541699 71672.10341875034 66 60
72361.75808541702 72714.18075208367 66 63
74451.30758541707 74796.13491875041 66 59
75485.7895854171 75832.51575208377 66 61
76525.9680854171 76872.30791875045 66 64
79654.53758541706 80263.23308541706 66 90
81219.75458541705 81393.66758541705 66 93
83311.32758541704 83485.24058541704 66 63
83572.19708541704 83746.11008541704 66 50
84006.97958541702 84180.89258541702 66 58
84528.71858541702 84702.63158541702 66 51
84963.12475208369 85136.28508541701 66 56
85396.77825208368 85570.69125208368 66 67
85920.03591875032 86095.47458541699 66 72
86447.124585417 86623.33591875032 66 73
86977.3179187503 87139.65562708363 66 81
87214.65562708363 87365.79012708363 66 87
87724.91566875027 87855.39666875027 66 98
88254.50075208361 88909.4711520836 66 111
47229.85 47529.94697499999 67 75
48063.61599999999 48425.09 67 77
2241.3776666666663 2413.7913333333327 68 63
2413.7913333333327 2586.204999999999 68 67
2586.204999999999 2683.187687499999 68 75
6393.0376666666725 6565.45133333334 68 66
6565.45133333334 6737.865000000007 68 67
10612.65266666668 10785.066333333347 68 67
10785.066333333347 10957.480000000014 68 70
10957.480000000014 11054.462687500016 68 72
14759.655666666693 14932.069333333362 68 67
14932.069333333362 15104.48300000003 68 67
16718.659000000036 17070.312166666703 68 62
16982.976000000035 17330.454666666705 68 60
17501.395000000037 17848.1211666667 68 59
18024.332500000037 18365.858333333363 68 59
18538.272000000026 18926.20275000003 68 72
21121.45100000004 21470.815833333367 68 60
21643.229500000034 21988.05683333336 68 60
22160.470500000025 22505.297833333352 68 62
22677.711500000016 23076.572750000014 68 75
23986.826500000006 24118.985000000004 68 64
38074.38900000004 38251.38000000004 68 56
38339.87550000004 38516.86650000004 68 58
38605.362000000045 38782.35300000005 68 60
38870.848500000044 39047.839500000046 68 62
39401.82150000005 39844.29900000004 68 62
39800.05125000005 40021.290000000045 68 57
39932.79450000004 40817.74950000005 68 62
40729.254000000044 40906.245000000046 68 54
41259.64225000004 41392.975500000044 68 50
41526.904000000046 41661.63525000004 68 48
42268.942333333376 42462.94766666672 68 55
42833.63133333338 43010.309666666704 68 66
43010.309666666704 43186.988000000034 68 66
43363.66633333336 43540.34466666669 68 58
43540.34466666669 43658.49830208335 68 63
43896.92766666669 44076.83233333336 68 55
44076.83233333336 44256.73700000003 68 63
44442.54166666669 44628.346333333364 68 56
45167.50766666669 45344.186000000016 68 67
45344.186000000016 45520.864333333346 68 65
47513.91399999999 48087.22848749999 68 84
49161.930499999995 49537.65783333333 68 66
50593.59899999998 50902.85114583332 68 71
53153.54573541671 53325.959402083376 68 67
53325.959402083376 53498.37306875005 68 66
53498.37306875005 53595.35575625005 68 72
57305.2057354168 57477.61940208347 68 67
57477.61940208347 57612.3175791668 68 72
59576.04031875013 59748.4539854168 68 69
60610.522318750154 60782.93598541683 68 71
61651.87031875017 61824.28398541684 68 73
62686.35231875019 62858.76598541687 68 75
63733.706818750215 64347.74215208357 68 82
64793.451318750245 65409.05298541695 68 85
66123.33831875029 66762.60748541696 68 92
66671.28331875028 67262.70656875029 68 79
69149.93608541696 70149.93683541697 68 65
70149.93683541697 70551.41458541698 68 64
70810.03508541698 71154.86241875033 68 60
71844.51708541701 72361.75808541702 68 60
74968.54858541708 75313.37591875042 68 60
76008.7270854171 76525.9680854171 68 61
80437.14608541706 80611.05908541706 68 83
80871.92858541706 81045.84158541705 68 77
81045.84158541705 81219.75458541705 68 77
83920.02308541702 84093.93608541702 68 64
87621.42221041693 87803.04066875027 68 97
88146.97233541694 88429.9392520836 68 103
1724.1366666666665 1896.5503333333331 70 56
1982.7571666666663 2084.050195833333 70 53
5875.796666666671 6048.210333333338 70 70
6134.417166666672 6306.830833333339 70 68
10095.411666666678 10267.825333333345 70 61
10354.032166666679 10474.721733333346 70 65
14242.414666666693 14414.82833333336 70 59
14501.035166666694 14606.638537500028 70 59
17244.984500000035 17587.60183333337 70 68
17760.015500000034 18109.438833333366 70 62
21384.609000000037 21729.436333333364 70 68
21901.850000000028 22246.677333333355 70 68
25037.291000000005 25170.624250000008 70 70
26089.983000000007 26264.65533333334 70 73
49441.964 49825.107 70 71
50305.41449999999 50696.13149999999 70 72
52636.30473541669 52808.71840208337 70 63
52894.9252354167 52996.21826458337 70 61
56787.96473541678 56960.37840208346 70 55
57046.585235416795 57159.73170416679 70 60
57650.03306875014 57827.02406875014 70 74
57827.02406875014 58004.015068750145 70 72
58004.015068750145 58122.37780000015 70 70
61127.76331875017 61300.17698541684 70 71
63203.59331875021 63376.006985416876 70 75
69721.36508541697 70292.79408541697 70 69
78601.8255854171 79219.75508541707 70 90
79915.40708541706 80089.32008541706 70 83
80263.23308541706 80437.14608541706 70 78
80698.01558541706 80871.92858541706 70 87
83572.19708541704 83746.11008541704 70 64
83833.06658541702 84006.97958541702 70 52
84267.84908541702 84441.76208541702 70 59
84789.58808541702 84963.12475208369 70 51
85222.86525208368 85396.77825208368 70 58
85483.73475208368 85658.02741875034 70 59
86007.75525208366 86183.19391875033 70 61
86270.91325208367 86447.124585417 70 65
86535.23025208367 86711.83141875033 70 67
86800.32691875032 86977.3179187503 70 69
87518.59371041694 87647.19541875027 70 96
88040.30491875026 88173.71029375026 70 101
89007.03215208362 91375.4541520836 70 108
49729.04550000001 50330.63064374999 71 77
1206.8956666666666 1379.3093333333331 73 58
1551.7229999999997 1648.7056874999998 73 69
1810.3435 1982.7571666666663 73 67
2155.170833333333 2304.9552062499993 73 69
2327.5844999999995 2424.5671874999994 73 75
5358.55566666667 5530.969333333337 73 65
5703.383000000003 5800.365687500004 73 74
5962.003500000004 6134.417166666672 73 74
9578.170666666676 9750.584333333343 73 63
9922.99800000001 10019.98068750001 73 74
10181.618500000011 10354.032166666679 73 74
10526.445833333346 10676.230206250013 73 71
10698.859500000013 10795.842187500015 73 75
13725.173666666691 13897.587333333358 73 62
14070.001000000026 14166.983687500027 73 74
14328.621500000027 14501.035166666694 73 74
15985.325333333361 16163.103000000028 73 76
18279.651500000033 18452.065166666696 73 75
18452.065166666696 18796.892500000027 73 67
19319.83000000003 19448.035250000034 73 71
22419.09100000002 22591.504666666682 73 75
22591.504666666682 22945.568500000016 73 63
29241.041000000012 29372.045250000014 73 87
30289.075000000015 30420.079250000013 73 89
31337.109000000015 31514.88666666668 73 94
32403.775000000016 32587.26133333335 73 97
32770.747666666684 32954.23400000002 73 87
32862.49083333335 33045.977166666686 73 84
33045.977166666686 33229.46350000002 73 90
34495.59700000002 34672.588000000025 73 73
34761.08350000003 34938.074500000024 73 77
35026.57000000003 35206.80866666669 73 75
35298.55183333336 35482.038166666694 73 76
36461.984000000026 36638.97500000003 73 78
36727.47050000003 36904.461500000034 73 74
36992.95700000003 37169.94800000003 73 71
37258.44350000004 37441.92983333337 73 67
42171.93966666671 42365.94500000004 73 59
42365.94500000004 42559.950333333385 73 65
42656.95300000005 42833.63133333338 73 70
42921.97050000004 43098.64883333337 73 70
43098.64883333337 43275.3271666667 73 62
43275.3271666667 43452.00550000003 73 63
43452.00550000003 43628.68383333336 73 65
43717.023000000016 43896.92766666669 73 65
43986.88000000003 44121.80850000003 73 65
44166.784666666696 44349.63933333336 73 58
44349.63933333336 44535.444000000025 73 58
44535.444000000025 44721.248666666695 73 65
44628.346333333364 44757.248320833365 73 58
44990.82933333336 45167.50766666669 73 62
45079.16850000002 45255.84683333335 73 71
45255.84683333335 45432.52516666668 73 62
45520.864333333346 45697.54266666667 73 54
46235.65566666667 46416.373 73 63
46416.373 46554.621750000006 73 65
46600.70466666667 46700.613856250005 73 57
47513.91399999999 47697.147999999994 73 81
47697.147999999994 47880.38199999999 73 73
52119.06373541668 52291.47740208335 73 66
52463.891068750025 52560.873756250025 73 74
52722.51156875003 52894.9252354167 73 74
53067.33890208337 53217.12327500004 73 72
53239.75256875004 53336.735256250045 73 75
56270.723735416774 56443.13740208344 73 64
56615.551068750116 56712.533756250115 73 74
56874.17156875012 57046.585235416795 73 74
60351.90181875015 60481.21206875015 73 77
62427.73181875019 62557.04206875019 73 83
66671.28331875028 67262.70656875029 73 94
69026.48265208364 69721.36508541697 73 54
72103.13758541702 72537.96941875035 73 78
72890.392085417 73062.80575208367 73 62
76008.7270854171 76698.38175208378 73 63
77047.74658541713 77218.68691875046 73 69
79567.58108541706 79741.49408541706 73 72
79741.49408541706 79915.40708541706 73 78
80089.32008541706 80263.23308541706 73 72
80524.10258541706 80698.01558541706 73 77
83833.06658541702 84006.97958541702 73 66
84180.89258541702 84354.80558541702 73 59
84528.71858541702 84702.63158541702 73 64
85049.70491875034 85222.86525208368 73 54
85745.363585417 85920.03591875032 73 60
87416.55154375029 87569.87579375027 73 95
87934.34404375027 88093.49641875026 73 100
7534.602500000008 7897.119000000008 74 71
1379.3093333333331 1551.7229999999997 75 63
2758.618666666666 2931.032333333332 75 61
2931.032333333332 3068.9632666666653 75 74
3103.4459999999985 3275.859666666665 75 82
5530.969333333337 5683.986462500004 75 69
6306.830833333339 6479.244500000006 75 69
6479.244500000006 6651.658166666673 75 77
6737.865000000007 6910.278666666674 75 77
6910.278666666674 7086.171666666675 75 70
6996.485500000008 7175.857833333342 75 82
9750.584333333343 9915.454902083344 75 65
11129.893666666681 11302.307333333349 75 67
11302.307333333349 11410.065875000017 75 74
11474.721000000016 11647.134666666683 75 82
13897.587333333358 14054.914804166692 75 65
14673.448833333361 14845.862500000028 75 74
14845.862500000028 15018.276166666696 75 77
15104.48300000003 15276.896666666697 75 75
15276.896666666697 15451.992333333363 75 67
15629.77000000003 15763.10325000003 75 85
18024.332500000037 18194.5451666667 75 72
18194.5451666667 18365.858333333363 75 67
18365.858333333363 18538.272000000026 75 68
18883.09933333336 19036.11646250003 75 70
19231.724333333364 19339.06078750003 75 67
22160.470500000025 22332.88416666669 75 73
22332.88416666669 22505.297833333352 75 65
22505.297833333352 22677.711500000016 75 69
34849.57900000003 35026.57000000003 75 89
35115.065500000026 35298.55183333336 75 89
35390.29500000003 35527.90975000003 75 89
35665.52450000002 35842.51550000002 75 89
36108.00200000003 36284.99300000003 75 84
36373.48850000003 36550.47950000003 75 71
36638.97500000003 36815.96600000003 75 75
36904.461500000034 37081.452500000036 75 72
38428.37100000004 38605.362000000045 75 58
38693.85750000004 38835.45030000004 75 60
38959.34400000004 39136.33500000004 75 58
39224.83050000005 39401.82150000005 75 54
40375.27200000005 40552.26300000004 75 56
40640.75850000005 40817.74950000005 75 54
40906.245000000046 41082.84616666671 75 52
41171.14675000004 41348.53108333338 75 51
46508.53883333333 46615.681614583336 75 62
47605.530999999995 47788.76499999999 75 77
52291.47740208335 52463.891068750025 75 66
53670.78673541672 53843.20040208339 75 71
53843.20040208339 53981.13133541673 75 76
54015.61406875006 54188.027735416734 75 82
56443.13740208344 56596.15453125011 75 67
57218.99890208346 57391.41256875014 75 71
57391.41256875014 57563.826235416804 75 74
58181.00606875015 58318.62081875014 75 74
68928.56181875028 69051.23511041696 75 57
80350.18958541706 80524.10258541706 75 74
84093.93608541702 84267.84908541702 75 55
84441.76208541702 84615.67508541702 75 65
87315.2850437503 87441.93225208361 75 94
87829.21866875027 88013.70916875027 75 98
862.0683333333332 1034.482 78 72
1034.482 1131.4646874999999 78 74
1293.1024999999997 1390.0851874999998 78 71
1465.5161666666665 1563.5764395833332 78 57
1637.9298333333331 1810.3435 78 56
5013.728333333335 5186.142000000003 78 75
5186.142000000003 5283.124687500002 78 74
5444.7625000000035 5541.745187500003 78 74
5617.176166666671 5789.589833333337 78 66
5789.589833333337 5962.003500000004 78 67
9233.343333333341 9405.757000000009 78 66
9405.757000000009 9502.739687500009 78 74
9664.37750000001 9761.36018750001 78 68
9836.791166666677 10009.204833333344 78 62
10009.204833333344 10181.618500000011 78 65
13380.346333333357 13552.760000000024 78 69
13552.760000000024 13649.742687500026 78 74
13811.380500000025 13908.363187500026 78 71
13983.794166666692 14156.20783333336 78 67
14156.20783333336 14328.621500000027 78 65
23120.240833333348 23214.127212500014 78 64
23294.91316666668 23469.585500000016 78 68
23641.99916666668 23814.412833333343 78 65
23814.412833333343 23986.826500000006 78 67
24163.03783333334 24337.723666666672 78 63
24337.723666666672 24510.884000000005 78 65
24684.04433333334 24859.51333333334 78 63
24859.51333333334 25037.291000000005 78 67
25215.068666666673 25391.293666666672 78 66
25391.293666666672 25527.75642708334 78 70
25740.63833333334 25915.310666666675 78 68
25915.310666666675 26089.983000000007 78 72
26264.65533333334 26439.327666666675 78 72
26439.327666666675 26594.34936250001 78 72
26788.672333333343 26963.344666666675 78 71
26963.344666666675 27138.017000000007 78 77
27138.017000000007 27315.00800000001 78 80
27315.00800000001 27491.99900000001 78 78
27580.49450000001 27756.326166666677 78 70
27843.662333333345 28018.33466666668 78 73
28105.670833333344 28215.932743750014 78 73
28367.679333333344 28542.35166666668 78 76
28629.687833333344 28804.36016666668 78 79
28891.696333333348 29066.36866666668 78 76
29153.704833333348 29291.259295833344 78 79
32587.26133333335 32770.747666666684 78 85
35206.80866666669 35390.29500000003 78 78
35573.781333333354 35754.020000000026 78 75
35754.020000000026 35931.01100000003 78 81
36019.506500000025 36196.49750000003 78 78
36284.99300000003 36461.984000000026 78 76
36550.47950000003 36681.010362500034 78 71
38782.35300000005 38959.34400000004 78 58
39047.839500000046 39224.83050000005 78 62
39313.326000000045 39490.31700000005 78 58
39578.81250000005 39755.803500000045 78 60
40021.290000000045 40198.281000000046 78 59
40286.77650000004 40463.767500000045 78 57
40552.26300000004 40729.254000000044 78 56
40817.74950000005 40948.28036250005 78 52
51774.23640208334 51946.65006875001 78 73
51946.65006875001 52043.632756250016 78 74
52205.27056875001 52302.25325625002 78 69
52377.68423541669 52475.74450833336 78 63
52550.097902083355 52722.51156875003 78 68
55925.89640208343 56098.3100687501 78 77
56098.3100687501 56195.292756250106 78 74
56356.93056875011 56453.91325625011 78 70
56529.34423541678 56701.75790208345 78 67
56701.75790208345 56874.17156875012 78 62
60179.48815208348 60314.18632916681 78 69
60869.142818750166 60998.45306875017 78 78
62255.31815208352 62385.70598750019 78 74
62944.972818750204 63074.28306875021 78 86
68832.05848541696 68977.34231875029 78 57
71585.89658541701 71758.31025208367 78 58
71758.31025208367 71930.72391875034 78 58
72449.8637520837 72626.07508541702 78 62
72802.28641875034 72976.59891875034 78 57
73412.17058541703 73583.11091875036 78 66
75744.4100854171 75920.62141875042 78 58
75920.62141875042 76267.3475854171 78 55
76612.17491875045 76784.5885854171 78 64
76960.02725208379 77133.2167520838 78 61
77566.16558541711 77737.10591875044 78 74
80176.27658541706 80350.18958541706 78 83
84093.93608541702 84267.84908541702 78 69
84354.80558541702 84528.71858541702 78 55
84789.58808541702 84963.12475208369 78 67
85309.82175208368 85483.73475208368 78 56
85570.69125208368 85745.363585417 78 58
85832.69975208366 86007.75525208366 78 59
86095.47458541699 86270.91325208367 78 59
86359.01891875034 86535.23025208367 78 63
86623.33591875032 86800.32691875032 78 66
86888.82241875031 87107.18808541697 78 69
87214.65562708363 87365.79012708363 78 94
87724.91566875027 87855.39666875027 78 98
2499.998166666666 2590.515341666666 80 61
2672.4118333333327 2844.825499999999 80 68
2844.825499999999 2941.8081874999984 80 81
3275.859666666665 3366.376841666665 80 68
3448.2733333333317 3620.686999999998 80 69
3620.686999999998 3797.677999999998 80 89
6651.658166666673 6824.071833333341 80 71
6824.071833333341 6996.485500000008 80 74
7086.171666666675 7231.911687500008 80 73
10871.27316666668 10991.962733333348 80 65
11043.686833333348 11216.100500000015 80 70
11216.100500000015 11313.083187500017 80 78
11647.134666666683 11819.54833333335 80 78
11819.54833333335 11991.96200000002 80 77
11991.96200000002 12167.400666666685 80 88
15018.276166666696 15190.689833333363 80 70
15190.689833333363 15363.10350000003 80 71
15451.992333333363 15543.103387500028 80 79
15807.547666666695 15985.325333333361 80 71
16163.103000000028 16348.288333333365 80 81
16348.288333333365 16533.4736666667 80 67
17501.395000000037 17673.8086666667 80 75
17673.8086666667 17848.1211666667 80 66
17760.015500000034 17936.226833333367 80 72
17936.226833333367 18109.438833333366 80 65
18969.306166666698 19143.6186666667 80 67
19143.6186666667 19319.83000000003 80 70
19405.300166666697 19576.240500000033 80 73
19832.651000000034 19960.856250000033 80 72
21643.229500000034 21815.643166666698 80 77
21815.643166666698 21988.05683333336 80 67
21901.850000000028 22074.26366666669 80 79
22074.26366666669 22246.677333333355 80 65
23032.90466666668 23207.577000000016 80 67
23207.577000000016 23338.581250000014 80 75
23382.249333333348 23555.792333333346 80 65
23555.792333333346 23728.20600000001 80 71
23728.20600000001 23900.619666666673 80 74
23900.619666666673 24074.932166666673 80 64
24074.932166666673 24251.143500000006 80 68
24251.143500000006 24381.013750000006 80 71
24424.303833333335 24597.464166666672 80 62
24597.464166666672 24770.62450000001 80 67
24770.62450000001 24916.179964583338 80 69
24948.40216666667 25076.179864583337 80 64
32225.997333333347 32321.552829166685 80 90
39136.33500000004 39313.326000000045 80 62
39401.82150000005 39578.81250000005 80 62
39667.30800000005 39800.05125000005 80 62
39932.79450000004 40109.78550000004 80 59
40198.281000000046 40375.27200000005 80 58
40463.767500000045 40640.75850000005 80 56
42559.950333333385 42745.29216666672 80 58
42745.29216666672 42921.97050000004 80 66
43628.68383333336 43806.97533333336 80 57
43806.97533333336 43986.88000000003 80 59
44814.151000000034 44990.82933333336 80 71
45432.52516666668 45609.2035 80 59
45609.2035 45785.88183333333 80 65
45697.54266666667 45812.383583333336 80 58
46054.93833333334 46235.65566666667 80 60
46145.297000000006 46280.83500000001 80 65
46326.01433333333 46508.53883333333 80 56
53412.16623541671 53502.683410416714 80 67
53584.57990208338 53756.993568750055 80 73
53756.993568750055 53853.976256250055 80 78
54188.027735416734 54278.544910416735 80 72
54360.4414020834 54532.855068750076 80 74
54532.855068750076 54709.84606875008 80 88
57563.826235416804 57657.77642500014 80 67
58364.49240208347 58547.97873541681 80 70
58547.97873541681 58707.38248750014 80 69
59662.247152083466 59796.9453291668 80 69
59834.66081875014 59963.97106875014 80 75
60524.315485416824 60696.72915208349 80 69
60696.72915208349 60854.05662291683 80 72
61738.077152083504 61883.55118333351 80 79
61910.49081875018 62039.80106875018 80 82
62600.14548541686 62772.55915208353 80 71
62772.55915208353 62933.11937916687 80 76
63821.42615208355 63996.86481875021 80 77
64347.74215208357 64469.452727083575 80 78
64881.17065208358 65056.60931875026 80 85
65409.05298541695 65544.09755625027 80 80
65766.19565208361 65944.76698541695 80 87
66123.33831875029 66305.98665208362 80 103
66488.63498541695 66631.32899583361 80 90
66853.93165208361 67036.57998541695 80 85
67219.22831875028 67354.45156875029 80 85
67592.15123541695 67730.10828750029 80 68
68736.93215208362 68880.13540208363 80 53
71844.51708541701 72016.93075208369 80 63
72016.93075208369 72361.75808541702 80 56
72537.96941875035 72714.18075208367 80 57
72714.18075208367 72890.392085417 80 64
72976.59891875034 73149.01258541702 80 64
73324.45125208369 73497.6407520837 80 59
75227.16908541709 75399.58275208376 80 59
75399.58275208376 75571.99641875044 80 59
75485.7895854171 75658.20325208377 80 63
75658.20325208377 75832.51575208377 80 55
76698.38175208378 76872.30791875045 80 62
76872.30791875045 77047.74658541713 80 64
77133.2167520838 77304.15708541713 80 66
77478.82941875045 77651.63575208378 80 65
78084.58458541709 78256.99825208377 80 79
79393.66808541706 79567.58108541706 80 83
79828.45058541706 80002.36358541706 80 74
80002.36358541706 80176.27658541706 80 72
84702.63158541702 84876.54458541702 80 67
87621.42221041693 87803.04066875027 80 97
689.6546666666666 862.0683333333332 82 71
948.2751666666666 1057.1112937499997 82 68
1120.6888333333332 1293.1024999999997 82 64
4841.314666666668 5013.728333333335 82 74
5099.935166666669 5213.081635416669 82 70
5272.348833333335 5444.7625000000035 82 69
7265.544000000008 7444.916333333342 82 88
7444.916333333342 7624.2886666666745 82 70
7624.2886666666745 7767.786533333341 82 75
7803.661000000008 7990.577000000008 82 68
7990.577000000008 8177.493000000008 82 53
8177.493000000008 8364.409000000007 82 53
9060.929666666674 9233.343333333341 82 66
9319.550166666675 9425.15353750001 82 63
9491.963833333342 9664.37750000001 82 66
13207.93266666669 13380.346333333357 82 68
13466.55316666669 13567.846195833357 82 64
13638.966833333357 13811.380500000025 82 68
17848.1211666667 18024.332500000037 82 67
19055.51300000003 19187.671500000033 82 74
19747.18083333337 19862.56555833337 82 67
21988.05683333336 22160.470500000025 82 70
25126.17983333334 25303.957500000008 82 74
25303.957500000008 25478.62983333334 82 74
25478.62983333334 25653.302166666672 82 66
25653.302166666672 25827.974500000008 82 71
25827.974500000008 26002.64683333334 82 77
26002.64683333334 26105.266829166674 82 67
26177.319166666675 26351.991500000007 82 75
26351.991500000007 26526.66383333334 82 78
26526.66383333334 26701.336166666675 82 67
26701.336166666675 26876.008500000007 82 74
26876.008500000007 27050.680833333343 82 80
27050.680833333343 27157.92848750001 82 74
27226.512500000008 27403.50350000001 82 77
27491.99900000001 27668.990000000013 82 76
27756.326166666677 27930.998500000012 82 70
28018.33466666668 28142.78870416668 82 78
28280.34316666668 28455.015500000012 82 73
28542.35166666668 28717.024000000012 82 76
28804.36016666668 28979.032500000012 82 77
29066.36866666668 29241.041000000012 82 76
29415.713333333348 29590.38566666668 82 75
30114.40266666668 30289.075000000015 82 77
30463.747333333347 30638.419666666683 82 81
31162.436666666683 31337.109000000015 82 85
31514.88666666668 31692.664333333345 82 81
51601.82273541667 51774.23640208334 82 71
51860.44323541667 51969.27936250001 82 70
52032.856902083346 52205.27056875001 82 69
55753.48273541676 55925.89640208343 82 73
56012.10323541677 56125.24970416677 82 73
56184.51690208344 56356.93056875011 82 66
57738.52856875014 57915.51956875014 82 85
57915.51956875014 58092.51056875014 82 74
58092.51056875014 58189.033595833476 82 66
58731.46506875014 58870.57331875013 82 72
58917.743152083465 59061.748318750135 82 69
59110.528818750136 59248.48587083347 82 72
59310.55381875014 59443.29706875014 82 74
61386.383818750175 61519.127068750175 82 80
63462.21381875021 63643.20915208355 82 83
63996.86481875021 64172.30348541689 82 87
64523.18081875025 64703.36115208358 82 92
65056.60931875026 65232.04798541694 82 94
68643.14406875029 68784.32548541695 82 57
71930.72391875034 72103.13758541702 82 54
72626.07508541702 72802.28641875034 82 66
75571.99641875044 75744.4100854171 82 59
76784.5885854171 76960.02725208379 82 70
78867.31208541708 79044.30308541706 82 83
79219.75508541707 79393.66808541706 82 76
79654.53758541706 79828.45058541706 82 83
84354.80558541702 84528.71858541702 82 70
84615.67508541702 84789.58808541702 82 56
85049.70491875034 85222.86525208368 82 65
85570.69125208368 85745.363585417 82 69
86095.47458541699 86270.91325208367 82 73
86623.33591875032 86800.32691875032 82 75
86977.3179187503 87139.65562708363 82 89
87518.59371041694 87647.19541875027 82 96
89007.03215208362 91375.4541520836 82 108
172.41366666666664 344.8273333333333 85 69
517.2409999999999 614.2236874999999 85 92
775.8614999999999 948.2751666666666 85 84
3797.677999999998 3974.668999999998 85 75
3974.668999999998 4105.199862499999 85 83
4324.073666666666 4496.4873333333335 85 75
4668.901000000001 4765.8836875000015 85 95
4927.521500000002 5099.935166666669 85 85
8541.400000000005 8716.10233333334 85 67
8888.516000000007 8985.498687500007 85 93
9147.136500000008 9319.550166666675 85 84
12167.400666666685 12342.839333333353 85 73
12342.839333333353 12444.813058333353 85 83
12690.691666666688 12863.105333333355 85 70
13035.519000000022 13132.501687500022 85 96
13294.139500000023 13466.55316666669 85 84
16074.214166666696 16255.695666666696 85 72
16255.695666666696 16440.881000000034 85 73
16533.4736666667 16657.31635833337 85 66
17244.984500000035 17415.92483333337 85 78
17415.92483333337 17587.60183333337 85 68
19490.770333333367 19661.7106666667 85 72
19661.7106666667 19772.821883333367 85 69
20345.472000000038 20473.677250000037 85 77
21384.609000000037 21557.0226666667 85 81
21557.0226666667 21729.436333333364 85 67
28193.007000000012 28367.679333333344 85 80
29328.37716666668 29503.049500000012 85 78
29503.049500000012 29677.721833333348 85 88
29590.38566666668 29757.41608541668 85 75
29939.730333333348 30114.40266666668 85 76
30027.066500000015 30201.738833333347 85 89
30201.738833333347 30327.28457291668 85 82
30376.411166666683 30551.083500000015 85 85
30551.083500000015 30682.087750000013 85 90
30638.419666666683 30762.873704166683 85 85
30987.764333333347 31162.436666666683 85 84
31075.100500000015 31249.77283333335 85 93
31249.77283333335 31349.331214583348 85 80
31425.99783333335 31603.77550000001 85 85
31603.77550000001 31781.553166666676 85 94
31692.664333333345 31815.997589583345 85 84
32048.219666666675 32225.997333333347 85 83
32137.10850000001 32314.88616666668 85 95
32314.88616666668 32419.83005416668 85 86
32495.518166666683 32679.004500000017 85 90
32679.004500000017 32862.49083333335 85 93
35482.038166666694 35609.33181041669 85 78
35931.01100000003 36108.00200000003 85 85
36196.49750000003 36373.48850000003 85 81
44721.248666666695 44902.49016666669 85 55
44902.49016666669 45079.16850000002 85 64
45874.221000000005 46054.93833333334 85 65
46781.36600000001 46958.357 85 61
47229.85 47419.225999999995 85 80
47419.225999999995 47529.94697499999 85 70
47880.38199999999 48026.96919999999 85 70
48333.473 48516.706999999995 85 70
48516.706999999995 48701.6685 85 66
48888.3575 49025.144 85 66
49070.739499999996 49182.93301249999 85 65
49441.964 49633.35166666667 85 75
49633.35166666667 49825.107 85 68
50017.229999999996 50209.352999999996 85 74
50209.352999999996 50330.63064374999 85 68
50593.59899999998 50798.66399999999 85 67
50798.66399999999 50902.85114583332 85 65
51081.10240208332 51256.995402083325 85 70
51429.40906875 51526.39175625 85 97
51688.029568750004 51860.44323541667 85 84
54709.84606875008 54886.83706875008 85 77
54886.83706875008 55017.367931250075 85 85
55236.24173541675 55408.655402083416 85 71
55581.06906875009 55678.05175625009 85 95
55839.689568750095 56012.10323541677 85 86
60007.07448541681 60179.48815208348 85 70
60438.10865208349 60610.522318750154 85 72
60610.522318750154 60739.83256875016 85 78
61041.55648541683 61213.97015208351 85 72
61213.97015208351 61317.41835208351 85 74
62082.904485416846 62255.31815208352 85 73
62513.938652083525 62686.35231875019 85 74
62686.35231875019 62815.6625687502 85 83
63117.38648541687 63289.800152083546 85 73
63289.800152083546 63409.41213333355 85 79
65587.62431875027 65766.19565208361 85 98
65944.76698541695 66123.33831875029 85 90
66305.98665208362 66488.63498541695 85 86
66671.28331875028 66853.93165208361 85 96
67036.57998541695 67219.22831875028 85 82
67400.96323541696 67543.60756875029 85 71
68550.22740208362 68689.87306875028 85 57
71068.65558541699 71241.06925208366 85 59
71241.06925208366 71413.48291875033 85 54
71327.27608541699 71499.68975208366 85 63
71499.68975208366 71672.10341875034 85 63
73062.80575208367 73236.73191875035 85 61
73236.73191875035 73412.17058541703 85 65
73497.6407520837 73668.58108541703 85 63
73931.73908541705 74102.67941875038 85 70
74709.92808541708 74882.34175208375 85 63
74882.34175208375 75054.75541875041 85 59
74968.54858541708 75140.96225208376 85 63
75140.96225208376 75313.37591875042 85 57
77218.68691875046 77391.49325208379 85 64
77391.49325208379 77566.16558541711 85 67
77651.63575208378 77822.57608541711 85 71
77997.24841875043 78170.79141875042 85 70
78170.79141875042 78343.2050854171 85 81
78515.61875208377 78690.32108541709 85 74
78690.32108541709 78867.31208541708 85 77
79044.30308541706 79219.75508541707 85 70
79480.62458541706 79654.53758541706 85 76
84615.67508541702 84789.58808541702 85 71
84963.12475208369 85136.28508541701 85 67
85309.82175208368 85483.73475208368 85 66
85483.73475208368 85658.02741875034 85 70
85832.69975208366 86007.75525208366 85 70
86007.75525208366 86183.19391875033 85 74
86359.01891875034 86535.23025208367 85 74
86535.23025208367 86711.83141875033 85 75
86888.82241875031 87107.18808541697 85 75
87416.55154375029 87569.87579375027 85 95
89007.03215208362 91375.4541520836 85 108
344.8273333333333 517.2409999999999 87 79
3017.2391666666654 3115.2994395833316 87 70
3189.6528333333317 3362.066499999998 87 73
3362.066499999998 3534.480166666665 87 86
4496.4873333333335 4668.901000000001 87 77
8716.10233333334 8888.516000000007 87 67
11388.514166666682 11489.80719583335 87 72
11560.92783333335 11713.944962500018 87 78
11733.341500000017 11905.755166666684 87 80
12863.105333333355 13035.519000000022 87 72
15363.10350000003 15496.43675000003 87 82
15718.658833333362 15896.436500000029 87 74
15896.436500000029 16029.769750000029 87 88
16982.976000000035 17157.64833333337 87 72
17157.64833333337 17330.454666666705 87 58
17330.454666666705 17501.395000000037 87 74
18109.438833333366 18279.651500000033 87 67
19576.240500000033 19704.44575000003 87 74
19918.1211666667 20089.061500000036 87 69
20260.00183333337 20364.702787500035 87 59
21121.45100000004 21296.889666666706 87 72
21296.889666666706 21470.815833333367 87 72
21470.815833333367 21643.229500000034 87 73
22246.677333333355 22419.09100000002 87 68
35842.51550000002 36019.506500000025 87 86
39490.31700000005 39667.30800000005 87 65
39844.29900000004 40021.290000000045 87 59
40109.78550000004 40286.77650000004 87 58
46692.870500000005 46869.861500000006 87 64
47324.538 47472.48799999999 87 75
47788.76499999999 47971.99899999999 87 78
48425.09 48608.32399999999 87 67
48979.5485 49101.516462499996 87 69
49537.65783333333 49729.04550000001 87 72
50113.29149999999 50266.98989999999 87 69
50696.13149999999 50833.26871874999 87 66
51256.995402083325 51429.40906875 87 74
53929.40723541672 54027.46750833339 87 72
54101.8209020834 54274.234568750064 87 77
54274.234568750064 54446.64823541674 87 86
55408.655402083416 55581.06906875009 87 75
58272.74923541681 58456.23556875014 87 70
58456.23556875014 58639.721902083475 87 71
59487.54481875013 59662.247152083466 87 72
61563.37481875017 61738.077152083504 87 71
63643.20915208355 63821.42615208355 87 75
64172.30348541689 64347.74215208357 87 74
64703.36115208358 64881.17065208358 87 81
65232.04798541694 65409.05298541695 87 83
68455.09781875029 68573.59190208362 87 54
71413.48291875033 71585.89658541701 87 63
73149.01258541702 73324.45125208369 87 67
73844.01975208371 74017.20925208372 87 57
75054.75541875041 75227.16908541709 87 60
77304.15708541713 77478.82941875045 87 73
79306.71158541706 79480.62458541706 87 72
84876.54458541702 85049.70491875034 87 58
85222.86525208368 85396.77825208368 87 69
85396.77825208368 85570.69125208368 87 62
85745.363585417 85920.03591875032 87 71
85920.03591875032 86095.47458541699 87 64
86270.91325208367 86447.124585417 87 75
86447.124585417 86623.33591875032 87 65
86800.32691875032 86977.3179187503 87 77
87315.2850437503 87441.93225208361 87 94
1.0775854166666665 98.06027291666665 90 99
258.62049999999994 355.60318749999993 90 93
431.0341666666666 603.4478333333332 90 73
603.4478333333332 775.8614999999999 90 78
4151.659999999999 4248.6426875 90 96
4410.2805 4507.263187500001 90 95
4582.694166666667 4755.107833333334 90 74
4755.107833333334 4927.521500000002 90 76
8365.515193750007 8465.072631250005 90 96
8629.895500000006 8726.878187500006 90 90
8802.309166666673 8974.72283333334 90 59
8974.72283333334 9147.136500000008 90 68
12518.27800000002 12615.26068750002 90 98
12776.898500000021 12873.881187500021 90 93
12949.312166666688 13121.725833333356 90 73
13121.725833333356 13294.139500000023 90 75
23469.585500000016 23641.99916666668 90 82
24510.884000000005 24684.04433333334 90 81
25565.966000000008 25740.63833333334 90 83
26614.000000000007 26788.672333333343 90 85
27930.998500000012 28105.670833333344 90 89
28979.032500000012 29152.613131250015 90 95
39755.803500000045 39878.59100625004 90 58
50902.85114583332 51003.748083333325 90 96
51170.78856874999 51267.771256249995 90 92
51343.20223541666 51515.61590208333 90 70
51515.61590208333 51688.029568750004 90 74
55063.828068750074 55160.81075625008 90 97
55322.448568750086 55419.431256250085 90 94
55494.86223541675 55667.27590208343 90 73
55667.27590208343 55839.689568750095 90 76
60265.69498541681 60374.53111250015 90 70
60955.349652083496 61127.76331875017 90 74
61127.76331875017 61257.07356875017 90 80
62341.52498541685 62432.04216041686 90 70
63031.179652083534 63203.59331875021 90 76
63203.59331875021 63332.90356875021 90 87
68357.5310687503 68479.13627708363 90 57
71672.10341875034 71844.51708541701 90 55
73583.11091875036 73756.30041875037 90 59
73756.30041875037 73931.73908541705 90 64
74451.30758541707 74623.72125208373 90 62
74623.72125208373 74796.13491875041 90 56
75832.51575208377 76008.7270854171 90 58
77737.10591875044 77909.91225208377 90 70
77909.91225208377 78084.58458541709 90 70
79132.79858541707 79306.71158541706 90 83
84876.54458541702 85049.70491875034 90 73
85136.28508541701 85309.82175208368 90 59
85396.77825208368 85570.69125208368 90 78
85658.02741875034 85832.69975208366 90 62
85920.03591875032 86095.47458541699 90 81
86183.19391875033 86359.01891875034 90 64
86447.124585417 86623.33591875032 90 82
86711.83141875033 86888.82241875031 90 67
86977.3179187503 87139.65562708363 90 89
87214.65562708363 87365.79012708363 90 94
89007.03215208362 91375.4541520836 90 108
3534.480166666665 3659.4037812499982 92 67
3709.182499999998 3886.173499999998 92 77
3886.173499999998 4063.1644999999985 92 92
7175.857833333342 7355.230166666674 92 75
11905.755166666684 12034.725175000018 92 73
12079.68133333335 12255.120000000019 92 81
12255.120000000019 12430.558666666688 92 92
15540.881166666695 15649.769987500029 92 74
16440.881000000034 16626.06633333337 92 70
16718.659000000036 16894.87033333337 92 72
16894.87033333337 17070.312166666703 92 61
17587.60183333337 17760.015500000034 92 71
20003.591333333366 20126.454697916703 92 67
20174.531666666702 20345.472000000038 92 64
20430.942166666704 20601.882500000036 92 73
20858.293000000038 21033.731666666707 92 72
21033.731666666707 21209.17033333337 92 63
21729.436333333364 21901.850000000028 92 75
27668.990000000013 27843.662333333345 92 89
28717.024000000012 28891.696333333348 92 94
31870.44200000001 32048.219666666675 92 95
45785.88183333333 45886.645316666676 92 59
45964.57966666667 46145.297000000006 92 57
54446.64823541674 54571.57185000007 92 75
54621.35056875007 54798.341568750075 92 81
54798.341568750075 54975.33256875008 92 89
58639.721902083475 58755.65860000014 92 69
59748.4539854168 59842.203916666804 92 67
59920.86765208347 60093.281318750145 92 73
60093.281318750145 60222.59156875015 92 77
60782.93598541683 60903.6255520835 92 75
61824.28398541684 61960.05974791684 92 76
61996.69765208351 62169.11131875018 92 76
62169.11131875018 62298.421568750186 92 82
62858.76598541687 62975.14521041687 92 82
63909.14548541688 64084.58415208355 92 74
64435.461485416905 64554.712377083575 92 74
64968.88998541692 65144.328652083605 92 90
65498.33865208362 65615.52608958361 92 88
65855.48131875027 66034.05265208361 92 100
66214.66248541695 66397.31081875028 92 93
66579.95915208361 66762.60748541696 92 86
66945.25581875029 67127.90415208362 92 89
67308.36865208363 67447.91156875029 92 77
67691.16356875029 68031.53823541696 92 64
68257.40044375029 68382.16161041695 92 57
70810.03508541698 70982.44875208366 92 63
70982.44875208366 71154.86241875033 92 57
73668.58108541703 73844.01975208371 92 64
74017.20925208372 74188.14958541705 92 67
74363.58825208373 74537.5144187504 92 62
74537.5144187504 74709.92808541708 92 57
75313.37591875042 75485.7895854171 92 59
77822.57608541711 77997.24841875043 92 76
78256.99825208377 78429.41191875043 92 78
78429.41191875043 78569.4980229171 92 78
78778.8165854171 78955.80758541707 92 71
78955.80758541707 79132.79858541707 92 78
86.20683333333332 258.62049999999994 94 76
4237.866833333333 4410.2805 94 78
7355.230166666674 7500.970187500008 94 78
7534.602500000008 7713.974833333341 94 81
7713.974833333341 7897.119000000008 94 70
7897.119000000008 8084.035000000007 94 62
8084.035000000007 8270.951000000006 94 59
8270.951000000006 8365.515193750007 94 45
8452.904500000006 8629.895500000006 94 73
12604.484833333354 12776.898500000021 94 74
16806.764666666702 16982.976000000035 94 67
20089.061500000036 20217.266750000035 94 72
20772.82283333337 20878.02985000004 94 68
20946.012333333376 21121.45100000004 94 69
27403.50350000001 27580.49450000001 94 87
28455.015500000012 28629.687833333344 94 90
29765.058000000015 29939.730333333348 94 94
30813.092000000015 30987.764333333347 94 101
50991.416235416655 51170.78856874999 94 70
55150.03490208341 55322.448568750086 94 74
58823.84431875013 58965.3622354168 94 79
59013.43915208346 59159.78990208347 94 72
59209.54115208347 59326.04053125014 94 70
59399.049318750134 59576.04031875013 94 72
59576.04031875013 59705.35056875013 94 74
61474.87931875018 61651.87031875017 94 74
61651.87031875017 61781.18056875018 94 81
63552.71148541688 63733.706818750215 94 74
63733.706818750215 63909.14548541688 94 86
64084.58415208355 64260.02281875023 94 80
64260.02281875023 64435.461485416905 94 84
64613.2709854169 64793.451318750245 94 85
64793.451318750245 64968.88998541692 94 93
65144.328652083605 65319.76731875028 94 86
65319.76731875028 65498.33865208362 94 97
65676.90998541695 65855.48131875027 94 90
66034.05265208361 66214.66248541695 94 92
66397.31081875028 66579.95915208361 94 94
66762.60748541696 66945.25581875029 94 91
67127.90415208362 67262.70656875029 94 75
67495.53065208362 67641.41231875028 94 75
68154.4343187503 68282.65298541695 94 52
70896.24191875033 71068.65558541699 94 53
78343.2050854171 78515.61875208377 94 86
78601.8255854171 78778.8165854171 94 87
85136.28508541701 85309.82175208368 94 75
85658.02741875034 85832.69975208366 94 78
86183.19391875033 86359.01891875034 94 81
86711.83141875033 86888.82241875031 94 85
89007.03215208362 91375.4541520836 94 118
4063.1644999999985 4237.866833333333 97 78
12430.558666666688 12604.484833333354 97 83
16626.06633333337 16806.764666666702 97 64
20516.41233333337 20687.352666666706 97 68
20687.352666666706 20798.463883333374 97 68
29677.721833333348 29852.39416666668 97 80
29852.39416666668 30027.066500000015 97 77
30725.755833333347 30900.428166666683 97 85
30900.428166666683 31075.100500000015 97 86
31781.553166666676 31890.441987500013 97 80
31959.330833333344 32137.10850000001 97 85
46958.357 47139.352333333336 97 73
47139.352333333336 47324.538 97 66
48063.61599999999 48243.52066666666 97 73
48243.52066666666 48425.09 97 66
48608.32399999999 48748.340749999996 97 65
48795.013 48979.5485 97 62
49161.930499999995 49348.6195 97 71
49348.6195 49537.65783333333 97 72
49729.04550000001 49921.1685 97 79
49921.1685 50113.29149999999 97 70
50305.41449999999 50497.537499999984 97 71
50497.537499999984 50696.13149999999 97 64
54975.33256875008 55150.03490208341 97 83
61300.17698541684 61406.29530625018 97 78
63376.006985416876 63478.05091041688 97 75
68101.94052708363 68180.47598541697 97 57
71154.86241875033 71327.27608541699 97 59
74102.67941875038 74275.86891875039 97 65
74275.86891875039 74451.30758541707 97 67
74796.13491875041 74968.54858541708 97 59
17070.312166666703 17244.984500000035 99 67
20601.882500000036 20730.08775000004 99 72
21209.17033333337 21369.258116666704 99 67
46869.861500000006 47048.85466666667 99 61
47048.85466666667 47229.85 99 65
47971.99899999999 48087.22848749999 99 74
48153.56833333332 48333.473 99 70
48701.6685 48888.3575 99 65
49255.274999999994 49441.964 99 68
49825.107 50017.229999999996 99 75
50401.47599999999 50593.59899999998 99 67
67864.87156875028 68073.20490208363 99 57
74188.14958541705 74363.58825208373 99 74
