35473.3770770833 36594.3840770833 25 92
36594.3840770833 37152.038452083296 26 75
1879.7288333333333 2154.5978333333333 30 64
32446.31399999998 32606.667374999986 30 70
1049.6815 1164.5625 31 62
1164.5625 2036.7968333333333 31 64
2965.556333333334 3172.810333333334 31 63
31723.955999999976 31815.69899999998 31 68
31815.69899999998 32597.828999999983 31 77
33492.44699999997 33684.70679999996 31 73
34376.715999999964 34529.9763833333 31 81
35286.542577083295 35478.047939583295 31 89
37573.18616041663 37664.1939208333 31 105
715.9185 1107.1219999999998 33 64
2036.7968333333333 2193.8648333333335 33 61
2193.8648333333335 2965.556333333334 33 64
3718.6973333333335 3981.0135833333334 33 64
21869.021583333313 22319.601999999977 33 86
29045.882999999965 29492.363499999967 33 86
30832.22499999997 31464.145999999975 33 86
31464.145999999975 31723.955999999976 33 70
32597.828999999983 32749.343999999986 33 67
32749.343999999986 33492.44699999997 33 70
33641.774999999965 34376.715999999964 33 75
34525.032499999965 35137.86636041663 33 84
504.7395 934.8005 34 62
2810.1158333333337 3120.9968333333336 34 64
3120.9968333333336 3868.5923333333335 34 64
4751.709333333335 4924.909500000002 34 67
20969.653999999973 21418.870999999977 34 86
28151.800999999956 28600.269499999962 34 86
29941.550999999967 30385.744499999964 34 86
31296.078999999972 31632.212999999974 34 68
33343.11899999997 33641.774999999965 34 73
34228.39949999996 34525.032499999965 34 81
35111.88149999997 35473.3770770833 34 90
3868.5923333333335 4018.487333333334 36 62
4018.487333333334 4751.709333333335 36 68
20820.496333333307 21045.989999999976 36 67
28001.539999999957 28229.00524999996 36 67
15620.416916666669 15769.744916666667 37 85
17406.081749999998 17554.898749999997 37 85
22772.06399999998 22921.95899999998 37 85
24565.136666666654 24715.580666666654 37 85
35473.3770770833 36594.3840770833 37 110
4604.0063333333355 4899.4123333333355 38 69
15468.30625 15569.52625 38 78
19192.30233333332 19452.73208333332 38 77
20672.042333333306 20870.101999999973 38 69
22319.601999999977 22772.06399999998 38 86
26356.78316666664 26620.060166666637 38 77
27851.928499999958 28051.504999999957 38 69
29492.363499999967 29941.550999999967 38 86
36594.3840770833 37152.038452083296 38 90
37142.8965770833 37658.861160416636 38 68
15317.408583333332 15443.047333333332 39 77
17257.446249999997 17476.769825 39 74
19041.30358333332 19256.169629166652 39 74
20524.305666666638 20770.890666666637 39 73
21418.870999999977 21869.021583333313 39 86
24414.423916666652 24636.597566666656 39 74
26206.61366666664 26450.18381666664 39 74
27702.941166666624 27926.592499999955 39 73
28600.269499999962 29045.882999999965 39 86
30385.744499999964 30832.22499999997 39 86
15167.705583333332 15292.334583333331 40 75
15019.160833333332 15167.705583333332 41 75
17107.554249999997 17306.870416666665 41 78
18890.59083333332 19117.08033333332 41 78
24264.437416666653 24489.645916666654 41 78
26057.276333333306 26281.561166666637 41 78
1879.7288333333333 2154.5978333333333 42 77
7679.881833333336 7859.055250000002 42 65
9132.35775 9394.674 42 64
14871.859249999998 14969.916666666664 42 74
32446.31399999998 32606.667374999986 42 84
1049.6815 1164.5625 43 74
1164.5625 2036.7968333333333 43 77
2965.556333333334 3172.810333333334 43 75
6496.698833333335 6652.918208333335 43 68
7372.992833333335 7522.887833333336 43 65
7522.887833333336 7782.3408333333355 43 74
7833.027166666669 8017.717083333334 43 65
8414.099 8506.52625 43 67
8506.52625 9282.25275 43 64
10157.29175 10352.195083333336 43 63
14725.613249999999 14822.961916666665 43 73
16958.481749999995 17132.442249999996 43 82
18740.979333333322 18965.81283333332 43 82
20377.263333333307 20548.84191666664 43 69
24115.19458333332 24389.34991666665 43 82
25908.731583333305 26082.079166666637 43 82
27554.487166666622 27802.152499999956 43 69
31723.955999999976 31815.69899999998 43 81
31815.69899999998 32597.828999999983 43 92
33492.44699999997 33684.70679999996 43 88
34376.715999999964 34529.9763833333 43 96
35286.542577083295 35478.047939583295 43 105
37658.861160416636 40916.618160416634 43 68
14575.169249999999 14749.887416666665 44 72
16810.208499999997 17032.890249999997 44 78
18592.34383333332 18815.64333333332 44 78
23966.649833333322 24139.99741666665 44 78
25760.99491666664 25982.867833333305 44 78
715.9185 1107.1219999999998 45 77
2036.7968333333333 2193.8648333333335 45 73
2193.8648333333335 2965.556333333334 45 77
3718.6973333333335 3981.0135833333334 45 77
5630.138833333336 5782.242558333336 45 71
8153.672333333337 8414.099 45 65
9282.25275 9432.14775 45 61
9432.14775 10035.477166666666 45 64
10875.964750000001 11134.763500000001 45 67
14280.70725 14575.169249999999 45 77
20230.93333333331 20426.16066666664 45 69
21869.021583333313 22319.601999999977 45 86
27406.66466666662 27653.335499999954 45 69
29045.882999999965 29492.363499999967 45 86
30832.22499999997 31464.145999999975 45 86
31464.145999999975 31723.955999999976 45 84
32597.828999999983 32749.343999999986 45 80
32749.343999999986 33492.44699999997 45 84
33641.774999999965 34376.715999999964 45 91
34525.032499999965 35137.86636041663 45 101
37142.8965770833 37658.861160416636 45 81
504.7395 934.8005 46 74
2810.1158333333337 3120.9968333333336 46 77
3120.9968333333336 3868.5923333333335 46 77
4751.709333333335 4924.909500000002 46 80
7990.921833333335 8181.282916666669 46 68
10010.75775 10303.46925 46 64
10303.46925 11023.849750000001 46 67
11915.819833333333 12078.63075 46 68
14135.062249999999 14286.168937499999 46 70
16662.7335 16834.830583333332 46 78
18444.69299999999 18641.76799999999 46 78
20085.20433333331 20328.365999999973 46 72
20969.653999999973 21418.870999999977 46 86
23818.73733333332 24040.786083333318 46 78
25614.04016666664 25785.53116666664 46 78
27259.44716666662 27529.775083333287 46 72
28151.800999999956 28600.269499999962 46 86
29941.550999999967 30385.744499999964 46 86
31296.078999999972 31632.212999999974 46 81
33343.11899999997 33641.774999999965 46 89
34228.39949999996 34525.032499999965 46 97
35111.88149999997 35473.3770770833 46 107
5776.744833333337 6496.698833333335 47 70
6643.728833333335 7372.992833333335 47 67
13698.73325 13885.861074999999 47 69
3868.5923333333335 4018.487333333334 48 73
4018.487333333334 4751.709333333335 48 81
6349.668833333335 6643.728833333335 48 70
7223.097833333335 7378.613895833335 48 67
11023.849750000001 11171.734750000003 48 64
11171.734750000003 11915.819833333333 48 70
13259.518833333332 13406.210833333333 48 69
13406.210833333333 13704.789166666666 48 74
13989.417249999999 14280.70725 48 69
14426.352249999998 14580.184049999998 48 72
16516.384916666666 16736.34225 48 81
18298.09441666665 18493.765499999987 48 81
19341.11933333332 19489.936333333317 48 69
19489.936333333317 19638.753333333316 48 69
19638.753333333316 19787.570333333315 48 72
19787.570333333315 19936.38733333331 48 69
19936.38733333331 20085.20433333331 48 66
20820.496333333307 21045.989999999976 48 79
23671.433999999983 23917.225666666654 48 81
25467.800666666637 25687.38616666664 48 81
26507.22716666664 26657.671166666634 48 69
26657.671166666634 26808.11516666663 48 69
26808.11516666663 26958.55916666663 48 72
26958.55916666663 27109.003166666625 48 69
27109.003166666625 27259.44716666662 48 66
28001.539999999957 28229.00524999996 48 79
4899.4123333333355 5630.138833333336 49 73
12822.142833333333 13009.270658333331 49 69
13112.82683333333 13264.408566666665 49 69
15620.416916666669 15769.744916666667 49 101
15769.744916666667 15919.072916666666 49 78
15919.072916666666 16068.400916666666 49 78
16068.400916666666 16217.728916666665 49 81
16217.728916666665 16367.056916666666 49 78
16367.056916666666 16516.384916666666 49 73
17406.081749999998 17554.898749999997 49 101
17554.898749999997 17703.715749999992 49 78
17703.715749999992 17852.53274999999 49 78
17852.53274999999 18001.34974999999 49 81
18001.34974999999 18150.166749999986 49 78
18150.166749999986 18298.09441666665 49 73
22772.06399999998 22921.95899999998 49 101
22921.95899999998 23071.85399999998 49 78
23071.85399999998 23221.74899999998 49 78
23221.74899999998 23371.643999999982 49 81
23371.643999999982 23521.538999999982 49 78
23521.538999999982 23671.433999999983 49 73
24565.136666666654 24715.580666666654 49 101
24715.580666666654 24866.02466666665 49 78
24866.02466666665 25016.468666666646 49 78
25016.468666666646 25166.912666666645 49 81
25166.912666666645 25317.35666666664 49 78
25317.35666666664 25467.800666666637 49 73
1710.7148333333332 2036.7968333333333 50 64
4604.0063333333355 4899.4123333333355 50 83
5483.532833333336 5776.744833333337 50 73
11760.242333333334 12071.397333333334 50 70
12378.411833333334 12527.606333333333 50 69
12527.606333333333 12827.593158333333 50 74
15468.30625 15569.52625 50 92
19192.30233333332 19452.73208333332 50 90
20672.042333333306 20870.101999999973 50 82
22319.601999999977 22772.06399999998 50 86
26356.78316666664 26620.060166666637 50 90
27851.928499999958 28051.504999999957 50 82
29492.363499999967 29941.550999999967 50 86
32290.873499999976 32597.828999999983 50 70
37142.8965770833 37658.861160416636 50 81
37681.71584791663 40916.618160416634 50 75
1545.8798333333332 1721.9824333333333 51 64
12229.217333333332 12382.763339583333 51 69
13844.07525 14135.062249999999 51 73
15317.408583333332 15443.047333333332 51 92
17257.446249999997 17476.769825 51 89
19041.30358333332 19256.169629166652 51 89
20524.305666666638 20770.890666666637 51 88
21418.870999999977 21869.021583333313 51 86
24414.423916666652 24636.597566666656 51 89
26206.61366666664 26450.18381666664 51 89
27702.941166666624 27926.592499999955 51 88
28600.269499999962 29045.882999999965 51 86
30385.744499999964 30832.22499999997 51 86
32135.43299999998 32301.883868749974 51 70
15167.705583333332 15292.334583333331 52 91
12967.484833333332 13259.518833333332 53 73
15019.160833333332 15167.705583333332 53 90
17107.554249999997 17306.870416666665 53 92
18890.59083333332 19117.08033333332 53 92
24264.437416666653 24489.645916666654 53 92
26057.276333333306 26281.561166666637 53 92
2503.9938333333334 2667.896654166667 54 61
3571.2773333333334 3981.0135833333334 54 62
7679.881833333336 7859.055250000002 54 77
9132.35775 9394.674 54 77
14871.859249999998 14969.916666666664 54 89
33048.27899999998 33206.14124999997 54 68
33936.86849999997 34092.959056249965 54 75
37142.8965770833 37664.1939208333 54 82
2657.0548333333336 3120.9968333333336 55 63
3423.857333333334 3580.4910833333333 55 63
6496.698833333335 6652.918208333335 55 80
7372.992833333335 7522.887833333336 55 77
7522.887833333336 7782.3408333333355 55 88
7833.027166666669 8017.717083333334 55 77
8414.099 8506.52625 55 79
8506.52625 9282.25275 55 77
10157.29175 10352.195083333336 55 75
12071.397333333334 12378.411833333334 55 73
14725.613249999999 14822.961916666665 55 88
16958.481749999995 17132.442249999996 55 97
18740.979333333322 18965.81283333332 55 97
20377.263333333307 20548.84191666664 55 82
21720.204583333314 21874.70483958331 55 77
24115.19458333332 24389.34991666665 55 97
25908.731583333305 26082.079166666637 55 97
27554.487166666622 27802.152499999956 55 82
28898.852999999963 29048.408891666633 55 77
30684.761499999968 30836.07036249997 55 77
31632.212999999974 31909.483206249977 55 77
33195.69899999998 33641.774999999965 55 71
34082.63399999997 34525.032499999965 55 79
37704.570535416635 40916.618160416634 55 73
14575.169249999999 14749.887416666665 56 86
16810.208499999997 17032.890249999997 56 92
18592.34383333332 18815.64333333332 56 92
23966.649833333322 24139.99741666665 56 92
25760.99491666664 25982.867833333305 56 92
1363.8054999999997 2036.7968333333333 57 64
4313.5903333333345 4469.083900000002 57 70
5630.138833333336 5782.242558333336 57 85
8153.672333333337 8414.099 57 77
9282.25275 9432.14775 57 73
9432.14775 10035.477166666666 57 77
10875.964750000001 11134.763500000001 57 80
14280.70725 14575.169249999999 57 90
20230.93333333331 20426.16066666664 57 82
27406.66466666662 27653.335499999954 57 82
31979.99249999998 32597.828999999983 57 73
4458.798333333335 4899.4123333333355 58 70
7990.921833333335 8181.282916666669 58 80
10010.75775 10303.46925 58 77
10303.46925 11023.849750000001 58 80
11915.819833333333 12078.63075 58 81
14135.062249999999 14286.168937499999 58 83
16662.7335 16834.830583333332 58 92
18444.69299999999 18641.76799999999 58 92
20085.20433333331 20328.365999999973 58 86
21571.38758333331 21874.70483958331 58 67
23818.73733333332 24040.786083333318 58 92
25614.04016666664 25785.53116666664 58 92
27259.44716666662 27529.775083333287 58 86
28751.822999999964 29048.408891666633 58 67
30537.297999999966 30836.07036249997 58 67
31464.145999999975 31909.483206249977 58 67
37727.42522291664 40916.618160416634 58 80
5776.744833333337 6496.698833333335 59 84
6643.728833333335 7372.992833333335 59 80
13698.73325 13885.861074999999 59 82
1363.8054999999997 2154.5978333333333 60 55
2350.9328333333333 2657.0548333333336 60 64
3276.4373333333338 3571.2773333333334 60 64
3571.2773333333334 3981.0135833333334 60 54
6349.668833333335 6643.728833333335 60 84
7223.097833333335 7378.613895833335 60 80
11023.849750000001 11171.734750000003 60 75
11171.734750000003 11915.819833333333 60 84
13259.518833333332 13406.210833333333 60 82
13406.210833333333 13704.789166666666 60 88
13989.417249999999 14280.70725 60 82
14426.352249999998 14580.184049999998 60 85
16516.384916666666 16736.34225 60 96
18298.09441666665 18493.765499999987 60 96
19341.11933333332 19489.936333333317 60 82
19489.936333333317 19638.753333333316 60 82
19638.753333333316 19787.570333333315 60 86
19787.570333333315 19936.38733333331 60 82
19936.38733333331 20085.20433333331 60 78
20820.496333333307 21045.989999999976 60 77
22170.27399999998 22330.416266666645 60 73
22622.16899999998 22774.562249999977 60 77
23671.433999999983 23917.225666666654 60 96
25467.800666666637 25687.38616666664 60 96
26507.22716666664 26657.671166666634 60 82
26657.671166666634 26808.11516666663 60 82
26808.11516666663 26958.55916666663 60 86
26958.55916666663 27109.003166666625 60 82
27109.003166666625 27259.44716666662 60 78
28001.539999999957 28229.00524999996 60 77
29344.89999999997 29503.0985395833 60 73
29792.733999999968 29949.729164583303 60 77
31137.937999999973 31464.145999999975 60 73
31979.99249999998 32606.667374999986 60 62
32900.85899999998 33195.69899999998 60 73
33791.10299999997 34082.63399999997 60 80
37142.8965770833 37664.1939208333 60 82
4899.4123333333355 5630.138833333336 61 88
12822.142833333333 13009.270658333331 61 82
13112.82683333333 13264.408566666665 61 82
15769.744916666667 15919.072916666666 61 92
15919.072916666666 16068.400916666666 61 92
16068.400916666666 16217.728916666665 61 96
16217.728916666665 16367.056916666666 61 92
16367.056916666666 16516.384916666666 61 86
17554.898749999997 17703.715749999992 61 92
17703.715749999992 17852.53274999999 61 92
17852.53274999999 18001.34974999999 61 96
18001.34974999999 18150.166749999986 61 92
18150.166749999986 18298.09441666665 61 86
22921.95899999998 23071.85399999998 61 92
23071.85399999998 23221.74899999998 61 92
23221.74899999998 23371.643999999982 61 96
23371.643999999982 23521.538999999982 61 92
23521.538999999982 23671.433999999983 61 86
24715.580666666654 24866.02466666665 61 92
24866.02466666665 25016.468666666646 61 92
25016.468666666646 25166.912666666645 61 96
25166.912666666645 25317.35666666664 61 92
25317.35666666664 25467.800666666637 61 86
1710.7148333333332 2154.5978333333333 62 62
5483.532833333336 5776.744833333337 62 88
8978.51175 9394.674 62 70
11760.242333333334 12071.397333333334 62 84
12378.411833333334 12527.606333333333 62 82
12527.606333333333 12827.593158333333 62 88
21270.59849999998 21428.44953124998 62 73
28453.23949999996 28611.004539583293 62 73
30239.13849999997 30392.059229166633 62 73
32290.873499999976 32606.667374999986 62 70
36594.3840770833 37152.038452083296 62 85
37142.8965770833 37664.1939208333 62 97
37750.27991041664 40916.618160416634 62 96
1363.8054999999997 1721.9824333333333 63 68
2350.9328333333333 3120.9968333333336 63 55
3276.4373333333338 3981.0135833333334 63 55
4168.382333333335 4458.798333333335 63 65
7679.881833333336 7859.055250000002 63 57
8824.66575 8988.127124999999 63 70
12229.217333333332 12382.763339583333 63 82
13844.07525 14135.062249999999 63 86
14135.062249999999 14286.168937499999 63 79
14575.169249999999 14749.887416666665 63 82
14725.613249999999 14822.961916666665 63 72
14871.859249999998 14969.916666666664 63 72
17257.446249999997 17476.769825 63 85
21571.38758333331 21874.70483958331 63 67
22020.57508333331 22330.416266666645 63 64
24414.423916666652 24636.597566666656 63 85
28751.822999999964 29048.408891666633 63 67
29197.436499999967 29503.0985395833 63 64
30537.297999999966 30836.07036249997 63 67
30986.039499999973 31148.697477083308 63 64
31464.145999999975 31909.483206249977 63 67
31979.99249999998 32301.883868749974 63 75
32900.85899999998 33641.774999999965 63 62
33791.10299999997 34525.032499999965 63 68
6207.562833333336 6643.728833333335 64 60
7078.984833333335 7378.613895833335 64 58
6065.456833333335 6216.444458333336 65 68
6934.871833333335 7089.192837500002 65 65
12967.484833333332 13259.518833333332 65 86
15919.072916666666 16180.396916666667 65 82
17703.715749999992 17964.14549999999 65 82
19489.936333333317 19750.366083333316 65 73
23071.85399999998 23334.17024999998 65 82
24866.02466666665 25129.301666666644 65 82
26657.671166666634 26815.637366666633 65 73
2350.9328333333333 2667.896654166667 66 66
3571.2773333333334 3981.0135833333334 66 65
4168.382333333335 4469.083900000002 66 73
5339.820333333336 5776.744833333337 66 64
9724.94775 9877.9751875 66 67
10733.858750000001 11134.763500000001 66 71
14426.352249999998 14749.887416666665 66 71
19936.38733333331 20088.23860416664 66 77
22472.273999999976 22772.06399999998 66 67
27109.003166666625 27263.127604166624 66 77
29643.916999999965 29941.550999999967 66 67
31137.937999999973 31464.145999999975 66 73
32900.85899999998 33206.14124999997 66 75
33791.10299999997 34092.959056249965 66 82
34819.52649999996 34976.058239583304 66 82
37142.8965770833 37664.1939208333 66 97
2657.0548333333336 3120.9968333333336 67 66
3276.4373333333338 3580.4910833333333 67 66
4458.798333333335 4899.4123333333355 67 59
5196.107833333335 5345.808354166669 67 71
6207.562833333336 6643.728833333335 67 60
7078.984833333335 7378.613895833335 67 58
9867.85275 10303.46925 67 69
10591.752750000001 10742.740375000001 67 72
12071.397333333334 12378.411833333334 67 86
13698.73325 13885.861074999999 67 78
13989.417249999999 14286.168937499999 67 69
14725.613249999999 14822.961916666665 67 72
16367.056916666666 16523.590216666664 67 85
18150.166749999986 18304.18395833332 67 85
19041.30358333332 19256.169629166652 67 85
20377.263333333307 20548.84191666664 67 73
20672.042333333306 21045.989999999976 67 67
21122.325999999975 21428.44953124998 67 64
21571.38758333331 21874.70483958331 67 75
22020.57508333331 22330.416266666645 67 69
23521.538999999982 23675.114437499986 67 85
25317.35666666664 25470.84543749997 67 85
26206.61366666664 26450.18381666664 67 85
27554.487166666622 27802.152499999956 67 73
27851.928499999958 28229.00524999996 67 67
28306.209499999957 28611.004539583293 67 64
28751.822999999964 29048.408891666633 67 75
29197.436499999967 29503.0985395833 67 69
30092.53249999997 30392.059229166633 67 64
30537.297999999966 30836.07036249997 67 75
30986.039499999973 31148.697477083308 67 69
31464.145999999975 31909.483206249977 67 75
33195.69899999998 33641.774999999965 67 74
34082.63399999997 34525.032499999965 67 82
34965.70399999997 35473.3770770833 67 85
36594.3840770833 37152.038452083296 67 85
37773.134597916636 40916.618160416634 67 105
5923.350833333336 6216.444458333336 68 67
6790.758833333335 7089.192837500002 68 64
13259.518833333332 13455.108166666665 68 78
14871.859249999998 14969.916666666664 68 72
15769.744916666667 16180.396916666667 68 72
16810.208499999997 17032.890249999997 68 82
17107.554249999997 17476.769825 68 74
17554.898749999997 17964.14549999999 68 72
18592.34383333332 18815.64333333332 68 82
19341.11933333332 19750.366083333316 68 64
22921.95899999998 23334.17024999998 68 72
23966.649833333322 24139.99741666665 68 82
24264.437416666653 24636.597566666656 68 74
24715.580666666654 25129.301666666644 68 72
25760.99491666664 25982.867833333305 68 82
26507.22716666664 26815.637366666633 68 64
4168.382333333335 4469.083900000002 69 73
5339.820333333336 5776.744833333337 69 64
7679.881833333336 7859.055250000002 69 57
8670.81975 9394.674 69 70
11465.274333333335 11621.214841666668 69 74
12822.142833333333 13009.270658333331 69 78
19787.570333333315 20088.23860416664 69 67
20672.042333333306 21045.989999999976 69 67
22622.16899999998 22774.562249999977 69 77
26958.55916666663 27263.127604166624 69 67
27851.928499999958 28229.00524999996 69 67
29792.733999999968 29949.729164583303 69 77
4458.798333333335 4899.4123333333355 70 73
5052.395333333335 5345.808354166669 70 70
11610.616333333335 12071.397333333334 70 74
12378.411833333334 12620.231252083333 70 78
16217.728916666665 16523.590216666664 70 74
18001.34974999999 18304.18395833332 70 74
20230.93333333331 20548.84191666664 70 64
21122.325999999975 21428.44953124998 70 69
22472.273999999976 22772.06399999998 70 70
23371.643999999982 23675.114437499986 70 74
25166.912666666645 25470.84543749997 70 74
27406.66466666662 27802.152499999956 70 64
28306.209499999957 28611.004539583293 70 69
29643.916999999965 29941.550999999967 70 70
30092.53249999997 30392.059229166633 70 69
36594.3840770833 37152.038452083296 70 101
6207.562833333336 6643.728833333335 72 60
7078.984833333335 7378.613895833335 72 58
7679.881833333336 7859.055250000002 72 68
8670.81975 9394.674 72 60
9582.042749999999 9867.85275 72 70
10449.646750000002 11134.763500000001 72 73
13989.417249999999 14286.168937499999 72 69
14426.352249999998 14749.887416666665 72 71
14725.613249999999 14822.961916666665 72 86
14871.859249999998 14969.916666666664 72 86
16662.7335 17032.890249999997 72 72
17107.554249999997 17476.769825 72 74
18444.69299999999 18815.64333333332 72 72
18890.59083333332 19256.169629166652 72 68
20672.042333333306 21045.989999999976 72 75
22020.57508333331 22330.416266666645 72 77
23818.73733333332 24139.99741666665 72 72
24264.437416666653 24636.597566666656 72 74
25614.04016666664 25982.867833333305 72 72
26057.276333333306 26450.18381666664 72 66
27851.928499999958 28229.00524999996 72 75
29197.436499999967 29503.0985395833 72 77
30986.039499999973 31464.145999999975 72 77
34673.348999999966 34965.70399999997 72 89
5923.350833333336 6216.444458333336 73 64
6790.758833333335 7089.192837500002 73 61
15769.744916666667 16180.396916666667 73 74
17554.898749999997 17964.14549999999 73 74
22921.95899999998 23334.17024999998 73 74
24715.580666666654 25129.301666666644 73 74
5339.820333333336 5776.744833333337 74 64
8978.51175 9394.674 74 70
13552.902833333332 13885.861074999999 74 63
19341.11933333332 19750.366083333316 74 67
19787.570333333315 20088.23860416664 74 67
20230.93333333331 20548.84191666664 74 67
21122.325999999975 21428.44953124998 74 77
26507.22716666664 26815.637366666633 74 67
26958.55916666663 27263.127604166624 74 67
27406.66466666662 27802.152499999956 74 67
28306.209499999957 28611.004539583293 74 77
30092.53249999997 30392.059229166633 74 77
36594.3840770833 37152.038452083296 74 101
5052.395333333335 5345.808354166669 75 66
7679.881833333336 7859.055250000002 75 68
8670.81975 8988.127124999999 75 72
9582.042749999999 10303.46925 75 60
10449.646750000002 11134.763500000001 75 63
11319.619750000002 11610.616333333335 75 70
13989.417249999999 14286.168937499999 75 82
14426.352249999998 14749.887416666665 75 84
14725.613249999999 14822.961916666665 75 86
14871.859249999998 14969.916666666664 75 86
16217.728916666665 16523.590216666664 75 74
16662.7335 17032.890249999997 75 74
17107.554249999997 17476.769825 75 84
18001.34974999999 18304.18395833332 75 74
18444.69299999999 18815.64333333332 75 74
18890.59083333332 19256.169629166652 75 71
23371.643999999982 23675.114437499986 75 74
23818.73733333332 24139.99741666665 75 74
24264.437416666653 24636.597566666656 75 84
25166.912666666645 25470.84543749997 75 74
25614.04016666664 25982.867833333305 75 74
26057.276333333306 26450.18381666664 75 67
34673.348999999966 35473.3770770833 75 75
6207.562833333336 6643.728833333335 76 74
7078.984833333335 7378.613895833335 76 71
12676.800833333333 13009.270658333331 76 63
5923.350833333336 6216.444458333336 77 75
6790.758833333335 7089.192837500002 77 72
13112.82683333333 13455.108166666665 77 69
13552.902833333332 13885.861074999999 77 68
15769.744916666667 16180.396916666667 77 85
17554.898749999997 17964.14549999999 77 85
19341.11933333332 19750.366083333316 77 77
22921.95899999998 23334.17024999998 77 85
24715.580666666654 25129.301666666644 77 85
26507.22716666664 26815.637366666633 77 77
5339.820333333336 5776.744833333337 78 77
9582.042749999999 9877.9751875 78 72
10733.858750000001 11134.763500000001 78 74
11319.619750000002 11621.214841666668 78 66
19787.570333333315 20088.23860416664 78 79
26958.55916666663 27263.127604166624 78 79
34673.348999999966 34976.058239583304 78 92
5052.395333333335 5345.808354166669 79 79
9867.85275 10303.46925 79 72
10449.646750000002 10742.740375000001 79 75
11610.616333333335 12071.397333333334 79 64
12229.217333333332 12620.231252083333 79 69
12676.800833333333 13009.270658333331 79 68
13552.902833333332 13885.861074999999 79 81
16217.728916666665 16523.590216666664 79 88
18001.34974999999 18304.18395833332 79 88
18890.59083333332 19256.169629166652 79 84
20230.93333333331 20548.84191666664 79 72
23371.643999999982 23675.114437499986 79 88
25166.912666666645 25470.84543749997 79 88
26057.276333333306 26450.18381666664 79 84
27406.66466666662 27802.152499999956 79 72
34965.70399999997 35473.3770770833 79 90
35473.3770770833 36594.3840770833 79 91
13112.82683333333 13455.108166666665 80 82
16662.7335 17032.890249999997 80 81
18444.69299999999 18815.64333333332 80 81
23818.73733333332 24139.99741666665 80 81
25614.04016666664 25982.867833333305 80 81
11319.619750000002 11621.214841666668 81 79
12676.800833333333 13009.270658333331 81 81
11610.616333333335 12071.397333333334 82 78
12229.217333333332 12620.231252083333 82 82
35473.3770770833 36594.3840770833 82 91
35473.3770770833 36594.3840770833 87 107
35473.3770770833 36594.3840770833 91 107
