57145.07533333338 57275.22091666671 31 43
59604.90987500004 59811.4145416667 34 32
16315.862833333334 16517.6745 37 38
17525.482500000002 17731.1465 37 36
18138.036833333335 18339.848500000004 37 38
23662.992833333345 23864.804500000013 37 42
24863.481750000017 25069.99508333335 37 36
25476.885416666686 25678.697083333354 37 38
910.054 1093.4015833333333 39 36
1224.1056666666666 1380.6901666666665 39 33
1535.0059999999999 1663.09025 39 36
1841.4816666666666 1968.2579999999998 39 41
8311.85233333333 8495.199916666666 39 36
8625.903999999999 8782.488499999998 39 33
8936.804333333332 9064.888583333332 39 36
9243.279999999999 9370.609166666667 39 40
30439.9734166667 30623.32100000003 39 36
30754.025083333363 30910.609583333364 39 39
31064.925416666698 31193.009666666698 39 36
31371.401083333363 31498.73025000003 39 42
37841.376416666746 38024.724000000075 39 36
38155.42808333341 38312.01258333341 39 33
38466.32841666674 38594.412666666736 39 35
38772.804083333394 38900.13325000006 39 39
45147.10029166675 45274.42945833342 39 32
45450.91387500009 45601.40587500009 39 36
45777.426208333425 45900.76187500009 39 40
46079.25354166676 46279.49333333342 39 46
46381.628000000084 46586.73000000009 39 42
46689.70066666675 46896.20533333341 39 34
47004.17933333341 47131.508500000076 39 32
47307.99291666674 47433.42475000008 39 36
47614.06175000008 47815.60375000009 39 40
47919.70541666675 48120.82008333341 39 40
48222.95475000008 48428.05675000008 39 42
48531.027416666744 48737.532083333404 39 34
48845.50608333341 48972.83525000007 39 32
49149.319666666735 49274.75150000007 39 39
52525.92883333338 52653.25800000005 39 32
52829.74241666672 52942.61408333339 39 36
53135.79933333339 53284.97216666672 39 40
53439.12775000005 53639.99675000005 39 46
53742.131416666714 53947.23341666672 39 42
54050.20408333338 54256.70875000004 39 34
54364.68275000004 54492.01191666671 39 32
54668.49633333337 54781.33683333338 39 36
54972.497750000046 55095.83341666671 39 40
55274.32508333338 55475.93475000005 39 40
55578.069416666716 55783.171416666715 39 42
55886.14208333338 56092.64675000004 39 34
56200.62075000004 56327.9499166667 39 32
56504.434333333375 56629.86616666671 39 39
56804.49266666671 56927.82833333338 39 45
59919.388541666696 60032.53008333336 39 32
60218.28116666669 60352.35783333336 39 45
60509.260166666696 60617.438791666704 39 39
60799.6194166667 60909.348416666704 39 48
61090.1987916667 61198.407958333366 39 43
61380.2757916667 61489.40695833338 39 52
61670.13475000005 61790.51775000005 39 44
61961.02408333339 62083.749916666726 39 48
62253.75591666673 62362.67204166673 39 44
62546.33354166673 62657.33554166673 39 52
62840.55187500007 62950.88237500006 39 42
63138.6743333334 63341.29833333339 39 38
63442.61033333339 64387.34333333339 39 33
65332.07633333339 66854.14616666672 39 67
4609.168666666667 4814.270666666667 41 36
5221.161 5422.972666666667 41 41
6421.649916666665 6578.737249999998 41 36
7046.418666666664 7175.954083333331 41 38
13830.382916666666 14036.615249999999 41 54
20266.421083333338 20417.98208333334 41 49
34139.64091666669 34344.7429166667 41 36
34750.30250000003 34874.80525000002 41 45
35945.51675000005 36077.50266666672 41 36
36570.88891666672 36699.75966666672 41 38
16621.54041666667 16775.116916666673 42 49
17223.23291666667 17374.18816666667 42 39
18440.35116666667 18588.160166666672 42 50
19036.27616666667 19187.23141666667 42 39
19338.52575 19557.216416666666 42 36
19659.351083333335 19862.79475 42 38
19964.106750000003 20165.91841666667 42 42
23965.30716666668 24113.11616666668 42 47
24561.23216666668 24712.187416666682 42 39
25779.19975000002 25927.008750000023 42 47
26375.12475000002 26526.08000000002 42 39
13530.392 13705.01825 43 45
26677.374333333355 26883.60666666669 43 40
49449.37800000008 49572.71366666674 43 45
49770.560333333415 49882.54837500008 43 53
57455.43433333338 57660.36591666671 43 45
15698.152499999998 15853.030999999999 44 36
17833.281166666668 18036.724833333334 44 34
23049.589166666676 23256.102500000008 44 43
25172.12975000002 25375.573416666688 44 34
43298.195333333424 43510.49700000009 44 46
51288.8558333334 51495.36050000006 44 33
57762.34175000004 57965.90441666671 44 45
13229.60725 13430.350583333333 45 38
27282.373166666686 27456.999666666685 45 39
39674.24675000008 39871.84141666675 45 55
50681.79237500007 50844.35720833341 45 44
58070.34308333338 58269.5270854167 45 45
58376.118083333364 58581.22008333337 45 41
58684.19075000004 58849.585416666705 45 35
1119.5713333333333 1328.495333333333 46 28
1432.1754999999998 1560.678583333333 46 30
1739.6912499999999 1892.274 46 32
2144.7424166666665 2270.1742499999996 46 42
5523.475333333333 5671.284333333332 46 50
6119.400333333332 6270.355583333332 46 39
7374.676499999998 7505.091666666664 46 49
7995.592249999997 8126.1451666666635 46 39
8521.369666666666 8730.293666666665 46 28
8833.973833333332 8962.476916666665 46 30
9141.489583333332 9294.625166666667 46 32
9547.093583333331 9672.525416666665 46 42
12926.956833333332 13078.517833333333 46 40
14756.120583333332 14884.128833333332 46 50
15064.475583333331 15194.143833333332 46 43
15390.680166666665 15596.8655 46 39
22114.048333333336 22317.611000000008 46 50
22419.39233333334 22626.64633333334 46 43
22744.989666666672 22872.21633333334 46 39
26985.135416666686 27158.259166666685 46 43
30649.49075000003 30858.41475000003 46 31
30962.094916666698 31090.598000000027 46 36
31269.610666666696 31422.746250000033 46 32
31675.214666666696 31800.646500000028 46 42
35047.3421666667 35195.1511666667 46 50
35643.26716666671 35794.222416666715 46 39
36893.122583333396 37098.77791666673 46 51
37535.09358333341 37740.221583333405 46 39
38050.893750000076 38259.81775000008 46 28
38363.49791666675 38492.00100000008 46 29
38671.01366666673 38824.14925000006 46 31
39076.61766666673 39202.04950000007 46 40
44219.701666666755 44425.93400000009 46 37
44832.75479166675 44947.65666666675 46 31
45350.20995833342 45501.16520833343 46 28
45652.426208333425 45826.63154166676 46 32
45975.15187500009 46084.292091666764 46 36
46279.49333333342 46484.03966666675 46 33
46586.73000000009 46792.95300000008 46 30
46896.20533333341 47008.67203541674 46 26
47207.28900000008 47358.244250000076 46 28
47508.406000000075 47714.83275000008 46 32
47815.60375000009 47924.04785208342 46 36
48120.82008333341 48325.366416666744 46 33
48428.05675000008 48634.279750000074 46 30
48737.532083333404 48854.49148750007 46 26
49048.61575000007 49199.57100000007 46 28
49349.732750000076 49498.58333333341 46 32
51598.61283333339 51801.24283333339 46 35
52211.45016666672 52417.95483333338 46 32
52729.03850000005 52879.99375000005 46 28
53031.38737500005 53185.392666666725 46 32
53335.02608333339 53442.840625000055 46 33
53639.99675000005 53844.54308333338 46 33
53947.23341666672 54153.45641666671 46 30
54256.70875000004 54367.89182291671 46 26
54567.79241666671 54718.747666666706 46 28
54869.50029166671 55021.70308333338 46 32
55170.22341666672 55279.31261666671 46 36
55475.93475000005 55680.48108333338 46 33
55783.171416666715 55989.39441666671 46 30
56092.64675000004 56205.7552666667 46 26
56403.7304166667 56554.68566666671 46 28
56704.84741666671 56853.69800000005 46 32
58992.072541666705 59194.70254166671 46 37
59296.837208333374 59501.93920833337 46 34
59811.4145416667 59923.88124375003 46 26
60119.580166666696 60230.582500000026 46 27
60412.886541666696 60545.2279166667 46 29
60702.161416666706 60803.92488333337 46 28
60994.0094166667 61114.177291666696 46 31
61283.068958333366 61388.7758916667 46 30
61573.91483333337 61694.113250000046 46 30
61863.31358333338 61970.25008333338 46 32
62156.89041666673 62265.806416666725 46 33
62448.050041666735 62551.27987500007 46 36
62743.12537500007 62852.7262083334 46 33
63037.900500000054 63147.5391333334 46 29
63341.29833333339 63757.521333333396 46 27
65332.07633333339 66854.14616666672 46 67
12011.519833333332 12217.752166666663 47 36
12624.642499999996 12826.454166666665 47 36
27874.917166666688 28023.30783333335 47 44
39970.963083333416 40144.866416666744 47 49
4916.405333333333 5119.849 48 34
6735.600249999999 6865.605583333331 48 34
27581.591833333354 27727.68450000002 48 48
34446.877583333364 34574.10475000003 48 34
36260.20441666672 36441.95600000006 48 34
50373.54091666674 50526.75337500007 48 45
16010.9255 16214.550833333335 49 34
16923.701916666672 17073.071166666672 49 43
17424.708500000004 17529.999789583337 49 33
18736.74516666667 18886.11441666667 49 43
19237.751750000003 19343.612956250003 49 33
19557.216416666666 19761.210083333335 49 29
23358.237166666677 23561.680833333343 49 40
24261.701166666684 24411.070416666684 49 43
24762.70775000002 24868.036197916685 49 33
26075.593750000025 26224.963000000025 49 43
26576.600333333357 26681.91648750002 49 33
28463.81058333335 28611.04325000002 49 54
40269.50516666675 40394.47391666675 49 47
5819.869333333333 5969.238583333332 50 43
8205.862583333332 8323.40499583333 50 32
28172.743083333353 28317.717916666683 50 55
35343.7361666667 35493.10541666671 50 43
37740.221583333405 37851.003635416746 50 32
50069.80020833342 50208.37154166675 50 47
2444.80075 2568.1364166666667 51 47
2742.8301666666666 2945.1918333333333 51 55
3047.3265 3252.4285 51 49
3355.399166666667 3561.9038333333338 51 41
3669.877833333334 3876.665833333334 51 46
4293.874000000001 4451.549000000001 51 35
9847.151916666666 9970.487583333332 51 50
10145.181333333332 10347.542999999996 51 54
10449.677666666663 10654.779666666662 51 49
10757.750333333326 10964.254999999994 51 41
11072.228999999994 11279.016999999994 51 46
11696.225166666663 11853.900166666665 51 35
12319.88683333333 12523.330499999996 51 33
27482.05983333335 27630.16383333335 51 36
29049.070500000023 29195.60416666669 51 58
31975.273000000027 32098.6086666667 51 47
32273.30241666671 32475.664083333377 51 54
32577.79875000004 32782.900750000044 51 49
32885.87141666671 33092.37608333337 51 41
33200.35008333337 33407.13808333337 51 46
33824.346250000024 33982.02125000003 51 35
39376.676000000065 39500.01166666674 51 44
40570.02608333342 40746.62100000008 51 54
49647.10366666674 49805.92016458341 51 37
50983.15091666674 51135.468083333406 51 40
57002.21833333338 57149.64452500005 51 37
65332.07633333339 66854.14616666672 51 79
26883.60666666669 27010.063166666685 52 32
27183.055833333354 27286.102466666685 52 34
28758.872166666686 28903.478833333356 52 60
57965.90441666671 58273.9834166667 52 30
58273.9834166667 58684.19075000004 52 34
4814.270666666667 4923.408139583334 53 29
5119.849 5224.950025 53 32
5422.972666666667 5527.7807999999995 53 42
5720.747666666666 5829.192583333333 53 35
6019.226083333332 6194.777333333332 53 34
6320.875916666665 6426.267335416665 53 33
6631.093249999998 6742.761708333332 53 29
6943.258916666665 7050.284641666664 53 32
7254.488499999999 7379.198470833331 53 35
7686.77633333333 7892.961666666663 53 43
7892.961666666663 8005.307281249998 53 34
14138.749916666666 14342.19358333333 53 52
14961.249583333332 15074.83828333333 53 37
15272.336833333333 15400.345104166667 53 34
15596.8655 15702.669789583333 53 33
15905.6625 16112.966166666667 53 29
16214.550833333335 16319.651858333335 53 32
16517.6745 16626.182320833337 53 35
17731.1465 17935.140166666668 53 29
18036.724833333334 18239.0775 53 32
18339.848500000004 18445.2717 53 35
20569.071500000005 20769.814833333337 53 38
20869.856250000004 20995.156333333336 53 39
21173.96716666667 21358.962833333335 53 48
21488.900916666673 21618.033666666674 53 45
21802.36033333334 22010.15233333334 53 37
22317.611000000008 22429.107364583342 53 37
22626.64633333334 22754.531666666673 53 34
22948.610583333342 23054.143614583343 53 33
23256.102500000008 23460.096166666677 53 29
23561.680833333343 23666.781858333343 53 32
23864.804500000013 23970.227700000014 53 35
25069.99508333335 25273.98875000002 53 29
25375.573416666688 25480.674441666684 53 32
25678.697083333354 25782.89015000002 53 38
28073.031833333353 28220.94508333335 53 40
29636.67450000003 29785.325500000035 53 62
34344.7429166667 34453.89287916669 53 29
34649.86258333336 34754.05250000002 53 32
34949.00158333336 35049.80243333336 53 40
35244.61450000003 35353.0594166667 53 35
35543.09291666671 35718.644166666716 53 34
35844.74275000004 35950.17100625005 53 33
36155.76541666672 36267.365875000054 53 29
36467.79583333339 36574.74495416672 53 32
36778.77858333339 36898.906639583394 53 35
37201.6055833334 37410.48291666674 53 43
37410.48291666674 37637.65758333341 53 34
40871.987333333425 41073.32808333343 53 46
42394.76925000009 42546.330250000094 53 62
43917.38733333342 44119.199000000095 53 38
44528.06866666675 44731.51233333342 53 38
51903.37750000005 52108.47950000006 53 33
57352.540416666714 57481.141250000044 53 30
57660.36591666671 57771.247616666704 53 33
58581.22008333337 58992.072541666705 53 31
13430.350583333333 13534.141062499999 54 34
16824.580250000003 16998.28791666667 54 35
17123.05866666667 17232.655041666672 54 34
18637.623500000005 18811.331166666674 54 35
18936.101916666674 19111.65316666667 54 34
19862.79475 20065.14741666667 54 32
24162.579500000014 24336.287166666683 54 35
24461.057916666683 24570.65429166668 54 31
25976.472083333356 26150.179750000025 54 35
26274.950500000024 26384.546875000022 54 34
27776.634500000022 27881.700591666686 54 40
29343.22083333336 29489.313500000026 54 69
39871.84141666675 39974.682583333415 54 36
50882.1405833334 50986.94837916674 54 33
51186.48841666674 51294.01845000007 54 29
51495.36050000006 51603.021564583396 54 26
58888.445541666704 59296.837208333374 54 28
59194.70254166671 59399.24887500004 54 30
1014.6738333333332 1171.9108333333331 55 28
1328.495333333333 1483.6608333333331 55 29
2044.0384999999997 2194.9937499999996 55 34
4504.327833333334 4613.661368750001 55 29
8416.472166666665 8573.709166666666 55 28
8730.293666666665 8885.459166666666 55 29
9446.389666666666 9597.344916666665 55 34
11906.678999999996 12016.061987499997 55 29
13128.903333333334 13236.516808333332 55 32
13729.880249999998 13834.925070833333 55 40
28660.37725000002 28806.951333333356 55 46
30544.59325000003 30701.830250000028 55 28
30858.41475000003 31013.580250000028 55 33
31574.51075000003 31725.46600000003 55 34
34034.80008333336 34144.13361875003 55 29
37945.99625000008 38103.23325000008 55 28
38259.81775000008 38414.98325000008 55 28
38975.91375000006 39126.869000000064 55 32
41174.368750000096 41377.26541666676 55 42
45249.10145833342 45425.78820833342 55 27
50578.43304166674 50685.53302500007 55 29
52627.93000000005 52804.61675000005 55 27
59501.93920833337 59613.9444541667 55 28
60020.03320833336 60131.97850000003 55 27
60605.3882916667 60726.4474166667 55 28
61186.35745833337 61295.1807916667 55 31
61766.35500000005 61887.662250000045 55 32
62350.529041666734 62472.52504166673 55 31
62938.54887500006 63062.960666666724 55 29
65332.07633333339 66854.14616666672 55 81
7583.148999999997 7789.868999999997 56 35
8099.829416666664 8232.672249999998 56 33
28366.289916666683 28468.093708333352 56 43
37098.77791666673 37211.39670833341 56 35
37637.65758333341 37765.86258333341 56 33
40169.79416666675 40278.25297916675 56 36
41479.3322500001 41685.56458333343 56 47
42092.454916666764 42294.26658333343 56 60
42998.20441666676 43172.83066666676 56 46
44425.93400000009 44535.07147291675 56 31
44731.51233333342 44836.53312916675 56 32
45039.45650000009 45150.951179166754 56 27
46177.63433333342 46381.628000000084 56 54
48018.961083333415 48222.95475000008 56 42
51801.24283333339 52005.78916666672 56 29
52108.47950000006 52220.48474583339 56 28
52417.95483333338 52531.70516458338 56 26
53538.13775000005 53742.131416666714 56 34
55374.075750000055 55578.069416666716 56 40
59708.16220833337 59919.388541666696 56 27
12217.752166666663 12326.889639583329 57 28
12523.330499999996 12628.431524999996 57 30
12826.454166666665 12931.3773625 57 32
22010.15233333334 22118.50126666667 57 31
29244.681500000024 29391.79283333336 57 49
1014.6738333333332 1171.9108333333331 58 37
1637.4873333333333 1816.0854999999997 58 32
2345.1555 2494.006083333333 58 37
2642.7228333333333 2748.4834416666667 58 45
3980.4865000000004 4162.952416666667 58 39
6219.970083333332 6346.136083333332 58 34
8416.472166666665 8573.709166666666 58 38
9039.285666666665 9217.883833333331 58 32
9747.506666666666 9896.35725 58 37
10045.074 10150.834608333333 58 44
11382.83766666666 11565.30358333333 58 39
16725.78291666667 16849.311916666673 58 35
17023.215666666674 17148.052416666673 58 36
17323.80266666667 17449.96866666667 58 34
18538.82616666667 18662.35516666667 58 35
18836.258916666673 18961.09566666667 58 36
19136.84591666667 19263.01191666667 58 34
19454.80475 19659.351083333335 58 28
20165.91841666667 20270.841612500004 58 36
20468.36758333334 20575.981058333342 58 35
20769.814833333337 20873.595412500006 58 32
24063.78216666668 24187.31116666668 58 35
24361.214916666682 24486.05166666668 58 36
24661.80191666668 24787.967916666683 58 34
25877.67475000002 26001.203750000022 58 35
26175.107500000024 26299.944250000026 58 36
26475.69450000002 26601.86050000002 58 34
26781.19500000002 26960.207666666687 58 31
28951.926166666686 29052.72280000002 58 48
29937.507416666696 30120.338483333366 58 67
30544.59325000003 30701.830250000028 58 37
31167.40675000003 31346.004916666698 58 32
31875.62775000003 32024.47833333336 58 37
32173.19508333337 32278.32755000004 58 41
33510.95875000003 33693.42466666669 58 39
35743.83691666672 35870.002916666715 58 34
37945.99625000008 38103.23325000008 58 38
38568.80975000007 38747.40791666673 58 31
39277.03075000006 39425.881333333404 58 35
39574.5980833334 39676.71345000008 58 38
40469.65441666675 40574.54337291675 58 33
44934.736750000084 45052.719083333424 58 27
45551.28554166676 45777.426208333425 58 29
45876.030208333425 46079.25354166676 58 34
46484.03966666675 46689.70066666675 58 32
46792.95300000008 47004.17933333341 58 28
47106.180500000075 47282.867250000076 58 27
47408.36458333341 47533.333750000085 58 29
47714.83275000008 47919.70541666675 58 34
48325.366416666744 48531.027416666744 58 32
48634.279750000074 48845.50608333341 58 28
48947.50725000007 49124.19400000007 58 27
49249.6913333334 49424.516000000076 58 29
49547.98200000008 49770.560333333415 58 35
52314.70250000005 52525.92883333338 58 27
52930.114083333385 53044.27395833338 58 29
53235.11666666672 53439.12775000005 58 34
53844.54308333338 54050.20408333338 58 32
54153.45641666671 54364.68275000004 58 28
54466.683916666705 54643.370666666706 58 27
54768.86800000004 54882.255375000044 58 29
55071.101750000045 55274.32508333338 58 34
55680.48108333338 55886.14208333338 58 32
55989.39441666671 56200.62075000004 58 28
56302.6219166667 56479.3086666667 58 27
56604.80600000004 56779.630666666715 58 29
56903.096666666715 57145.07533333338 58 35
60315.92883333336 60437.0492916667 58 27
60897.2054166667 61030.160916666704 58 31
61477.29512500004 61610.06633333338 58 31
62059.27491666672 62193.31941666672 58 31
62645.034208333396 62779.74287500007 58 34
63239.98633333339 63442.61033333339 58 29
65332.07633333339 66854.14616666672 58 81
2945.1918333333333 3051.1669375 59 38
6839.631583333332 6994.938583333332 59 30
10347.542999999996 10453.518104166662 59 38
15801.404833333332 16010.9255 59 28
16112.966166666667 16315.862833333334 59 30
16416.9035 16542.800166666668 59 34
17628.734833333332 17833.281166666668 59 28
17935.140166666668 18138.036833333335 59 30
18239.0775 18440.35116666667 59 34
21071.345250000002 21178.633833333337 59 33
23153.69083333334 23358.237166666677 59 28
23460.096166666677 23662.992833333345 59 30
23764.033500000012 23965.30716666668 59 34
24967.583416666683 25172.12975000002 59 28
25273.98875000002 25476.885416666686 59 30
25577.926083333354 25779.19975000002 59 35
29835.5784166667 29947.5074166667 59 51
32475.664083333377 32581.639187500044 59 36
36364.23575000006 36493.63566666673 59 30
49969.706041666745 50107.48870833342 59 35
50271.72691666675 50382.57549583341 59 33
57249.51400000005 57378.31358333338 59 30
57558.06425000005 57736.89641666671 59 35
57864.123083333376 58070.34308333338 59 31
3252.4285 3364.433745833334 60 36
4711.859 4916.405333333333 60 28
5018.2643333333335 5221.161 60 30
5322.201666666667 5523.475333333333 60 37
6527.1909166666655 6657.271249999998 60 28
7149.912416666664 7267.395041666665 60 34
8099.829416666664 8232.672249999998 60 42
10654.779666666662 10766.784912499994 60 36
14443.50558333333 14645.317249999998 60 42
21385.004500000003 21496.02527291667 60 37
27382.018416666684 27532.180166666683 60 35
29538.263500000026 29645.924625000032 60 50
32782.900750000044 32894.905995833375 60 33
34242.331250000025 34446.877583333364 60 28
34548.72400000003 34675.05150000002 60 30
34849.99133333335 34973.6321666667 60 34
36051.899750000055 36181.94341666672 60 28
36673.71800000006 36791.685125000055 60 36
37637.65758333341 37765.86258333341 60 42
39772.91475000008 39896.57308333342 60 36
40771.68116666675 40879.52503333342 60 35
41787.69925000009 41991.14291666676 60 54
43612.631666666755 43816.07533333342 60 47
58478.52975000004 58684.19075000004 60 32
15493.772833333333 15622.638666666668 61 34
16416.9035 16542.800166666668 61 44
16725.78291666667 16849.311916666673 61 53
17023.215666666674 17148.052416666673 61 43
17323.80266666667 17449.96866666667 61 42
17628.734833333332 17833.281166666668 61 38
17935.140166666668 18138.036833333335 61 41
18239.0775 18440.35116666667 61 49
18538.82616666667 18662.35516666667 61 51
18836.258916666673 18961.09566666667 61 43
19136.84591666667 19263.01191666667 61 42
19761.210083333335 19964.106750000003 61 30
22846.771000000008 22974.07533333334 61 34
23764.033500000012 23965.30716666668 61 53
24063.78216666668 24187.31116666668 61 53
24361.214916666682 24486.05166666668 61 49
24661.80191666668 24787.967916666683 61 42
24967.583416666683 25172.12975000002 61 38
25273.98875000002 25476.885416666686 61 43
25577.926083333354 25779.19975000002 61 49
25877.67475000002 26001.203750000022 61 53
26175.107500000024 26299.944250000026 61 43
26475.69450000002 26601.86050000002 61 42
26781.19500000002 26960.207666666687 61 43
27084.064166666685 27232.649166666684 61 35
58172.1244166667 58376.118083333364 61 34
3561.9038333333338 3674.3951229166673 62 32
5018.2643333333335 5221.161 62 44
5919.383083333332 6044.219833333332 62 36
6219.970083333332 6346.136083333332 62 42
6839.631583333332 6994.938583333332 62 44
7789.868999999997 7918.602666666664 62 35
10964.254999999994 11076.746289583329 62 32
13027.9975 13204.481583333332 62 31
13330.109916666666 13455.41075 62 32
13630.234999999999 13830.382916666666 62 36
15168.169833333332 15390.680166666665 62 36
22523.01933333334 22744.989666666672 62 36
27973.714500000016 28122.887333333354 62 36
33092.37608333337 33204.8673729167 62 32
34548.72400000003 34675.05150000002 62 41
35443.24991666671 35568.086666666706 62 36
35743.83691666672 35870.002916666715 62 42
36364.23575000006 36493.63566666673 62 41
37306.04425000007 37535.09358333341 62 35
40070.28041666675 40269.50516666675 62 37
41073.32808333343 41179.4343500001 62 34
44629.92766666675 44820.16033333342 62 31
44934.736750000084 45052.719083333424 62 36
51699.38383333339 51903.37750000005 62 29
52005.78916666672 52211.45016666672 62 28
59708.16220833337 59919.388541666696 62 43
1328.495333333333 1483.6608333333331 63 39
1942.9299999999998 2119.6167499999997 63 33
3876.665833333334 3988.2941250000003 63 32
4189.122166666667 4372.601750000001 63 30
4398.9175000000005 4583.496083333334 63 29
4711.859 4916.405333333333 63 38
5322.201666666667 5523.475333333333 63 51
5621.950333333332 5745.479333333333 63 35
6527.1909166666655 6657.271249999998 63 38
7149.912416666664 7267.395041666665 63 50
7478.981999999997 7609.122999999997 63 35
8730.293666666665 8885.459166666666 63 39
9345.281166666666 9521.967916666666 63 33
11279.016999999994 11390.645291666662 63 31
11591.47333333333 11774.952916666663 63 30
11801.268666666663 11985.847249999997 63 29
12115.340499999997 12319.88683333333 63 28
12421.745833333329 12624.642499999996 63 29
12725.683166666664 12926.956833333332 63 32
14036.615249999999 14240.608916666664 63 45
14342.19358333333 14447.29460833333 63 35
14645.317249999998 14759.956895833331 63 37
14858.48783333333 15012.795916666664 63 36
16112.966166666667 16315.862833333334 63 41
21696.93208333334 21806.25643333334 63 30
21906.25633333334 22114.048333333336 63 32
22215.829666666672 22419.39233333334 63 36
23460.096166666677 23662.992833333345 63 45
27382.018416666684 27532.180166666683 63 46
27678.861166666684 27825.711833333353 63 39
30858.41475000003 31013.580250000028 63 42
31473.402250000032 31650.08900000003 63 33
33407.13808333337 33518.76637500003 63 31
33719.59441666669 33903.07400000002 63 30
33929.389750000024 34113.96833333336 63 29
34242.331250000025 34446.877583333364 63 38
34849.99133333335 34973.6321666667 63 51
35145.8171666667 35269.3461666667 63 35
36051.899750000055 36181.94341666672 63 38
36673.71800000006 36791.685125000055 63 51
36995.95025000007 37201.6055833334 63 35
38259.81775000008 38414.98325000008 63 38
38874.805250000056 39051.49200000006 63 31
42697.41966666676 42898.16300000009 63 50
44119.199000000095 44224.24382083342 63 34
44323.52233333342 44528.06866666675 63 28
45249.10145833342 45425.78820833342 63 40
50475.73304166675 50681.79237500007 63 31
50781.54304166674 50907.329500000065 63 33
51084.57741666674 51199.24350000007 63 31
51392.10816666673 51598.61283333339 63 27
52627.93000000005 52804.61675000005 63 40
58785.97208333337 58992.072541666705 63 29
59092.84354166671 59296.837208333374 63 30
59399.24887500004 59604.90987500004 63 28
60020.03320833336 60131.97850000003 63 40
60315.92883333336 60437.0492916667 63 45
60605.3882916667 60726.4474166667 63 44
60897.2054166667 61030.160916666704 63 52
61186.35745833337 61295.1807916667 63 49
61477.29512500004 61610.06633333338 63 55
61766.35500000005 61887.662250000045 63 49
62059.27491666672 62193.31941666672 63 52
62350.529041666734 62472.52504166673 63 49
62645.034208333396 62779.74287500007 63 53
62938.54887500006 63062.960666666724 63 45
63239.98633333339 63442.61033333339 63 46
65332.07633333339 66854.14616666672 63 98
19454.80475 19659.351083333335 64 38
19761.210083333335 19964.106750000003 64 44
20065.14741666667 20266.421083333338 64 34
27084.064166666685 27232.649166666684 64 44
28561.837916666685 28709.970583333354 64 41
40369.48016666675 40519.774750000084 64 34
41377.26541666676 41485.1721625001 64 35
5919.383083333332 6044.219833333332 65 49
6320.875916666665 6426.267335416665 65 41
7789.868999999997 7918.602666666664 65 43
8205.862583333332 8323.40499583333 65 41
12421.745833333329 12624.642499999996 65 39
14544.546249999998 14756.120583333332 65 37
15493.772833333333 15622.638666666668 65 42
15801.404833333332 16010.9255 65 47
20367.461750000002 20543.94583333334 65 36
20969.963583333338 21096.878916666672 65 33
21280.633833333337 21411.04616666667 65 35
21592.260500000004 21776.719333333338 65 38
22215.829666666672 22419.39233333334 65 48
22523.01933333334 22744.989666666672 65 43
22846.771000000008 22974.07533333334 65 42
23153.69083333334 23358.237166666677 65 38
27973.714500000016 28122.887333333354 65 48
28269.270583333353 28414.987250000017 65 43
35443.24991666671 35568.086666666706 65 43
35844.74275000004 35950.17100625005 65 41
37306.04425000007 37535.09358333341 65 43
37740.221583333405 37851.003635416746 65 41
41685.56458333343 41889.55825000009 65 43
41991.14291666676 42193.49558333343 65 42
42294.26658333343 42399.18977916676 65 49
43510.49700000009 43714.49066666675 65 38
43816.07533333342 44018.428000000094 65 32
44323.52233333342 44528.06866666675 65 42
44629.92766666675 44820.16033333342 65 44
49869.81600000008 49982.174875000084 65 35
50170.49279166675 50297.10766666674 65 34
52314.70250000005 52525.92883333338 65 43
12115.340499999997 12319.88683333333 66 38
12725.683166666664 12926.956833333332 66 41
27678.861166666684 27825.711833333353 66 47
29146.65416666669 29293.886833333356 66 44
40671.63975000008 40846.86166666675 66 38
1119.5713333333333 1328.495333333333 67 37
1637.4873333333333 1816.0854999999997 67 41
2245.1140833333334 2419.93875 67 35
3773.1301666666673 3980.4865000000004 67 36
4084.6601666666675 4267.631416666667 67 30
4398.9175000000005 4583.496083333334 67 43
5621.950333333332 5745.479333333333 67 55
7478.981999999997 7609.122999999997 67 49
8521.369666666666 8730.293666666665 67 37
9039.285666666665 9217.883833333331 67 41
9647.46525 9822.289916666667 67 35
11175.481333333328 11382.83766666666 67 30
11487.01133333333 11669.982583333329 67 30
11801.268666666663 11985.847249999997 67 43
13027.9975 13204.481583333332 67 42
20669.57416666667 20794.875000000004 67 32
28561.837916666685 28709.970583333354 67 58
28855.153333333354 28976.149833333355 67 48
30649.49075000003 30858.41475000003 67 37
31167.40675000003 31346.004916666698 67 51
31775.586333333362 31950.41100000003 67 35
33303.6024166667 33510.95875000003 67 30
33615.13241666669 33798.10366666669 67 30
33929.389750000024 34113.96833333336 67 43
35145.8171666667 35269.3461666667 67 51
36995.95025000007 37201.6055833334 67 54
38050.893750000076 38259.81775000008 67 37
38568.80975000007 38747.40791666673 67 40
39176.9893333334 39351.81400000007 67 33
45551.28554166676 45777.426208333425 67 44
45876.030208333425 46079.25354166676 67 48
47106.180500000075 47282.867250000076 67 40
47408.36458333341 47533.333750000085 67 44
47714.83275000008 47919.70541666675 67 48
48947.50725000007 49124.19400000007 67 40
49249.6913333334 49424.516000000076 67 48
52005.78916666672 52211.45016666672 67 44
52930.114083333385 53044.27395833338 67 49
53235.11666666672 53439.12775000005 67 55
54466.683916666705 54643.370666666706 67 40
54768.86800000004 54882.255375000044 67 44
55071.101750000045 55274.32508333338 67 48
56302.6219166667 56479.3086666667 67 40
64387.34333333339 65332.07633333339 67 69
65332.07633333339 66854.14616666672 67 98
3458.651500000001 3669.877833333334 68 33
7892.961666666663 8005.307281249998 68 42
10861.00266666666 11072.228999999994 68 33
16517.6745 16626.182320833337 68 47
18339.848500000004 18445.2717 68 47
20969.963583333338 21096.878916666672 68 53
23864.804500000013 23970.227700000014 68 56
25678.697083333354 25782.89015000002 68 54
28269.270583333353 28414.987250000017 68 51
29735.601500000033 29860.906416666698 68 51
32989.12375000004 33200.35008333337 68 33
37410.48291666674 37637.65758333341 68 42
40972.55708333343 41174.368750000096 68 34
41583.15291666676 41787.69925000009 68 36
41889.55825000009 42092.454916666764 68 42
42193.49558333343 42394.76925000009 68 46
42596.71575000009 42797.92233333342 68 46
42898.16300000009 43048.19191666676 68 38
43197.692666666764 43408.08533333342 68 35
43408.08533333342 43612.631666666755 68 35
43714.49066666675 43917.38733333342 68 38
44018.428000000094 44219.701666666755 68 34
46177.63433333342 46381.628000000084 68 51
46484.03966666675 46689.70066666675 68 49
46792.95300000008 47004.17933333341 68 45
48018.961083333415 48222.95475000008 68 51
48325.366416666744 48531.027416666744 68 49
48634.279750000074 48845.50608333341 68 45
51699.38383333339 51903.37750000005 68 46
53538.13775000005 53742.131416666714 68 51
53844.54308333338 54050.20408333338 68 49
54153.45641666671 54364.68275000004 68 45
55374.075750000055 55578.069416666716 68 51
55680.48108333338 55886.14208333338 68 49
55989.39441666671 56200.62075000004 68 45
4814.270666666667 4923.408139583334 69 38
5119.849 5224.950025 69 48
5422.972666666667 5527.7807999999995 69 55
6631.093249999998 6742.761708333332 69 38
6943.258916666665 7050.284641666664 69 47
7254.488499999999 7379.198470833331 69 54
13330.109916666666 13455.41075 69 47
14544.546249999998 14756.120583333332 69 48
21280.633833333337 21411.04616666667 69 55
21592.260500000004 21776.719333333338 69 51
21906.25633333334 22114.048333333336 69 42
29146.65416666669 29293.886833333356 69 68
29440.490166666692 29562.802166666697 69 49
34344.7429166667 34453.89287916669 69 38
34649.86258333336 34754.05250000002 69 43
34949.00158333336 35049.80243333336 69 57
36155.76541666672 36267.365875000054 69 38
36467.79583333339 36574.74495416672 69 43
36778.77858333339 36898.906639583394 69 58
58785.97208333337 58992.072541666705 69 47
59092.84354166671 59296.837208333374 69 48
587.976 935.7265833333332 70 49
910.054 1093.4015833333333 70 48
1432.1754999999998 1560.678583333333 70 40
1942.9299999999998 2119.6167499999997 70 49
2543.40475 2667.650583333333 70 39
4084.6601666666675 4267.631416666667 70 43
4504.327833333334 4613.661368750001 70 41
5720.747666666666 5829.192583333333 70 53
6019.226083333332 6194.777333333332 70 47
8311.85233333333 8495.199916666666 70 53
8833.973833333332 8962.476916666665 70 40
9345.281166666666 9521.967916666666 70 49
9945.755916666667 10070.00175 70 39
11487.01133333333 11669.982583333329 70 43
13630.234999999999 13830.382916666666 70 51
13934.203583333332 14138.749916666666 70 42
14240.608916666664 14443.50558333333 70 42
15168.169833333332 15390.680166666665 70 43
15596.8655 15702.669789583333 70 41
16214.550833333335 16319.651858333335 70 43
16824.580250000003 16998.28791666667 70 52
17123.05866666667 17232.655041666672 70 42
17424.708500000004 17529.999789583337 70 41
18036.724833333334 18239.0775 70 43
18637.623500000005 18811.331166666674 70 50
18936.101916666674 19111.65316666667 70 42
19237.751750000003 19343.612956250003 70 41
19557.216416666666 19761.210083333335 70 38
20065.14741666667 20266.421083333338 70 48
20367.461750000002 20543.94583333334 70 53
20669.57416666667 20794.875000000004 70 43
22948.610583333342 23054.143614583343 70 41
23561.680833333343 23666.781858333343 70 47
24162.579500000014 24336.287166666683 70 52
24461.057916666683 24570.65429166668 70 46
24762.70775000002 24868.036197916685 70 41
25375.573416666688 25480.674441666684 70 47
25976.472083333356 26150.179750000025 70 52
26274.950500000024 26384.546875000022 70 42
26576.600333333357 26681.91648750002 70 41
26883.60666666669 27010.063166666685 70 43
28855.153333333354 28976.149833333355 70 66
30439.9734166667 30623.32100000003 70 48
30962.094916666698 31090.598000000027 70 44
31473.402250000032 31650.08900000003 70 57
32073.877000000033 32198.12283333337 70 39
33615.13241666669 33798.10366666669 70 43
34034.80008333336 34144.13361875003 70 41
35244.61450000003 35353.0594166667 70 51
35543.09291666671 35718.644166666716 70 42
37841.376416666746 38024.724000000075 70 53
38363.49791666675 38492.00100000008 70 40
38874.805250000056 39051.49200000006 70 47
39475.28000000007 39599.525833333406 70 37
41275.6807500001 41453.65966666677 70 35
45039.45650000009 45150.951179166754 70 37
45350.20995833342 45501.16520833343 70 41
56604.80600000004 56779.630666666715 70 48
59399.24887500004 59604.90987500004 70 45
59811.4145416667 59923.88124375003 70 39
60119.580166666696 60230.582500000026 70 40
60412.886541666696 60545.2279166667 70 45
60702.161416666706 60803.92488333337 70 46
60994.0094166667 61114.177291666696 70 52
61283.068958333366 61388.7758916667 70 48
61573.91483333337 61694.113250000046 70 52
61863.31358333338 61970.25008333338 70 49
62156.89041666673 62265.806416666725 70 52
62448.050041666735 62551.27987500007 70 52
62743.12537500007 62852.7262083334 70 52
63037.900500000054 63147.5391333334 70 43
63341.29833333339 63757.521333333396 70 41
64387.34333333339 65332.07633333339 70 73
2843.3328333333334 3047.3265 71 39
10245.683999999997 10449.677666666663 71 39
15905.6625 16112.966166666667 71 41
17731.1465 17935.140166666668 71 38
23256.102500000008 23460.096166666677 71 38
25069.99508333335 25273.98875000002 71 38
29735.601500000033 29860.906416666698 71 63
32373.80508333338 32577.79875000004 71 39
40972.55708333343 41174.368750000096 71 52
51084.57741666674 51199.24350000007 71 51
3149.738166666667 3355.399166666667 72 38
3458.651500000001 3669.877833333334 72 51
3773.1301666666673 3980.4865000000004 72 51
7583.148999999997 7789.868999999997 72 48
7995.592249999997 8126.1451666666635 72 58
10552.089333333328 10757.750333333326 72 38
10861.00266666666 11072.228999999994 72 51
11175.481333333328 11382.83766666666 72 42
13934.203583333332 14138.749916666666 72 55
14858.48783333333 15012.795916666664 72 52
22010.15233333334 22118.50126666667 72 43
27482.05983333335 27630.16383333335 72 49
29440.490166666692 29562.802166666697 72 69
32680.210416666712 32885.87141666671 72 38
32989.12375000004 33200.35008333337 72 51
33303.6024166667 33510.95875000003 72 42
37098.77791666673 37211.39670833341 72 51
37535.09358333341 37740.221583333405 72 58
40671.63975000008 40846.86166666675 72 53
41583.15291666676 41787.69925000009 72 50
41889.55825000009 42092.454916666764 72 56
42193.49558333343 42394.76925000009 72 61
43408.08533333342 43612.631666666755 72 51
44018.428000000094 44219.701666666755 72 44
44425.93400000009 44535.07147291675 72 41
44731.51233333342 44836.53312916675 72 44
50475.73304166675 50681.79237500007 72 52
50781.54304166674 50907.329500000065 72 57
51392.10816666673 51598.61283333339 72 45
52108.47950000006 52220.48474583339 72 43
58478.52975000004 58684.19075000004 72 53
17223.23291666667 17374.18816666667 73 62
19036.27616666667 19187.23141666667 73 62
19862.79475 20065.14741666667 73 45
24561.23216666668 24712.187416666682 73 59
27183.055833333354 27286.102466666685 73 46
40369.48016666675 40519.774750000084 73 52
41275.6807500001 41453.65966666677 73 52
58172.1244166667 58376.118083333364 73 54
2843.3328333333334 3047.3265 74 58
4916.405333333333 5119.849 74 54
6119.400333333332 6270.355583333332 74 63
6735.600249999999 6865.605583333331 74 54
10245.683999999997 10449.677666666663 74 64
13128.903333333334 13236.516808333332 74 42
13430.350583333333 13534.141062499999 74 52
13729.880249999998 13834.925070833333 74 55
14240.608916666664 14443.50558333333 74 54
21071.345250000002 21178.633833333337 74 54
22626.64633333334 22754.531666666673 74 42
28073.031833333353 28220.94508333335 74 49
32373.80508333338 32577.79875000004 74 58
34446.877583333364 34574.10475000003 74 54
35643.26716666671 35794.222416666715 74 63
36260.20441666672 36441.95600000006 74 54
40070.28041666675 40269.50516666675 74 57
43714.49066666675 43917.38733333342 74 53
44832.75479166675 44947.65666666675 74 50
46279.49333333342 46484.03966666675 74 49
46586.73000000009 46792.95300000008 74 46
46896.20533333341 47008.67203541674 74 40
48120.82008333341 48325.366416666744 74 49
48428.05675000008 48634.279750000074 74 46
48737.532083333404 48854.49148750007 74 40
49869.81600000008 49982.174875000084 74 59
50170.49279166675 50297.10766666674 74 55
52417.95483333338 52531.70516458338 74 39
53639.99675000005 53844.54308333338 74 49
53947.23341666672 54153.45641666671 74 46
54256.70875000004 54367.89182291671 74 40
55475.93475000005 55680.48108333338 74 49
55783.171416666715 55989.39441666671 74 46
56092.64675000004 56205.7552666667 74 40
57249.51400000005 57378.31358333338 74 54
57558.06425000005 57736.89641666671 74 55
57864.123083333376 58070.34308333338 74 59
59604.90987500004 59811.4145416667 74 55
1224.1056666666666 1380.6901666666665 75 52
1739.6912499999999 1892.274 75 44
2245.1140833333334 2419.93875 75 52
3149.738166666667 3355.399166666667 75 56
4189.122166666667 4372.601750000001 75 43
4609.168666666667 4814.270666666667 75 53
5221.161 5422.972666666667 75 64
6421.649916666665 6578.737249999998 75 53
7046.418666666664 7175.954083333331 75 59
8625.903999999999 8782.488499999998 75 52
9141.489583333332 9294.625166666667 75 44
9647.46525 9822.289916666667 75 52
10552.089333333328 10757.750333333326 75 56
11591.47333333333 11774.952916666663 75 43
11906.678999999996 12016.061987499997 75 41
12217.752166666663 12326.889639583329 75 37
12523.330499999996 12628.431524999996 75 40
12826.454166666665 12931.3773625 75 44
16010.9255 16214.550833333335 75 54
17833.281166666668 18036.724833333334 75 54
21385.004500000003 21496.02527291667 75 52
22317.611000000008 22429.107364583342 75 47
23358.237166666677 23561.680833333343 75 59
25172.12975000002 25375.573416666688 75 56
27776.634500000022 27881.700591666686 75 46
30754.025083333363 30910.609583333364 75 52
31269.610666666696 31422.746250000033 75 54
31775.586333333362 31950.41100000003 75 59
32680.210416666712 32885.87141666671 75 56
33719.59441666669 33903.07400000002 75 43
34139.64091666669 34344.7429166667 75 53
34750.30250000003 34874.80525000002 75 64
35945.51675000005 36077.50266666672 75 53
36570.88891666672 36699.75966666672 75 65
38155.42808333341 38312.01258333341 75 51
38671.01366666673 38824.14925000006 75 43
39176.9893333334 39351.81400000007 75 49
39772.91475000008 39896.57308333342 75 57
42495.80991666677 42672.294000000096 75 46
42797.92233333342 42923.22316666676 75 37
43098.047416666755 43298.195333333424 75 37
45147.10029166675 45274.42945833342 75 52
45652.426208333425 45826.63154166676 75 47
45975.15187500009 46084.292091666764 75 51
47207.28900000008 47358.244250000076 75 41
47508.406000000075 47714.83275000008 75 47
47815.60375000009 47924.04785208342 75 51
49048.61575000007 49199.57100000007 75 42
49547.98200000008 49770.560333333415 75 54
52729.03850000005 52879.99375000005 75 41
53031.38737500005 53185.392666666725 75 51
53335.02608333339 53442.840625000055 75 52
54567.79241666671 54718.747666666706 75 41
54869.50029166671 55021.70308333338 75 47
55170.22341666672 55279.31261666671 75 51
56403.7304166667 56554.68566666671 75 42
56903.096666666715 57145.07533333338 75 54
58888.445541666704 58997.74091041671 75 47
59194.70254166671 59399.24887500004 75 47
59501.93920833337 59613.9444541667 75 43
59919.388541666696 60032.53008333336 75 52
60509.260166666696 60617.438791666704 75 62
61090.1987916667 61198.407958333366 75 67
61670.13475000005 61790.51775000005 75 69
62253.75591666673 62362.67204166673 75 65
62840.55187500007 62950.88237500006 75 64
63442.61033333339 64387.34333333339 75 54
64387.34333333339 65332.07633333339 75 73
19338.52575 19557.216416666666 76 58
20165.91841666667 20270.841612500004 76 51
26677.374333333355 26883.60666666669 76 60
28660.37725000002 28806.951333333356 76 63
5819.869333333333 5969.238583333332 77 65
7686.77633333333 7892.961666666663 77 60
12319.88683333333 12523.330499999996 77 53
14036.615249999999 14240.608916666664 77 55
14342.19358333333 14447.29460833333 77 48
14645.317249999998 14759.956895833331 77 50
14961.249583333332 15074.83828333333 77 48
15272.336833333333 15400.345104166667 77 42
15390.680166666665 15596.8655 77 65
15698.152499999998 15853.030999999999 77 59
16315.862833333334 16517.6745 77 64
17525.482500000002 17731.1465 77 53
18138.036833333335 18339.848500000004 77 59
20468.36758333334 20575.981058333342 77 52
21696.93208333334 21806.25643333334 77 47
22744.989666666672 22872.21633333334 77 59
23049.589166666676 23256.102500000008 77 57
23662.992833333345 23864.804500000013 77 66
24863.481750000017 25069.99508333335 77 56
25476.885416666686 25678.697083333354 77 66
26375.12475000002 26526.08000000002 77 63
28366.289916666683 28468.093708333352 77 53
35343.7361666667 35493.10541666671 77 67
37201.6055833334 37410.48291666674 77 60
41073.32808333343 41179.4343500001 77 48
41685.56458333343 41889.55825000009 77 49
41991.14291666676 42193.49558333343 77 58
42294.26658333343 42399.18977916676 77 65
42495.80991666677 42672.294000000096 77 62
43098.047416666755 43298.195333333424 77 47
43510.49700000009 43714.49066666675 77 50
43816.07533333342 44018.428000000094 77 49
44119.199000000095 44224.24382083342 77 46
44219.701666666755 44425.93400000009 77 57
51801.24283333339 52005.78916666672 77 45
12011.519833333332 12217.752166666663 78 57
12624.642499999996 12826.454166666665 78 59
16923.701916666672 17073.071166666672 78 67
18736.74516666667 18886.11441666667 78 67
24261.701166666684 24411.070416666684 78 66
26075.593750000025 26224.963000000025 78 68
27282.373166666686 27456.999666666685 78 63
29244.681500000024 29391.79283333336 78 66
40771.68116666675 40879.52503333342 78 53
50882.1405833334 50986.94837916674 78 51
51186.48841666674 51294.01845000007 78 50
51495.36050000006 51603.021564583396 78 44
62546.33354166673 62657.33554166673 78 71
1535.0059999999999 1663.09025 79 56
2044.0384999999997 2194.9937499999996 79 50
2543.40475 2667.650583333333 79 54
3876.665833333334 3988.2941250000003 79 46
4293.874000000001 4451.549000000001 79 60
5523.475333333333 5671.284333333332 79 70
7374.676499999998 7505.091666666664 79 67
8936.804333333332 9064.888583333332 79 56
9446.389666666666 9597.344916666665 79 50
9945.755916666667 10070.00175 79 63
11279.016999999994 11390.645291666662 79 43
11696.225166666663 11853.900166666665 79 60
12926.956833333332 13078.517833333333 79 63
20769.814833333337 20873.595412500006 79 43
26985.135416666686 27158.259166666685 79 67
28951.926166666686 29052.72280000002 79 68
31064.925416666698 31193.009666666698 79 61
31574.51075000003 31725.46600000003 79 57
32073.877000000033 32198.12283333337 79 60
33407.13808333337 33518.76637500003 79 43
33824.346250000024 33982.02125000003 79 60
35047.3421666667 35195.1511666667 79 71
36893.122583333396 37098.77791666673 79 71
38466.32841666674 38594.412666666736 79 54
38975.91375000006 39126.869000000064 79 47
39475.28000000007 39599.525833333406 79 51
40469.65441666675 40574.54337291675 79 51
41377.26541666676 41485.1721625001 79 51
42797.92233333342 42923.22316666676 79 50
44528.06866666675 44731.51233333342 79 55
47004.17933333341 47131.508500000076 79 52
48845.50608333341 48972.83525000007 79 52
49349.732750000076 49498.58333333341 79 50
50271.72691666675 50382.57549583341 79 53
50578.43304166674 50685.53302500007 79 51
52525.92883333338 52653.25800000005 79 52
54364.68275000004 54492.01191666671 79 52
56200.62075000004 56327.9499166667 79 52
56704.84741666671 56853.69800000005 79 50
61961.02408333339 62083.749916666726 79 76
63138.6743333334 63341.29833333339 79 63
64387.34333333339 65332.07633333339 79 88
2945.1918333333333 3051.1669375 80 56
3252.4285 3364.433745833334 80 55
3561.9038333333338 3674.3951229166673 80 49
10347.542999999996 10453.518104166662 80 61
10654.779666666662 10766.784912499994 80 55
10964.254999999994 11076.746289583329 80 49
16621.54041666667 16775.116916666673 80 70
18440.35116666667 18588.160166666672 80 69
23965.30716666668 24113.11616666668 80 71
25779.19975000002 25927.008750000023 80 72
27874.917166666688 28023.30783333335 80 71
29835.5784166667 29947.5074166667 80 64
32475.664083333377 32581.639187500044 80 52
32782.900750000044 32894.905995833375 80 51
33092.37608333337 33204.8673729167 80 49
40169.79416666675 40278.25297916675 80 58
43197.692666666764 43408.08533333342 80 48
46689.70066666675 46896.20533333341 80 63
48531.027416666744 48737.532083333404 80 55
52211.45016666672 52417.95483333338 80 55
54050.20408333338 54256.70875000004 80 63
55886.14208333338 56092.64675000004 80 55
61380.2757916667 61489.40695833338 80 75
13229.60725 13430.350583333333 81 67
14443.50558333333 14645.317249999998 81 67
21802.36033333334 22010.15233333334 81 62
27581.591833333354 27727.68450000002 81 72
29538.263500000026 29645.924625000032 81 70
39871.84141666675 39974.682583333415 81 59
46381.628000000084 46586.73000000009 81 69
48222.95475000008 48428.05675000008 81 62
53742.131416666714 53947.23341666672 81 65
55578.069416666716 55783.171416666715 81 62
58273.9834166667 58379.95852083337 81 51
58581.22008333337 58785.97208333337 81 53
60799.6194166667 60909.348416666704 81 71
1841.4816666666666 1968.2579999999998 82 63
2345.1555 2494.006083333333 82 55
2642.7228333333333 2748.4834416666667 82 57
3980.4865000000004 4162.952416666667 82 62
9243.279999999999 9370.609166666667 82 69
9747.506666666666 9896.35725 82 55
10045.074 10150.834608333333 82 68
11382.83766666666 11565.30358333333 82 62
13530.392 13705.01825 82 70
15064.475583333331 15194.143833333332 82 67
19659.351083333335 19862.79475 82 63
22419.39233333334 22626.64633333334 82 65
28463.81058333335 28611.04325000002 82 74
31371.401083333363 31498.73025000003 82 66
31875.62775000003 32024.47833333336 82 62
32173.19508333337 32278.32755000004 82 65
33510.95875000003 33693.42466666669 82 62
38772.804083333394 38900.13325000006 82 65
39277.03075000006 39425.881333333404 82 51
39574.5980833334 39676.71345000008 82 53
45450.91387500009 45601.40587500009 82 61
46079.25354166676 46279.49333333342 82 68
47307.99291666674 47433.42475000008 82 61
47919.70541666675 48120.82008333341 82 69
49149.319666666735 49274.75150000007 82 65
49647.10366666674 49805.92016458341 82 58
51903.37750000005 52108.47950000006 82 58
52829.74241666672 52942.61408333339 82 61
53439.12775000005 53639.99675000005 82 68
54668.49633333337 54781.33683333338 82 61
55274.32508333338 55475.93475000005 82 66
56504.434333333375 56629.86616666671 82 65
57002.21833333338 57149.64452500005 82 58
59296.837208333374 59501.93920833337 82 60
60218.28116666669 60352.35783333336 82 66
20869.856250000004 20995.156333333336 83 66
28172.743083333353 28317.717916666683 83 77
45777.426208333425 45900.76187500009 83 68
49969.706041666745 50107.48870833342 83 56
53135.79933333339 53284.97216666672 83 69
57352.540416666714 57481.141250000044 83 53
57660.36591666671 57771.247616666704 83 56
57965.90441666671 58076.70441666671 83 58
3355.399166666667 3561.9038333333338 84 68
3669.877833333334 3876.665833333334 84 70
10757.750333333326 10964.254999999994 84 67
11072.228999999994 11279.016999999994 84 70
13830.382916666666 14036.615249999999 84 75
14756.120583333332 14884.128833333332 84 68
21173.96716666667 21358.962833333335 84 71
22114.048333333336 22317.611000000008 84 70
29049.070500000023 29195.60416666669 84 84
32885.87141666671 33092.37608333337 84 70
33200.35008333337 33407.13808333337 84 70
41479.3322500001 41685.56458333343 84 74
42596.71575000009 42797.92233333342 84 63
42898.16300000009 43048.19191666676 84 51
43298.195333333424 43510.49700000009 84 70
43917.38733333342 44119.199000000095 84 61
47614.06175000008 47815.60375000009 84 67
51288.8558333334 51495.36050000006 84 65
51598.61283333339 51801.24283333339 84 61
54972.497750000046 55095.83341666671 84 67
58684.19075000004 58849.585416666705 84 66
58992.072541666705 59194.70254166671 84 65
19964.106750000003 20165.91841666667 85 68
28758.872166666686 28903.478833333356 85 88
41174.368750000096 41377.26541666676 85 70
14138.749916666666 14342.19358333333 86 72
20266.421083333338 20417.98208333334 86 76
21488.900916666673 21618.033666666674 86 70
29636.67450000003 29785.325500000035 86 88
40871.987333333425 41073.32808333343 86 75
41787.69925000009 41991.14291666676 86 79
43612.631666666755 43816.07533333342 86 68
50983.15091666674 51135.468083333406 86 70
2144.7424166666665 2270.1742499999996 87 68
3047.3265 3252.4285 87 72
9547.093583333331 9672.525416666665 87 74
10449.677666666663 10654.779666666662 87 75
20569.071500000005 20769.814833333337 87 72
29343.22083333336 29489.313500000026 87 94
31675.214666666696 31800.646500000028 87 74
32577.79875000004 32782.900750000044 87 76
39076.61766666673 39202.04950000007 87 70
40570.02608333342 40746.62100000008 87 84
42092.454916666764 42294.26658333343 87 86
49449.37800000008 49572.71366666674 87 75
50373.54091666674 50526.75337500007 87 71
50681.79237500007 50844.35720833341 87 75
56804.49266666671 56927.82833333338 87 75
58376.118083333364 58581.22008333337 87 70
64387.34333333339 65332.07633333339 87 87
40269.50516666675 40394.47391666675 88 76
57762.34175000004 57965.90441666671 88 73
58070.34308333338 58269.5270854167 88 76
2742.8301666666666 2945.1918333333333 89 75
10145.181333333332 10347.542999999996 89 81
29937.507416666696 30120.338483333366 89 85
32273.30241666671 32475.664083333377 89 79
39970.963083333416 40144.866416666744 89 77
42394.76925000009 42546.330250000094 89 89
42998.20441666676 43172.83066666676 89 75
50069.80020833342 50208.37154166675 89 74
57455.43433333338 57660.36591666671 89 68
39674.24675000008 39871.84141666675 90 81
2444.80075 2568.1364166666667 91 71
9847.151916666666 9970.487583333332 91 77
31975.273000000027 32098.6086666667 91 73
39376.676000000065 39500.01166666674 91 73
42697.41966666676 42898.16300000009 91 80
49770.560333333415 49882.54837500008 91 82
57145.07533333338 57275.22091666671 91 69
64387.34333333339 65332.07633333339 94 87
64387.34333333339 65332.07633333339 99 102
