35637.9382604166 35761.75170208327 27 85
49966.90292708352 50094.06467708352 27 30
56022.38967708351 56322.23967708352 27 81
34963.887260416595 35095.23905208326 28 84
34284.74026041659 34406.70978124992 30 78
7046.943208333337 7159.530458333337 31 38
7720.994208333337 7794.740875000004 31 44
18798.153708333306 18911.173708333306 31 47
231.58849999999998 344.6085 32 30
909.7614999999998 1022.3487499999999 32 32
1588.9085 1701.4957499999998 32 36
2262.9594999999995 2336.706166666667 32 41
5684.074708333336 5798.013208333336 32 31
6367.796208333337 6480.383458333337 32 34
28127.785374999938 28241.72387499994 32 30
28808.713874999947 28921.301124999944 32 32
29487.86087499994 29600.448124999937 32 36
30161.91187499993 30235.658541666595 32 41
33601.01876041657 33728.25008541658 32 68
50228.40117708352 50345.13267708352 32 30
56322.23967708352 56498.401552083524 32 90
16010.977458333322 16125.708958333324 33 53
16709.389458333324 16771.550458333324 33 50
17404.378458333318 17517.39845833332 33 50
48984.109677083485 49106.349177083495 33 34
24921.558791666605 25180.998291666605 34 56
13894.103458333322 14008.834958333322 35 56
14594.88145833332 14708.733458333321 35 53
23475.435541666608 23703.099041666603 35 47
24641.669499999938 24921.558791666605 35 52
46087.54555208346 46204.41355208346 35 34
49228.5886770835 49348.27267708351 35 30
4293.910666666666 4406.930666666666 37 49
32206.4590416666 32318.785041666593 37 49
44662.97442708345 44783.757177083455 37 34
45376.88142708346 45494.54505208346 37 34
46321.28155208346 46436.27705208347 37 30
47542.14330208347 47661.456052083464 37 34
48255.504968750145 48373.81071875015 37 34
49467.956677083515 49589.69017708352 37 30
18106.178708333315 18277.777208333315 38 54
457.6284999999999 570.6484999999999 39 30
1134.936 1249.335 39 33
1814.0829999999999 1926.67025 39 38
2485.052166666667 2598.5336666666667 39 44
4980.183666666668 5094.429166666668 39 38
5911.951708333336 6028.683208333337 39 32
6592.970708333337 6707.369708333337 39 34
26381.67708333327 26644.76683333327 39 50
27413.68024999994 27611.49812499994 39 36
28355.662374999945 28469.60087499995 39 30
29033.888374999944 29148.28737499994 39 33
29713.035374999938 29825.622624999934 39 38
30384.004541666596 30497.486041666594 39 44
32891.34404166658 33005.58954166659 39 41
33828.89576041658 33945.62726041658 39 40
35637.9382604166 35761.75170208327 39 103
44183.193427083446 44537.482927083445 39 41
44904.53992708345 45021.407927083455 39 30
45612.36780208346 45728.27855208346 39 30
46551.27255208347 46669.09530208348 39 30
47036.556802083476 47155.349802083474 39 30
47780.76880208347 47898.21330208347 39 30
48492.11646875015 48607.874677083484 39 30
49723.415677083525 49843.59842708352 39 38
49966.90292708352 50094.06467708352 39 37
50928.79017708352 51840.532177083514 39 63
52319.82917708352 53246.693177083514 39 63
53760.48817708351 54783.16867708351 39 56
56022.38967708351 56322.23967708352 39 90
7272.117708333338 7384.704958333338 40 40
15299.03820833332 15470.63670833332 40 54
34963.887260416595 35095.23905208326 40 101
45844.189302083454 45962.01205208346 40 30
48723.78542708349 48844.47092708349 40 30
8176.0532083333355 8288.194458333337 42 51
8630.028708333335 8743.048708333334 42 51
9078.587708333333 9188.558458333333 42 50
9524.569208333329 9583.90760833333 42 45
9969.607208333326 10082.627208333326 42 43
10417.327708333323 10528.167958333324 42 40
34284.74026041659 34406.70978124992 42 95
34509.91476041659 34624.3137604166 42 46
2945.4471666666664 3055.417916666666 43 48
6821.768708333338 7046.943208333337 43 43
7046.943208333337 7159.530458333337 43 45
7720.994208333337 7794.740875000004 43 53
7943.0868750000045 8056.568375000003 43 47
18566.56520833331 18803.804708333308 43 51
18798.153708333306 18911.173708333306 43 55
19024.193708333303 19222.4687208333 43 47
30834.419791666598 30944.390541666595 43 48
0.9649520833333334 231.58849999999998 44 45
231.58849999999998 344.6085 44 36
684.5869999999999 909.7614999999998 44 37
909.7614999999998 1022.3487499999999 44 39
1588.9085 1701.4957499999998 44 43
2262.9594999999995 2336.706166666667 44 50
3391.428666666665 3505.367166666665 44 47
3843.588166666664 3955.729416666664 44 50
5452.486208333335 5684.074708333336 44 37
5684.074708333336 5798.013208333336 44 37
6142.621708333336 6367.796208333337 44 39
6367.796208333337 6480.383458333337 44 41
27895.281374999937 28127.785374999938 44 34
28127.785374999938 28241.72387499994 44 36
28583.53937499995 28808.713874999947 44 37
28808.713874999947 28921.301124999944 44 39
29487.86087499994 29600.448124999937 44 43
30161.91187499993 30235.658541666595 44 50
31292.443791666596 31406.382291666596 44 47
31744.6032916666 31856.744541666605 44 50
33369.43026041658 33601.01876041657 44 54
33601.01876041657 33728.25008541658 44 81
34059.56576041658 34284.74026041659 44 60
44411.99142708344 44662.97442708345 44 41
45138.27592708346 45256.09867708346 44 30
47274.142802083465 47408.14305208347 44 30
48015.65780208347 48134.72221875015 44 30
50228.40117708352 50345.13267708352 44 37
51608.94367708352 52072.12067708352 44 63
52999.98267708351 53500.07167708351 44 63
54500.41667708351 55058.90417708351 44 56
56322.23967708352 56498.401552083524 44 101
15777.02295833332 16020.538416666657 45 57
16010.977458333322 16125.708958333324 45 62
16240.440458333325 16723.516958333323 45 53
16709.389458333324 16771.550458333324 45 58
16935.42945833332 17412.85495833332 45 50
17404.378458333318 17517.39845833332 45 58
17630.418458333315 17818.119033333314 45 50
48984.109677083485 49106.349177083495 45 40
24921.558791666605 25180.998291666605 46 66
25648.650041666602 25907.03190833327 46 56
10865.04820833332 10975.01895833332 47 40
11088.038958333318 11197.591958333316 47 40
11307.144958333314 11419.286208333315 47 43
11531.427458333315 11646.281958333315 47 45
11761.136458333314 11872.395958333316 47 45
11983.655458333315 12100.386958333314 47 46
12217.118458333316 12330.599958333316 47 48
12683.602458333316 12799.656708333318 47 51
13159.910958333321 13276.687958333321 47 53
13659.214458333321 13904.620512499989 47 60
13894.103458333322 14008.834958333322 47 66
14123.566458333322 14605.317891666655 47 56
14594.88145833332 14708.733458333321 47 62
14822.585458333322 15077.099229166653 47 53
20428.031208333297 20551.447458333296 47 47
21822.632458333283 21939.363958333277 47 42
22319.46320833328 22548.26120833328 47 41
22776.906291666608 23009.410291666612 47 43
23243.84704166661 23475.435541666608 47 47
23475.435541666608 23703.099041666603 47 56
24641.669499999938 24921.558791666605 47 62
46087.54555208346 46204.41355208346 47 40
49228.5886770835 49348.27267708351 47 37
19287.5917083333 19403.385958333303 48 32
19519.180208333302 19634.034708333307 48 32
19748.889208333305 19863.743708333306 48 35
19977.68220833331 20090.269458333307 48 43
20202.856708333304 20315.4439583333 48 43
20915.147958333295 21029.546958333292 48 33
21143.94595833329 21258.344958333288 48 35
21372.28345833329 21484.87070833329 48 41
21597.457958333285 21710.045208333286 48 39
4067.870666666664 4180.890666666664 49 50
4293.910666666666 4406.930666666666 49 58
4519.950666666667 4635.7449166666665 49 47
31981.8070416666 32094.133041666602 49 50
32206.4590416666 32318.785041666593 49 58
32431.11104166659 32546.90529166659 49 47
36098.998427083265 36269.03892708327 49 66
37483.231677083306 37656.02992708331 49 66
43593.14717708344 43725.59742708344 49 40
44662.97442708345 44783.757177083455 49 40
45376.88142708346 45494.54505208346 49 40
46321.28155208346 46436.27705208347 49 37
47542.14330208347 47661.456052083464 49 40
48255.504968750145 48373.81071875015 49 40
49467.956677083515 49589.69017708352 49 37
7497.292208333338 7684.194291666671 50 52
17874.590208333313 18048.281583333315 50 54
18106.178708333315 18277.777208333315 50 64
18334.976708333314 18508.668083333312 50 54
18566.56520833331 18803.804708333308 50 51
0.9649520833333334 231.58849999999998 51 45
457.6284999999999 570.6484999999999 51 36
684.5869999999999 909.7614999999998 51 37
1134.936 1249.335 51 40
1363.7340000000002 1588.9085 51 41
1814.0829999999999 1926.67025 51 46
2039.2574999999997 2226.1595833333326 51 48
2485.052166666667 2598.5336666666667 51 51
2720.2671666666665 2831.9656666666665 51 47
2945.4471666666664 3055.417916666666 51 57
3165.3886666666654 3278.4086666666653 51 50
3391.428666666665 3505.367166666665 51 56
3619.305666666665 3731.4469166666645 51 48
3843.588166666664 3955.729416666664 51 59
4751.539166666667 4865.938166666668 51 42
4980.183666666668 5094.429166666668 51 46
5209.589833333334 5288.145791666669 51 34
5452.486208333335 5684.074708333336 51 37
5911.951708333336 6028.683208333337 51 39
6142.621708333336 6367.796208333337 51 39
6592.970708333337 6707.369708333337 51 41
26381.67708333327 26644.76683333327 51 59
26644.76683333327 27393.391333333275 51 44
27413.68024999994 27611.49812499994 51 42
27651.81437499994 27898.187674999936 51 31
27895.281374999937 28127.785374999938 51 34
28355.662374999945 28469.60087499995 51 36
28583.53937499995 28808.713874999947 51 37
29033.888374999944 29148.28737499994 51 40
29262.68637499994 29487.86087499994 51 41
29713.035374999938 29825.622624999934 51 46
29938.20987499993 30125.111958333262 51 48
30384.004541666596 30497.486041666594 51 52
30610.967541666596 30720.9382916666 51 47
30834.419791666598 30944.390541666595 51 57
31054.3612916666 31167.381291666596 51 50
31292.443791666596 31406.382291666596 51 56
31520.3207916666 31632.4620416666 51 48
31744.6032916666 31856.744541666605 51 59
32662.699541666585 32777.098541666586 51 42
32891.34404166658 33005.58954166659 51 49
33120.75020833326 33193.779802083256 51 38
33369.43026041658 33601.01876041657 51 54
33828.89576041658 33945.62726041658 51 49
34059.56576041658 34284.74026041659 51 60
34509.91476041659 34624.3137604166 51 55
35414.2362604166 35601.13834374994 51 71
35860.030927083266 35979.514677083265 51 57
36784.866927083276 36956.209177083285 51 66
38171.85792708332 38343.20017708332 51 66
43364.09042708343 43477.71817708343 51 40
43477.71817708343 43604.184697916775 51 44
43725.59742708344 44694.17663750012 51 41
44904.53992708345 45021.407927083455 51 37
45612.36780208346 45728.27855208346 51 37
46551.27255208347 46669.09530208348 51 37
46802.82080208347 46919.688802083474 51 40
47036.556802083476 47155.349802083474 51 37
47274.142802083465 47408.14305208347 51 37
47780.76880208347 47898.21330208347 51 37
48492.11646875015 48607.874677083484 51 37
49723.415677083525 49843.59842708352 51 40
50928.79017708352 52072.12067708352 51 63
52319.82917708352 53500.07167708351 51 63
53760.48817708351 55058.90417708351 51 56
56022.38967708351 56322.23967708352 51 99
6821.768708333338 7046.943208333337 52 43
7272.117708333338 7384.704958333338 52 47
12444.081458333316 12563.841958333314 52 48
12915.710958333319 13037.81095833332 52 52
13393.46495833332 13518.83070833332 52 54
15067.44970833332 15241.14108333332 52 54
15299.03820833332 15470.63670833332 52 64
15527.83620833332 15710.32670833332 52 54
15777.02295833332 16020.538416666657 52 57
16240.440458333325 16485.52057499999 52 62
16477.800958333326 16723.516958333323 52 54
16935.42945833332 17186.299287499987 52 58
17172.78995833332 17412.85495833332 52 54
17630.418458333315 17818.119033333314 52 58
20683.559458333297 20799.353708333296 52 34
22090.66520833328 22319.46320833328 52 43
22548.26120833328 22757.992708333277 52 41
23009.410291666612 23243.84704166661 52 45
34738.712760416594 34963.887260416595 52 71
35189.0617604166 35301.64901041659 52 52
38871.79517708334 39045.30392708335 52 61
43135.033677083426 43250.46267708343 52 44
43250.46267708343 43375.45320208343 52 46
45844.189302083454 45962.01205208346 52 37
48723.78542708349 48844.47092708349 52 37
23703.099041666603 23894.525083333276 53 47
24165.954749999935 24361.558416666605 53 50
25891.0740416666 26136.11758333327 53 49
8176.0532083333355 8288.194458333337 54 61
8403.988708333336 8517.008708333336 54 50
8630.028708333335 8743.048708333334 54 61
8856.068708333332 8967.328208333332 54 51
9078.587708333333 9188.558458333333 54 60
9298.529208333332 9411.54920833333 54 51
9524.569208333329 9583.90760833333 54 54
9747.088208333327 9858.347708333327 54 44
9969.607208333326 10082.627208333326 54 51
10195.647208333325 10306.487458333324 54 42
10417.327708333323 10528.167958333324 54 47
10639.008208333322 10752.028208333322 54 40
10865.04820833332 10975.01895833332 54 48
11088.038958333318 11197.591958333316 54 40
11531.427458333315 11646.281958333315 54 45
11761.136458333314 11872.395958333316 54 45
12217.118458333316 12330.599958333316 54 48
12683.602458333316 12799.656708333318 54 51
13159.910958333321 13276.687958333321 54 53
13659.214458333321 13904.620512499989 54 60
14123.566458333322 14370.675062499988 54 66
14360.92695833332 14605.317891666655 54 57
14822.585458333322 15077.099229166653 54 62
20202.856708333304 20315.4439583333 54 43
20428.031208333297 20551.447458333296 54 47
21597.457958333285 22100.19845833328 54 39
23933.123166666606 24127.204083333272 54 49
24401.11849999994 24621.380583333274 54 51
25166.037791666604 25405.405791666602 54 49
42905.97692708342 43021.405927083426 54 45
43021.405927083426 43145.614668750095 54 52
4751.539166666667 4865.938166666668 55 51
5209.589833333334 5288.145791666669 55 40
6821.768708333338 7046.943208333337 55 51
7497.292208333338 7684.194291666671 55 52
7943.0868750000045 8056.568375000003 55 55
11307.144958333314 11419.286208333315 55 43
11983.655458333315 12100.386958333314 55 46
12444.081458333316 12563.841958333314 55 48
12915.710958333319 13037.81095833332 55 52
13393.46495833332 13518.83070833332 55 54
18566.56520833331 18803.804708333308 55 61
19024.193708333303 19222.4687208333 55 55
19287.5917083333 19403.385958333303 55 38
19519.180208333302 19634.034708333307 55 32
19748.889208333305 19863.743708333306 55 35
19977.68220833331 20090.269458333307 55 43
20915.147958333295 21029.546958333292 55 33
21143.94595833329 21258.344958333288 55 35
21372.28345833329 21484.87070833329 55 41
32662.699541666585 32777.098541666586 55 51
33120.75020833326 33193.779802083256 55 45
51272.519927083515 51384.661177083515 55 55
51384.661177083515 51608.94367708352 55 55
52663.55892708351 52775.70017708351 55 55
52775.70017708351 52999.98267708351 55 55
54130.503177083505 54253.8076770835 55 49
54253.8076770835 54500.41667708351 55 49
0.9649520833333334 231.58849999999998 56 54
684.5869999999999 909.7614999999998 56 44
1363.7340000000002 1588.9085 56 41
2039.2574999999997 2226.1595833333326 56 48
4067.870666666664 4180.890666666664 56 60
4519.950666666667 4635.7449166666665 56 56
5452.486208333335 5684.074708333336 56 45
6142.621708333336 6367.796208333337 56 47
27895.281374999937 28127.785374999938 56 41
28583.53937499995 28808.713874999947 56 44
29262.68637499994 29487.86087499994 56 41
29938.20987499993 30125.111958333262 56 48
31981.8070416666 32094.133041666602 56 60
32431.11104166659 32546.90529166659 56 56
33369.43026041658 33601.01876041657 56 63
34059.56576041658 34284.74026041659 56 73
34738.712760416594 34963.887260416595 56 85
35189.0617604166 35301.64901041659 56 62
35414.2362604166 35601.13834374994 56 71
35860.030927083266 35979.514677083265 56 57
36098.998427083265 36269.03892708327 56 66
36784.866927083276 36956.209177083285 56 66
37483.231677083306 37656.02992708331 56 66
38171.85792708332 38343.20017708332 56 66
38871.79517708334 39045.30392708335 56 72
42676.92017708342 42790.54792708342 56 47
42790.54792708342 42917.51982708342 56 53
45138.27592708346 45256.09867708346 56 37
48015.65780208347 48134.72221875015 56 37
51160.37867708352 51356.62586458351 56 59
51608.94367708352 52072.12067708352 56 63
52551.41767708352 52747.664864583516 56 59
52999.98267708351 53500.07167708351 56 63
54007.19867708351 54222.9815520835 56 53
54500.41667708351 55058.90417708351 56 56
56322.23967708352 56498.401552083524 56 110
15777.02295833332 16020.538416666657 57 68
16477.800958333326 16723.516958333323 57 64
17172.78995833332 17412.85495833332 57 64
17874.590208333313 18048.281583333315 57 64
18334.976708333314 18508.668083333312 57 64
18911.173708333306 19036.061733333303 57 61
2720.2671666666665 2831.9656666666665 58 56
3165.3886666666654 3278.4086666666653 58 59
25166.037791666604 25405.405791666602 58 49
25405.405791666602 25648.650041666602 58 44
25648.650041666602 25907.03190833327 58 66
26136.11758333327 26381.67708333327 58 44
26644.76683333327 26903.887666666604 58 52
30610.967541666596 30720.9382916666 58 56
31054.3612916666 31167.381291666596 58 59
42447.86342708342 42563.29242708342 58 52
42563.29242708342 42689.22985000008 58 54
49966.90292708352 50200.41440625019 58 45
51272.519927083515 51384.661177083515 58 55
51384.661177083515 51840.532177083514 58 55
52663.55892708351 52775.70017708351 58 55
52775.70017708351 53246.693177083514 58 55
54130.503177083505 54253.8076770835 58 49
54253.8076770835 54783.16867708351 58 49
0.9649520833333334 231.58849999999998 59 48
231.58849999999998 457.6284999999999 59 43
457.6284999999999 684.5869999999999 59 44
684.5869999999999 909.7614999999998 59 44
909.7614999999998 1134.936 59 47
1134.936 1363.7340000000002 59 48
1363.7340000000002 1588.9085 59 49
2039.2574999999997 2226.1595833333326 59 57
3619.305666666665 3731.4469166666645 59 57
5452.486208333335 5684.074708333336 59 45
5684.074708333336 5911.951708333336 59 45
5911.951708333336 6142.621708333336 59 46
6142.621708333336 6367.796208333337 59 47
6367.796208333337 6592.970708333337 59 49
6592.970708333337 6821.768708333338 59 50
6821.768708333338 7046.943208333337 59 52
7046.943208333337 7272.117708333338 59 54
7272.117708333338 7497.292208333338 59 57
7497.292208333338 7684.194291666671 59 61
11088.038958333318 11197.591958333316 59 48
11307.144958333314 11419.286208333315 59 51
11531.427458333315 11646.281958333315 59 53
11761.136458333314 11872.395958333316 59 54
11983.655458333315 12100.386958333314 59 55
12217.118458333316 12330.599958333316 59 57
12444.081458333316 12563.841958333314 59 57
12683.602458333316 12799.656708333318 59 61
12915.710958333319 13037.81095833332 59 62
13159.910958333321 13276.687958333321 59 63
13393.46495833332 13518.83070833332 59 64
13659.214458333321 13904.620512499989 59 72
14360.92695833332 14605.317891666655 59 68
15067.44970833332 15241.14108333332 59 64
15527.83620833332 15710.32670833332 59 64
16125.708958333324 16251.31948124999 59 68
16822.40945833332 16949.27548749999 59 64
17517.39845833332 17640.308479166648 59 64
18682.35945833331 18803.804708333308 59 63
18798.153708333306 19024.193708333303 59 65
19024.193708333303 19315.57531874997 59 65
20428.031208333297 20551.447458333296 59 56
20683.559458333297 20799.353708333296 59 40
21822.632458333283 21939.363958333277 59 50
22090.66520833328 22319.46320833328 59 51
22319.46320833328 22548.26120833328 59 49
22548.26120833328 22757.992708333277 59 49
22776.906291666608 23009.410291666612 59 51
23009.410291666612 23243.84704166661 59 54
23243.84704166661 23475.435541666608 59 56
23703.099041666603 23894.525083333276 59 47
23933.123166666606 24127.204083333272 59 49
24165.954749999935 24361.558416666605 59 50
24401.11849999994 24621.380583333274 59 51
27895.281374999937 28127.785374999938 59 46
28127.785374999938 28355.662374999945 59 43
28355.662374999945 28583.53937499995 59 44
28583.53937499995 28808.713874999947 59 44
28808.713874999947 29033.888374999944 59 47
29033.888374999944 29262.68637499994 59 48
29262.68637499994 29487.86087499994 59 49
29938.20987499993 30125.111958333262 59 57
31520.3207916666 31632.4620416666 59 57
33369.43026041658 33601.01876041657 59 45
33601.01876041657 33828.89576041658 59 46
33828.89576041658 34059.56576041658 59 49
34059.56576041658 34284.74026041659 59 51
34284.74026041659 34509.91476041659 59 53
34509.91476041659 34738.712760416594 59 55
34738.712760416594 34963.887260416595 59 60
34963.887260416595 35189.0617604166 59 61
35189.0617604166 35414.2362604166 59 62
35414.2362604166 35601.13834374994 59 84
35860.030927083266 35979.514677083265 59 68
36098.998427083265 36269.03892708327 59 80
36784.866927083276 36956.209177083285 59 80
37483.231677083306 37656.02992708331 59 80
38171.85792708332 38343.20017708332 59 80
42218.80667708341 42334.23567708342 59 53
42334.23567708342 42458.444418750085 59 60
44411.99142708344 44662.97442708345 59 48
45138.27592708346 45376.88142708346 59 45
45844.189302083454 46087.54555208346 59 45
47274.142802083465 47439.40977708347 59 45
48015.65780208347 48255.504968750145 59 45
48723.78542708349 48984.109677083485 59 45
49723.415677083525 49966.90292708352 59 45
50228.40117708352 50465.75522708352 59 45
51160.37867708352 51356.62586458351 59 59
51608.94367708352 52072.12067708352 59 63
52551.41767708352 52747.664864583516 59 59
52999.98267708351 53500.07167708351 59 63
54007.19867708351 54222.9815520835 59 53
54500.41667708351 55058.90417708351 59 56
15894.00020833332 16020.538416666657 60 70
16010.977458333322 16240.440458333325 60 73
16240.440458333325 16485.52057499999 60 73
16593.595208333325 16723.516958333323 60 66
16709.389458333324 16935.42945833332 60 69
16935.42945833332 17186.299287499987 60 69
17288.584208333323 17412.85495833332 60 66
17404.378458333318 17630.418458333315 60 69
17630.418458333315 17990.384458333312 60 69
17874.590208333313 18048.281583333315 60 61
18220.577708333316 18334.976708333314 60 61
18334.976708333314 18508.668083333312 60 61
18566.56520833331 18769.205145833308 60 65
18911.173708333306 19036.061733333303 60 72
19519.180208333302 19634.034708333307 60 38
19748.889208333305 19863.743708333306 60 42
19977.68220833331 20090.269458333307 60 52
20202.856708333304 20315.4439583333 60 52
20915.147958333295 21029.546958333292 60 39
21143.94595833329 21258.344958333288 60 42
21372.28345833329 21484.87070833329 60 49
21597.457958333285 21710.045208333286 60 48
4519.950666666667 4751.539166666667 61 68
4751.539166666667 4988.729054166668 61 79
4980.183666666668 5218.308733333334 61 55
5209.589833333334 5513.278189583335 61 48
10639.008208333322 10752.028208333322 61 47
14008.834958333322 14127.522466666655 61 72
14708.733458333321 14833.374854166655 61 68
27651.81437499994 27852.674649999935 61 33
32431.11104166659 32662.699541666585 61 68
32662.699541666585 32899.889429166586 61 79
32891.34404166658 33130.43787499992 61 58
33120.75020833326 33399.343774999914 61 54
38871.79517708334 39103.01842708335 61 76
41988.52317708341 42103.37767708341 61 55
42103.37767708341 42228.42576041675 61 58
43725.59742708344 44537.482927083445 61 48
44662.97442708345 44904.53992708345 61 45
44904.53992708345 45138.27592708346 61 45
45376.88142708346 45612.36780208346 61 45
45612.36780208346 45844.189302083454 61 45
47036.556802083476 47274.142802083465 61 45
47542.14330208347 47780.76880208347 61 45
47780.76880208347 48015.65780208347 61 45
48255.504968750145 48492.11646875015 61 45
48492.11646875015 48723.78542708349 61 45
48984.109677083485 49228.5886770835 61 45
49467.956677083515 49723.415677083525 61 45
51496.802427083516 51840.532177083514 61 55
52887.84142708351 53246.693177083514 61 55
54377.1121770835 54783.16867708351 61 49
13159.910958333321 13393.46495833332 62 78
13776.658958333323 13904.620512499989 62 74
13894.103458333322 14123.566458333322 62 77
14123.566458333322 14370.675062499988 62 77
14477.90420833332 14605.317891666655 62 70
14594.88145833332 14822.585458333322 62 73
14822.585458333322 15077.099229166653 62 73
15067.44970833332 15241.14108333332 62 61
15413.43720833332 15527.83620833332 62 61
15527.83620833332 15710.32670833332 62 61
15777.02295833332 15981.733145833321 62 73
16125.708958333324 16251.31948124999 62 80
16477.800958333326 16680.440895833326 62 69
16822.40945833332 16949.27548749999 62 76
17172.78995833332 17375.42989583332 62 69
17517.39845833332 17640.308479166648 62 76
17990.384458333312 18106.178708333315 62 61
18106.178708333315 18277.777208333315 62 61
18450.770958333313 18527.967124999977 62 61
18682.35945833331 18803.804708333308 62 73
18798.153708333306 19024.193708333303 62 78
19024.193708333303 19315.57531874997 62 78
20551.447458333296 20683.559458333297 62 57
23703.099041666603 23894.525083333276 62 57
24165.954749999935 24361.558416666605 62 59
25891.0740416666 26136.11758333327 62 58
26893.522833333267 27165.82168333327 62 44
49228.5886770835 49467.956677083515 62 45
0.9649520833333334 125.44377083333333 63 56
457.6284999999999 684.5869999999999 63 44
684.5869999999999 909.7614999999998 63 44
909.7614999999998 1134.936 63 47
1134.936 1363.7340000000002 63 48
1363.7340000000002 1588.9085 63 50
1588.9085 1814.0829999999999 63 52
1814.0829999999999 2039.2574999999997 63 55
2039.2574999999997 2226.1595833333326 63 58
2262.9594999999995 2485.052166666667 63 61
2485.052166666667 2720.2671666666665 63 62
2720.2671666666665 2945.4471666666664 63 68
3165.3886666666654 3391.428666666665 63 70
3391.428666666665 3619.305666666665 63 69
3619.305666666665 3843.588166666664 63 70
3843.588166666664 4067.870666666664 63 72
5328.548958333335 5513.278189583335 63 54
5452.486208333335 5578.894931250003 63 53
5911.951708333336 6142.621708333336 63 46
6142.621708333336 6367.796208333337 63 47
6367.796208333337 6592.970708333337 63 49
6592.970708333337 6821.768708333338 63 50
8403.988708333336 8517.008708333336 63 60
9747.088208333327 9858.347708333327 63 52
10865.04820833332 11088.038958333318 63 60
11088.038958333318 11307.144958333314 63 61
11531.427458333315 11761.136458333314 63 66
11761.136458333314 11983.655458333315 63 67
12217.118458333316 12444.081458333316 63 72
12683.602458333316 12915.710958333319 63 76
23933.123166666606 24127.204083333272 63 58
24401.11849999994 24621.380583333274 63 61
25166.037791666604 25405.405791666602 63 58
25405.405791666602 25648.650041666602 63 44
27153.844333333273 27393.391333333275 63 55
27773.54787499994 27852.674649999935 63 35
27895.281374999937 28021.221041666602 63 54
28355.662374999945 28583.53937499995 63 44
28583.53937499995 28808.713874999947 63 44
28808.713874999947 29033.888374999944 63 47
29033.888374999944 29262.68637499994 63 48
29262.68637499994 29487.86087499994 63 50
29487.86087499994 29713.035374999938 63 52
29713.035374999938 29938.20987499993 63 55
29938.20987499993 30125.111958333262 63 58
30161.91187499993 30384.004541666596 63 61
30384.004541666596 30610.967541666596 63 63
30610.967541666596 30834.419791666598 63 68
31054.3612916666 31292.443791666596 63 70
31292.443791666596 31520.3207916666 63 69
31520.3207916666 31744.6032916666 63 70
31744.6032916666 31941.1617291666 63 72
33240.934627083254 33399.343774999914 63 62
33369.43026041658 33498.73383958325 63 53
33828.89576041658 34059.56576041658 63 49
34059.56576041658 34284.74026041659 63 51
34284.74026041659 34509.91476041659 63 53
34509.91476041659 34738.712760416594 63 55
35414.2362604166 35601.13834374994 63 65
35637.9382604166 35860.030927083266 63 66
35860.030927083266 36098.998427083265 63 68
36784.866927083276 37013.923677083294 63 76
38171.85792708332 38400.914677083325 63 76
41756.45367708341 41873.668677083406 63 60
41873.668677083406 42001.92286875007 63 62
46087.54555208346 46321.28155208346 63 45
46551.27255208347 46802.82080208347 63 45
46802.82080208347 47036.556802083476 63 53
49723.415677083525 49966.90292708352 63 53
49966.90292708352 50465.75522708352 63 45
50928.79017708352 52319.82917708352 63 69
52319.82917708352 53500.07167708351 63 69
53760.48817708351 55058.90417708351 63 70
55654.74267708351 56365.96780208352 63 43
115.79424999999999 231.58849999999998 64 42
231.58849999999998 354.0268333333333 64 51
4067.870666666664 4293.910666666666 64 73
4293.910666666666 4519.950666666667 64 71
4519.950666666667 4751.539166666667 64 68
5568.280458333335 5684.074708333336 64 45
5684.074708333336 5808.457570833336 64 54
6821.768708333338 7046.943208333337 64 52
7046.943208333337 7272.117708333338 64 54
7272.117708333338 7497.292208333338 64 68
8856.068708333332 8967.328208333332 64 61
9298.529208333332 9411.54920833333 64 61
10195.647208333325 10306.487458333324 64 50
10417.327708333323 10639.008208333322 64 60
10639.008208333322 10865.04820833332 64 59
11307.144958333314 11531.427458333315 64 64
11983.655458333315 12217.118458333316 64 69
12444.081458333316 12683.602458333316 64 72
12915.710958333319 13159.910958333321 64 77
13393.46495833332 13608.910281249988 64 81
13659.214458333321 13864.742333333323 64 77
14008.834958333322 14127.522466666655 64 85
14360.92695833332 14565.637145833321 64 73
14708.733458333321 14833.374854166655 64 80
15183.24395833332 15299.03820833332 64 61
15299.03820833332 15470.63670833332 64 61
15643.63045833332 15716.99633333332 64 61
15894.00020833332 16020.538416666657 64 82
16010.977458333322 16240.440458333325 64 87
16240.440458333325 16485.52057499999 64 87
16593.595208333325 16723.516958333323 64 77
16709.389458333324 16935.42945833332 64 82
16935.42945833332 17186.299287499987 64 82
17288.584208333323 17412.85495833332 64 77
17404.378458333318 17630.418458333315 64 82
17630.418458333315 17990.384458333312 64 82
18566.56520833331 18769.205145833308 64 78
18769.205145833308 18803.804708333308 64 56
19287.5917083333 19519.180208333302 64 37
19519.180208333302 19748.889208333305 64 40
19748.889208333305 19977.68220833331 64 45
19977.68220833331 20202.856708333304 64 51
20202.856708333304 20422.401845833298 64 55
20428.031208333297 20683.559458333297 64 60
20683.559458333297 20915.147958333295 64 39
20915.147958333295 21143.94595833329 64 41
21143.94595833329 21372.28345833329 64 45
21372.28345833329 21597.457958333285 64 48
21597.457958333285 21822.632458333283 64 51
27531.626541666603 27611.49812499994 64 45
27651.81437499994 27834.414624999936 64 41
28011.533374999934 28127.785374999938 64 42
28127.785374999938 28255.016699999942 64 51
31981.8070416666 32206.4590416666 64 73
32206.4590416666 32431.11104166659 64 71
32431.11104166659 32662.699541666585 64 68
33485.22451041658 33601.01876041657 64 45
33601.01876041657 33728.25008541658 64 54
34738.712760416594 34963.887260416595 64 60
34963.887260416595 35189.0617604166 64 61
35189.0617604166 35414.2362604166 64 74
36098.998427083265 36326.75342708327 64 76
37483.231677083306 37713.744427083315 64 76
41641.59917708341 41767.19838541674 64 72
44662.97442708345 44904.53992708345 64 45
45376.88142708346 45612.36780208346 64 45
46321.28155208346 46551.27255208347 64 45
47542.14330208347 47780.76880208347 64 45
48255.504968750145 48492.11646875015 64 45
48984.109677083485 49116.5358020835 64 53
49467.956677083515 49723.415677083525 64 45
52072.12067708352 52374.83144583352 64 63
53500.07167708351 53855.06053541684 64 61
55347.36567708351 56022.38967708351 64 48
344.6085 457.6284999999999 65 43
457.6284999999999 586.7897874999999 65 52
5798.013208333336 5911.951708333336 65 45
5911.951708333336 6041.026545833336 65 55
7497.292208333338 7684.194291666671 65 62
7720.994208333337 7943.0868750000045 65 64
7943.0868750000045 8176.0532083333355 65 66
15777.02295833332 15981.733145833321 65 87
15981.733145833321 16020.538416666657 65 63
16477.800958333326 16680.440895833326 65 82
16680.440895833326 16723.516958333323 65 59
17172.78995833332 17375.42989583332 65 82
17375.42989583332 17412.85495833332 65 59
26136.11758333327 26381.67708333327 65 44
28241.72387499994 28355.662374999945 65 43
28355.662374999945 28479.09574999995 65 52
33714.95726041657 33828.89576041658 65 46
33828.89576041658 33956.071622916585 65 58
570.6484999999999 684.5869999999999 66 44
684.5869999999999 807.4947479166665 66 53
6028.683208333337 6142.621708333336 66 47
6142.621708333336 6262.714775000003 66 57
8176.0532083333355 8403.988708333336 66 76
8403.988708333336 8630.028708333335 66 75
8630.028708333335 8856.068708333332 66 76
8856.068708333332 9078.587708333333 66 76
9078.587708333333 9298.529208333332 66 75
9298.529208333332 9524.569208333329 66 76
9524.569208333329 9747.088208333327 66 68
9747.088208333327 9969.607208333326 66 66
9969.607208333326 10195.647208333325 66 64
10195.647208333325 10417.327708333323 66 63
11646.281958333315 11761.136458333314 66 74
11761.136458333314 11928.025708333316 66 80
12217.118458333316 12387.340708333315 66 85
12683.602458333316 12857.683833333318 66 90
13159.910958333321 13335.07645833332 66 93
13776.658958333323 13904.620512499989 66 87
13894.103458333322 14123.566458333322 66 92
14123.566458333322 14370.675062499988 66 92
14477.90420833332 14605.317891666655 66 82
14594.88145833332 14822.585458333322 66 87
14822.585458333322 15077.099229166653 66 87
17874.590208333313 18106.178708333315 66 61
18106.178708333315 18334.976708333314 66 61
18334.976708333314 18527.967124999977 66 61
25405.405791666602 25648.650041666602 66 52
28469.60087499995 28583.53937499995 66 44
28583.53937499995 28711.13825833328 66 53
33945.62726041658 34059.56576041658 66 49
34059.56576041658 34182.473508333256 66 60
46087.54555208346 46214.15255208346 66 53
53246.693177083514 53760.48817708351 66 63
55058.90417708351 55654.74267708351 66 49
797.1742499999999 909.7614999999998 67 46
909.7614999999998 1035.4839291666667 67 56
6255.208958333336 6367.796208333337 67 48
6367.796208333337 6489.76572916667 67 58
11419.286208333315 11531.427458333315 67 75
11531.427458333315 11703.709208333315 67 78
12100.386958333314 12217.118458333316 67 78
12563.841958333314 12683.602458333316 67 85
13037.81095833332 13159.910958333321 67 87
13518.83070833332 13608.910281249988 67 95
13659.214458333321 13864.742333333323 67 92
13864.742333333323 13904.620512499989 67 72
14360.92695833332 14565.637145833321 67 87
14565.637145833321 14605.317891666655 67 71
18566.56520833331 19315.57531874997 67 78
19287.5917083333 19461.283083333303 67 44
20683.559458333297 20857.250833333295 67 47
22090.66520833328 22319.46320833328 67 56
22548.26120833328 22757.992708333277 67 56
23009.410291666612 23243.84704166661 67 62
23243.84704166661 23417.538416666604 67 64
27017.900833333268 27153.844333333273 67 49
27153.844333333273 27393.391333333275 67 61
27413.68024999994 27551.489874999937 67 52
27651.81437499994 27852.674649999935 67 48
28696.12662499995 28808.713874999947 67 46
28808.713874999947 28934.43630416661 67 56
34172.15301041659 34284.74026041659 67 51
34284.74026041659 34406.70978124992 67 63
43725.59742708344 44537.482927083445 67 48
44904.53992708345 45138.27592708346 67 45
45612.36780208346 45844.189302083454 67 45
47036.556802083476 47274.142802083465 67 45
47780.76880208347 48015.65780208347 67 45
48492.11646875015 48723.78542708349 67 45
50094.06467708352 50200.41440625019 67 45
1022.3487499999999 1134.936 68 47
1134.936 1268.4015000000002 68 57
1814.0829999999999 2039.2574999999997 68 66
2039.2574999999997 2226.1595833333326 68 58
2262.9594999999995 2485.052166666667 68 61
2485.052166666667 2720.2671666666665 68 62
3391.428666666665 3619.305666666665 68 69
3619.305666666665 3843.588166666664 68 70
3843.588166666664 4067.870666666664 68 72
4067.870666666664 4293.910666666666 68 73
4293.910666666666 4519.950666666667 68 71
6480.383458333337 6592.970708333337 68 50
6592.970708333337 6717.856283333337 68 60
15067.44970833332 15299.03820833332 68 61
15299.03820833332 15527.83620833332 68 61
15527.83620833332 15716.99633333332 68 61
23359.641291666605 23475.435541666608 68 62
23475.435541666608 23627.140041666604 68 64
23817.725791666606 23894.525083333276 68 63
23933.123166666606 24107.66824999994 68 67
24282.92933333327 24361.558416666605 68 66
24401.11849999994 24540.748083333274 68 70
26136.11758333327 26381.67708333327 68 52
26769.144833333266 26893.522833333267 68 57
26893.522833333267 27085.87258333327 68 54
28921.301124999944 29033.888374999944 68 47
29033.888374999944 29163.54057499994 68 57
29713.035374999938 29938.20987499993 68 66
29938.20987499993 30125.111958333262 68 58
30161.91187499993 30384.004541666596 68 61
30384.004541666596 30610.967541666596 68 63
31292.443791666596 31520.3207916666 68 69
31520.3207916666 31744.6032916666 68 70
31744.6032916666 31941.1617291666 68 72
31981.8070416666 32206.4590416666 68 73
32206.4590416666 32431.11104166659 68 71
34397.32751041659 34509.91476041659 68 54
34509.91476041659 34638.613635416594 68 65
35637.9382604166 35860.030927083266 68 66
35860.030927083266 36098.998427083265 68 68
36098.998427083265 36326.75342708327 68 76
36784.866927083276 37013.923677083294 68 76
37362.2054270833 37483.231677083306 68 71
37483.231677083306 37713.744427083315 68 76
38171.85792708332 38400.914677083325 68 76
38749.98267708334 38871.79517708334 68 71
38871.79517708334 39103.01842708335 68 76
41641.59917708341 44183.193427083446 68 66
44411.99142708344 44662.97442708345 68 48
44662.97442708345 44790.802837500116 68 53
45256.09867708346 45376.88142708346 68 45
45376.88142708346 45501.41804583346 68 53
45962.01205208346 46087.54555208346 68 45
46551.27255208347 46802.82080208347 68 45
47274.142802083465 47439.40977708347 68 53
47542.14330208347 47671.39878125014 68 53
48134.72221875015 48255.504968750145 68 45
48255.504968750145 48383.66953125015 68 53
48844.47092708349 48984.109677083485 68 45
49228.5886770835 49467.956677083515 68 45
49966.90292708352 50161.232927083525 68 53
50228.40117708352 50465.75522708352 68 53
54783.16867708351 55347.36567708351 68 54
1249.335 1363.7340000000002 69 48
1363.7340000000002 1486.6417479166669 69 59
6707.369708333337 6821.768708333338 69 50
6821.768708333338 6944.676456250003 69 62
15777.02295833332 16485.52057499999 69 87
16477.800958333326 17990.384458333312 69 84
17874.590208333313 18048.281583333315 69 72
18220.577708333316 18334.976708333314 69 72
18334.976708333314 18508.668083333312 69 72
19403.385958333303 19519.180208333302 69 45
19519.180208333302 19691.461958333308 69 49
20202.856708333304 20422.401845833298 69 55
20428.031208333297 20683.559458333297 69 60
20799.353708333296 20915.147958333295 69 48
20915.147958333295 21086.74645833329 69 50
21597.457958333285 21822.632458333283 69 51
21822.632458333283 22090.66520833328 69 54
22319.46320833328 22548.26120833328 69 56
22776.906291666608 23009.410291666612 69 58
23589.312874999938 23703.099041666603 69 62
23703.099041666603 23836.868208333275 69 65
24049.30249999994 24127.204083333272 69 65
24165.954749999935 24322.163499999937 69 68
24520.71762499994 24621.380583333274 69 68
24641.669499999938 24845.292791666605 69 71
29148.28737499994 29262.68637499994 69 49
29262.68637499994 29389.34703124994 69 59
34624.3137604166 34738.712760416594 69 56
34738.712760416594 34868.188097916594 69 71
49589.69017708352 49723.415677083525 69 45
1476.3212500000002 1588.9085 70 52
1588.9085 1714.6309291666666 70 61
2720.2671666666665 2945.4471666666664 70 68
2945.4471666666664 3165.3886666666654 70 69
3165.3886666666654 3391.428666666665 70 70
4635.7449166666665 4751.539166666667 70 80
5094.429166666668 5218.308733333334 70 62
5209.589833333334 5348.837875000002 70 57
6934.355958333337 7046.943208333337 70 54
7046.943208333337 7172.665637500004 70 64
8856.068708333332 9078.587708333333 70 76
9078.587708333333 9298.529208333332 70 75
9298.529208333332 9524.569208333329 70 76
10195.647208333325 10417.327708333323 70 63
10417.327708333323 10639.008208333322 70 60
10639.008208333322 10865.04820833332 70 59
24769.026791666605 24921.558791666605 70 70
24921.558791666605 25180.998291666605 70 73
25166.037791666604 25405.405791666602 70 70
25405.405791666602 25648.650041666602 70 63
25648.650041666602 25907.03190833327 70 73
25891.0740416666 26136.11758333327 70 70
26136.11758333327 26381.67708333327 70 63
26381.67708333327 26644.76683333327 70 65
26644.76683333327 26831.33383333327 70 63
27413.68024999994 27611.49812499994 70 52
29375.27362499994 29487.86087499994 70 52
29487.86087499994 29609.83039583327 70 61
30610.967541666596 30834.419791666598 70 68
30834.419791666598 31054.3612916666 70 69
31054.3612916666 31292.443791666596 70 70
32546.90529166659 32662.699541666585 70 80
33005.58954166659 33130.43787499992 70 67
33120.75020833326 33261.82891874992 70 64
34851.30001041659 34963.887260416595 70 61
34963.887260416595 35095.23905208326 70 72
36669.43792708327 36784.866927083276 70 71
37127.551427083294 37241.1791770833 70 73
37241.1791770833 37422.7185520833 70 78
38056.42892708332 38171.85792708332 70 71
38514.54242708333 38628.17017708334 70 73
38628.17017708334 38810.88892708334 70 78
38987.589427083345 39103.01842708335 70 77
39103.01842708335 39273.46005208335 70 81
39445.70292708335 39561.131927083356 70 73
39561.131927083356 39732.474177083364 70 93
39903.816427083366 40017.44417708337 70 78
40017.44417708337 40190.58767708337 70 84
40361.929927083365 40477.35892708337 70 83
40477.35892708337 40647.800552083376 70 85
40820.04342708338 40935.47242708338 70 71
40935.47242708338 41106.81467708339 70 88
41278.15692708339 41391.7846770834 70 67
41391.7846770834 41575.543177083404 70 70
41641.59917708341 44411.99142708344 70 66
45021.407927083455 45138.27592708346 70 45
45138.27592708346 45269.18347500013 70 53
45728.27855208346 45844.189302083454 70 45
45844.189302083454 45973.519289583455 70 53
46321.28155208346 46551.27255208347 70 45
47155.349802083474 47274.142802083465 70 45
47898.21330208347 48015.65780208347 70 45
48015.65780208347 48144.78744791681 70 53
48607.874677083484 48723.78542708349 70 45
48723.78542708349 48856.10748958349 70 53
1701.4957499999998 1814.0829999999999 71 54
1814.0829999999999 1936.9907479166666 71 66
3505.367166666665 3619.305666666665 71 79
3619.305666666665 3787.5175416666643 71 83
4406.930666666666 4519.950666666667 71 83
4519.950666666667 4693.642041666667 71 81
4865.938166666668 4988.729054166668 71 69
4980.183666666668 5132.714000000001 71 66
7159.530458333337 7272.117708333338 71 56
7272.117708333338 7395.025456250004 71 68
7943.0868750000045 8176.0532083333355 71 80
8176.0532083333355 8403.988708333336 71 76
8403.988708333336 8630.028708333335 71 75
8630.028708333335 8856.068708333332 71 76
9524.569208333329 9747.088208333327 71 68
9747.088208333327 9969.607208333326 71 66
10865.04820833332 11088.038958333318 71 60
11197.591958333316 11307.144958333314 71 72
11307.144958333314 11475.356833333315 71 76
11872.395958333316 11983.655458333315 71 75
11983.655458333315 12158.752708333315 71 82
12330.599958333316 12444.081458333316 71 81
12444.081458333316 12623.722208333316 71 86
12799.656708333318 12915.710958333319 71 88
12915.710958333319 13098.86095833332 71 91
13276.687958333321 13393.46495833332 71 92
13393.46495833332 13589.02258333332 71 96
13659.214458333321 15077.099229166653 71 92
15067.44970833332 15241.14108333332 71 72
15413.43720833332 15527.83620833332 71 72
15527.83620833332 15710.32670833332 71 72
17990.384458333312 18106.178708333315 71 72
18106.178708333315 18277.777208333315 71 72
18450.770958333313 18527.967124999977 71 72
19634.034708333307 19748.889208333305 71 51
19748.889208333305 19920.712958333308 71 54
21029.546958333292 21143.94595833329 71 51
21143.94595833329 21315.31420833329 71 54
27651.81437499994 27852.674649999935 71 48
29600.448124999937 29713.035374999938 71 54
29713.035374999938 29835.9431229166 71 66
31406.382291666596 31520.3207916666 71 79
31520.3207916666 31688.5326666666 71 83
32318.785041666593 32431.11104166659 71 83
32431.11104166659 32604.802416666585 71 81
32777.098541666586 32899.889429166586 71 71
32891.34404166658 33043.87437499993 71 70
35076.47451041659 35189.0617604166 71 62
35189.0617604166 35311.96950833326 71 74
36440.38117708327 36554.008927083276 71 73
36554.008927083276 36727.152427083274 71 78
36898.49467708328 37013.923677083294 71 77
37013.923677083294 37184.3653020833 71 81
37827.372177083314 37940.99992708332 71 73
37940.99992708332 38114.14342708332 71 78
38285.48567708332 38400.914677083325 71 77
38400.914677083325 38571.35630208334 71 81
38871.79517708334 39045.30392708335 71 90
39216.64617708335 39330.273927083355 71 73
39330.273927083355 39503.417427083354 71 79
39674.759677083355 39790.188677083366 71 80
39790.188677083366 39960.630302083366 71 85
40132.87317708337 40248.30217708337 71 77
40248.30217708337 40419.64442708337 71 90
40590.98667708337 40704.614427083376 71 75
40704.614427083376 40877.75792708338 71 79
41049.10017708339 41164.529177083394 71 73
41164.529177083394 41334.9708020834 71 76
41509.4871770834 41579.94691041674 71 62
44183.193427083446 44537.482927083445 71 48
44783.757177083455 44904.53992708345 71 45
44904.53992708345 45032.12082708346 71 53
45494.54505208346 45612.36780208346 71 45
45612.36780208346 45736.97185833346 71 53
46669.09530208348 46802.82080208347 71 45
46919.688802083474 47036.556802083476 71 45
47036.556802083476 47166.2391604168 71 53
47661.456052083464 47780.76880208347 71 45
47780.76880208347 47908.97904791681 71 53
48373.81071875015 48492.11646875015 71 45
48492.11646875015 48617.53390625015 71 53
49348.27267708351 49467.956677083515 71 45
49467.956677083515 49600.83396875019 71 53
49843.59842708352 49966.90292708352 71 45
1926.67025 2039.2574999999997 72 56
2039.2574999999997 2167.2854270833327 72 69
7384.704958333338 7497.292208333338 72 59
7497.292208333338 7618.778562500004 72 73
15183.24395833332 15299.03820833332 72 72
15299.03820833332 15470.63670833332 72 72
15643.63045833332 15716.99633333332 72 72
19863.743708333306 19977.68220833331 72 57
19977.68220833331 20146.563083333305 72 61
21258.344958333288 21372.28345833329 72 55
21372.28345833329 21541.164333333287 72 57
29825.622624999934 29938.20987499993 72 56
29938.20987499993 30064.368781249934 72 69
35301.64901041659 35414.2362604166 72 64
35414.2362604166 35535.72261458327 72 77
2151.3987499999994 2226.1595833333326 73 59
2262.9594999999995 2385.8457791666665 73 71
3278.4086666666653 3391.428666666665 73 84
3391.428666666665 3562.3364166666647 73 82
3731.4469166666645 3843.588166666664 73 79
3843.588166666664 4011.800041666664 73 85
4180.890666666664 4293.910666666666 73 86
4293.910666666666 4463.440666666666 73 84
7609.4334583333375 7684.194291666671 73 69
7720.994208333337 7844.807650000004 73 76
8967.328208333332 9078.587708333333 73 85
9078.587708333333 9243.543833333331 73 89
10306.487458333324 10417.327708333323 73 69
10417.327708333323 10583.588083333323 73 71
30050.351124999932 30125.111958333262 73 60
30161.91187499993 30284.798154166594 73 71
31167.381291666596 31292.443791666596 73 84
31292.443791666596 31463.351541666598 73 82
31632.4620416666 31744.6032916666 73 79
31744.6032916666 31919.2757916666 73 85
32094.133041666602 32206.4590416666 73 86
32206.4590416666 32374.94804166659 73 84
35526.3775104166 35601.13834374994 73 72
35637.9382604166 35761.75170208327 73 79
36211.324427083266 36326.75342708327 73 77
36326.75342708327 36497.19505208327 73 81
36784.866927083276 36956.209177083285 73 90
37598.315427083304 37713.744427083315 73 77
37713.744427083315 37884.186052083314 73 81
38171.85792708332 38343.20017708332 73 90
46436.27705208347 46551.27255208347 73 45
46551.27255208347 46682.46785208348 73 53
49106.349177083495 49228.5886770835 73 45
49228.5886770835 49358.24634375017 73 53
2373.7926666666667 2485.052166666667 74 62
2485.052166666667 2614.7647999999995 74 75
7831.827375000004 7943.0868750000045 74 71
8056.568375000003 8176.0532083333355 74 75
20090.269458333307 20202.856708333304 74 63
20202.856708333304 20371.7375833333 74 66
20551.447458333296 20683.559458333297 74 68
21484.87070833329 21597.457958333285 74 58
21597.457958333285 21766.338833333284 74 61
26258.89733333327 26381.67708333327 74 58
30272.745041666596 30384.004541666596 74 62
30384.004541666596 30510.72554999993 74 76
35748.77142708327 35860.030927083266 74 73
35860.030927083266 36098.998427083265 74 82
2598.5336666666667 2720.2671666666665 75 66
2720.2671666666665 2888.7064166666664 75 81
3055.417916666666 3165.3886666666654 75 78
3165.3886666666654 3334.918666666665 75 84
3955.729416666664 4067.870666666664 75 86
4067.870666666664 4237.400666666665 75 87
8176.0532083333355 8346.091583333337 75 90
8517.008708333336 8630.028708333335 75 87
8630.028708333335 8799.558708333332 75 90
9188.558458333333 9298.529208333332 75 87
9298.529208333332 9468.059208333329 75 90
9635.828708333329 9747.088208333327 75 75
9747.088208333327 9913.977458333326 75 78
10528.167958333324 10639.008208333322 75 68
10639.008208333322 10808.53820833332 75 70
10975.01895833332 11088.038958333318 75 68
11088.038958333318 11252.368458333314 75 72
21939.363958333277 22090.66520833328 75 66
22433.86220833328 22548.26120833328 75 54
22548.26120833328 22719.85970833328 75 56
22893.15829166661 23009.410291666612 75 58
23009.410291666612 23184.75466666661 75 62
25522.6207916666 25648.650041666602 75 58
26013.33783333327 26136.11758333327 75 65
26136.11758333327 26320.28720833327 75 63
26381.67708333327 26644.76683333327 75 65
27017.900833333268 27153.844333333273 75 59
27153.844333333273 27393.391333333275 75 74
30497.486041666594 30610.967541666596 75 66
30610.967541666596 30777.679041666597 75 81
30944.390541666595 31054.3612916666 75 78
31054.3612916666 31229.912541666596 75 84
31856.744541666605 31941.1617291666 75 86
31981.8070416666 32150.2960416666 75 87
35979.514677083265 36098.998427083265 75 76
36098.998427083265 36269.03892708327 75 90
37483.231677083306 37656.02992708331 75 90
46204.41355208346 46321.28155208346 75 45
46321.28155208346 46447.776602083475 75 53
2831.9656666666665 2945.4471666666664 76 77
2945.4471666666664 3110.4032916666656 76 82
8288.194458333337 8403.988708333336 76 85
8403.988708333336 8573.518708333335 76 89
9411.54920833333 9524.569208333329 76 88
9524.569208333329 9691.458458333327 76 81
10752.028208333322 10865.04820833332 76 67
10865.04820833332 11031.528958333318 76 72
20315.4439583333 20422.401845833298 76 69
20428.031208333297 20605.39319166663 76 72
21710.045208333286 21822.632458333283 76 63
21822.632458333283 22015.01458333328 76 64
22090.66520833328 22319.46320833328 76 56
22319.46320833328 22491.06170833328 76 56
22662.66020833328 22757.992708333277 76 55
22776.906291666608 22951.28429166661 76 58
23125.66229166661 23243.84704166661 76 61
23243.84704166661 23417.538416666604 76 64
30720.9382916666 30834.419791666598 76 77
30834.419791666598 30999.3759166666 76 82
23359.641291666605 23475.435541666608 77 62
23475.435541666608 23627.140041666604 77 64
23817.725791666606 23894.525083333276 77 63
23933.123166666606 24107.66824999994 77 67
24282.92933333327 24361.558416666605 77 66
24401.11849999994 24540.748083333274 77 70
25285.7217916666 25405.405791666602 77 65
25405.405791666602 25585.635416666602 77 63
25648.650041666602 25907.03190833327 77 73
25891.0740416666 26074.72770833327 77 70
26258.89733333327 26381.67708333327 77 69
26769.144833333266 26893.522833333267 77 68
26893.522833333267 27085.87258333327 77 64
8743.048708333334 8856.068708333332 78 88
8856.068708333332 9022.957958333332 78 90
10082.627208333326 10195.647208333325 78 73
10195.647208333325 10361.907583333323 78 74
21939.363958333277 22090.66520833328 78 66
22433.86220833328 22548.26120833328 78 64
22548.26120833328 22719.85970833328 78 67
22893.15829166661 23009.410291666612 78 69
23009.410291666612 23184.75466666661 78 74
23589.312874999938 23703.099041666603 78 62
23703.099041666603 23836.868208333275 78 65
24049.30249999994 24127.204083333272 78 65
24165.954749999935 24322.163499999937 78 68
24520.71762499994 24621.380583333274 78 68
24641.669499999938 24921.558791666605 78 71
24921.558791666605 25180.998291666605 78 73
25166.037791666604 25345.563791666602 78 70
25522.6207916666 25648.650041666602 78 69
26013.33783333327 26136.11758333327 78 77
26136.11758333327 26320.28720833327 78 75
26381.67708333327 26644.76683333327 78 65
26644.76683333327 26831.33383333327 78 63
22090.66520833328 22319.46320833328 79 67
22319.46320833328 22491.06170833328 79 67
22662.66020833328 22757.992708333277 79 65
22776.906291666608 22951.28429166661 79 70
23125.66229166661 23243.84704166661 79 72
23243.84704166661 23417.538416666604 79 77
9858.347708333327 9969.607208333326 80 75
9969.607208333326 10139.137208333326 80 76
23359.641291666605 23475.435541666608 80 73
23475.435541666608 23627.140041666604 80 77
23817.725791666606 23894.525083333276 80 75
23933.123166666606 24107.66824999994 80 80
24282.92933333327 24361.558416666605 80 78
24401.11849999994 24540.748083333274 80 84
25285.7217916666 25405.405791666602 80 77
25405.405791666602 25585.635416666602 80 75
25648.650041666602 25907.03190833327 80 73
25891.0740416666 26074.72770833327 80 70
23589.312874999938 23703.099041666603 81 73
23703.099041666603 23836.868208333275 81 78
24049.30249999994 24127.204083333272 81 77
24165.954749999935 24322.163499999937 81 82
24520.71762499994 24621.380583333274 81 81
24641.669499999938 24845.292791666605 81 86
24769.026791666605 24921.558791666605 82 82
24921.558791666605 25180.998291666605 82 88
25166.037791666604 25405.405791666602 82 83
25405.405791666602 25648.650041666602 82 75
25648.650041666602 25907.03190833327 82 88
25891.0740416666 26136.11758333327 82 83
26136.11758333327 26381.67708333327 82 75
26381.67708333327 26644.76683333327 82 79
