68822.13812499955 69021.90462499953 29 33
68732.53645833288 68911.7397916662 30 30
23437.21299999998 23616.433333333316 31 32
23527.79266666665 23706.27666666665 32 28
27564.62433333332 27749.602999999985 32 39
27749.602999999985 27934.083999999984 32 43
68999.44379166621 69178.88879166619 32 28
66709.1454583329 66844.46370833289 33 34
69089.28712499952 69288.0622916662 33 29
69265.90212499953 69443.18345833286 33 28
23616.433333333316 23796.610999999983 34 28
27285.716999999986 27470.709999999985 34 39
27655.952666666653 27843.25333333332 34 39
65560.34595833292 65671.05387499959 34 31
66619.30212499958 66776.8962083329 34 31
66799.41870833289 66956.58662499955 34 30
68643.05479166622 68822.13812499955 34 30
68911.7397916662 69089.28712499952 34 28
69354.54279166619 69551.78312499952 34 34
76659.09770833279 76836.40337499946 34 29
77190.61304166612 77367.45570833278 34 29
78255.72170833279 78432.56437499946 34 29
79325.57304166611 79508.19204166609 34 40
79508.19204166609 80074.8980416661 34 78
66090.88712499956 66223.54395833288 35 31
66530.06337499958 66709.1454583329 35 30
66889.38537499955 67068.10345833287 35 31
69529.74112499952 69706.07712499952 35 31
23706.27666666665 23885.016666666652 36 30
26738.374666666656 26919.825999999986 36 37
27010.90466666665 27193.111666666653 36 36
65032.374124999566 65165.254624999565 36 31
65471.64587499958 65627.54720833291 36 30
66001.46720833289 66180.48879166623 36 30
68553.99954166621 68687.73562499955 36 36
69617.90912499951 69814.17129166618 36 36
69792.18745833285 69968.05812499952 36 33
76303.7177083328 76479.65270833281 36 37
76836.40337499946 77011.88970833279 36 37
77901.51204166612 78076.99837499946 36 37
78970.17437499946 79145.88637499946 36 48
23796.610999999983 23974.618333333317 37 32
26198.019333333323 26377.974999999988 37 39
26469.053666666652 26647.295999999988 37 39
26827.73633333332 27010.90466666665 37 37
27843.25333333332 28026.17366666665 37 34
64146.76270833294 64324.292374999604 37 34
64942.95420833291 65121.97579166623 37 30
65383.476624999574 65515.90745833292 37 33
65912.58987499957 66046.08629166623 37 33
66441.54054166623 66574.56129166624 37 33
66978.9270416662 67112.54195833288 37 38
68465.24070833289 68643.05479166622 37 33
69178.88879166619 69354.54279166619 37 28
69880.12279166619 70075.98479166618 37 36
75594.91104166614 75772.2167083328 37 29
76126.87504166612 76303.7177083328 37 29
76393.31937499947 76569.49604166613 37 33
76746.80170833279 76926.00504166611 37 29
76926.00504166611 77101.25137499945 37 33
77277.85404166611 77457.05737499945 37 29
77991.11370833279 78166.36004166612 37 33
78342.9627083328 78970.17437499946 37 29
79059.77604166613 79235.72970833279 37 43
79413.7410416661 79665.8071479161 37 41
23171.008666666647 23347.611333333316 38 30
70053.94279166618 70230.75145833284 38 33
23260.370333333314 23437.21299999998 39 30
23885.016666666652 24064.219999999983 39 32
25660.56833333332 25838.11566666666 39 37
25927.717333333327 26107.188666666658 39 36
26286.896333333323 26469.053666666652 39 39
26919.825999999986 27100.506333333316 39 39
27193.111666666653 27376.79566666665 39 40
27470.709999999985 27655.952666666653 39 43
27934.083999999984 28118.00933333332 39 35
63525.672874999625 63659.892708332954 39 38
64234.93070833294 64413.65404166626 39 34
64854.07687499958 64987.57329166624 39 33
65295.773291666235 65449.54445833291 39 33
65824.30304166624 65979.18854166623 39 33
66353.77937499958 66485.6839583329 39 33
67068.10345833287 67223.22529166621 39 33
69443.18345833286 69617.90912499951 39 31
70142.11079166619 70339.26220833286 39 34
75239.75404166615 75415.46604166615 39 37
75772.2167083328 75948.1517083328 39 37
385.239 572.8933333333332 40 28
945.6713333333333 1120.6117666666664 40 28
22904.80433333331 23081.646999999983 40 37
41508.19249999998 41690.11816666666 40 38
42055.22683333332 42227.48059999998 40 38
64413.65404166626 64590.49670833293 40 34
64765.671874999585 64920.67554166624 40 33
68376.89445833288 68509.56104166622 40 36
572.8933333333332 759.4166666666666 41 30
16893.19083333335 17070.03350000002 41 33
22639.783666666644 22815.202666666646 41 35
22994.40599999998 23171.008666666647 41 32
23347.611333333316 23527.79266666665 41 30
23974.618333333317 24152.387999999984 41 34
24331.111333333316 24507.953999999983 41 34
25127.232666666656 25304.76233333332 41 36
25394.12399999999 25570.966666666656 41 38
25748.272333333327 25927.717333333327 41 37
26377.974999999988 26557.69433333332 41 43
27100.506333333316 27285.716999999986 41 42
27376.79566666665 27564.62433333332 41 39
28026.17366666665 28207.852666666655 41 36
41139.45049999998 41324.01316666664 41 43
41690.11816666666 41871.55549999999 41 43
63170.106874999634 63348.83020833297 41 34
63436.07120833297 63570.594541666294 41 34
63615.335374999624 63770.457541666285 41 36
64057.16104166627 64234.93070833294 41 37
64324.292374999604 64500.89504166627 41 36
64500.89504166627 64634.11720833294 41 34
64677.85220833294 64831.91670833291 41 33
65208.64612499956 65361.492791666235 41 33
65736.54187499959 65868.38704166624 41 33
66266.7667083329 66397.57287499956 41 33
67156.86229166621 67273.37084166621 41 34
68288.84279166623 68465.24070833289 41 41
68822.13812499955 69021.90462499953 41 39
69706.07712499952 69880.12279166619 41 33
70316.86179166619 70496.06512499951 41 33
73198.86895833281 73332.06662499947 41 30
73732.64537499948 73865.78495833282 41 33
74267.01570833282 74441.79437499949 41 33
74798.30337499948 74973.54970833281 41 33
75329.35570833282 75505.30937499947 41 33
75682.61504166613 75861.81837499946 41 29
75861.81837499946 76037.51337499946 41 33
76214.11604166613 76393.31937499947 41 29
76479.65270833281 76659.09770833279 41 28
77011.88970833279 77190.61304166612 41 28
78076.99837499946 78252.37064583278 41 28
79145.88637499946 79322.76543749945 41 39
1498.1346666666666 1679.301083333333 42 28
2042.6340833333327 2222.5990833333326 42 28
16626.29950000002 16803.829166666685 42 33
16980.43183333335 17091.33908333335 42 29
22728.189333333314 22904.80433333331 42 33
23081.646999999983 23260.370333333314 42 31
24064.219999999983 24241.74966666665 42 34
25215.400666666657 25394.12399999999 42 36
25838.11566666666 26016.357999999993 42 38
28118.00933333332 28299.180999999986 42 38
41044.18516666663 41234.169833333304 42 34
42600.518166666654 42780.49720833331 42 38
43142.11420833332 43321.33454166664 42 42
63348.83020833297 63525.672874999625 42 34
63704.27212499962 63836.23487499961 42 36
63967.55937499962 64146.76270833294 42 34
64590.49670833293 64721.70420833292 42 37
65121.97579166623 65252.15279166623 42 37
65649.30054166625 65780.33537499959 42 37
66180.48879166623 66331.96912499958 42 37
67245.26729166621 67399.09695833286 42 41
68201.19729166623 68332.81045833288 42 37
68732.53645833288 68911.7397916662 42 34
69968.05812499952 70142.11079166619 42 33
70406.46345833284 70607.05437499953 42 34
99.24066666666667 288.78366666666665 43 24
478.36633333333333 667.4203333333332 43 26
667.4203333333332 852.544 43 26
1036.9996666666666 1129.9019999999998 43 27
1129.9019999999998 1313.6926666666664 43 34
1679.301083333333 1859.9774166666662 43 34
16359.392166666683 16536.697833333354 43 35
17070.03350000002 17198.97658333335 43 35
22375.442999999977 22551.377999999975 43 39
23437.21299999998 23616.433333333316 43 38
24152.387999999984 24331.111333333316 43 34
40856.870833333305 41044.18516666663 43 42
41234.169833333304 41416.10283333331 43 39
41598.28249999999 41781.953833333326 43 39
41781.953833333326 41963.39116666665 43 39
42144.82849999998 42236.66416666664 43 39
42236.66416666664 42417.86149999998 43 45
42780.49720833331 42960.45287499998 43 45
16092.24316666668 16269.790500000017 44 38
16447.096166666684 16626.29950000002 44 36
17598.350750000012 17727.739166666677 44 38
22285.84133333331 22465.044666666643 44 36
22465.044666666643 22639.783666666644 44 33
22815.202666666646 22994.40599999998 44 33
23527.79266666665 23706.27666666665 44 34
24241.74966666665 24418.352333333318 44 37
24507.953999999983 24680.88033333332 44 39
25037.63099999999 25215.400666666657 44 38
25304.76233333332 25481.36499999999 44 39
25570.966666666656 25748.272333333327 44 43
26107.188666666658 26286.896333333323 44 43
26647.295999999988 26827.73633333332 44 43
27564.62433333332 27749.602999999985 44 47
27749.602999999985 27934.083999999984 44 51
28207.852666666655 28390.50933333332 44 39
31985.095666666653 32179.59499999999 44 40
40480.91249999998 40669.81449999997 44 42
40669.81449999997 40856.870833333305 44 40
63259.4685416663 63436.07120833297 44 34
63879.85537499961 64057.16104166627 44 34
67333.31895833286 67508.26270833287 44 38
68999.44379166621 69178.88879166619 44 33
1222.8043333333333 1405.9136666666666 45 28
1588.1599999999999 1770.3797499999998 45 30
1770.3797499999998 1951.3057499999995 45 28
2132.0194166666656 2313.178749999999 45 30
2581.3594999999996 2758.665166666666 45 33
17155.753833333354 17286.103416666683 45 32
18127.15708333334 18256.884083333338 45 40
19719.693749999988 19853.854499999983 45 43
20779.382666666643 20957.15233333331 45 43
22198.600333333306 22375.442999999977 45 37
22551.377999999975 22728.189333333314 45 33
32745.10691666665 32953.85266666665 45 45
33305.15791666664 33514.352999999974 45 45
33867.805249999976 34079.49483333331 45 45
40294.91749999998 40480.91249999998 45 44
42328.49983333331 42509.189833333316 45 38
42689.90954166665 42871.57587499998 45 40
42871.57587499998 43051.28354166665 45 39
43230.754874999984 43411.914208333306 45 39
43679.063208333304 43856.368874999964 45 40
62459.14154166634 62593.604874999655 45 38
62902.73554166631 63081.938874999636 45 34
66709.1454583329 66844.46370833289 45 41
69089.28712499952 69288.0622916662 45 36
69265.90212499953 69443.18345833286 45 34
70230.75145833284 70406.46345833284 45 33
70584.47079166619 70765.13945833285 45 33
70943.88712499951 71144.63162499951 45 38
71122.1707916662 71301.61579166618 45 34
71479.6541249995 71680.74004166617 45 38
71658.15645833284 71838.82512499951 45 34
194.962 385.239 46 25
759.4166666666666 945.6713333333333 46 26
2222.5990833333326 2401.5174999999995 46 38
9945.208166666667 10122.513833333334 46 36
17684.40400000001 17815.09625000001 46 30
18213.435000000005 18344.47166666667 46 34
18658.160583333334 18809.8085 46 40
22109.238666666643 22285.84133333331 46 38
23616.433333333316 23796.610999999983 46 34
24418.352333333318 24593.17633333332 46 34
24948.029333333325 25127.232666666656 46 39
25481.36499999999 25660.56833333332 46 38
26016.357999999993 26198.019333333323 46 45
26557.69433333332 26738.374666666656 46 45
27285.716999999986 27470.709999999985 46 46
27655.952666666653 27843.25333333332 46 47
28299.180999999986 28480.110999999986 46 40
31695.368333333317 31887.591666666653 46 39
32653.123249999986 32838.60858333332 46 37
33210.62224999998 33398.91391666664 46 39
33773.00491666664 33962.60558333331 46 37
34340.300583333315 34532.009916666655 46 38
39919.753833333314 40108.12183333332 46 40
40108.12183333332 40294.91749999998 46 42
40388.56783333331 40575.36349999997 46 41
40762.419833333304 40951.321833333306 46 40
40951.321833333306 41139.45049999998 46 40
41324.01316666664 41508.19249999998 46 38
41871.55549999999 42055.22683333332 46 38
43321.33454166664 43499.61820833331 46 46
61309.75637499971 61442.52470833304 46 35
62369.539874999675 62481.541958333 46 35
62548.864041666326 62682.60070833298 46 36
63081.938874999636 63259.4685416663 46 34
63792.44137499961 63967.55937499962 46 36
65560.34595833292 65671.05387499959 46 37
66619.30212499958 66776.8962083329 46 37
66799.41870833289 66956.58662499955 46 36
67420.96445833286 67551.76937499954 46 39
68113.84179166623 68288.84279166623 46 41
68643.05479166622 68822.13812499955 46 36
68911.7397916662 69089.28712499952 46 33
69354.54279166619 69551.78312499952 46 41
72839.6461249995 73042.48954166616 46 37
73642.98287499948 73777.20270833281 46 37
74086.33537499949 74267.01570833282 46 34
74708.70170833281 74884.18804166614 46 37
75150.15237499948 75329.35570833282 46 34
75415.46604166615 75591.55097916615 46 28
75948.1517083328 76124.64099999945 46 28
76569.49604166613 76681.02370833278 46 30
77101.25137499945 77212.42329166611 46 30
78166.36004166612 78255.72170833279 46 29
78255.72170833279 78432.56437499946 46 35
79235.72970833279 79325.57304166611 46 40
79325.57304166611 79508.19204166609 46 48
79508.19204166609 80074.8980416661 46 100
9411.854833333331 9610.857916666666 47 34
12065.622583333343 12242.928250000012 47 39
17242.425666666684 17374.156666666684 47 29
17771.30275000001 17903.207333333346 47 28
18744.606083333336 18875.35375 47 32
34989.35649999997 35193.49683333331 47 42
35536.203499999974 35743.02374999997 47 43
36093.2168333333 36304.38724999997 47 45
61838.56762499969 61971.56079166635 47 35
62279.877374999676 62459.14154166634 47 37
66090.88712499956 66223.54395833288 47 37
66530.06337499958 66709.1454583329 47 36
66889.38537499955 67068.10345833287 47 37
67508.26270833287 67660.13545833288 47 45
69529.74112499952 69706.07712499952 47 37
1313.6926666666664 1498.1346666666666 48 29
1859.9774166666662 2042.6340833333327 48 28
2313.178749999999 2491.7578333333327 48 29
2669.0634999999997 2848.266833333333 48 31
3115.158166666666 3292.6911666666665 48 33
3649.4418333333333 3826.7475000000004 48 36
15825.798833333347 16002.641500000014 48 39
16269.790500000017 16447.096166666684 48 36
16536.697833333354 16714.46750000002 48 39
16803.829166666685 16980.43183333335 48 34
17330.013250000018 17463.155166666682 48 33
17859.063916666677 17992.20583333334 48 32
18300.561833333337 18432.994500000004 48 32
18831.61875 18963.289416666667 48 33
19185.731249999993 19342.59541666666 48 43
21752.505666666642 21931.708999999977 48 37
22019.876999999975 22198.600333333306 48 36
23706.27666666665 23885.016666666652 48 36
24860.32533333332 25037.63099999999 48 38
26738.374666666656 26919.825999999986 48 44
27010.90466666665 27193.111666666653 48 43
28390.50933333332 28570.94166666665 48 43
31121.471666666654 31311.231333333322 48 40
31407.88233333332 31598.717333333316 48 39
32561.510583333322 32745.10691666665 48 40
32930.347583333314 33118.38824999998 48 39
33490.65291666664 33680.519249999976 48 39
34055.59424999997 34246.79891666665 48 39
34898.96116666664 35080.73916666664 48 39
35443.811833333304 35628.59516666664 48 39
35998.46616666663 36187.96749999997 48 39
36565.1448333333 36700.22927499997 48 39
37671.37783333332 37833.88460833331 48 44
38787.36416666666 38898.93343958332 48 45
39359.879499999995 39549.31816666666 48 40
39734.26783333332 39919.753833333314 48 41
42417.86149999998 42600.518166666654 48 39
42960.45287499998 43142.11420833332 48 39
43411.914208333306 43589.46154166664 48 39
43766.76720833331 43945.97054166663 48 38
44212.861874999966 44389.70454166662 48 41
44746.45520833329 44923.76087499995 48 41
55918.83854166647 56095.681208333124 48 32
60784.23004166641 60938.245208333065 48 35
61220.99687499972 61399.358041666375 48 37
61749.3288749997 61928.16929166635 48 37
62638.162208332986 62793.047708332975 48 36
62992.33720833297 63170.106874999634 48 38
65032.374124999566 65165.254624999565 48 37
65471.64587499958 65627.54720833291 48 36
66001.46720833289 66180.48879166623 48 36
68026.88604166624 68157.46229166623 48 40
68553.99954166621 68687.73562499955 48 43
69617.90912499951 69968.05812499952 48 39
70674.80512499952 70875.95237499951 48 34
71212.0141249995 71411.90337499951 48 36
71748.49079166618 71949.15229166618 48 34
72018.41079166619 72224.23095833286 48 39
72292.91845833285 72497.91354166617 48 34
72566.40979166617 72771.14987499951 48 38
73821.58212499948 73953.60429166615 48 33
73997.51412499948 74175.93704166615 48 33
74884.18804166614 75062.91137499947 48 33
75062.91137499947 75239.75404166615 48 34
76303.7177083328 76479.65270833281 48 44
76836.40337499946 77011.88970833279 48 44
77901.51204166612 78076.99837499946 48 44
78970.17437499946 79145.88637499946 48 57
288.78366666666665 478.36633333333333 49 25
852.544 1036.9996666666666 49 27
2758.665166666666 2936.4348333333332 49 34
3292.6911666666665 3469.9968333333336 49 41
8875.568166666664 9075.896249999998 49 34
10034.809833333335 10212.115500000002 49 35
11533.462916666673 11731.272333333342 49 36
16179.947166666683 16359.392166666683 49 38
17947.58675000001 18127.15708333334 49 32
18388.615083333338 18522.474833333334 49 36
18919.263583333333 19074.090916666664 49 36
19275.51416666666 19431.59124999999 49 36
19809.235416666652 19942.613333333313 49 36
20868.98433333331 21046.513999999974 49 36
23796.610999999983 23974.618333333317 49 38
24770.723666666654 24948.029333333325 49 41
26198.019333333323 26377.974999999988 49 46
26469.053666666652 26647.295999999988 49 47
26827.73633333332 27010.90466666665 49 44
27843.25333333332 28026.17366666665 49 40
28480.110999999986 28661.772333333316 49 40
30557.850333333314 30744.90666666665 49 39
30839.357666666652 31026.20633333332 49 41
31214.859666666656 31407.88233333332 49 34
32468.900999999994 32607.441249999985 49 41
33118.38824999998 33305.15791666664 49 39
33680.519249999976 33867.805249999976 49 36
34246.79891666665 34436.98891666665 49 39
37486.39916666665 37671.37783333332 49 47
38602.13049999999 38787.36416666666 49 46
39176.29649999999 39359.879499999995 49 43
39549.31816666666 39734.26783333332 49 43
40200.46649999998 40388.56783333331 49 41
40575.36349999997 40762.419833333304 49 43
41416.10283333331 41598.28249999999 49 39
41963.39116666665 42144.82849999998 49 39
43856.368874999964 44034.13854166663 49 42
44389.70454166662 44567.0102083333 49 46
55651.94720833313 55829.4768749998 49 34
60695.231541666406 60873.83170833306 49 35
61133.177541666395 61265.25845833305 49 38
61660.80604166637 61793.82679166636 49 38
62190.94062499968 62324.618208333006 49 38
62815.03154166631 62992.33720833297 49 34
64146.76270833294 64324.292374999604 49 40
64942.95420833291 65121.97579166623 49 36
65383.476624999574 65515.90745833292 49 39
65912.58987499957 66046.08629166623 49 39
66441.54054166623 66574.56129166624 49 39
66978.9270416662 67112.54195833288 49 45
67595.16087499954 67724.8854583329 49 43
67940.2157083329 68113.84179166623 49 39
68465.24070833289 68643.05479166622 49 39
69178.88879166619 69354.54279166619 49 34
69880.12279166619 70075.98479166618 49 43
70496.06512499951 70674.80512499952 49 34
71034.46679166619 71212.0141249995 49 33
71569.98845833284 71748.49079166618 49 33
73109.63079166615 73309.9064583328 49 38
73553.38120833281 73687.90454166614 49 34
73909.81079166615 74041.77570833282 49 34
74175.93704166615 74352.67970833283 49 38
74619.10004166614 74798.30337499948 49 34
74973.54970833281 75150.15237499948 49 37
75505.30937499947 75594.91104166614 49 29
75594.91104166614 75772.2167083328 49 35
76037.51337499946 76126.87504166612 49 30
76126.87504166612 76303.7177083328 49 35
76393.31937499947 76569.49604166613 49 39
76746.80170833279 76926.00504166611 49 35
76926.00504166611 77101.25137499945 49 39
77277.85404166611 77457.05737499945 49 35
77991.11370833279 78166.36004166612 49 39
78342.9627083328 78970.17437499946 49 35
79059.77604166613 79235.72970833279 49 51
79413.7410416661 79665.8071479161 49 49
7549.892166666663 7750.239916666662 50 39
9501.216499999999 9678.059166666666 50 34
9767.660833333332 9945.208166666667 50 38
12155.22425000001 12332.529916666677 50 36
16714.46750000002 16893.19083333335 50 32
17418.53608333335 17598.350750000012 50 32
19364.874083333325 19520.114416666653 50 33
19898.29299999998 20052.766416666647 50 36
20514.806999999975 20689.780999999974 50 41
20957.15233333331 21135.875666666638 50 34
23171.008666666647 23347.611333333316 50 38
34808.444166666646 34989.35649999997 50 38
35170.651166666634 35353.41649999997 50 36
35719.73216666664 35906.3258333333 50 37
36280.35916666663 36470.42549999997 50 36
48639.15687499989 48838.9233749999 50 47
55385.0398749998 55562.34554166646 50 34
55740.11520833313 55918.83854166647 50 34
58043.35020833311 58220.19287499977 50 33
70053.94279166618 70230.75145833284 50 39
1405.9136666666666 1588.1599999999999 51 28
1951.3057499999995 2132.0194166666656 51 30
2401.5174999999995 2581.3594999999996 51 32
2848.266833333333 3025.7965 51 32
3203.0895 3382.2928333333334 51 34
3382.2928333333334 3559.8401666666664 51 35
3737.1458333333335 3916.349166666667 51 36
7639.493833333329 7817.261166666662 51 34
9234.325166666664 9411.854833333331 51 34
11003.341250000003 11203.047333333338 51 34
15560.292500000012 15736.43716666668 51 38
16002.641500000014 16179.947166666683 51 47
17508.01641666668 17641.293083333345 51 35
18037.067083333342 18170.212250000004 51 31
18477.613583333332 18658.160583333334 51 34
19007.49225 19185.731249999993 51 33
19453.751416666655 19608.16608333332 51 37
19986.75674999998 20118.427416666644 51 39
21665.947999999975 21842.10733333331 51 36
21931.708999999977 22109.238666666643 51 36
23260.370333333314 23437.21299999998 51 36
23885.016666666652 24064.219999999983 51 39
24680.88033333332 24860.32533333332 51 39
25660.56833333332 25838.11566666666 51 44
25927.717333333327 26107.188666666658 51 43
26286.896333333323 26469.053666666652 51 47
26919.825999999986 27100.506333333316 51 46
27193.111666666653 27376.79566666665 51 48
27470.709999999985 27655.952666666653 51 51
27934.083999999984 28118.00933333332 51 42
28570.94166666665 28750.649333333316 51 45
30004.93966666665 30187.374333333315 51 40
30279.718999999983 30464.19999999998 51 43
30650.455666666647 30839.357666666652 51 39
31311.231333333322 31502.066333333318 51 40
31598.717333333316 31790.08766666665 51 43
31887.591666666653 32080.63399999999 51 41
32375.52833333333 32515.330666666658 51 43
33024.36791666665 33210.62224999998 51 41
33585.45324999997 33773.00491666664 51 39
34151.19658333331 34340.300583333315 51 41
34717.12158333331 34853.824583333306 51 41
35353.41649999997 35536.203499999974 51 39
35906.3258333333 36093.2168333333 51 39
36470.42549999997 36667.78249999997 51 39
42509.189833333316 42689.90954166665 51 39
43051.28354166665 43230.754874999984 51 41
43499.61820833331 43679.063208333304 51 40
43945.97054166663 44123.500208333295 51 41
44300.10287499997 44479.30620833329 51 42
44479.30620833329 44656.85354166663 51 41
44834.15920833329 45013.36254166662 51 42
48728.75854166656 48906.305874999896 51 43
55117.8908749998 55295.43820833314 51 36
57776.45887499977 57953.98854166644 51 33
60606.88595833308 60739.610958333076 51 36
61046.05070833305 61176.971041666395 51 35
61572.98670833304 61704.94945833303 51 35
62102.71195833302 62235.320041666346 51 35
62726.862291666315 62902.73554166631 51 35
63525.672874999625 63659.892708332954 51 45
64234.93070833294 64413.65404166626 51 40
64854.07687499958 64987.57329166624 51 39
65295.773291666235 65449.54445833291 51 39
65824.30304166624 65979.18854166623 51 39
66353.77937499958 66485.6839583329 51 39
67068.10345833287 67223.22529166621 51 39
67681.71879166621 67777.60264999955 51 43
69443.18345833286 69617.90912499951 51 37
70142.11079166619 70339.26220833286 51 41
73287.74629166613 73420.29687499946 51 33
73464.3227083328 73642.98287499948 51 34
74352.67970833283 74531.39604166616 51 33
74531.39604166616 74708.70170833281 51 34
75239.75404166615 75415.46604166615 51 44
75772.2167083328 75948.1517083328 51 44
385.239 572.8933333333332 52 33
945.6713333333333 1120.6117666666664 52 34
5427.233833333332 5604.539499999998 52 40
7460.2904999999955 7639.493833333329 52 36
7817.261166666662 8015.521916666662 52 36
8965.169833333332 9144.963499999998 52 36
11621.630916666674 11798.473583333342 52 38
11888.075250000009 12065.622583333343 52 38
20426.638999999977 20603.44766666664 52 40
20603.44766666664 20779.382666666643 52 38
21046.513999999974 21223.11666666664 52 38
22904.80433333331 23081.646999999983 52 44
37304.98083333331 37486.39916666665 52 46
37577.727499999986 37778.66816666665 52 46
38418.71149999998 38602.13049999999 52 46
38693.71383333333 38894.65449999999 52 46
38992.45883333332 39176.29649999999 52 45
39269.06949999999 39454.59883333333 52 40
39640.61749999999 39827.91816666665 52 42
39827.91816666665 40013.93783333332 52 40
40013.93783333332 40200.46649999998 52 50
41508.19249999998 41690.11816666666 52 45
42055.22683333332 42227.48059999998 52 45
46517.45354166658 46717.22004166659 52 47
48549.55520833323 48728.75854166656 52 43
48906.305874999896 49104.85070833322 52 48
54851.446541666475 55028.28920833313 52 34
55205.594874999806 55385.0398749998 52 36
57509.55154166644 57686.8572083331 52 32
57864.62687499977 58043.35020833311 52 34
60519.182624999754 60650.96995833308 52 33
64413.65404166626 64590.49670833293 52 40
64765.671874999585 64920.67554166624 52 39
67853.93812499955 67983.49454166624 52 45
68376.89445833288 68509.56104166622 52 43
572.8933333333332 759.4166666666666 53 37
4183.240499999999 4362.064833333332 53 37
5516.835499999998 5693.654166666665 53 37
7906.862833333329 8081.826166666662 53 35
8081.826166666662 8277.997249999995 53 39
8698.020833333328 8875.568166666664 53 38
11359.850250000005 11533.462916666673 53 35
15913.039833333347 16092.24316666668 53 39
16893.19083333335 17070.03350000002 53 39
18567.580916666666 18701.327250000002 53 35
19096.369583333326 19253.113749999993 53 36
19542.156416666654 19719.693749999988 53 36
20074.692416666647 20251.592666666646 53 38
21135.875666666638 21312.71833333331 53 34
22639.783666666644 22815.202666666646 53 39
22994.40599999998 23171.008666666647 53 38
23347.611333333316 23527.79266666665 53 36
23974.618333333317 24152.387999999984 53 41
24331.111333333316 24507.953999999983 53 41
24593.17633333332 24770.723666666654 53 41
25127.232666666656 25304.76233333332 53 43
25394.12399999999 25570.966666666656 53 46
25748.272333333327 25927.717333333327 53 44
26377.974999999988 26557.69433333332 53 51
27100.506333333316 27285.716999999986 53 50
27376.79566666665 27564.62433333332 53 47
28026.17366666665 28207.852666666655 53 43
28661.772333333316 28841.72799999998 53 42
29462.34199999999 29641.340666666652 53 43
29732.17133333332 29913.35633333332 53 43
30095.02966666665 30279.718999999983 53 40
30744.90666666665 30930.940999999988 53 43
31502.066333333318 31695.368333333317 53 36
31790.08766666665 31985.095666666653 53 39
32080.63399999999 32281.184999999994 53 41
32281.184999999994 32422.34275 53 41
32838.60858333332 33024.36791666665 53 39
33398.91391666664 33585.45324999997 53 39
33962.60558333331 34151.19658333331 53 39
34624.982916666646 34762.875666666645 53 37
35262.033833333306 35443.811833333304 53 39
35812.89849999997 35998.46616666663 53 43
36376.47149999997 36565.1448333333 53 43
37120.25183333331 37223.622106249975 53 46
38231.13749999999 38334.88623749999 53 47
41139.45049999998 41324.01316666664 53 51
41690.11816666666 41871.55549999999 53 51
45280.25387499995 45457.09654166661 53 45
46607.05520833325 46784.60254166659 53 43
48995.90754166656 49171.33120833322 53 45
49171.33120833322 49368.513374999886 53 50
54584.555208333135 54762.084874999804 53 35
55829.4768749998 56028.479958333126 53 36
57242.402541666444 57419.94987499978 53 33
59901.877208333084 60079.40687499975 53 31
60168.768541666424 60345.61120833308 53 29
60432.11304166641 60584.90212499975 53 35
60959.77279166639 61089.49979166639 53 35
61485.8598749997 61616.78020833304 53 38
62015.12437499969 62146.737791666346 53 38
63170.106874999634 63348.83020833297 53 40
63436.07120833297 63570.594541666294 53 40
63615.335374999624 63770.457541666285 53 43
64057.16104166627 64234.93070833294 53 44
64324.292374999604 64500.89504166627 53 43
64500.89504166627 64634.11720833294 53 40
64677.85220833294 64831.91670833291 53 39
65208.64612499956 65361.492791666235 53 39
65736.54187499959 65868.38704166624 53 39
66266.7667083329 66397.57287499956 53 39
67156.86229166621 67273.37084166621 53 40
67767.94062499955 67940.2157083329 53 49
68288.84279166623 68465.24070833289 53 49
69706.07712499952 69880.12279166619 53 39
70316.86179166619 70496.06512499951 53 39
70853.30745833286 71034.46679166619 53 34
71389.31979166619 71569.98845833284 53 36
71926.0661249995 72110.75545833285 53 36
72201.33512499952 72384.50179166617 53 34
72475.08145833285 72657.73812499951 53 34
72748.31779166618 72930.97445833283 53 34
73020.08912499949 73154.31162499948 53 36
73198.86895833281 73332.06662499947 53 36
73376.2694583328 73508.70212499947 53 34
73732.64537499948 73865.78495833282 53 39
74267.01570833282 74441.79437499949 53 39
74441.79437499949 74619.10004166614 53 34
74798.30337499948 74973.54970833281 53 39
75329.35570833282 75505.30937499947 53 39
75682.61504166613 75861.81837499946 53 35
75861.81837499946 76037.51337499946 53 39
76214.11604166613 76393.31937499947 53 35
76479.65270833281 76659.09770833279 53 34
77011.88970833279 77190.61304166612 53 34
78076.99837499946 78252.37064583278 53 34
79145.88637499946 79322.76543749945 53 46
80074.8980416661 80642.7846791661 53 66
1498.1346666666666 1679.301083333333 54 34
2042.6340833333327 2222.5990833333326 54 34
2491.7578333333327 2669.0634999999997 54 36
2936.4348333333332 3115.158166666666 54 33
3469.9968333333336 3649.4418333333333 54 32
3826.7475000000004 4004.517166666667 54 41
5337.6321666666645 5516.835499999998 54 36
8170.231833333329 8344.301499999994 54 38
9855.364833333333 10034.809833333335 54 38
10122.513833333334 10301.717166666667 54 36
10301.717166666667 10479.246833333336 54 38
11092.94291666667 11270.248583333338 54 34
12422.131583333345 12599.661250000014 54 38
16626.29950000002 16803.829166666685 54 39
16980.43183333335 17091.33908333335 54 37
19630.09208333332 19742.094166666655 54 38
20161.99099999998 20341.19433333331 54 40
20341.19433333331 20514.806999999975 54 40
20689.780999999974 20868.98433333331 54 39
21223.11666666664 21402.319999999974 54 38
21577.070999999974 21752.505666666642 54 39
21842.10733333331 22019.876999999975 54 41
22728.189333333314 22904.80433333331 54 39
23081.646999999983 23260.370333333314 54 37
24064.219999999983 24241.74966666665 54 40
25215.400666666657 25394.12399999999 54 43
25838.11566666666 26016.357999999993 54 45
28118.00933333332 28299.180999999986 54 45
28750.649333333316 28928.28566666665 54 47
29550.509999999987 29732.17133333332 54 43
30187.374333333315 30370.549666666648 54 45
32179.59499999999 32328.45283333333 54 45
41044.18516666663 41234.169833333304 54 41
42600.518166666654 42780.49720833331 54 45
43142.11420833332 43321.33454166664 54 48
43589.46154166664 43766.76720833331 54 41
44034.13854166663 44212.861874999966 54 40
44567.0102083333 44746.45520833329 54 40
44923.76087499995 45101.53054166661 54 47
46427.85187499992 46607.05520833325 54 43
49259.971874999894 49434.46487499988 54 46
54317.647874999806 54494.953541666466 54 35
54672.72320833314 54851.446541666475 54 37
55562.34554166646 55762.4556249998 54 39
56975.95820833312 57152.800874999775 54 35
57330.10654166644 57509.55154166644 54 34
59634.969874999755 59812.275541666415 54 31
60345.61120833308 60475.56212499975 54 41
60873.83170833306 61002.82795833306 54 41
61399.358041666375 61529.30895833304 54 41
61928.16929166635 62058.80212499969 54 41
63348.83020833297 63525.672874999625 54 40
63704.27212499962 63836.23487499961 54 43
63967.55937499962 64146.76270833294 54 40
64590.49670833293 64721.70420833292 54 44
65121.97579166623 65252.15279166623 54 44
65649.30054166625 65780.33537499959 54 44
66180.48879166623 66331.96912499958 54 44
67245.26729166621 67399.09695833286 54 49
68201.19729166623 68332.81045833288 54 44
69968.05812499952 70142.11079166619 54 39
70406.46345833284 70607.05437499953 54 46
70765.13945833285 70943.88712499951 54 35
71301.61579166618 71479.6541249995 54 36
71838.82512499951 72018.41079166619 54 36
72110.75545833285 72292.91845833285 54 36
72384.50179166617 72566.40979166617 54 36
72657.73812499951 72839.6461249995 54 36
72930.97445833283 73087.29037499949 54 36
99.24066666666667 288.78366666666665 55 29
478.36633333333333 667.4203333333332 55 31
667.4203333333332 852.544 55 30
1036.9996666666666 1129.9019999999998 55 33
1129.9019999999998 1313.6926666666664 55 40
1679.301083333333 1859.9774166666662 55 40
7283.68783333333 7482.690916666663 55 36
9588.457499999999 9767.660833333332 55 35
10825.79391666667 11003.341250000003 55 38
12242.928250000012 12422.131583333345 55 36
16359.392166666683 16536.697833333354 55 42
17070.03350000002 17198.97658333335 55 42
21488.43033333331 21665.947999999975 55 34
22375.442999999977 22551.377999999975 55 46
24152.387999999984 24331.111333333316 55 41
34532.009916666655 34694.150999999976 55 39
35080.73916666664 35262.033833333306 55 39
35628.59516666664 35812.89849999997 55 39
36187.96749999997 36376.47149999997 55 39
37030.890166666635 37211.330499999975 55 46
37395.07083333332 37532.06333333332 55 45
38141.77583333332 38324.26049999999 55 47
38510.547166666656 38608.42685416666 55 47
39083.26883333333 39269.06949999999 55 45
39454.59883333333 39640.61749999999 55 48
40856.870833333305 41044.18516666663 55 50
41234.169833333304 41416.10283333331 55 46
41598.28249999999 41781.953833333326 55 46
41781.953833333326 41963.39116666665 55 46
42144.82849999998 42236.66416666664 55 46
42236.66416666664 42417.86149999998 55 53
42780.49720833331 42960.45287499998 55 53
48372.952541666564 48571.95562499989 55 49
54050.49887499981 54228.046208333144 55 37
55295.43820833314 55495.14429166646 55 37
56710.677208333116 56886.59654166645 55 35
57953.98854166644 58152.99162499977 55 36
59367.82087499976 59545.36820833309 55 32
5693.654166666665 5869.813499999998 56 39
6484.837166666664 6660.772166666664 56 40
7373.049499999996 7549.892166666663 56 38
7727.899499999996 7906.862833333329 56 34
9322.493166666663 9501.216499999999 56 35
11975.779250000009 12155.22425000001 56 38
15296.20516666668 15471.415500000012 56 41
15736.43716666668 15935.440250000014 56 41
16092.24316666668 16269.790500000017 56 45
16447.096166666684 16626.29950000002 56 43
17598.350750000012 17727.739166666677 56 45
21402.319999999974 21577.070999999974 56 37
22285.84133333331 22465.044666666643 56 43
22465.044666666643 22639.783666666644 56 39
22815.202666666646 22994.40599999998 56 39
24241.74966666665 24418.352333333318 56 42
24507.953999999983 24680.88033333332 56 46
25037.63099999999 25215.400666666657 56 45
25304.76233333332 25481.36499999999 56 43
25570.966666666656 25748.272333333327 56 51
26107.188666666658 26286.896333333323 56 51
26647.295999999988 26827.73633333332 56 51
28207.852666666655 28390.50933333332 56 46
28841.72799999998 29015.989666666654 56 50
29372.74033333332 29550.509999999987 56 47
29641.340666666652 29821.772999999986 56 44
29913.35633333332 30095.02966666665 56 47
30464.19999999998 30650.455666666647 56 44
31026.20633333332 31214.859666666656 56 44
31985.095666666653 32179.59499999999 56 48
34436.98891666665 34578.59308333332 56 45
36939.81149999997 37120.25183333331 56 47
38050.69716666665 38231.13749999999 56 49
40480.91249999998 40669.81449999997 56 50
40669.81449999997 40856.870833333305 56 48
46784.60254166659 46983.20645833325 56 45
47576.23454166657 47750.72754166657 56 55
48462.314208333235 48639.15687499989 56 43
48816.46254166656 48995.90754166656 56 43
54138.20287499981 54317.647874999806 56 38
55028.28920833313 55228.05570833314 56 43
56447.755541666455 56622.27154166645 56 35
56797.234874999784 56975.95820833312 56 35
57686.8572083331 57886.967291666435 56 37
59101.37654166643 59278.21920833309 56 32
59455.52487499976 59634.969874999755 56 33
63259.4685416663 63436.07120833297 56 41
63879.85537499961 64057.16104166627 56 41
67333.31895833286 67508.26270833287 56 45
1222.8043333333333 1405.9136666666666 57 33
1588.1599999999999 1770.3797499999998 57 36
1770.3797499999998 1951.3057499999995 57 34
2132.0194166666656 2313.178749999999 57 36
2581.3594999999996 2758.665166666666 57 39
3025.7965 3203.0895 57 35
3559.8401666666664 3737.1458333333335 57 37
4270.481499999999 4453.648166666666 57 37
5162.4434999999985 5337.6321666666645 57 36
5783.255833333332 5958.454166666665 57 38
5958.454166666665 6132.539499999998 57 41
8344.301499999994 8541.217916666663 57 37
9052.873833333331 9234.325166666664 57 36
11708.871916666676 11888.075250000009 57 38
12942.964916666679 13122.758583333345 57 38
17155.753833333354 17286.103416666683 57 38
18127.15708333334 18256.884083333338 57 48
19719.693749999988 19853.854499999983 57 51
20251.592666666646 20426.638999999977 57 50
20779.382666666643 20957.15233333331 57 51
21312.71833333331 21488.43033333331 57 43
22198.600333333306 22375.442999999977 57 44
22551.377999999975 22728.189333333314 57 39
32745.10691666665 32953.85266666665 57 54
33305.15791666664 33514.352999999974 57 54
33867.805249999976 34079.49483333331 57 54
40294.91749999998 40480.91249999998 57 51
42328.49983333331 42509.189833333316 57 45
42689.90954166665 42871.57587499998 57 48
42871.57587499998 43051.28354166665 57 47
43230.754874999984 43411.914208333306 57 46
43679.063208333304 43856.368874999964 57 48
44123.500208333295 44300.10287499997 57 42
44656.85354166663 44834.15920833329 57 40
45367.494874999946 45546.69820833328 57 46
46251.249208333255 46450.252291666584 57 47
46874.204208333256 47049.864208333245 57 43
47049.864208333245 47247.116541666575 57 48
49434.46487499988 49630.685291666545 57 51
50053.490874999865 50230.796541666525 57 44
53784.05454166648 53960.89720833315 57 40
54762.084874999804 54961.08795833314 57 39
56006.07954166647 56185.28287499979 57 32
56185.28287499979 56359.11487499979 57 35
57419.94987499978 57619.6559583331 57 35
58835.8702083331 59012.01487499976 57 32
62459.14154166634 62593.604874999655 57 45
62902.73554166631 63081.938874999636 57 40
70230.75145833284 70406.46345833284 57 39
70584.47079166619 70765.13945833285 57 39
70943.88712499951 71144.63162499951 57 45
71122.1707916662 71301.61579166618 57 41
71479.6541249995 71680.74004166617 57 45
71658.15645833284 71838.82512499951 57 41
194.962 385.239 58 30
759.4166666666666 945.6713333333333 58 31
2222.5990833333326 2401.5174999999995 58 45
3916.349166666667 4093.878833333333 58 34
4362.064833333332 4541.352166666665 58 47
5250.849166666665 5427.233833333332 58 39
5604.539499999998 5783.255833333332 58 37
6047.094833333332 6220.945166666665 58 37
6839.250833333331 7016.556499999998 58 34
7106.158166666664 7283.68783333333 58 36
8432.707166666662 8608.419166666663 58 37
8785.72483333333 8965.169833333332 58 34
9945.208166666667 10122.513833333334 58 42
10212.115500000002 10389.885166666669 58 42
11445.294916666671 11621.630916666674 58 36
13468.221666666677 13645.751333333346 58 39
15647.075500000012 15825.798833333347 58 39
17684.40400000001 17815.09625000001 58 36
18213.435000000005 18344.47166666667 58 41
18658.160583333334 18809.8085 58 48
22109.238666666643 22285.84133333331 58 45
24418.352333333318 24593.17633333332 58 41
24948.029333333325 25127.232666666656 58 46
25481.36499999999 25660.56833333332 58 45
26016.357999999993 26198.019333333323 58 53
26557.69433333332 26738.374666666656 58 53
28299.180999999986 28480.110999999986 58 48
29283.138666666655 29462.34199999999 58 45
29821.772999999986 30004.93966666665 58 43
30370.549666666648 30557.850333333314 58 43
30930.940999999988 31121.471666666654 58 47
31695.368333333317 31887.591666666653 58 46
32653.123249999986 32838.60858333332 58 44
33210.62224999998 33398.91391666664 58 47
33773.00491666664 33962.60558333331 58 45
34340.300583333315 34532.009916666655 58 45
36847.9758333333 37030.890166666635 58 47
37211.330499999975 37366.354645833315 58 51
37958.861499999985 38141.77583333332 58 50
38324.26049999999 38510.547166666656 58 52
38894.65449999999 39083.26883333333 58 49
39919.753833333314 40108.12183333332 58 48
40108.12183333332 40294.91749999998 58 50
40388.56783333331 40575.36349999997 58 49
40762.419833333304 40951.321833333306 58 48
40951.321833333306 41139.45049999998 58 48
41324.01316666664 41508.19249999998 58 45
41871.55549999999 42055.22683333332 58 45
43321.33454166664 43499.61820833331 58 55
45013.36254166662 45190.89220833328 58 43
45457.09654166661 45632.80854166661 58 55
46340.610874999926 46517.45354166658 58 46
46694.75920833325 46874.204208333256 58 43
47138.741208333246 47313.24254166657 58 46
47929.20620833323 48105.821208333226 58 49
48195.422874999895 48372.952541666564 58 47
49522.400208333216 49697.88654166654 58 47
49963.88920833321 50141.19487499987 58 47
50587.28954166653 50764.13220833319 58 45
53871.295541666484 54050.49887499981 58 42
54494.953541666466 54695.063624999806 58 39
56270.94687499979 56447.755541666455 58 38
57152.800874999775 57352.56737499978 58 39
58572.72554166643 58747.46454166643 58 32
58922.6532083331 59101.37654166643 58 35
59812.275541666415 60012.38562499975 58 39
60079.40687499975 60278.40995833308 58 34
61309.75637499971 61442.52470833304 58 42
62369.539874999675 62481.541958333 58 42
62548.864041666326 62682.60070833298 58 43
63081.938874999636 63259.4685416663 58 40
63792.44137499961 63967.55937499962 58 44
67420.96445833286 67551.76937499954 58 46
68113.84179166623 68288.84279166623 58 49
72839.6461249995 73042.48954166616 58 44
73642.98287499948 73777.20270833281 58 44
74086.33537499949 74267.01570833282 58 40
74708.70170833281 74884.18804166614 58 44
75150.15237499948 75329.35570833282 58 40
75415.46604166615 75591.55097916615 58 34
75948.1517083328 76124.64099999945 58 34
76569.49604166613 76746.80170833279 58 36
77101.25137499945 77277.85404166611 58 36
78166.36004166612 78342.9627083328 58 35
79235.72970833279 79413.7410416661 58 47
80074.8980416661 80642.7846791661 58 66
6220.945166666665 6395.235499999997 59 39
6574.438833333331 6749.649166666664 59 36
6926.9548333333305 7106.158166666664 59 31
7194.326166666664 7373.049499999996 59 35
7993.420499999996 8170.231833333329 59 35
8255.895833333328 8432.707166666662 59 36
9411.854833333331 9610.857916666666 59 42
9678.059166666666 9855.364833333333 59 45
10389.885166666669 10522.69591666667 59 35
11180.64691666667 11359.850250000005 59 34
12065.622583333343 12242.928250000012 59 45
12332.529916666677 12510.299583333346 59 42
13989.821166666676 14162.513500000012 59 39
17242.425666666684 17374.156666666684 59 35
17771.30275000001 17903.207333333346 59 34
18744.606083333336 18875.35375 59 38
34989.35649999997 35193.49683333331 59 49
35536.203499999974 35743.02374999997 59 49
36093.2168333333 36304.38724999997 59 54
47313.24254166657 47509.03329166658 59 50
47664.169874999905 47839.604541666566 59 50
48016.21954166656 48195.422874999895 59 43
48283.59087499989 48462.314208333235 59 45
49082.69054166656 49259.971874999894 59 45
49346.529541666554 49522.400208333216 59 47
49874.04587499987 50053.490874999865 59 39
53517.16320833315 53694.69287499982 59 45
54228.046208333144 54427.752291666475 59 39
55472.743874999804 55651.94720833313 59 31
56886.59654166645 57085.59962499978 59 36
58130.591208333106 58309.79454166644 59 35
58309.79454166644 58484.08487499977 59 33
59545.36820833309 59745.07429166642 59 34
61838.56762499969 61971.56079166635 59 42
62279.877374999676 62459.14154166634 59 44
67508.26270833287 67660.13545833288 59 54
1313.6926666666664 1498.1346666666666 60 35
1859.9774166666662 2042.6340833333327 60 34
2313.178749999999 2491.7578333333327 60 35
2669.0634999999997 2848.266833333333 60 38
3115.158166666666 3292.6911666666665 60 39
3649.4418333333333 3826.7475000000004 60 42
4004.517166666667 4183.240499999999 60 34
4720.797166666665 4898.102833333332 60 38
4987.704499999999 5162.4434999999985 60 39
6309.350833333331 6484.837166666664 60 38
9144.963499999998 9344.833583333331 60 38
10479.246833333336 10608.917416666667 60 39
10913.497916666669 11092.94291666667 60 38
11798.473583333342 11975.779250000009 60 41
14504.13950000001 14672.174489583345 60 43
15032.298833333345 15206.603500000012 60 49
15471.415500000012 15669.41591666668 60 48
15825.798833333347 16002.641500000014 60 47
16269.790500000017 16447.096166666684 60 45
16536.697833333354 16714.46750000002 60 47
16803.829166666685 16980.43183333335 60 40
17330.013250000018 17463.155166666682 60 36
17859.063916666677 17992.20583333334 60 38
18300.561833333337 18432.994500000004 60 38
18831.61875 18963.289416666667 60 39
19185.731249999993 19342.59541666666 60 51
21752.505666666642 21931.708999999977 60 44
22019.876999999975 22198.600333333306 60 43
24860.32533333332 25037.63099999999 60 46
28390.50933333332 28570.94166666665 60 51
29195.434666666653 29372.74033333332 60 45
31121.471666666654 31311.231333333322 60 48
31407.88233333332 31598.717333333316 60 47
32561.510583333322 32745.10691666665 60 48
32930.347583333314 33118.38824999998 60 46
33490.65291666664 33680.519249999976 60 46
34055.59424999997 34246.79891666665 60 46
34898.96116666664 35080.73916666664 60 47
35443.811833333304 35628.59516666664 60 47
35998.46616666663 36187.96749999997 60 47
36565.1448333333 36700.22927499997 60 47
36758.86116666663 36939.81149999997 60 49
37671.37783333332 37833.88460833331 60 52
37869.746833333316 38050.69716666665 60 47
38787.36416666666 38898.93343958332 60 57
39359.879499999995 39549.31816666666 60 48
39734.26783333332 39919.753833333314 60 50
42417.86149999998 42600.518166666654 60 46
42960.45287499998 43142.11420833332 60 46
43411.914208333306 43589.46154166664 60 47
43766.76720833331 43945.97054166663 60 45
44212.861874999966 44389.70454166662 60 49
44746.45520833329 44923.76087499995 60 49
45101.53054166661 45280.25387499995 60 44
45810.5625416666 45985.99720833326 60 45
46074.874208333255 46251.249208333255 60 48
47401.41054166658 47576.23454166657 60 47
49787.488208333205 49963.88920833321 60 45
50497.92787499986 50674.53054166653 60 48
51120.88287499985 51299.66554166652 60 49
51299.66554166652 51503.064791666526 60 57
53605.33120833315 53784.05454166648 60 42
53960.89720833315 54160.663708333144 60 45
55918.83854166647 56095.681208333124 60 38
56622.27154166645 56819.57529166645 60 40
58395.6792083331 58572.72554166643 60 38
59278.21920833309 59477.98570833309 60 41
60784.23004166641 60938.245208333065 60 42
61220.99687499972 61399.358041666375 60 44
61749.3288749997 61928.16929166635 60 44
62638.162208332986 62793.047708332975 60 43
62992.33720833297 63170.106874999634 60 45
68026.88604166624 68157.46229166623 60 50
70674.80512499952 70875.95237499951 60 40
71212.0141249995 71411.90337499951 60 42
71748.49079166618 71949.15229166618 60 43
72018.41079166619 72224.23095833286 60 47
72292.91845833285 72497.91354166617 60 41
72566.40979166617 72771.14987499951 60 45
73821.58212499948 73953.60429166615 60 39
73997.51412499948 74175.93704166615 60 39
74884.18804166614 75062.91137499947 60 39
75062.91137499947 75239.75404166615 60 40
288.78366666666665 478.36633333333333 61 30
852.544 1036.9996666666666 61 32
2758.665166666666 2936.4348333333332 61 41
3292.6911666666665 3469.9968333333336 61 49
4453.648166666666 4631.195499999999 61 38
4808.501166666665 4987.704499999999 61 38
5074.037833333332 5250.849166666665 61 40
5869.813499999998 6047.094833333332 61 38
6132.539499999998 6309.350833333331 61 38
8608.419166666663 8808.185666666663 61 43
8875.568166666664 9075.896249999998 61 45
10034.809833333335 10212.115500000002 61 42
10565.918666666668 10736.916916666669 61 43
11533.462916666673 11731.272333333342 61 43
12510.299583333346 12642.77216666668 61 38
13556.389666666679 13668.479610416678 61 42
15382.538500000013 15560.292500000012 61 44
16179.947166666683 16359.392166666683 61 45
17947.58675000001 18127.15708333334 61 37
18388.615083333338 18522.474833333334 61 43
18919.263583333333 19074.090916666664 61 43
19275.51416666666 19431.59124999999 61 43
19809.235416666652 19942.613333333313 61 43
20868.98433333331 21046.513999999974 61 43
24770.723666666654 24948.029333333325 61 49
28480.110999999986 28661.772333333316 61 48
29105.832999999988 29283.138666666655 61 47
30557.850333333314 30744.90666666665 61 46
30839.357666666652 31026.20633333332 61 49
31214.859666666656 31407.88233333332 61 40
32468.900999999994 32607.441249999985 61 49
33118.38824999998 33305.15791666664 61 47
33680.519249999976 33867.805249999976 61 45
34246.79891666665 34436.98891666665 61 47
36667.78249999997 36847.9758333333 61 56
37486.39916666665 37671.37783333332 61 56
37778.66816666665 37958.861499999985 61 56
38602.13049999999 38787.36416666666 61 54
39176.29649999999 39359.879499999995 61 51
39549.31816666666 39734.26783333332 61 51
40200.46649999998 40388.56783333331 61 48
40575.36349999997 40762.419833333304 61 51
41416.10283333331 41598.28249999999 61 45
41963.39116666665 42144.82849999998 61 45
43856.368874999964 44034.13854166663 61 50
44389.70454166662 44567.0102083333 61 55
45546.69820833328 45721.6855416666 61 46
45897.12020833326 46074.874208333255 61 46
46161.88754166659 46340.610874999926 61 46
46960.98720833325 47138.741208333246 61 43
47225.07454166658 47401.41054166658 61 47
49697.88654166654 49874.04587499987 61 54
50408.56620833319 50587.28954166653 61 45
51031.28120833319 51208.586874999855 61 51
51390.74420833319 51571.94154166653 61 52
53337.47654166648 53517.16320833315 61 46
53694.69287499982 53871.295541666484 61 43
54938.68754166648 55117.8908749998 61 32
55651.94720833313 55829.4768749998 61 40
56359.11487499979 56555.96729166645 61 41
57597.25554166644 57776.45887499977 61 32
59012.01487499976 59211.0179583331 61 35
60256.00954166642 60388.777874999745 61 32
60695.231541666406 60873.83170833306 61 43
61133.177541666395 61265.25845833305 61 45
61660.80604166637 61793.82679166636 61 45
62190.94062499968 62324.618208333006 61 45
62815.03154166631 62992.33720833297 61 41
67595.16087499954 67724.8854583329 61 51
67940.2157083329 68113.84179166623 61 46
70496.06512499951 70674.80512499952 61 40
71034.46679166619 71212.0141249995 61 39
71569.98845833284 71748.49079166618 61 39
73109.63079166615 73309.9064583328 61 45
73553.38120833281 73687.90454166614 61 40
73909.81079166615 74041.77570833282 61 40
74175.93704166615 74352.67970833283 61 45
74619.10004166614 74798.30337499948 61 40
74973.54970833281 75150.15237499948 61 40
75505.30937499947 75682.61504166613 61 37
76037.51337499946 76214.11604166613 61 36
80074.8980416661 80642.7846791661 61 66
7016.556499999998 7216.66658333333 62 43
7549.892166666663 7750.239916666662 62 47
9501.216499999999 9678.059166666666 62 41
9767.660833333332 9945.208166666667 62 45
11270.248583333338 11467.336916666673 62 40
12155.22425000001 12332.529916666677 62 43
12599.661250000014 12728.161333333346 62 42
16714.46750000002 16893.19083333335 62 38
17418.53608333335 17598.350750000012 62 38
19364.874083333325 19520.114416666653 62 39
19898.29299999998 20052.766416666647 62 43
20514.806999999975 20689.780999999974 62 49
20957.15233333331 21135.875666666638 62 41
34808.444166666646 34989.35649999997 62 45
35170.651166666634 35353.41649999997 62 43
35719.73216666664 35906.3258333333 62 44
36280.35916666663 36470.42549999997 62 43
48105.821208333226 48305.93129166656 62 52
48639.15687499989 48838.9233749999 62 56
50320.398208333194 50497.92787499986 62 45
50941.43787499986 51120.88287499985 62 47
51571.94154166653 51776.22504166653 62 60
53248.17837499982 53427.31987499982 62 47
55385.0398749998 55562.34554166646 62 41
55740.11520833313 55918.83854166647 62 40
56095.681208333124 56292.98887499979 62 41
58043.35020833311 58220.19287499977 62 39
58747.46454166643 58944.99362499976 62 40
1405.9136666666666 1588.1599999999999 63 36
1951.3057499999995 2132.0194166666656 63 35
2401.5174999999995 2581.3594999999996 63 38
2848.266833333333 3025.7965 63 39
3203.0895 3382.2928333333334 63 39
3382.2928333333334 3559.8401666666664 63 42
3737.1458333333335 3916.349166666667 63 43
4093.878833333333 4270.481499999999 63 38
6749.649166666664 6926.9548333333305 63 37
7639.493833333329 7817.261166666662 63 41
8518.817499999996 8698.020833333328 63 37
9234.325166666664 9411.854833333331 63 41
10651.694583333334 10741.916247916668 63 45
11003.341250000003 11203.047333333338 63 43
12685.604500000012 12854.324250000012 63 44
13030.668916666678 13156.058152083346 63 38
14592.307500000012 14725.346916666678 63 51
14943.658166666677 15140.123000000012 63 57
15206.603500000012 15404.757750000012 63 43
15560.292500000012 15736.43716666668 63 45
16002.641500000014 16179.947166666683 63 56
17508.01641666668 17641.293083333345 63 42
18037.067083333342 18170.212250000004 63 37
18477.613583333332 18658.160583333334 63 41
19007.49225 19185.731249999993 63 39
19453.751416666655 19608.16608333332 63 44
19986.75674999998 20118.427416666644 63 47
21665.947999999975 21842.10733333331 63 43
21931.708999999977 22109.238666666643 63 43
24680.88033333332 24860.32533333332 63 47
28570.94166666665 28750.649333333316 63 53
29015.989666666654 29195.434666666653 63 48
30004.93966666665 30187.374333333315 63 48
30279.718999999983 30464.19999999998 63 51
30650.455666666647 30839.357666666652 63 46
31311.231333333322 31502.066333333318 63 48
31598.717333333316 31790.08766666665 63 51
31887.591666666653 32080.63399999999 63 49
32375.52833333333 32515.330666666658 63 51
33024.36791666665 33210.62224999998 63 49
33585.45324999997 33773.00491666664 63 47
34151.19658333331 34340.300583333315 63 49
34717.12158333331 34853.824583333306 63 49
35353.41649999997 35536.203499999974 63 47
35906.3258333333 36093.2168333333 63 47
36470.42549999997 36667.78249999997 63 47
42509.189833333316 42689.90954166665 63 47
43051.28354166665 43230.754874999984 63 49
43499.61820833331 43679.063208333304 63 48
43945.97054166663 44123.500208333295 63 49
44300.10287499997 44479.30620833329 63 50
44479.30620833329 44656.85354166663 63 49
44834.15920833329 45013.36254166662 63 50
45190.89220833328 45367.494874999946 63 45
47839.604541666566 48016.21954166656 63 52
48728.75854166656 48906.305874999896 63 51
49608.28487499988 49787.488208333205 63 49
50230.796541666525 50408.56620833319 63 54
50853.73387499985 51031.28120833319 63 50
51663.777208333195 51845.48354166652 63 52
53159.537374999825 53292.73570833315 63 51
53427.31987499982 53605.33120833315 63 49
54405.35187499981 54584.555208333135 63 31
55117.8908749998 55295.43820833314 63 44
57063.19920833311 57242.402541666444 63 32
57776.45887499977 57953.98854166644 63 39
58484.08487499977 58681.16029166643 63 38
59722.67387499975 59901.877208333084 63 31
59990.04520833309 60168.768541666424 63 33
60606.88595833308 60739.610958333076 63 43
61046.05070833305 61176.971041666395 63 42
61572.98670833304 61704.94945833303 63 42
62102.71195833302 62235.320041666346 63 42
62726.862291666315 62902.73554166631 63 44
67681.71879166621 67777.60264999955 63 51
73287.74629166613 73420.29687499946 63 39
73464.3227083328 73642.98287499948 63 40
74352.67970833283 74531.39604166616 63 39
74531.39604166616 74708.70170833281 63 40
4898.102833333332 5162.4434999999985 64 42
5427.233833333332 5604.539499999998 64 48
6660.772166666664 6839.250833333331 64 38
7460.2904999999955 7639.493833333329 64 43
7817.261166666662 8015.521916666662 64 44
8965.169833333332 9144.963499999998 64 43
10736.916916666669 10913.497916666669 64 48
11621.630916666674 11798.473583333342 64 45
11888.075250000009 12065.622583333343 64 45
12770.39291666668 12861.526304166679 64 45
13122.758583333345 13249.13425000001 64 45
13645.751333333346 13772.12700000001 64 46
20426.638999999977 20603.44766666664 64 48
20603.44766666664 20779.382666666643 64 45
21046.513999999974 21223.11666666664 64 45
37304.98083333331 37486.39916666665 64 55
37577.727499999986 37778.66816666665 64 55
38418.71149999998 38602.13049999999 64 55
38693.71383333333 38894.65449999999 64 55
38992.45883333332 39176.29649999999 64 53
39269.06949999999 39454.59883333333 64 48
39640.61749999999 39827.91816666665 64 49
39827.91816666665 40013.93783333332 64 48
40013.93783333332 40200.46649999998 64 59
45985.99720833326 46184.22795833325 64 52
46517.45354166658 46717.22004166659 64 56
47750.72754166657 47929.20620833323 64 47
48549.55520833323 48728.75854166656 64 51
48906.305874999896 49104.85070833322 64 56
52280.103708333176 52458.82704166652 64 49
52807.91537499984 52940.79587499983 64 49
53071.5435416665 53225.95912499983 64 47
54851.446541666475 55028.28920833313 64 41
55205.594874999806 55385.0398749998 64 44
57509.55154166644 57686.8572083331 64 39
57864.62687499977 58043.35020833311 64 41
58220.19287499977 58417.78062499977 64 45
60519.182624999754 60650.96995833308 64 39
67853.93812499955 67983.49454166624 64 53
4183.240499999999 4362.064833333332 65 44
4631.195499999999 4808.501166666665 65 37
5516.835499999998 5693.654166666665 65 44
6395.235499999997 6574.438833333331 65 38
7906.862833333329 8081.826166666662 65 42
8081.826166666662 8277.997249999995 65 47
8698.020833333328 8875.568166666664 65 45
11359.850250000005 11533.462916666673 65 42
12854.324250000012 13030.668916666678 65 47
13207.168583333343 13379.581000000011 65 45
13379.581000000011 13556.389666666679 65 51
13730.161333333344 13902.57375000001 65 48
14075.04350000001 14204.691500000012 65 45
15117.962833333344 15296.20516666668 65 43
15913.039833333347 16092.24316666668 65 47
18567.580916666666 18701.327250000002 65 42
19096.369583333326 19253.113749999993 65 43
19542.156416666654 19719.693749999988 65 43
20074.692416666647 20251.592666666646 65 45
21135.875666666638 21312.71833333331 65 40
24593.17633333332 24770.723666666654 65 49
28661.772333333316 28841.72799999998 65 50
28928.28566666665 29105.832999999988 65 51
29462.34199999999 29641.340666666652 65 51
29732.17133333332 29913.35633333332 65 51
30095.02966666665 30279.718999999983 65 48
30744.90666666665 30930.940999999988 65 51
31502.066333333318 31695.368333333317 65 43
31790.08766666665 31985.095666666653 65 47
32080.63399999999 32281.184999999994 65 49
32281.184999999994 32422.34275 65 49
32838.60858333332 33024.36791666665 65 47
33398.91391666664 33585.45324999997 65 47
33962.60558333331 34151.19658333331 65 47
34624.982916666646 34762.875666666645 65 45
35262.033833333306 35443.811833333304 65 47
35812.89849999997 35998.46616666663 65 51
36376.47149999997 36565.1448333333 65 51
37120.25183333331 37223.622106249975 65 55
38231.13749999999 38334.88623749999 65 56
45280.25387499995 45457.09654166661 65 54
45721.6855416666 45897.12020833326 65 48
46607.05520833325 46784.60254166659 65 51
47486.632874999916 47664.169874999905 65 44
48995.90754166656 49171.33120833322 65 53
49171.33120833322 49368.513374999886 65 61
50141.19487499987 50320.398208333194 65 45
50764.13220833319 50941.43787499986 65 56
52191.58087499985 52369.46537499985 65 49
52719.09412499984 52897.5170416665 65 48
52984.24495833316 53115.45337499983 65 48
54584.555208333135 54762.084874999804 65 42
55829.4768749998 56028.479958333126 65 44
56533.865874999785 56710.677208333116 65 30
57242.402541666444 57419.94987499978 65 39
59188.617541666434 59367.82087499976 65 32
59901.877208333084 60079.40687499975 65 36
60168.768541666424 60345.61120833308 65 34
60432.11304166641 60584.90212499975 65 42
60959.77279166639 61089.49979166639 65 42
61485.8598749997 61616.78020833304 65 45
62015.12437499969 62146.737791666346 65 45
67767.94062499955 67940.2157083329 65 58
70853.30745833286 71034.46679166619 65 40
71389.31979166619 71569.98845833284 65 43
71926.0661249995 72110.75545833285 65 43
72201.33512499952 72384.50179166617 65 40
72475.08145833285 72657.73812499951 65 40
72748.31779166618 72930.97445833283 65 40
73020.08912499949 73154.31162499948 65 43
73376.2694583328 73508.70212499947 65 39
74441.79437499949 74619.10004166614 65 41
80074.8980416661 80642.7846791661 65 79
2491.7578333333327 2669.0634999999997 66 43
2936.4348333333332 3115.158166666666 66 39
3469.9968333333336 3649.4418333333333 66 39
3826.7475000000004 4004.517166666667 66 50
4541.352166666665 4720.797166666665 66 40
5337.6321666666645 5516.835499999998 66 44
8170.231833333329 8344.301499999994 66 45
9855.364833333333 10034.809833333335 66 45
10122.513833333334 10301.717166666667 66 43
10301.717166666667 10479.246833333336 66 45
11092.94291666667 11270.248583333338 66 44
12422.131583333345 12599.661250000014 66 45
13290.940333333343 13388.445066666676 66 47
13813.933083333342 13906.451779166677 66 50
14162.513500000012 14288.51625000001 66 51
14681.669166666677 14812.01875000001 66 54
19630.09208333332 19742.094166666655 66 45
20161.99099999998 20341.19433333331 66 48
20341.19433333331 20514.806999999975 66 48
20689.780999999974 20868.98433333331 66 46
21223.11666666664 21402.319999999974 66 45
21577.070999999974 21752.505666666642 66 46
21842.10733333331 22019.876999999975 66 49
28750.649333333316 28928.28566666665 66 56
29550.509999999987 29732.17133333332 66 51
30187.374333333315 30370.549666666648 66 53
32179.59499999999 32328.45283333333 66 53
43589.46154166664 43766.76720833331 66 49
44034.13854166663 44212.861874999966 66 48
44567.0102083333 44746.45520833329 66 48
44923.76087499995 45101.53054166661 66 57
45632.80854166661 45810.5625416666 66 46
46427.85187499992 46607.05520833325 66 51
49259.971874999894 49434.46487499988 66 55
50674.53054166653 50853.73387499985 66 48
52103.93604166652 52235.72429166651 66 52
52631.27479166651 52763.35570833317 66 53
52897.5170416665 53027.808541666505 66 56
54317.647874999806 54494.953541666466 66 42
54672.72320833314 54851.446541666475 66 45
55562.34554166646 55762.4556249998 66 47
56975.95820833312 57152.800874999775 66 43
57330.10654166644 57509.55154166644 66 41
59634.969874999755 59812.275541666415 66 36
60345.61120833308 60475.56212499975 66 49
60873.83170833306 61002.82795833306 66 49
61399.358041666375 61529.30895833304 66 49
61928.16929166635 62058.80212499969 66 49
70765.13945833285 70943.88712499951 66 42
71301.61579166618 71479.6541249995 66 43
71838.82512499951 72018.41079166619 66 43
72110.75545833285 72292.91845833285 66 43
72384.50179166617 72566.40979166617 66 43
72657.73812499951 72839.6461249995 66 43
72930.97445833283 73087.29037499949 66 43
7283.68783333333 7482.690916666663 67 43
9588.457499999999 9767.660833333332 67 42
10825.79391666667 11003.341250000003 67 45
12242.928250000012 12422.131583333345 67 43
13902.57375000001 14075.04350000001 67 54
14246.710166666677 14417.126166666674 67 51
14417.126166666674 14592.307500000012 67 57
14768.796000000011 14943.658166666677 67 56
21488.43033333331 21665.947999999975 67 40
34532.009916666655 34694.150999999976 67 47
35080.73916666664 35262.033833333306 67 47
35628.59516666664 35812.89849999997 67 47
36187.96749999997 36376.47149999997 67 47
37030.890166666635 37211.330499999975 67 55
37395.07083333332 37532.06333333332 67 54
38141.77583333332 38324.26049999999 67 56
38510.547166666656 38608.42685416666 67 56
39083.26883333333 39269.06949999999 67 53
39454.59883333333 39640.61749999999 67 57
48372.952541666564 48571.95562499989 67 58
54050.49887499981 54228.046208333144 67 45
55295.43820833314 55495.14429166646 67 43
56710.677208333116 56886.59654166645 67 42
57953.98854166644 58152.99162499977 67 42
58659.05887499976 58835.8702083331 67 36
59367.82087499976 59545.36820833309 67 38
5693.654166666665 5869.813499999998 68 45
6484.837166666664 6660.772166666664 68 48
7373.049499999996 7549.892166666663 68 45
7727.899499999996 7906.862833333329 68 41
9322.493166666663 9501.216499999999 68 42
11975.779250000009 12155.22425000001 68 45
14330.112833333342 14422.56450000001 68 55
14855.017500000009 14950.860220833345 68 57
15296.20516666668 15471.415500000012 68 49
15736.43716666668 15935.440250000014 68 50
21402.319999999974 21577.070999999974 68 44
28841.72799999998 29015.989666666654 68 59
29372.74033333332 29550.509999999987 68 56
29641.340666666652 29821.772999999986 68 52
29913.35633333332 30095.02966666665 68 56
30464.19999999998 30650.455666666647 68 52
31026.20633333332 31214.859666666656 68 52
34436.98891666665 34578.59308333332 68 53
36939.81149999997 37120.25183333331 68 56
38050.69716666665 38231.13749999999 68 58
46784.60254166659 46983.20645833325 68 56
47576.23454166657 47750.72754166657 68 65
48462.314208333235 48639.15687499989 68 51
48816.46254166656 48995.90754166656 68 51
52017.03729166652 52147.67104166652 68 47
52544.60295833318 52675.06829166651 68 47
54138.20287499981 54317.647874999806 68 45
55028.28920833313 55228.05570833314 68 51
56447.755541666455 56622.27154166645 68 42
56797.234874999784 56975.95820833312 68 42
57686.8572083331 57886.967291666435 68 44
59101.37654166643 59278.21920833309 68 38
59455.52487499976 59634.969874999755 68 39
3025.7965 3203.0895 69 43
3559.8401666666664 3737.1458333333335 69 40
4270.481499999999 4453.648166666666 69 44
5162.4434999999985 5337.6321666666645 69 43
5783.255833333332 5958.454166666665 69 45
5958.454166666665 6132.539499999998 69 47
8344.301499999994 8541.217916666663 69 45
9052.873833333331 9234.325166666664 69 43
11708.871916666676 11888.075250000009 69 45
12942.964916666679 13122.758583333345 69 45
20251.592666666646 20426.638999999977 69 59
21312.71833333331 21488.43033333331 69 51
44123.500208333295 44300.10287499997 69 49
44656.85354166663 44834.15920833329 69 50
45367.494874999946 45546.69820833328 69 55
46251.249208333255 46450.252291666584 69 56
46874.204208333256 47049.864208333245 69 51
47049.864208333245 47247.116541666575 69 58
49434.46487499988 49630.685291666545 69 64
50053.490874999865 50230.796541666525 69 52
51208.586874999855 51390.74420833319 69 53
53784.05454166648 53960.89720833315 69 47
54762.084874999804 54961.08795833314 69 43
56006.07954166647 56185.28287499979 69 40
56185.28287499979 56359.11487499979 69 42
57419.94987499978 57619.6559583331 69 41
58835.8702083331 59012.01487499976 69 38
3916.349166666667 4093.878833333333 70 40
4362.064833333332 4541.352166666665 70 56
5250.849166666665 5427.233833333332 70 47
5604.539499999998 5783.255833333332 70 44
6047.094833333332 6220.945166666665 70 44
6839.250833333331 7016.556499999998 70 40
7106.158166666664 7283.68783333333 70 43
8432.707166666662 8608.419166666663 70 44
8785.72483333333 8965.169833333332 70 41
10212.115500000002 10389.885166666669 70 50
11445.294916666671 11621.630916666674 70 43
13468.221666666677 13645.751333333346 70 46
15647.075500000012 15825.798833333347 70 47
29283.138666666655 29462.34199999999 70 54
29821.772999999986 30004.93966666665 70 51
30370.549666666648 30557.850333333314 70 51
30930.940999999988 31121.471666666654 70 56
36847.9758333333 37030.890166666635 70 56
37211.330499999975 37366.354645833315 70 61
37958.861499999985 38141.77583333332 70 59
38324.26049999999 38510.547166666656 70 62
38894.65449999999 39083.26883333333 70 59
45013.36254166662 45190.89220833328 70 51
45457.09654166661 45632.80854166661 70 65
46340.610874999926 46517.45354166658 70 55
46694.75920833325 46874.204208333256 70 51
47138.741208333246 47313.24254166657 70 55
47929.20620833323 48105.821208333226 70 58
48195.422874999895 48372.952541666564 70 56
49522.400208333216 49697.88654166654 70 56
49963.88920833321 50141.19487499987 70 56
50587.28954166653 50764.13220833319 70 54
51480.105874999856 51663.777208333195 70 52
51753.138874999866 51888.09470833319 70 56
51930.87187499986 52060.372458333186 70 51
52458.82704166652 52587.82570833318 70 52
53871.295541666484 54050.49887499981 70 50
54494.953541666466 54695.063624999806 70 46
56270.94687499979 56447.755541666455 70 45
57152.800874999775 57352.56737499978 70 47
58572.72554166643 58747.46454166643 70 39
58922.6532083331 59101.37654166643 70 42
59812.275541666415 60012.38562499975 70 47
60079.40687499975 60278.40995833308 70 41
6220.945166666665 6395.235499999997 71 46
6574.438833333331 6749.649166666664 71 43
6926.9548333333305 7106.158166666664 71 38
7194.326166666664 7373.049499999996 71 42
7993.420499999996 8170.231833333329 71 42
8255.895833333328 8432.707166666662 71 43
9678.059166666666 9855.364833333333 71 53
10389.885166666669 10522.69591666667 71 42
11180.64691666667 11359.850250000005 71 44
12332.529916666677 12510.299583333346 71 50
13989.821166666676 14162.513500000012 71 47
47313.24254166657 47509.03329166658 71 59
47664.169874999905 47839.604541666566 71 59
48016.21954166656 48195.422874999895 71 54
48283.59087499989 48462.314208333235 71 53
49082.69054166656 49259.971874999894 71 54
49346.529541666554 49522.400208333216 71 56
49874.04587499987 50053.490874999865 71 47
53517.16320833315 53694.69287499982 71 54
54228.046208333144 54427.752291666475 71 46
55472.743874999804 55651.94720833313 71 41
56886.59654166645 57085.59962499978 71 44
58130.591208333106 58309.79454166644 71 43
58309.79454166644 58484.08487499977 71 39
59545.36820833309 59745.07429166642 71 39
4004.517166666667 4183.240499999999 72 41
4720.797166666665 4898.102833333332 72 45
4987.704499999999 5162.4434999999985 72 46
6309.350833333331 6484.837166666664 72 45
9144.963499999998 9344.833583333331 72 45
10479.246833333336 10608.917416666667 72 46
10913.497916666669 11092.94291666667 72 45
11798.473583333342 11975.779250000009 72 49
14504.13950000001 14672.174489583345 72 51
15032.298833333345 15206.603500000012 72 58
15471.415500000012 15669.41591666668 72 57
29195.434666666653 29372.74033333332 72 54
36758.86116666663 36939.81149999997 72 58
37869.746833333316 38050.69716666665 72 56
45101.53054166661 45280.25387499995 72 52
45810.5625416666 45985.99720833326 72 54
46074.874208333255 46251.249208333255 72 57
47401.41054166658 47576.23454166657 72 56
49787.488208333205 49963.88920833321 72 53
50497.92787499986 50674.53054166653 72 57
51120.88287499985 51299.66554166652 72 58
51299.66554166652 51503.064791666526 72 68
51845.48354166652 51973.87062499986 72 61
52369.46537499985 52501.604208333185 72 61
53605.33120833315 53784.05454166648 72 50
53960.89720833315 54160.663708333144 72 53
56622.27154166645 56819.57529166645 72 47
58395.6792083331 58572.72554166643 72 45
59278.21920833309 59477.98570833309 72 49
4453.648166666666 4631.195499999999 73 45
4808.501166666665 4987.704499999999 73 45
5074.037833333332 5250.849166666665 73 45
5869.813499999998 6047.094833333332 73 45
6132.539499999998 6309.350833333331 73 45
8608.419166666663 8808.185666666663 73 51
10565.918666666668 10736.916916666669 73 51
12510.299583333346 12642.77216666668 73 45
13556.389666666679 13668.479610416678 73 50
15382.538500000013 15560.292500000012 73 52
29105.832999999988 29283.138666666655 73 56
36667.78249999997 36847.9758333333 73 67
37778.66816666665 37958.861499999985 73 67
45546.69820833328 45721.6855416666 73 56
45897.12020833326 46074.874208333255 73 55
46161.88754166659 46340.610874999926 73 55
46960.98720833325 47138.741208333246 73 51
47225.07454166658 47401.41054166658 73 56
49697.88654166654 49874.04587499987 73 64
50408.56620833319 50587.28954166653 73 55
51031.28120833319 51208.586874999855 73 60
51390.74420833319 51571.94154166653 73 62
53337.47654166648 53517.16320833315 73 55
53694.69287499982 53871.295541666484 73 51
54938.68754166648 55117.8908749998 73 39
56359.11487499979 56555.96729166645 73 48
57597.25554166644 57776.45887499977 73 39
59012.01487499976 59211.0179583331 73 43
60256.00954166642 60388.777874999745 73 39
7016.556499999998 7216.66658333333 74 51
11270.248583333338 11467.336916666673 74 48
12599.661250000014 12728.161333333346 74 50
48105.821208333226 48305.93129166656 74 62
50320.398208333194 50497.92787499986 74 55
50941.43787499986 51120.88287499985 74 56
51571.94154166653 51776.22504166653 74 71
53248.17837499982 53427.31987499982 74 56
56095.681208333124 56292.98887499979 74 49
58747.46454166643 58944.99362499976 74 51
4093.878833333333 4270.481499999999 75 44
6749.649166666664 6926.9548333333305 75 44
8518.817499999996 8698.020833333328 75 44
10651.694583333334 10741.916247916668 75 54
12685.604500000012 12854.324250000012 75 52
13030.668916666678 13156.058152083346 75 45
14592.307500000012 14725.346916666678 75 60
14943.658166666677 15140.123000000012 75 68
15206.603500000012 15404.757750000012 75 53
29015.989666666654 29195.434666666653 75 57
45190.89220833328 45367.494874999946 75 54
47839.604541666566 48016.21954166656 75 62
49608.28487499988 49787.488208333205 75 58
50230.796541666525 50408.56620833319 75 64
50853.73387499985 51031.28120833319 75 59
51663.777208333195 51845.48354166652 75 62
53159.537374999825 53292.73570833315 75 60
53427.31987499982 53605.33120833315 75 58
54405.35187499981 54584.555208333135 75 39
57063.19920833311 57242.402541666444 75 39
58484.08487499977 58681.16029166643 75 45
59722.67387499975 59901.877208333084 75 37
59990.04520833309 60168.768541666424 75 39
4898.102833333332 5162.4434999999985 76 50
6660.772166666664 6839.250833333331 76 45
10736.916916666669 10913.497916666669 76 57
12770.39291666668 12861.526304166679 76 54
13122.758583333345 13249.13425000001 76 54
13645.751333333346 13772.12700000001 76 55
45985.99720833326 46184.22795833325 76 62
47750.72754166657 47929.20620833323 76 56
52280.103708333176 52458.82704166652 76 60
52807.91537499984 52940.79587499983 76 58
53071.5435416665 53225.95912499983 76 56
58220.19287499977 58417.78062499977 76 53
4631.195499999999 4808.501166666665 77 46
6395.235499999997 6574.438833333331 77 45
12854.324250000012 13030.668916666678 77 56
13207.168583333343 13379.581000000011 77 53
13379.581000000011 13556.389666666679 77 61
13730.161333333344 13902.57375000001 77 57
14075.04350000001 14204.691500000012 77 54
15117.962833333344 15296.20516666668 77 51
28928.28566666665 29105.832999999988 77 60
45721.6855416666 45897.12020833326 77 55
47486.632874999916 47664.169874999905 77 53
50141.19487499987 50320.398208333194 77 56
50764.13220833319 50941.43787499986 77 67
52191.58087499985 52369.46537499985 77 60
52719.09412499984 52897.5170416665 77 59
52984.24495833316 53115.45337499983 77 58
56533.865874999785 56710.677208333116 77 39
59188.617541666434 59367.82087499976 77 39
4541.352166666665 4720.797166666665 78 49
13290.940333333343 13388.445066666676 78 56
13813.933083333342 13906.451779166677 78 59
14162.513500000012 14288.51625000001 78 60
14681.669166666677 14812.01875000001 78 64
45632.80854166661 45810.5625416666 78 55
50674.53054166653 50853.73387499985 78 58
52103.93604166652 52235.72429166651 78 62
52631.27479166651 52763.35570833317 78 63
52897.5170416665 53027.808541666505 78 67
13902.57375000001 14075.04350000001 79 64
14246.710166666677 14417.126166666674 79 60
14417.126166666674 14592.307500000012 79 68
14768.796000000011 14943.658166666677 79 67
58659.05887499976 58835.8702083331 79 42
14330.112833333342 14422.56450000001 80 65
14855.017500000009 14950.860220833345 80 68
52017.03729166652 52147.67104166652 80 56
52544.60295833318 52675.06829166651 80 59
51208.586874999855 51390.74420833319 81 63
51480.105874999856 51663.777208333195 82 62
51753.138874999866 51888.09470833319 82 67
51930.87187499986 52060.372458333186 82 60
52458.82704166652 52587.82570833318 82 62
80074.8980416661 80642.7846791661 82 83
51845.48354166652 51973.87062499986 84 72
52369.46537499985 52501.604208333185 84 72
80074.8980416661 80642.7846791661 94 99
