60119.73200000013 60818.66262500013 24 80
67087.19600000017 68552.7150000002 24 72
106239.89133333355 111536.2863333335 24 85
7099.375749999995 8607.460637499993 26 86
58724.382000000136 59422.58376250013 26 74
66726.83600000016 67153.2880333335 26 74
74186.5717500002 75689.58417500026 26 85
6722.0177499999945 7176.702999999994 28 82
30892.73375000002 33753.037083333315 28 57
57327.903000000144 58029.020212500145 28 72
64304.046000000155 66735.09425000015 28 84
73809.2137500002 74188.82400000021 28 86
89602.73725000015 91068.75450000017 28 76
2807.5117499999997 4231.226718749999 29 88
28086.66625000001 30975.095212500022 29 76
42002.2780000001 43392.452175000115 29 81
54537.207000000126 55978.33985625013 29 66
60811.37400000013 61516.11074166678 29 82
69894.70775000023 71322.05643750023 29 72
88211.43100000013 89651.58788333347 29 75
4227.593 5712.669299999998 30 85
6352.786749999996 6816.357249999995 30 86
40614.99400000008 42072.3647437501 30 81
71314.78900000022 72778.47888750023 30 77
73439.98275000018 73903.5532500002 30 86
86820.77175000012 88215.02295833346 30 77
5644.822749999998 6445.094499999996 31 85
8548.764999999994 11433.363249999979 31 85
16916.025999999954 19788.627674999967 31 81
27388.992250000003 28168.788293750007 31 67
36466.19375000002 39302.42534166673 31 67
51744.80275000012 53218.5646562501 31 75
59416.024000000136 60126.936604166796 31 74
72732.01875000022 73532.29050000019 31 85
75635.96100000026 78500.44428333358 31 86
84008.68875000018 86872.49595000011 31 80
93753.4035000001 95201.70239166678 31 56
99298.64825000016 100758.81449166684 31 80
100689.13050000017 103544.11200000021 31 74
103457.9050000002 106326.59658333354 31 75
25312.00624999997 26698.5856875 32 58
83647.95225000018 84090.81079375018 32 85
14123.910249999977 17003.235249999958 33 86
22507.231749999966 23894.54783749999 33 58
24592.06924999998 25398.21324999997 33 58
26691.318249999997 27476.201500000006 33 60
33695.56574999998 35081.38064375001 33 57
47581.74400000008 50411.46975000013 33 78
58019.545000000144 58731.5866041668 33 72
81211.10625000027 83737.23800000017 33 84
44782.91200000013 47651.427991666744 34 84
23892.361249999994 24681.354999999978 35 58
43389.56200000012 44853.61166250012 35 85
55932.55500000013 57330.06438125014 35 84
61511.08200000012 62890.91100000014 35 85
62545.56600000014 64288.894500000155 35 102
63940.410000000156 64357.20698333348 35 93
11347.156249999978 14200.499887499976 36 85
19728.108999999964 22567.576649999966 36 81
39228.431000000055 40620.051806250085 36 80
53149.9230000001 54543.74769375012 36 79
60119.73200000013 60818.66262500013 36 94
67087.19600000017 69966.65538125024 36 85
78434.35225000024 81292.75369375027 36 79
95136.32875000012 98000.51450833346 36 70
97919.33625000012 99356.1195833335 36 79
106239.89133333355 111536.2863333335 36 102
7099.375749999995 8607.460637499993 38 102
35074.87775000001 36552.40075000002 38 58
50353.49875000013 51749.17592500012 38 90
58724.382000000136 59422.58376250013 38 88
66726.83600000016 67153.2880333335 38 88
74186.5717500002 75689.58417500026 38 101
92374.09150000008 93757.7138500001 38 65
6722.0177499999945 7176.702999999994 40 97
30892.73375000002 33753.037083333315 40 68
57327.903000000144 58029.020212500145 40 85
64304.046000000155 66735.09425000015 40 100
73809.2137500002 74188.82400000021 40 103
89602.73725000015 92445.21227500007 40 90
2807.5117499999997 4231.226718749999 41 104
28086.66625000001 30975.095212500022 41 90
42002.2780000001 43392.452175000115 41 97
54537.207000000126 55918.02012500013 41 78
55845.34575000013 55978.33985625013 41 61
56019.76425000013 56194.18275000013 41 65
60811.37400000013 61516.11074166678 41 97
69894.70775000023 71322.05643750023 41 85
88211.43100000013 89651.58788333347 41 90
4227.593 5712.669299999998 42 101
6352.786749999996 6816.357249999995 42 102
40614.99400000008 42072.3647437501 42 96
71314.78900000022 72778.47888750023 42 91
73439.98275000018 73903.5532500002 42 102
86820.77175000012 88215.02295833346 42 92
5644.822749999998 6445.094499999996 43 101
8548.764999999994 11433.363249999979 43 101
16916.025999999954 19788.627674999967 43 96
27388.992250000003 28168.788293750007 43 79
36466.19375000002 39302.42534166673 43 80
51744.80275000012 53134.395041666765 43 84
53056.7552500001 53218.5646562501 43 64
53236.6282500001 53410.0387500001 43 64
59416.024000000136 60126.936604166796 43 88
72732.01875000022 73532.29050000019 43 101
75635.96100000026 78500.44428333358 43 102
84008.68875000018 86872.49595000011 43 95
93753.4035000001 95201.70239166678 43 67
99298.64825000016 100758.81449166684 43 95
100689.13050000017 103544.11200000021 43 88
103457.9050000002 106224.73983333354 43 89
106148.98233333355 106326.59658333354 43 68
106326.59658333354 106500.00708333353 43 66
108949.95533333349 110468.0373333335 43 70
25312.00624999997 26698.5856875 44 69
83647.95225000018 84090.81079375018 44 101
14123.910249999977 17003.235249999958 45 103
22507.231749999966 23894.54783749999 45 69
24592.06924999998 25398.21324999997 45 69
26691.318249999997 27476.201500000006 45 72
33695.56574999998 35081.38064375001 45 68
47581.74400000008 47754.158000000076 45 94
47667.951000000074 47840.36500000008 45 72
50254.161000000124 50411.46975000013 45 68
50440.45525000013 50614.36825000012 45 69
58019.545000000144 58731.5866041668 45 85
81211.10625000027 83737.23800000017 45 100
44870.375500000126 45045.30250000012 46 66
46182.328000000096 47567.16675000008 46 87
47494.28050000007 47651.427991666744 46 72
100775.33750000018 100947.75150000017 46 60
5733.318249999998 5910.3092499999975 47 80
11244.416499999978 11433.363249999979 47 77
19631.021499999963 19788.627674999967 47 71
23892.361249999994 24681.354999999978 47 69
30800.990750000026 30975.095212500022 47 52
30980.197250000023 31155.12425000002 47 50
33604.102249999974 33753.037083333315 47 49
43389.56200000012 44768.334750000125 47 100
44695.448500000115 44853.61166250012 47 66
56106.97350000013 56281.39200000013 47 68
61511.08200000012 62545.56600000014 47 101
62459.359000000135 62890.91100000014 47 75
62905.92600000014 63940.410000000156 47 100
63854.203000000154 64288.894500000155 47 76
64390.25300000014 64562.66700000015 47 76
72820.51425000023 72997.50525000022 47 75
78331.61250000025 78500.44428333358 47 75
86723.68425000012 86872.49595000011 47 68
89511.55175000016 89651.58788333347 47 66
89688.94425000015 89861.35825000015 47 66
92282.62800000008 92445.21227500007 47 55
100598.76900000017 100758.81449166684 47 64
86.207 258.621 48 77
2699.5979999999995 2843.12219375 48 77
2894.7209999999995 3069.1394999999993 48 80
5535.731749999998 5712.669299999998 48 77
8450.725749999994 8607.460637499993 48 80
8635.721499999994 8809.634499999993 48 77
11347.156249999978 11519.570249999977 48 101
11433.363249999979 11605.777249999977 48 76
14028.368749999978 14200.499887499976 48 77
14210.615499999976 14384.025999999976 48 77
16823.146749999956 17003.235249999958 48 77
17003.235249999958 17177.653749999958 48 73
19728.108999999964 22490.7300833333 48 96
22408.221749999968 22567.576649999966 48 60
27999.45700000001 28168.788293750007 48 64
28173.87550000001 28348.29400000001 48 65
39228.431000000055 39400.84500000006 48 95
39314.63800000006 39487.05200000006 48 71
41915.5727500001 42072.3647437501 48 72
42088.9832500001 42262.3937500001 48 72
53323.3335000001 53496.74400000011 48 61
55758.136500000124 55918.02012500013 48 64
67173.40300000018 67345.81700000018 48 64
68466.5080000002 69876.72212500025 48 78
69786.79400000024 69966.65538125024 48 63
69981.91700000023 70156.33550000023 48 64
72622.92775000024 72778.47888750023 48 71
75537.92175000027 75689.58417500026 48 74
75722.91750000026 75896.83050000026 48 75
78434.35225000024 78606.76625000025 48 95
78520.55925000025 78692.97325000024 48 75
81115.56475000028 81292.75369375027 48 74
81297.81150000026 81471.22200000026 48 75
83915.80950000018 84090.81079375018 48 73
84095.89800000018 84270.31650000018 48 70
86906.97875000013 87079.39275000013 48 69
95222.53575000013 95394.94975000012 48 52
96515.64075000015 98000.51450833346 48 75
98005.54325000013 98177.95725000014 48 60
19814.564249999963 19987.474749999965 50 76
25217.06949999997 25398.21324999997 50 51
25398.21324999997 25570.627249999976 50 51
35074.87775000001 36451.65887500002 50 69
36378.98450000002 36552.40075000002 50 52
36552.40075000002 36724.81475000003 50 59
39138.610750000065 39302.42534166673 50 64
50527.41175000013 50701.32475000012 50 72
52969.2917500001 53134.395041666765 50 61
56194.18275000013 56368.60125000013 50 64
66997.10600000017 67153.2880333335 50 64
92460.29850000008 92632.71250000008 50 50
95046.50850000011 95201.70239166678 50 50
97827.59325000012 98000.51450833346 50 57
106058.07333333355 106224.73983333354 50 69
41828.8675000001 41987.827125000105 51 76
42175.6885000001 42349.099000000104 51 76
44607.98500000012 44768.334750000125 51 69
22593.43874999997 22765.852749999973 52 50
33781.77274999998 33954.186749999986 52 50
36030.14750000002 36204.56600000002 52 53
47406.817000000075 47567.16675000008 52 76
47754.158000000076 47926.57200000008 52 76
50167.95400000012 50336.94245833346 52 72
53410.0387500001 53583.44925000011 52 64
55670.927250000124 55845.34575000013 52 60
64476.460000000145 64648.87400000015 52 80
90982.04925000017 91762.39650000012 52 88
100861.54450000018 101033.95850000018 52 64
106413.30183333353 106586.71233333352 52 68
108861.19783333348 109043.70533333349 52 76
8722.677999999993 8896.590999999991 53 80
11157.459999999977 11330.032958333311 53 80
14297.320749999975 14470.731249999975 53 80
44957.83900000012 45132.76600000012 53 70
52881.8282500001 53056.7552500001 53 64
55496.508750000125 55670.927250000124 53 62
56368.60125000013 56543.01975000014 53 63
62373.15200000013 62545.56600000014 53 80
75809.87400000026 75983.78700000026 53 80
78244.65600000025 78417.22895833358 53 80
81384.51675000026 81557.92725000024 53 80
100511.55975000017 100674.07025000016 53 69
105967.16433333355 106148.98233333355 53 66
8360.635749999994 8532.425124999994 54 80
16735.68324999996 16900.546124999957 54 80
50614.36825000012 50788.281250000124 54 69
63767.99600000015 63940.410000000156 54 80
75447.83175000026 75619.62112500027 54 80
83826.52375000018 83993.20887500017 54 80
172.414 344.828 55 80
2609.5079999999994 2789.5261249999994 55 80
5821.8137499999975 5998.804749999997 55 77
11070.503499999977 11244.416499999978 55 77
11519.570249999977 11691.984249999978 55 80
13940.905249999976 14107.986666666644 55 80
17090.444499999958 17264.862999999958 55 76
19543.044999999966 19711.927749999966 55 76
19901.019499999966 20073.929999999964 55 73
22321.76649999997 22490.7300833333 55 67
36638.607750000025 36811.02175000003 55 64
39052.40375000006 39213.460958333395 55 67
39400.84500000006 39573.259000000064 55 76
52706.9012500001 52881.8282500001 55 62
53583.44925000011 53756.85975000011 55 61
66907.01600000016 67072.18100000017 55 69
67259.61000000018 67432.02400000018 55 68
69696.70400000025 69876.72212500025 55 68
72909.00975000023 73086.00075000021 55 80
78157.69950000025 78331.61250000025 55 74
78606.76625000025 78779.18025000025 55 80
81028.10125000027 81195.18266666694 55 80
84183.10725000018 84357.52575000018 55 76
86635.70775000012 86804.59050000012 55 73
94960.30150000012 95121.35870833344 55 54
95308.74275000012 95481.15675000013 55 56
98091.75025000013 98264.16425000013 55 64
100947.75150000017 101120.16550000018 55 61
105788.06508333355 105967.16433333355 55 69
106500.00708333353 106673.41758333352 55 65
106673.41758333352 106846.57808333352 55 71
108595.9715833335 108772.7023333335 55 73
108772.7023333335 108949.95533333349 55 73
8809.634499999993 8983.547499999991 56 77
33516.63874999998 33680.321833333306 56 54
44520.52150000012 44695.448500000115 56 65
45045.30250000012 45220.22950000012 56 67
47319.35350000008 47494.28050000007 56 71
64562.66700000015 64735.08100000015 56 76
75896.83050000026 76070.74350000026 56 74
89775.15125000016 89947.56525000016 56 71
92195.9227500001 92358.84758333341 56 62
97740.12975000012 97904.04575000012 56 61
100424.35050000018 100598.76900000017 56 66
103544.11200000021 103716.52600000022 56 68
2981.9302499999994 3156.348749999999 57 80
5448.522499999998 5626.640916666665 57 80
8270.545749999996 8450.725749999994 57 80
27912.24775000001 28072.131375000008 57 69
28261.08475000001 28435.50325000001 57 72
30712.233250000027 30877.443250000022 57 56
31067.66075000002 31242.587750000017 57 54
33867.979749999984 34040.39374999999 57 54
35942.93825000002 36117.35675000002 57 57
36291.77525000002 36451.65887500002 57 56
42262.3937500001 42435.8042500001 57 73
47840.36500000008 48012.77900000008 57 72
48012.77900000008 48185.19300000009 57 70
49909.333000000115 50081.74700000012 57 69
50081.74700000012 50254.161000000124 57 68
50788.281250000124 50962.194250000124 57 68
55583.718000000124 55758.136500000124 57 74
56281.39200000013 56455.81050000013 57 77
62286.94500000013 62459.359000000135 57 75
63681.78900000015 63854.203000000154 57 75
70069.12625000023 70243.54475000023 57 68
72535.71850000024 72713.83691666689 57 79
75357.74175000026 75537.92175000027 57 75
86993.18575000012 87165.59975000012 57 73
89424.34250000014 89587.53966666681 57 71
92546.50550000009 92718.91950000008 57 54
103023.12250000022 103197.03550000022 57 68
103370.94850000022 103544.11200000021 57 64
39487.05200000006 39659.466000000066 58 72
41742.162250000096 41915.5727500001 58 72
45220.22950000012 45395.156500000114 58 64
47144.42650000008 47319.35350000008 58 70
101120.16550000018 101292.57950000018 58 64
5910.3092499999975 6087.300249999997 59 80
6087.300249999997 6264.291249999996 59 77
10896.590499999978 11070.503499999977 59 77
19279.115499999964 19455.068499999965 59 74
19455.068499999965 19631.021499999963 59 73
25127.78374999997 25296.183458333304 59 54
25484.420249999974 25656.834249999978 59 54
30445.960750000027 30623.475750000027 59 55
30623.475750000027 30800.990750000026 59 57
31155.12425000002 31330.051250000015 59 50
31330.051250000015 31504.97825000001 59 50
33254.24824999998 33429.17524999998 59 50
33429.17524999998 33604.102249999974 59 50
38966.19675000006 39138.610750000065 59 62
44345.59450000012 44520.52150000012 59 67
52794.3647500001 52969.2917500001 59 76
53496.74400000011 53670.154500000106 59 74
56455.81050000013 56630.22900000014 59 68
62114.53100000013 62286.94500000013 59 74
63509.375000000146 63681.78900000015 59 74
64735.08100000015 64907.495000000155 59 76
66639.87950000016 66735.09425000015 59 67
66816.92600000017 66997.10600000017 59 65
72997.50525000022 73174.4962500002 59 75
73174.4962500002 73351.4872500002 59 75
77983.78650000025 78157.69950000025 59 75
86371.77825000013 86547.73125000013 59 70
86547.73125000013 86723.68425000012 59 68
89162.71475000014 89337.13325000014 59 67
89337.13325000014 89511.55175000016 59 67
89861.35825000015 90033.77225000015 59 66
90033.77225000015 90206.18625000016 59 66
91935.80700000012 92109.2175000001 59 60
92109.2175000001 92282.62800000008 59 59
94874.09450000011 95046.50850000011 59 50
97652.66625000013 97827.59325000012 59 61
100249.93200000018 100424.35050000018 59 68
105876.25533333357 106058.07333333355 59 80
258.621 431.03499999999997 60 77
431.03499999999997 603.4490000000001 60 77
2339.2379999999994 2519.4179999999997 60 78
2519.4179999999997 2699.5979999999995 60 76
3069.1394999999993 3243.557999999999 60 77
3243.557999999999 3417.9764999999993 60 77
5186.894749999999 5361.313249999998 60 77
5361.313249999998 5535.731749999998 60 76
8090.3657499999945 8270.545749999996 60 77
8983.547499999991 9157.46049999999 60 76
11605.777249999977 11778.191249999978 60 76
11778.191249999978 11950.605249999977 60 76
13678.514749999977 13853.441749999976 60 77
13853.441749999976 14028.368749999978 60 77
14384.025999999976 14557.436499999974 60 77
14557.436499999974 14730.846999999974 60 76
16473.292749999964 16648.21974999996 60 78
16648.21974999996 16823.146749999956 60 77
17177.653749999958 17352.07224999996 60 74
17352.07224999996 17526.49074999996 60 73
22062.400749999968 22235.311249999966 60 64
22235.311249999966 22408.221749999968 60 64
22679.64574999997 22852.059749999975 60 54
27650.620000000006 27825.03850000001 60 61
27825.03850000001 27999.45700000001 60 63
28348.29400000001 28522.712500000012 60 66
28522.712500000012 28697.131000000012 60 67
35855.72900000002 36030.14750000002 60 53
36204.56600000002 36378.98450000002 60 56
36724.81475000003 36897.22875000003 60 60
39659.466000000066 39831.88000000007 60 72
41568.7517500001 41742.162250000096 60 73
42435.8042500001 42609.21475000011 60 71
50701.32475000012 50875.237750000124 60 74
53670.154500000106 53843.56500000011 60 61
55409.299500000125 55583.718000000124 60 61
60724.91875000013 60818.66262500013 60 70
67345.81700000018 67518.23100000019 60 63
67518.23100000019 67690.6450000002 60 63
69426.43400000023 69606.61400000023 60 63
69606.61400000023 69786.79400000024 60 63
70156.33550000023 70330.75400000023 60 64
70330.75400000023 70505.17250000025 60 64
72274.09075000022 72448.50925000022 60 72
72448.50925000022 72622.92775000024 60 72
75177.56175000026 75357.74175000026 60 76
76070.74350000026 76244.65650000026 60 74
78692.97325000024 78865.38725000025 60 75
78865.38725000025 79037.80125000025 60 75
80765.71075000027 80940.63775000027 60 77
80940.63775000027 81115.56475000028 60 76
81471.22200000026 81644.63250000024 60 75
81644.63250000024 81818.04300000022 60 75
83560.48875000018 83737.23800000017 60 75
83737.23800000017 83915.80950000018 60 74
84270.31650000018 84444.73500000018 60 71
84444.73500000018 84619.15350000017 60 71
87079.39275000013 87251.80675000013 60 69
87251.80675000013 87424.22075000012 60 68
92632.71250000008 92805.12650000009 60 49
95394.94975000012 95567.36375000012 60 51
95567.36375000012 95739.77775000012 60 53
98177.95725000014 98350.37125000014 60 60
98350.37125000014 98522.78525000015 60 65
99902.09725000017 99994.11820000017 60 71
106586.71233333352 106760.12283333352 60 78
108684.2068333335 108861.19783333348 60 86
33954.186749999986 34126.60074999999 61 50
47926.57200000008 48098.986000000084 61 81
49995.54000000012 50167.95400000012 61 84
101033.95850000018 101206.37250000019 61 76
5274.103999999998 5448.522499999998 62 92
5998.804749999997 6175.795749999997 62 90
8180.455749999995 8360.635749999994 62 80
8896.590999999991 9070.50399999999 62 91
17264.862999999958 17439.28149999996 62 81
19367.091999999964 19543.044999999966 62 83
19987.474749999965 20160.385249999967 62 76
20160.385249999967 20333.295749999965 62 70
24859.926499999976 25038.49799999997 62 51
25038.49799999997 25217.06949999997 62 50
25570.627249999976 25743.04124999998 62 51
25743.04124999998 25915.455249999985 62 51
36897.22875000003 37069.642750000035 62 59
38793.78275000006 38966.19675000006 62 68
45132.76600000012 45307.693000000116 62 76
47231.89000000008 47406.817000000075 62 86
50875.237750000124 51049.150750000124 62 71
52619.4377500001 52794.3647500001 62 66
56543.01975000014 56717.43825000014 62 66
59329.56875000014 59422.58376250013 62 67
62200.73800000013 62373.15200000013 62 90
72361.30000000022 72535.71850000024 62 90
73086.00075000021 73262.99175000019 62 91
75267.65175000025 75447.83175000026 62 91
75983.78700000026 76157.70000000026 62 91
84357.52575000018 84531.94425000018 62 78
86459.75475000012 86635.70775000012 62 80
87165.59975000012 87338.01375000013 62 75
92805.12650000009 92977.54050000009 62 50
94701.6805000001 94874.09450000011 62 52
97477.73925000013 97652.66625000013 62 58
100337.14125000018 100511.55975000017 62 80
103630.3190000002 103802.73300000021 62 64
105701.35983333355 105816.96683333356 62 73
10983.546999999979 11157.459999999977 63 95
30534.718250000027 30712.233250000027 63 61
41482.0465000001 41655.4570000001 63 76
41655.4570000001 41828.8675000001 63 83
42349.099000000104 42522.5095000001 63 79
42522.5095000001 42695.92000000011 63 76
44258.131000000125 44433.05800000012 63 72
44433.05800000012 44607.98500000012 63 71
63595.58200000015 63767.99600000015 63 91
78070.74300000025 78244.65600000025 63 91
83647.95225000018 83826.52375000018 63 86
89249.92400000014 89424.34250000014 63 78
97127.88525000014 97222.63737500014 63 61
102936.16600000022 103110.07900000022 63 72
103283.99200000022 103443.41225000021 63 69
344.828 517.242 64 90
2429.3279999999995 2609.5079999999994 64 92
11691.984249999978 11864.398249999978 64 85
13765.978249999976 13940.905249999976 64 89
16560.756249999962 16735.68324999996 64 89
20073.929999999964 20246.840499999966 64 77
22148.855999999967 22321.76649999997 64 71
22765.852749999973 22938.266749999977 64 53
22938.266749999977 23110.680749999978 64 51
25656.834249999978 25829.248249999982 64 64
27737.829250000006 27912.24775000001 64 77
28435.50325000001 28609.921750000012 64 82
31242.587750000017 31417.514750000013 64 61
33341.71174999998 33516.63874999998 64 53
34126.60074999999 34299.01474999999 64 50
35681.814500000015 35855.72900000002 64 53
39573.259000000064 39745.67300000007 64 80
47056.96300000008 47231.89000000008 64 76
48098.986000000084 48271.40000000008 64 76
49823.12600000011 49995.54000000012 64 74
53756.85975000011 53930.27025000011 64 65
55322.090250000125 55496.508750000125 64 66
57933.089750000145 58029.020212500145 64 64
64648.87400000015 64821.28800000015 64 91
64821.28800000015 64993.70200000016 64 80
66552.92300000017 66726.83600000016 64 72
67432.02400000018 67604.43800000018 64 72
69516.52400000024 69696.70400000025 64 75
78779.18025000025 78951.59425000026 64 92
80853.17425000027 81028.10125000027 64 92
89947.56525000016 90119.97925000015 64 74
92022.5122500001 92195.9227500001 64 70
95481.15675000013 95653.57075000013 64 63
98264.16425000013 98436.57825000014 64 71
101206.37250000019 101378.78650000019 64 69
106760.12283333352 106933.03333333351 64 72
108507.73633333351 108684.2068333335 64 71
3156.348749999999 3330.767249999999 65 91
9070.50399999999 9244.41699999999 65 80
10809.63399999998 10983.546999999979 65 81
14470.731249999975 14644.141749999975 65 87
14644.141749999975 14817.552249999973 65 80
22852.059749999975 23024.473749999976 65 59
24949.212249999975 25127.78374999997 65 60
36811.02175000003 36983.43575000003 65 72
38879.98975000006 39052.40375000006 65 72
45307.693000000116 45482.62000000011 65 69
52531.9742500001 52706.9012500001 65 63
55147.671750000125 55322.090250000125 65 61
56717.43825000014 56891.85675000014 65 64
60811.37400000013 60986.30100000012 65 86
62028.324000000124 62200.73800000013 65 80
66726.83600000016 66907.01600000016 65 80
70243.54475000023 70417.96325000025 65 78
76157.70000000026 76331.61300000026 65 80
77896.83000000025 78070.74300000025 65 81
81557.92725000024 81731.33775000024 65 85
81731.33775000024 81904.74825000022 65 80
92718.91950000008 92891.33350000008 65 62
94787.88750000011 94960.30150000012 65 62
97565.20275000013 97740.12975000012 65 70
100162.72275000018 100337.14125000018 65 72
103716.52600000022 103888.94000000022 65 69
105614.65458333355 105788.06508333355 65 69
8000.275749999995 8180.455749999995 66 81
16385.829249999966 16560.756249999962 66 81
36117.35675000002 36291.77525000002 66 64
50962.194250000124 51136.107250000125 66 66
63423.16800000014 63595.58200000015 66 80
75087.47175000024 75267.65175000025 66 81
83473.02525000018 83647.95225000018 66 81
99815.89025000017 99988.30425000018 66 76
102849.20950000022 103023.12250000022 66 68
103197.03550000022 103370.94850000022 66 65
517.242 689.6560000000001 67 80
2249.1479999999997 2429.3279999999995 67 81
6175.795749999997 6352.786749999996 67 80
10722.67749999998 10896.590499999978 67 77
11864.398249999978 12036.812249999977 67 80
13591.051249999977 13765.978249999976 67 81
17439.28149999996 17613.69999999996 67 76
19191.138999999963 19367.091999999964 67 76
20246.840499999966 20419.750999999967 67 75
21975.945499999965 22148.855999999967 67 69
34040.39374999999 34212.807749999985 67 61
35768.519750000014 35942.93825000002 67 65
36983.43575000003 37155.84975000004 67 64
38707.575750000055 38879.98975000006 67 68
39745.67300000007 39918.08700000007 67 76
52357.047250000105 52531.9742500001 67 63
53930.27025000011 54103.680750000116 67 61
59416.024000000136 59590.95100000013 67 78
60638.46350000013 60811.37400000013 67 76
67604.43800000018 67776.85200000019 67 68
69336.34400000023 69516.52400000024 67 69
73262.99175000019 73439.98275000018 67 80
77809.87350000025 77983.78650000025 67 77
78951.59425000026 79124.00825000026 67 80
80678.24725000028 80853.17425000027 67 81
84531.94425000018 84706.36275000017 67 76
86283.80175000014 86459.75475000012 67 74
94615.47350000011 94787.88750000011 67 55
95653.57075000013 95825.98475000013 67 57
98436.57825000014 98608.99225000014 67 69
101292.57950000018 101464.99350000019 67 64
105441.41075000023 105614.65458333355 67 71
106846.57808333352 107019.48858333351 67 68
107019.48858333351 107192.39908333351 67 70
108244.0640833335 108419.75983333352 67 74
108419.75983333352 108595.9715833335 67 77
9157.46049999999 9331.373499999989 68 77
33166.784749999984 33341.71174999998 68 54
44170.66750000013 44345.59450000012 68 70
45395.156500000114 45570.08350000011 68 65
46969.499500000085 47144.42650000008 68 72
64907.495000000155 65079.90900000016 68 77
66465.96650000017 66639.87950000016 68 69
76244.65650000026 76418.56950000026 68 76
90119.97925000015 90292.39325000015 68 70
91849.10175000012 92022.5122500001 68 65
97390.27575000013 97565.20275000013 68 60
100075.51350000018 100249.93200000018 68 70
103888.94000000022 104061.35400000022 68 68
3330.767249999999 3505.185749999999 69 80
5099.685499999999 5274.103999999998 69 81
7910.185749999995 8090.3657499999945 69 77
27563.410750000006 27737.829250000006 69 66
28609.921750000012 28784.340250000016 69 72
30357.203250000028 30534.718250000027 69 63
31417.514750000013 31592.44175000001 69 54
34212.807749999985 34385.22174999999 69 54
35595.109250000016 35768.519750000014 69 57
42609.21475000011 42782.62525000011 69 73
48185.19300000009 48357.607000000084 69 74
48357.607000000084 48530.02100000009 69 74
49564.505000000114 49736.91900000011 69 72
49736.91900000011 49909.333000000115 69 72
51136.107250000125 51310.020250000125 69 66
56630.22900000014 56804.64750000014 69 74
58019.545000000144 58117.212575000136 69 75
59243.11350000014 59416.024000000136 69 72
60898.837500000125 61073.76450000012 69 71
61942.11700000012 62114.53100000013 69 76
63336.96100000014 63509.375000000146 69 76
70417.96325000025 70592.38175000025 69 69
72186.88150000022 72361.30000000022 69 78
74997.38175000025 75177.56175000026 69 77
87338.01375000013 87510.42775000013 69 73
89075.50550000014 89249.92400000014 69 71
92891.33350000008 93063.74750000008 69 54
97040.42175000014 97215.34875000014 69 63
99729.68325000016 99902.09725000017 69 70
102676.0460000002 102849.20950000022 69 69
39831.88000000007 40004.294000000074 70 73
41395.34125000009 41568.7517500001 70 74
45570.08350000011 45745.010500000106 70 66
46794.57250000009 46969.499500000085 70 71
101464.99350000019 101637.40750000019 70 66
6264.291249999996 6445.094499999996 71 78
6445.094499999996 6629.709999999995 71 79
10548.764499999981 10722.67749999998 71 78
18927.209499999964 19103.162499999966 71 74
19103.162499999966 19279.115499999964 71 75
24770.640749999977 24949.212249999975 71 55
25829.248249999982 26001.662249999983 71 55
30092.479000000025 30268.445750000028 71 62
30268.445750000028 30445.960750000027 71 59
31504.97825000001 31679.905250000007 71 49
31679.905250000007 31854.832250000003 71 50
32904.39424999999 33079.321249999986 71 50
33079.321249999986 33254.24824999998 71 50
38621.36875000005 38793.78275000006 71 64
43996.49875000013 44170.66750000013 71 71
53843.56500000011 54016.97550000012 71 72
55234.881000000125 55409.299500000125 71 73
56804.64750000014 56979.06600000014 71 68
57846.634500000146 58019.545000000144 71 68
59503.487500000134 59678.41450000013 71 66
60552.00825000013 60724.91875000013 71 70
61769.70300000012 61942.11700000012 71 75
63164.547000000144 63336.96100000014 71 75
65079.90900000016 65252.323000000164 71 76
66292.05350000017 66465.96650000017 71 69
73351.4872500002 73532.29050000019 71 76
73532.29050000019 73716.90600000019 71 76
77635.96050000025 77809.87350000025 71 77
86019.87225000015 86195.82525000014 71 71
86195.82525000014 86371.77825000013 71 70
88988.29625000014 89162.71475000014 71 70
90206.18625000016 90378.60025000016 71 66
90378.60025000016 90551.01425000017 71 66
91588.98600000014 91762.39650000012 71 62
91762.39650000012 91935.80700000012 71 62
94529.2665000001 94701.6805000001 71 52
97302.81225000013 97477.73925000013 71 60
105527.94933333357 105701.35983333355 71 77
603.4490000000001 775.863 72 78
775.863 948.2770000000002 72 79
1982.7609999999993 2159.0579999999995 72 79
2159.0579999999995 2339.2379999999994 72 79
3417.9764999999993 3594.737999999999 72 78
3594.737999999999 3773.8424999999993 72 78
4838.057749999999 5012.476249999999 72 79
5012.476249999999 5186.894749999999 72 78
7730.005749999995 7910.185749999995 72 79
9331.373499999989 9505.286499999987 72 78
11950.605249999977 12123.019249999978 72 78
12123.019249999978 12295.433249999976 72 78
13329.917249999977 13503.587749999977 72 79
13503.587749999977 13678.514749999977 72 78
14730.846999999974 14904.257499999972 72 77
14904.257499999972 15077.667999999972 72 77
16123.43874999997 16298.365749999966 72 79
16298.365749999966 16473.292749999964 72 79
17526.49074999996 17700.909249999964 72 74
17700.909249999964 17875.327749999964 72 74
21716.579749999964 21889.490249999966 72 65
21889.490249999966 22062.400749999968 72 66
23024.473749999976 23196.88774999998 72 54
27301.783000000003 27476.201500000006 72 61
27476.201500000006 27650.620000000006 72 61
28697.131000000012 28871.549500000016 72 68
28871.549500000016 29045.968000000015 72 69
35508.40400000001 35681.814500000015 72 53
37069.642750000035 37242.05675000004 72 62
40004.294000000074 40176.70800000008 72 73
41221.930750000094 41395.34125000009 72 73
42782.62525000011 42956.03575000011 72 75
51049.150750000124 51223.063750000125 72 74
52444.5107500001 52619.4377500001 72 74
54016.97550000012 54190.386000000115 72 66
55060.46250000012 55234.881000000125 72 66
58107.00850000014 58281.93550000014 72 64
59156.65825000013 59329.56875000014 72 67
60379.097750000125 60552.00825000013 72 70
61073.76450000012 61248.69150000012 72 71
67690.6450000002 67863.0590000002 72 65
67863.0590000002 68035.4730000002 72 64
69069.95700000021 69246.25400000022 72 65
69246.25400000022 69426.43400000023 72 65
70505.17250000025 70681.93400000024 72 67
70681.93400000024 70861.03850000023 72 68
71925.25375000022 72099.67225000022 72 73
72099.67225000022 72274.09075000022 72 73
74817.20175000024 74997.38175000025 72 77
76418.56950000026 76592.48250000026 72 76
79037.80125000025 79210.21525000026 72 76
79210.21525000026 79382.62925000026 72 76
80417.11325000029 80590.78375000028 72 76
80590.78375000028 80765.71075000027 72 77
81818.04300000022 81991.45350000022 72 76
81991.45350000022 82164.8640000002 72 76
83210.63475000019 83302.47142500017 72 76
83385.56175000018 83560.48875000018 72 78
84619.15350000017 84793.57200000019 72 73
84793.57200000019 84967.99050000019 72 74
87424.22075000012 87597.38425000013 72 69
87597.38425000013 87771.29725000013 72 70
88814.88000000015 88903.99397500015 72 70
92977.54050000009 93149.9545000001 72 52
95739.77775000012 95912.19175000013 72 52
95912.19175000013 96084.60575000013 72 52
96952.95825000014 97127.88525000014 72 62
98522.78525000015 98695.19925000015 72 65
99212.44125000015 99356.1195833335 72 73
99557.26925000016 99729.68325000016 72 73
103110.07900000022 103283.99200000022 72 78
103802.73300000021 103975.14700000022 72 76
106933.03333333351 107105.94383333351 72 83
108331.78333333351 108507.73633333351 72 89
34299.01474999999 34471.42874999999 73 51
48271.40000000008 48443.814000000086 73 83
49650.712000000116 49823.12600000011 73 86
101378.78650000019 101551.2005000002 73 75
102762.25300000022 102936.16600000022 73 81
6352.786749999996 6537.402249999995 74 93
7820.095749999995 8000.275749999995 74 94
9244.41699999999 9418.329999999989 74 92
10635.720999999981 10809.63399999998 74 93
17613.69999999996 17788.118499999964 74 86
19015.185999999965 19191.138999999963 74 86
20333.295749999965 20506.206249999967 74 72
20506.206249999967 20679.11674999997 74 72
24504.60574999998 24681.354999999978 74 52
24681.354999999978 24859.926499999976 74 51
25915.455249999985 26087.869249999985 74 53
26087.869249999985 26260.28324999999 74 52
37242.05675000004 37414.470750000044 74 63
38448.95475000005 38621.36875000005 74 64
45482.62000000011 45657.54700000011 74 76
46882.03600000009 47056.96300000008 74 87
51223.063750000125 51396.97675000012 74 71
52269.58375000011 52444.5107500001 74 69
56891.85675000014 57066.27525000014 74 63
57760.17925000014 57933.089750000145 74 65
58983.74775000013 59156.65825000013 74 66
59678.41450000013 59853.341500000126 74 68
61855.91000000012 62028.324000000124 74 90
73439.98275000018 73624.59825000018 74 93
74907.29175000024 75087.47175000024 74 93
76331.61300000026 76505.52600000026 74 93
77722.91700000025 77896.83000000025 74 92
84706.36275000017 84880.78125000019 74 83
86107.84875000015 86283.80175000014 74 82
87510.42775000013 87684.34075000013 74 77
93149.9545000001 93322.3685000001 74 51
94356.8525000001 94529.2665000001 74 51
99988.30425000018 100162.72275000018 74 80
103975.14700000022 104147.56100000022 74 72
105354.95550000023 105499.04758333357 74 76
30179.68825000003 30357.203250000028 75 72
41135.22550000009 41308.63600000009 75 78
41308.63600000009 41482.0465000001 75 85
42695.92000000011 42869.33050000011 75 82
42869.33050000011 43042.74100000011 75 77
43909.79350000013 44083.20400000013 75 76
44083.20400000013 44258.131000000125 75 80
63250.754000000146 63423.16800000014 75 91
83298.09825000018 83473.02525000018 75 90
88901.08700000015 89075.50550000014 75 79
96778.03125000015 96952.95825000014 75 61
99643.47625000017 99815.89025000017 75 84
102589.83900000021 102762.25300000022 75 76
689.6560000000001 862.0700000000002 76 93
2068.9679999999994 2249.1479999999997 76 93
4925.266999999999 5099.685499999999 76 93
12036.812249999977 12209.226249999978 76 89
13416.124249999977 13591.051249999977 76 90
16210.902249999968 16385.829249999966 76 90
20419.750999999967 20592.661499999966 76 77
21803.034999999967 21975.945499999965 76 75
23110.680749999978 23283.094749999982 76 52
23283.094749999982 23455.508749999986 76 51
26001.662249999983 26174.076249999987 76 66
27388.992250000003 27563.410750000006 76 74
28784.340250000016 28958.758750000015 76 82
31592.44175000001 31767.368750000005 76 62
32991.85774999999 33166.784749999984 76 61
34471.42874999999 34643.842749999996 76 50
34988.670750000005 35081.38064375001 76 52
35334.99350000001 35508.40400000001 76 52
39918.08700000007 40090.50100000008 76 85
46707.10900000009 46882.03600000009 76 76
48443.814000000086 48616.22800000009 76 77
49478.29800000011 49650.712000000116 76 77
54103.680750000116 54277.09125000012 76 61
54973.25325000012 55147.671750000125 76 64
57587.26875000014 57760.17925000014 76 65
58281.93550000014 58456.862500000134 76 64
60465.55300000013 60638.46350000013 76 83
60986.30100000012 61161.22800000012 76 77
64993.70200000016 65166.11600000016 76 91
65166.11600000016 65338.53000000016 76 80
66205.09700000017 66379.01000000017 76 76
66379.01000000017 66552.92300000017 76 85
67776.85200000019 67949.26600000019 76 76
69156.16400000022 69336.34400000023 76 76
72012.46300000022 72186.88150000022 76 89
79124.00825000026 79296.42225000027 76 93
80503.32025000028 80678.24725000028 76 94
90292.39325000015 90464.80725000016 76 78
91675.69125000013 91849.10175000012 76 75
95825.98475000013 95998.39875000014 76 65
96429.43375000014 96519.28506250014 76 63
98695.19925000015 98867.61325000014 76 67
101551.2005000002 101723.6145000002 76 73
107105.94383333351 107278.85433333351 76 75
108156.34483333351 108331.78333333351 76 78
3505.185749999999 3684.290249999999 77 93
9418.329999999989 9592.242999999988 77 82
10461.80799999998 10635.720999999981 77 83
14817.552249999973 14990.962749999973 77 89
14990.962749999973 15164.373249999971 77 82
23196.88774999998 23369.301749999984 77 61
24592.06924999998 24770.640749999977 77 61
37155.84975000004 37328.26375000004 77 73
38535.16175000005 38707.575750000055 77 72
45657.54700000011 45832.474000000104 77 71
52182.12025000011 52357.047250000105 77 66
54798.83475000012 54973.25325000012 77 67
57066.27525000014 57240.693750000144 77 64
59070.20300000013 59243.11350000014 77 77
59590.95100000013 59765.87800000013 77 72
61161.22800000012 61336.155000000115 77 86
61683.496000000116 61855.91000000012 77 80
70592.38175000025 70771.48625000023 77 82
76505.52600000026 76679.43900000026 77 82
77549.00400000025 77722.91700000025 77 83
81904.74825000022 82078.1587500002 77 88
82078.1587500002 82251.5692500002 77 82
93063.74750000008 93236.16150000009 77 63
94443.0595000001 94615.47350000011 77 62
97215.34875000014 97390.27575000013 77 68
104061.35400000022 104233.76800000023 77 69
105268.50025000023 105441.41075000023 77 73
7639.915749999995 7820.095749999995 78 82
16035.975249999972 16210.902249999968 78 83
51310.020250000125 51483.93325000012 78 68
63078.34000000014 63250.754000000146 78 80
74727.11175000023 74907.29175000024 78 83
83123.17125000019 83298.09825000018 78 83
96865.49475000014 97040.42175000014 78 68
99471.06225000016 99643.47625000017 78 79
102503.63200000022 102676.0460000002 78 71
862.0700000000002 1034.4840000000002 79 82
1896.5539999999994 2068.9679999999994 79 83
6537.402249999995 6722.0177499999945 79 82
10374.851499999982 10548.764499999981 79 79
12209.226249999978 12381.640249999977 79 82
13243.710249999976 13416.124249999977 79 83
17788.118499999964 17962.536999999964 79 77
18839.232999999964 19015.185999999965 79 78
20592.661499999966 20765.571999999967 79 74
21630.124499999965 21803.034999999967 79 71
34385.22174999999 34557.635749999994 79 62
35421.69875000001 35595.109250000016 79 65
37328.26375000004 37500.677750000046 79 67
38362.747750000046 38535.16175000005 79 68
40090.50100000008 40262.91500000008 79 77
52007.19325000011 52182.12025000011 79 68
54277.09125000012 54450.50175000012 79 64
57673.72400000014 57846.634500000146 79 75
58194.47200000014 58369.399000000136 79 68
59765.87800000013 59940.805000000124 79 78
60292.642500000125 60465.55300000013 79 75
67949.26600000019 68121.6800000002 79 70
68983.75000000022 69156.16400000022 79 70
73624.59825000018 73809.2137500002 79 82
77462.04750000025 77635.96050000025 79 78
79296.42225000027 79468.83625000027 79 82
80330.90625000028 80503.32025000028 79 83
84880.78125000019 85055.19975000019 79 76
85931.89575000016 86107.84875000015 79 76
94270.6455000001 94443.0595000001 79 56
98608.99225000014 98781.40625000015 79 75
98781.40625000015 98953.82025000015 79 73
99126.23425000015 99284.28041666682 79 77
101637.40750000019 101809.8215000002 79 69
105095.83800000022 105268.50025000023 79 74
107192.39908333351 107365.06133333352 79 72
107365.06133333352 107542.17733333351 79 72
107894.20858333351 108068.88133333351 79 75
108068.88133333351 108244.0640833335 79 73
9505.286499999987 9679.199499999986 80 79
32816.93074999999 32991.85774999999 80 54
43823.088250000124 43996.49875000013 80 71
45745.010500000106 45919.9375000001 80 67
46619.645500000086 46794.57250000009 80 71
65252.323000000164 65424.73700000016 80 76
66118.14050000017 66292.05350000017 80 72
76592.48250000026 76766.39550000026 80 77
90464.80725000016 90637.22125000016 80 71
91502.28075000014 91675.69125000013 80 69
104233.76800000023 104406.18200000023 80 71
104751.01000000024 104840.0905666669 80 74
3684.290249999999 3863.3947499999995 81 82
4750.848499999999 4925.266999999999 81 83
7549.8257499999945 7730.005749999995 81 80
27214.573750000003 27388.992250000003 81 63
28958.758750000015 29133.177250000015 81 73
30005.269750000025 30179.68825000003 81 67
31767.368750000005 31942.295750000005 81 54
34557.635749999994 34730.04975 81 55
34902.46375 35074.87775000001 81 57
35248.28825000001 35421.69875000001 81 57
42956.03575000011 43129.44625000012 81 74
48530.02100000009 48702.43500000009 81 73
48702.43500000009 48874.8490000001 81 74
49219.677000000105 49392.09100000011 81 74
49392.09100000011 49564.505000000114 81 72
51483.93325000012 51657.84625000012 81 67
56979.06600000014 57153.48450000014 81 74
58369.399000000136 58544.32600000013 81 75
58897.292500000134 59070.20300000013 81 70
61248.69150000012 61423.61850000012 81 73
61597.28900000012 61769.70300000012 81 76
62992.13300000014 63164.547000000144 81 75
70771.48625000023 70950.59075000024 81 73
71838.04450000022 72012.46300000022 81 79
74637.02175000023 74817.20175000024 81 76
87684.34075000013 87858.25375000013 81 73
88728.67300000014 88901.08700000015 81 74
93236.16150000009 93408.5755000001 81 55
96690.56775000015 96865.49475000014 81 63
99384.85525000015 99557.26925000016 81 75
102331.21800000021 102503.63200000022 81 72
40176.70800000008 40349.122000000076 82 73
41048.52025000009 41221.930750000094 82 74
45919.9375000001 46094.8645000001 82 65
46444.71850000009 46619.645500000086 82 70
95998.39875000014 96170.81275000014 82 58
96343.22675000015 96515.64075000015 82 63
101809.8215000002 101982.2355000002 82 71
6629.709999999995 6816.357249999995 83 80
6816.357249999995 7005.036249999996 83 80
10200.938499999984 10374.851499999982 83 79
18575.303499999965 18751.256499999963 83 75
18751.256499999963 18927.209499999964 83 75
24417.142249999983 24592.06924999998 83 56
26174.076249999987 26346.49024999999 83 58
29743.64200000002 29918.060500000025 83 68
29918.060500000025 30092.479000000025 83 63
31854.832250000003 32029.759250000006 83 50
32029.759250000006 32204.686250000002 83 50
32554.540249999995 32729.46724999999 83 49
32729.46724999999 32904.39424999999 83 50
38276.540750000044 38448.95475000005 83 65
43649.677750000126 43823.088250000124 83 73
54190.386000000115 54363.79650000012 83 73
54886.04400000012 55060.46250000012 83 74
57153.48450000014 57327.903000000144 83 68
57500.81350000014 57673.72400000014 83 68
59853.341500000126 60028.26850000012 83 68
60206.18725000013 60379.097750000125 83 70
65424.73700000016 65597.15100000017 83 75
65944.22750000017 66118.14050000017 83 74
73716.90600000019 73903.5532500002 83 76
73903.5532500002 74092.2322500002 83 76
77288.13450000025 77462.04750000025 83 77
85667.96625000016 85843.91925000015 83 73
85843.91925000015 86019.87225000015 83 73
90551.01425000017 90723.42825000017 83 67
90723.42825000017 90895.84225000018 83 68
91242.16500000015 91415.57550000015 83 65
91415.57550000015 91588.98600000014 83 66
105182.04500000023 105354.95550000023 83 81
948.2770000000002 1120.691 84 80
1120.691 1293.105 84 80
1637.9329999999995 1810.3469999999995 84 80
1810.3469999999995 1982.7609999999993 84 80
3773.8424999999993 3952.9469999999997 84 80
3952.9469999999997 4132.0515 84 81
4489.2207499999995 4663.639249999999 84 80
4663.639249999999 4838.057749999999 84 80
7369.645749999995 7549.8257499999945 84 80
9679.199499999986 9853.112499999987 84 80
12295.433249999976 12467.847249999977 84 79
12467.847249999977 12640.261249999978 84 80
12985.089249999977 13157.503249999976 84 80
13157.503249999976 13329.917249999977 84 81
15077.667999999972 15251.078499999972 84 79
15251.078499999972 15424.48899999997 84 80
15773.58474999997 15948.51174999997 84 79
15948.51174999997 16123.43874999997 84 80
17875.327749999964 18049.746249999967 84 75
18049.746249999967 18224.164749999967 84 76
21370.758749999964 21543.669249999966 84 69
21543.669249999966 21716.579749999964 84 68
23369.301749999984 23541.71574999999 84 56
26952.946 27127.364500000003 84 57
27127.364500000003 27301.783000000003 84 58
29045.968000000015 29220.38650000002 84 70
29220.38650000002 29394.80500000002 84 71
35161.583000000006 35334.99350000001 84 52
37414.470750000044 37586.88475000005 84 62
40349.122000000076 40521.53600000008 84 75
40875.10975000008 41048.52025000009 84 74
43129.44625000012 43302.856750000115 84 75
51396.97675000012 51570.88975000012 84 75
52094.65675000011 52269.58375000011 84 73
54363.79650000012 54537.207000000126 84 66
54711.62550000012 54886.04400000012 84 67
58456.862500000134 58631.78950000013 84 65
58810.837250000135 58983.74775000013 84 67
61423.61850000012 61516.11074166678 84 75
68035.4730000002 68207.88700000019 84 64
68207.88700000019 68380.3010000002 84 65
68725.1290000002 68897.54300000021 84 68
68897.54300000021 69069.95700000021 84 66
70861.03850000023 71040.14300000023 84 69
71040.14300000023 71219.24750000022 84 69
71576.41675000022 71750.83525000022 84 71
71750.83525000022 71925.25375000022 84 72
74456.84175000023 74637.02175000023 84 76
76766.39550000026 76940.30850000026 84 78
79382.62925000026 79555.04325000026 84 76
79555.04325000026 79727.45725000027 84 78
80072.28525000028 80244.69925000028 84 77
80244.69925000028 80417.11325000029 84 76
82164.8640000002 82338.2745000002 84 77
82338.2745000002 82511.68500000019 84 78
82860.7807500002 83035.70775000019 84 78
83035.70775000019 83210.63475000019 84 79
84967.99050000019 85142.40900000019 84 72
85142.40900000019 85316.82750000019 84 75
87771.29725000013 87945.21025000013 84 72
87945.21025000013 88119.12325000014 84 72
88470.05200000014 88642.46600000015 84 69
88642.46600000015 88814.88000000015 84 70
93322.3685000001 93494.7825000001 84 52
96084.60575000013 96257.01975000014 84 53
96257.01975000014 96429.43375000014 84 61
96603.10425000015 96778.03125000015 84 61
98867.61325000014 99040.02725000014 84 68
99040.02725000014 99212.44125000015 84 72
104147.56100000022 104319.97500000022 84 78
107278.85433333351 107451.26833333352 84 87
107981.41783333351 108156.34483333351 84 91
34643.842749999996 34816.25675 85 50
34816.25675 34988.670750000005 85 52
48616.22800000009 48788.642000000094 85 85
49305.88400000011 49478.29800000011 85 85
101723.6145000002 101896.0285000002 85 80
102417.4250000002 102589.83900000021 85 82
6722.0177499999945 6910.6967499999955 86 94
7459.735749999994 7639.915749999995 86 95
9592.242999999988 9766.155999999986 86 93
10287.894999999982 10461.80799999998 86 94
17962.536999999964 18136.955499999967 86 88
18663.279999999966 18839.232999999964 86 87
20679.11674999997 20852.027249999966 86 72
20852.027249999966 21024.93774999997 86 72
24154.75174999999 24329.678749999985 86 53
24329.678749999985 24504.60574999998 86 53
26260.28324999999 26432.697249999994 86 53
26432.697249999994 26605.111249999998 86 54
37586.88475000005 37759.298750000045 86 64
38104.12675000004 38276.540750000044 86 64
45832.474000000104 46007.4010000001 86 76
46532.18200000009 46707.10900000009 86 84
51570.88975000012 51744.80275000012 86 70
51919.729750000115 52094.65675000011 86 71
57240.693750000144 57330.06438125014 86 64
57414.35825000014 57587.26875000014 86 65
60028.26850000012 60126.936604166796 86 68
61511.08200000012 61683.496000000116 86 90
73809.2137500002 73997.8927500002 86 94
74546.93175000022 74727.11175000023 86 95
76679.43900000026 76853.35200000026 86 94
77375.09100000025 77549.00400000025 86 94
85055.19975000019 85229.61825000019 86 85
85755.94275000016 85931.89575000016 86 83
87858.25375000013 88032.16675000013 86 81
93494.7825000001 93667.19650000011 86 53
94012.0245000001 94184.43850000009 86 52
94184.43850000009 94356.8525000001 86 50
104319.97500000022 104492.38900000023 86 75
104664.80300000023 104837.21700000024 86 78
105009.63100000023 105182.04500000023 86 79
29830.85125000002 30005.269750000025 87 78
40788.404500000084 40961.81500000009 87 79
40961.81500000009 41135.22550000009 87 87
43042.74100000011 43216.151500000116 87 85
43216.151500000116 43389.56200000012 87 78
43562.97250000012 43736.383000000125 87 77
43736.383000000125 43909.79350000013 87 85
62905.92600000014 63078.34000000014 87 91
88556.25900000014 88728.67300000014 87 81
99298.64825000016 99471.06225000016 87 86
102245.0110000002 102417.4250000002 87 79
1034.4840000000002 1206.8980000000001 88 93
1724.1399999999996 1896.5539999999994 88 94
4576.429999999999 4750.848499999999 88 95
12381.640249999977 12554.054249999977 88 90
13071.296249999976 13243.710249999976 88 92
15861.04824999997 16035.975249999972 88 93
20765.571999999967 20938.482499999966 88 80
21457.213999999964 21630.124499999965 88 78
23455.508749999986 23627.92274999999 88 52
23627.92274999999 23800.33674999999 88 54
26346.49024999999 26518.904249999996 88 66
27040.15525 27214.573750000003 88 71
29133.177250000015 29307.59575000002 88 83
31942.295750000005 32117.222750000004 88 62
32642.003749999993 32816.93074999999 88 61
40262.91500000008 40435.32900000008 88 86
46357.25500000009 46532.18200000009 88 74
48788.642000000094 48961.0560000001 88 78
49133.4700000001 49305.88400000011 88 79
54450.50175000012 54543.74769375012 88 63
54624.41625000012 54798.83475000012 88 65
58631.78950000013 58731.5866041668 88 65
60119.73200000013 60292.642500000125 88 80
61336.155000000115 61511.08200000012 88 79
65338.53000000016 65510.94400000016 88 91
65510.94400000016 65683.35800000017 88 80
65857.27100000017 66031.18400000017 88 79
66031.18400000017 66205.09700000017 88 88
68121.6800000002 68294.0940000002 88 77
68811.33600000021 68983.75000000022 88 77
71663.62600000022 71838.04450000022 88 89
79468.83625000027 79641.25025000027 88 94
80158.49225000027 80330.90625000028 88 95
82948.24425000019 83123.17125000019 88 91
90637.22125000016 90809.63525000017 88 80
91328.87025000015 91502.28075000014 88 79
98953.82025000015 99126.23425000015 88 80
101896.0285000002 102072.5970000002 88 77
107451.26833333352 107633.08633333351 88 78
107806.9993333335 107981.41783333351 88 80
3863.3947499999995 4042.49925 89 94
9766.155999999986 9940.068999999985 89 83
10113.981999999984 10287.894999999982 89 84
15164.373249999971 15337.783749999971 89 92
15337.783749999971 15511.194249999971 89 83
23541.71574999999 23714.12974999999 89 62
24242.215249999987 24417.142249999983 89 62
37500.677750000046 37673.09175000005 89 72
38190.33375000004 38362.747750000046 89 74
46007.4010000001 46182.328000000096 89 71
51832.26625000012 52007.19325000011 89 68
58724.382000000136 58897.292500000134 89 76
59940.805000000124 60119.73200000013 89 74
70950.59075000024 71129.69525000022 89 83
76853.35200000026 77027.26500000026 89 83
77201.17800000025 77375.09100000025 89 84
82251.5692500002 82424.97975000019 89 90
82424.97975000019 82598.39025000019 89 83
93408.5755000001 93580.9895000001 89 63
94098.2315000001 94270.6455000001 89 63
104406.18200000023 104578.59600000024 89 72
104578.59600000024 104751.01000000024 89 74
104923.42400000022 105095.83800000022 89 74
7279.555749999995 7459.735749999994 90 84
15686.121249999971 15861.04824999997 90 84
51657.84625000012 51749.17592500012 90 67
74366.75175000021 74546.93175000022 90 84
82773.3172500002 82948.24425000019 90 84
96515.64075000015 96690.56775000015 90 70
102158.80400000021 102331.21800000021 90 75
1206.8980000000001 1379.312 91 83
1551.7259999999997 1724.1399999999996 91 84
6910.6967499999955 7083.652499999995 91 83
10027.025499999985 10200.938499999984 91 79
12554.054249999977 12726.468249999976 91 83
12898.882249999977 13071.296249999976 91 84
18136.955499999967 18311.373999999967 91 78
18487.326999999965 18663.279999999966 91 79
20938.482499999966 21111.392999999967 91 74
21284.303499999965 21457.213999999964 91 73
34730.04975 34902.46375 91 63
35074.87775000001 35248.28825000001 91 65
37673.09175000005 37845.50575000005 91 67
38017.91975000004 38190.33375000004 91 68
40435.32900000008 40614.99400000008 91 78
57327.903000000144 57500.81350000014 91 75
58544.32600000013 58724.382000000136 91 69
68294.0940000002 68466.5080000002 91 70
68638.92200000021 68811.33600000021 91 71
73997.8927500002 74186.5717500002 91 83
77114.22150000026 77288.13450000025 91 78
79641.25025000027 79813.66425000028 91 83
79986.07825000028 80158.49225000027 91 84
85229.61825000019 85404.03675000019 91 77
85579.98975000017 85755.94275000016 91 78
93925.81750000009 94098.2315000001 91 57
96170.81275000014 96343.22675000015 91 70
101982.2355000002 102075.47056666686 91 73
107542.17733333351 107720.04283333351 91 75
107720.04283333351 107894.20858333351 91 75
9853.112499999987 9942.242912499985 92 80
32467.076749999997 32642.003749999993 92 54
43476.26725000012 43649.677750000126 92 73
46094.8645000001 46186.7011750001 92 67
46269.791500000094 46444.71850000009 92 70
65597.15100000017 65770.31450000017 92 75
65770.31450000017 65944.22750000017 92 77
76940.30850000026 77031.61282500025 92 76
90809.63525000017 90982.04925000017 92 71
91155.45975000017 91328.87025000015 92 71
4042.49925 4227.593 93 83
4402.0115 4576.429999999999 93 84
7005.036249999996 7176.702999999994 93 79
7189.465749999995 7369.645749999995 93 80
26865.73675 27040.15525 93 59
29307.59575000002 29482.014250000022 93 74
29656.43275000002 29830.85125000002 93 75
32117.222750000004 32292.14975 93 54
43302.856750000115 43392.452175000115 93 75
48874.8490000001 49047.2630000001 93 74
49047.2630000001 49219.677000000105 93 74
71129.69525000022 71314.78900000022 93 74
71489.20750000022 71663.62600000022 93 77
74092.2322500002 74188.82400000021 93 76
74276.66175000022 74456.84175000023 93 77
88032.16675000013 88211.43100000013 93 74
88383.84500000013 88556.25900000014 93 75
93580.9895000001 93753.4035000001 93 56
40701.699250000085 40875.10975000008 94 75
18399.350499999964 18575.303499999965 95 76
24067.28824999999 24242.215249999987 95 56
26518.904249999996 26691.318249999997 95 59
29569.223500000022 29743.64200000002 95 71
32204.686250000002 32295.7940625 95 50
32379.61325 32554.540249999995 95 49
37931.71275000004 38104.12675000004 95 64
54537.207000000126 54711.62550000012 95 75
85492.01325000016 85667.96625000016 95 73
90895.84225000018 91068.75450000017 95 68
91068.75450000017 91242.16500000015 95 69
93839.6105000001 94012.0245000001 95 53
104837.21700000024 105009.63100000023 95 86
1293.105 1465.5189999999998 96 81
1465.5189999999998 1637.9329999999995 96 80
4132.0515 4231.226718749999 96 80
4314.80225 4489.2207499999995 96 80
12640.261249999978 12812.675249999977 96 80
12812.675249999977 12985.089249999977 96 80
15424.48899999997 15515.56742499997 96 80
15598.657749999971 15773.58474999997 96 80
18224.164749999967 18315.772824999967 96 76
21197.848249999963 21370.758749999964 96 69
23714.12974999999 23892.361249999994 96 56
26778.5275 26952.946 96 57
29394.80500000002 29488.55494375002 96 71
37759.298750000045 37850.534491666716 96 64
40521.53600000008 40620.051806250085 96 75
51744.80275000012 51919.729750000115 96 76
68380.3010000002 68552.7150000002 96 65
68552.7150000002 68725.1290000002 96 66
71219.24750000022 71322.05643750023 96 70
71401.99825000022 71576.41675000022 96 70
79727.45725000027 79899.87125000027 96 78
79899.87125000027 80072.28525000028 96 77
82511.68500000019 82602.03456250018 96 78
82685.8537500002 82860.7807500002 96 78
85316.82750000019 85408.43557500019 96 71
88119.12325000014 88215.02295833346 96 69
88297.63800000014 88470.05200000014 96 70
93667.19650000011 93757.7138500001 96 53
104492.38900000023 104664.80300000023 96 81
107633.08633333351 107806.9993333335 96 91
48961.0560000001 49133.4700000001 97 87
102072.5970000002 102245.0110000002 97 84
7099.375749999995 7279.555749999995 98 97
9940.068999999985 10113.981999999984 98 95
18311.373999999967 18487.326999999965 98 89
21024.93774999997 21119.3180645833 98 72
23979.824749999992 24154.75174999999 98 53
26605.111249999998 26698.5856875 98 55
46182.328000000096 46357.25500000009 98 83
74186.5717500002 74366.75175000021 98 96
77027.26500000026 77201.17800000025 98 95
85404.03675000019 85579.98975000017 98 87
29482.014250000022 29656.43275000002 99 86
40614.99400000008 40788.404500000084 99 89
43389.56200000012 43562.97250000012 99 86
88211.43100000013 88383.84500000013 99 82
1379.312 1551.7259999999997 100 95
4227.593 4402.0115 100 96
12726.468249999976 12898.882249999977 100 92
15511.194249999971 15686.121249999971 100 93
21111.392999999967 21284.303499999965 100 78
23800.33674999999 23894.54783749999 100 52
26691.318249999997 26865.73675 100 68
32292.14975 32467.076749999997 100 62
65683.35800000017 65857.27100000017 100 91
68466.5080000002 68638.92200000021 100 77
71314.78900000022 71489.20750000022 100 88
79813.66425000028 79986.07825000028 100 96
82598.39025000019 82773.3172500002 100 92
90982.04925000017 91155.45975000017 100 81
23892.361249999994 24067.28824999999 101 63
37845.50575000005 37936.74149166671 101 74
93753.4035000001 93925.81750000009 101 64
