71519.04258333342 71919.04258333342 34 74
73765.31787500008 74149.93287500007 34 72
75998.21437500007 76398.21437500008 34 79
78242.17012500008 78626.78512500007 34 69
159674.48220833353 160074.48220833353 34 74
161921.11608333356 162305.7310833336 34 72
164154.03908333363 164554.03908333363 34 79
166396.31408333368 166780.92908333373 34 69
36460.015416666676 37029.13979166668 35 46
124634.41079166673 125203.53516666673 35 46
314974.3444999996 317327.28449999954 35 37
7487.578416666665 8009.529641666665 37 50
42443.44483333336 42969.05459583335 37 50
95667.75004166676 96193.35980416676 37 50
130630.18620833344 131152.1374333334 37 50
185422.29683333368 186441.51983333367 37 53
210047.93858333366 211067.16158333365 37 53
274249.43608333304 274775.045845833 37 47
80473.26162500007 80873.26162500009 39 81
82724.9156250001 83109.53062500009 39 73
84986.3296250001 85370.94462500009 39 73
168625.70558333368 169025.70558333368 39 81
170877.35958333372 171261.97458333374 39 73
173138.7735833338 173523.38858333378 39 73
179353.43258333375 179877.21880833374 40 53
191661.05958333367 192659.01958333366 40 51
203959.81083333364 204483.59705833363 40 53
216262.11783333367 217260.07783333363 40 51
70936.51858333341 71601.54258333342 41 66
159091.95820833353 159756.98220833353 41 66
8990.310916666665 9742.583749999998 42 50
18020.188000000002 19099.140666666663 42 47
34953.73941666668 36551.68208333335 42 48
43946.17733333336 44698.4501666667 42 50
52984.26616666671 54033.86450000005 42 47
69906.47658333341 71519.04258333342 42 60
97170.48254166677 97922.75537500011 42 50
106203.63537500006 107257.69837500007 42 47
123128.13479166673 124726.0774583334 42 48
132132.91870833343 132885.19154166675 42 50
141157.93679166675 142197.3044583334 42 47
158061.9162083335 159674.48220833353 42 60
180862.03058333372 181858.5548333337 42 50
193169.65758333367 194166.18183333366 42 50
205468.40883333364 206464.93308333363 42 50
217770.71583333364 218767.24008333363 42 50
227792.24612500024 228286.32315625023 42 60
230275.67262500024 230771.23165625022 42 60
233196.65662500015 233508.07537500016 42 68
234431.48687500018 234741.83162500017 42 68
238015.94816666684 238510.02519791684 42 60
240520.08066666685 241015.6396979168 42 60
243441.06466666673 243752.48341666677 42 68
244675.8949166668 244986.23966666675 42 68
248104.34141666672 248837.22116666674 42 38
250594.11200000008 251319.68175000008 42 39
258279.39083333337 259004.9605833334 42 39
260866.72516666664 261630.16891666662 42 36
275752.168583333 276504.4414166663 42 47
284755.48499999975 285812.9709999997 42 47
313997.42749999964 314485.9479854163 42 44
314468.0154999996 314993.9523333329 42 39
26695.302916666675 27290.540416666674 43 55
29501.96791666668 30097.20541666668 43 54
30913.01791666668 31514.030416666683 43 51
31864.22491666668 32474.783416666683 43 48
32827.724416666686 33447.46341666668 43 46
33447.46341666668 36460.015416666676 43 52
61648.040083333406 62243.27758333341 43 55
64454.70508333341 65049.9425833334 43 54
65865.75508333341 66466.7675833334 43 51
66816.9620833334 67427.5205833334 43 48
67780.46158333341 68400.20058333341 43 46
68400.20058333341 70936.51858333341 43 52
114869.69829166673 115464.93579166674 43 55
117676.36329166671 118271.60079166671 43 54
119087.41329166671 119688.42579166671 43 51
120038.62029166672 120649.17879166671 43 48
121002.11979166672 121621.85879166673 43 46
121621.85879166673 124634.41079166673 43 52
149803.4797083335 150398.7172083335 43 55
152610.14470833354 153205.38220833353 43 54
154021.19470833353 154622.2072083335 43 51
154972.40170833352 155582.9602083335 43 48
155935.9012083335 156555.6402083335 43 46
156555.6402083335 159091.95820833353 43 52
182394.26883333368 183392.4008333337 43 54
194701.8958333337 195700.0278333337 43 54
207019.91058333364 208018.04258333365 43 54
219306.80808333363 220304.94008333367 43 54
263518.9206666665 264213.98366666655 43 35
293394.0089166663 293989.2464166663 43 55
296177.80949999974 296773.04699999973 43 54
297588.85949999973 298189.8719999997 43 51
298540.06649999967 299150.6249999997 43 48
299503.5659999997 300123.3049999997 43 46
300490.65199999965 301102.8969999997 43 45
301986.97874999966 302624.2809999996 43 41
183900.8758333337 184907.2758333337 44 50
196243.5058333337 196998.7973333337 44 55
208526.51758333365 209532.91758333368 44 50
220828.95708333366 221584.24858333368 44 55
264880.07666666654 265706.4611666665 44 34
266277.7376666665 267130.4609166665 45 34
72673.75858333343 72944.84308333343 46 73
74904.64887500007 75175.73337500008 46 73
77152.93037500008 77424.01487500008 46 73
78242.17012500008 78626.78512500007 46 72
79381.50112500008 79652.58562500008 46 73
160829.19820833352 161100.2827083335 46 73
163060.4470833336 163331.5315833336 46 73
165308.75508333364 165579.83958333364 46 73
166396.31408333368 166780.92908333373 46 72
167535.6450833337 167806.72958333365 46 73
197762.78083333367 198782.00383333364 46 53
199295.94333333365 200317.38633333365 46 50
222348.23208333366 223367.45508333363 46 53
223881.3945833336 224902.8375833336 46 50
267727.71966666647 268341.8956999998 46 33
1500.0 2069.124375 47 50
2996.1449999999995 3998.417833333333 47 50
4498.417833333333 5068.511333333333 47 50
5993.502583333332 6987.578416666665 47 50
18991.849 19560.973375 47 50
20487.994 21490.266833333335 47 50
21990.266833333335 22560.360333333334 47 50
23485.351583333333 24487.624416666666 47 50
36460.015416666676 37029.13979166668 47 50
37956.16041666669 38958.433250000024 47 50
39458.433250000024 40028.52675000002 47 50
40953.51800000002 41949.61783333336 47 50
53956.78116666672 54525.90554166672 47 50
55452.92616666672 56443.00400000006 47 50
56943.00400000006 57513.097500000054 47 50
58438.08875000005 59382.02825000006 47 50
89727.02062500008 90296.14500000008 47 50
91223.1656250001 91767.1051250001 47 50
92690.80045833343 93260.89395833343 47 50
94185.88520833344 95177.95404166676 47 50
107176.44837500007 107745.57275000006 47 50
108672.59337500007 109674.8662083334 47 50
110174.8662083334 110744.95970833341 47 50
111669.95095833341 112662.01979166675 47 50
124634.41079166673 125203.53516666673 47 50
126130.55579166673 127132.82862500007 47 50
127632.82862500007 128202.9221250001 47 50
129127.9133750001 130130.18620833344 47 50
142130.63779166676 142699.76216666674 47 50
143626.78279166674 144618.8516250001 47 50
145108.64762500013 145678.7411250001 47 50
146603.7323750001 147595.80120833346 47 50
177863.32558333376 178844.95758333374 47 50
190097.99008333372 190835.71958333367 47 50
202469.70383333365 203451.33583333364 47 50
214704.7478333337 215442.47733333366 47 50
228213.29912500025 228522.57737500023 47 68
230698.20762500024 231007.48587500022 47 68
235725.70912500014 236067.91462500015 47 61
238437.00116666686 238746.27941666683 47 68
240942.61566666682 241251.8939166668 47 68
248526.87641666672 248935.58191666676 47 44
251009.3370000001 251418.0425000001 47 44
258694.61583333337 259103.32133333338 47 44
261289.26016666662 261735.8026666666 47 41
268249.4586666665 268822.7850416665 47 42
269749.8056666664 270752.07849999977 47 42
271252.07849999977 271822.17199999973 47 42
272747.1632499997 273749.43608333304 47 42
285728.59599999967 286297.7203749997 47 50
287224.74099999963 288205.101833333 47 50
288705.101833333 289275.19533333293 47 50
290200.18658333295 291186.3304166663 47 50
314974.3444999996 317327.28449999954 47 44
26101.939916666674 26695.302916666675 48 57
27290.540416666674 28002.950916666672 48 59
28908.604916666678 29501.96791666668 48 57
30097.20541666668 30913.01791666668 48 56
31026.22541666668 31864.22491666668 48 58
31980.956416666682 32827.724416666686 48 56
32945.37141666668 34953.73941666668 48 53
61054.6770833334 61648.040083333406 48 57
62243.27758333341 62955.688083333414 48 59
63861.34208333342 64454.70508333341 48 57
65049.9425833334 65865.75508333341 48 56
65978.96258333341 66816.9620833334 48 58
66933.69358333341 67780.46158333341 48 56
67898.10858333341 69906.47658333341 48 53
114276.33529166674 114869.69829166673 48 57
115464.93579166674 116177.34629166673 48 59
117083.00029166671 117676.36329166671 48 57
118271.60079166671 119087.41329166671 48 56
119200.62079166672 120038.62029166672 48 58
120155.35179166672 121002.11979166672 48 56
121119.76679166673 123128.13479166673 48 53
149210.1167083335 149803.4797083335 48 57
150398.7172083335 151111.1277083335 48 59
152016.78170833352 152610.14470833354 48 57
153205.38220833353 154021.19470833353 48 56
154134.40220833351 154972.40170833352 48 58
155089.1332083335 155935.9012083335 48 56
156053.5482083335 158061.9162083335 48 53
292800.6459166663 293394.0089166663 48 57
293989.2464166663 294491.93649999966 48 59
295584.4464999997 296177.80949999974 48 57
296773.04699999973 297588.85949999973 48 56
297702.0669999997 298540.06649999967 48 58
298656.7979999997 299503.5659999997 48 56
299621.2129999997 300490.65199999965 48 53
301102.8969999997 301986.97874999966 48 45
302624.2809999996 303271.05497291626 48 41
7987.578416666665 8508.239033333331 49 34
8501.266916666666 9117.583749999998 49 33
9492.583749999998 10009.583749999998 49 31
13323.848999999997 18051.632066666665 49 47
42943.44483333336 43469.08553333336 49 34
43457.13333333336 44073.4501666667 49 33
44448.4501666667 44965.518450000025 49 31
48280.57566666671 53015.767166666716 49 47
88869.68129166674 89325.64504166674 49 55
96167.75004166676 96697.37480833344 49 34
96681.43854166676 97297.75537500011 49 33
97672.75537500011 98188.81964166676 49 31
101507.28687500006 106235.15624166673 49 47
131130.1862083334 131656.82292500007 49 34
131643.8747083334 132260.19154166675 49 33
132635.19154166675 133152.32863958343 49 31
136472.17554166674 141189.45019166675 49 47
177023.64200000046 177473.49208333375 49 56
189529.80808333374 190271.8583395837 49 39
201903.01233333364 202476.90547708364 49 23
214157.3028333337 214878.6160895837 49 34
248837.22116666674 248953.18754166676 49 41
251319.68175000008 251435.6481250001 49 41
259004.9605833334 259120.92695833338 49 41
261630.16891666662 262180.2466666666 49 38
274749.43608333304 275277.0688166663 49 32
275263.124583333 275879.4414166663 49 31
276254.4414166663 276782.553883333 49 29
280093.2471666663 284787.0257333331 49 47
24487.624416666666 25432.50641666667 50 66
25865.71941666667 26338.160416666673 50 63
26338.160416666673 26814.350416666675 50 64
26814.350416666675 27766.730416666673 50 64
27766.730416666673 28239.171416666675 50 66
28672.38441666668 29144.82541666668 50 63
29144.82541666668 29621.01541666668 50 64
29621.01541666668 30573.395416666677 50 62
30573.395416666677 31026.22541666668 50 60
31514.030416666683 31980.956416666682 50 57
32474.783416666683 32945.37141666668 50 55
59440.36158333339 60385.2435833334 50 66
60818.4565833334 61290.897583333404 50 63
61290.897583333404 61767.08758333341 50 64
61767.08758333341 62719.46758333341 50 64
62719.46758333341 63191.90858333342 50 66
63625.12158333341 64097.56258333341 50 63
64097.56258333341 64573.7525833334 50 64
64573.7525833334 65526.132583333405 50 62
65526.132583333405 65978.96258333341 50 60
66466.7675833334 66933.69358333341 50 57
67427.5205833334 67898.10858333341 50 55
89289.93079166673 89789.52062500008 50 54
112662.01979166675 113606.90179166675 50 66
114040.11479166674 114512.55579166675 50 63
114512.55579166675 114988.74579166673 50 64
114988.74579166673 115941.12579166674 50 64
115941.12579166674 116413.56679166674 50 66
116846.77979166672 117319.22079166672 50 63
117319.22079166672 117795.41079166671 50 64
117795.41079166671 118747.79079166672 50 62
118747.79079166672 119200.62079166672 50 60
119688.42579166671 120155.35179166672 50 57
120649.17879166671 121119.76679166673 50 55
147595.80120833346 148540.68320833347 50 66
148973.8962083335 149446.33720833348 50 63
149446.33720833348 149922.5272083335 50 64
149922.5272083335 150874.9072083335 50 64
150874.9072083335 151347.3482083335 50 66
151780.56120833353 152253.00220833352 50 63
152253.00220833352 152729.19220833352 50 64
152729.19220833352 153681.57220833353 50 62
153681.57220833353 154134.40220833351 50 60
154622.2072083335 155089.1332083335 50 57
155582.9602083335 156053.5482083335 50 55
186952.0070833337 187973.4500833337 50 50
211577.6488333337 212111.69656666703 50 50
261735.8026666666 262624.69066666655 50 41
291186.3304166663 292131.2124166663 50 66
292564.4254166663 293036.8664166663 50 63
293036.8664166663 293513.05641666637 50 64
293513.05641666637 294452.5664166663 50 64
294452.5664166663 294915.0129999997 50 66
295348.22599999973 295820.6669999997 50 63
295820.6669999997 296296.8569999998 50 64
296296.8569999998 297249.23699999973 50 62
297249.23699999973 297702.0669999997 50 60
298189.8719999997 298656.7979999997 50 57
299150.6249999997 299621.2129999997 50 55
300123.3049999997 300613.1009999997 50 54
300613.1009999997 301613.5349999997 50 51
301613.5349999997 302111.4599999996 50 50
302111.4599999996 303155.2539999996 50 46
314974.3444999996 317327.28449999954 50 47
81627.97762500009 81899.06212500008 51 73
82340.30062500009 82821.0693750001 51 68
83864.2466250001 84144.6206250001 51 73
84601.7146250001 85031.20137500009 51 68
169780.4215833337 170051.5060833337 51 73
170492.7445833337 170973.5133333337 51 68
172016.69058333375 172297.06458333376 51 73
172754.15858333377 173286.2093333338 51 68
182900.5978333337 183900.8758333337 51 39
183392.4008333337 183913.5877083337 51 37
184409.35083333368 185467.3611708337 51 36
188488.47108333372 189529.80808333374 51 55
195208.2248333337 196243.5058333337 51 39
195700.0278333337 196255.10920625034 51 37
200832.40733333363 201631.51933333365 51 55
207526.23958333363 208526.51758333365 51 39
208018.04258333365 208533.93284375034 51 37
209034.99258333366 210093.00292083368 51 36
213114.11283333367 214157.3028333337 51 55
219813.13708333366 220828.95708333366 51 39
220304.94008333367 220836.341047917 51 37
225417.85858333358 226196.0375833336 51 55
248935.58191666676 249756.7147500001 51 45
251418.0425000001 252239.17533333343 51 45
255941.4303333334 256415.2148333334 51 44
259103.32133333338 259956.52716666667 51 45
25432.50641666667 25721.31508333334 52 65
25721.31508333334 26101.939916666674 52 55
28239.171416666675 28527.980083333343 52 65
28527.980083333343 28908.604916666678 52 55
60385.2435833334 60674.052250000066 52 65
60674.052250000066 61054.6770833334 52 55
63191.90858333342 63480.71725000008 52 65
63480.71725000008 63861.34208333342 52 55
113606.90179166675 113895.71045833341 52 65
113895.71045833341 114276.33529166674 52 55
116413.56679166674 116702.3754583334 52 65
116702.3754583334 117083.00029166671 52 55
148540.68320833347 148829.49187500015 52 65
148829.49187500015 149210.1167083335 52 55
151347.3482083335 151636.1568750002 52 65
151636.1568750002 152016.78170833352 52 55
231962.5716250002 232272.91637500018 52 68
242206.97966666677 242517.32441666676 52 68
247672.68641666672 248526.87641666672 52 44
250170.0840000001 251009.3370000001 52 45
255112.92808333342 255514.38433333344 52 44
255514.38433333344 256283.6358333334 52 45
256283.6358333334 256903.01983333335 52 41
257855.36283333335 258694.61583333337 52 45
260428.76916666667 261289.26016666662 52 42
263080.9646666665 263985.8466666665 52 41
264442.12066666654 265356.2666666665 52 40
265823.1926666665 266761.6086666665 52 39
267253.41166666645 268249.4586666665 52 39
292131.2124166663 292420.021083333 52 65
292420.021083333 292800.6459166663 52 55
294915.0129999997 295203.82166666636 52 65
295203.82166666636 295584.4464999997 52 55
313997.42749999964 314468.0154999996 52 50
314468.0154999996 314993.9523333329 52 49
7987.578416666665 8508.239033333331 53 34
8501.266916666666 9117.583749999998 53 33
25576.910750000003 25865.71941666667 53 57
28383.57575000001 28672.38441666668 53 57
42943.44483333336 43469.08553333336 53 34
43457.13333333336 44073.4501666667 53 33
60529.647916666734 60818.4565833334 53 57
63336.31291666675 63625.12158333341 53 57
70936.51858333341 71601.54258333342 53 62
71919.04258333342 72311.33767083343 53 54
73380.70287500008 73861.47162500008 53 68
74149.93287500007 74533.58017500008 53 54
75613.59937500008 76080.71437500007 53 68
76398.21437500008 76782.64783750007 53 54
77857.55512500007 78338.32387500007 53 68
78626.78512500007 79017.50788750008 53 54
80088.64662500008 80555.76162500007 53 68
96167.75004166676 96697.37480833344 53 34
96681.43854166676 97297.75537500011 53 33
113751.30612500009 114040.11479166674 53 57
116557.97112500007 116846.77979166672 53 57
131130.1862083334 131656.82292500007 53 34
131643.8747083334 132260.19154166675 53 33
148685.0875416668 148973.8962083335 53 57
151491.75254166685 151780.56120833353 53 57
159091.95820833353 159756.98220833353 53 62
160074.48220833353 160461.27415833352 53 54
161536.50108333354 162017.2698333336 53 68
162305.7310833336 162694.09535833358 53 54
163769.4240833336 164236.53908333363 53 68
164554.03908333363 164938.47254583365 53 54
166011.69908333366 166492.4678333337 53 68
166780.92908333373 167173.22417083368 53 54
168241.0905833337 168708.2055833337 53 68
196749.8348333337 197263.85423958368 53 36
221335.28608333366 221846.08660833366 53 36
274749.43608333304 275277.0688166663 53 32
275263.124583333 275879.4414166663 53 31
292275.61674999964 292564.4254166663 53 57
295059.41733333305 295348.22599999973 53 57
3498.417833333333 4501.542833333333 54 26
4998.417833333333 5516.410783333332 54 34
5504.458583333332 6120.7754166666655 54 33
6495.7754166666655 7494.870083333332 54 26
13795.509999999997 14729.206999999995 54 55
14974.008249999995 15669.549749999995 54 51
16610.529499999997 17544.226499999997 54 56
17791.040500000003 18505.390666666663 54 51
20990.266833333335 21997.558500000003 54 26
22490.266833333335 23007.263766666667 54 34
22996.307583333335 23612.624416666666 54 33
23987.624416666666 24491.561425 54 26
34953.73941666668 36551.68208333335 54 48
38458.433250000024 39465.72491666669 54 26
39958.433250000024 40477.42221666668 54 34
40464.47400000002 41080.790833333354 54 33
41455.790833333354 42491.36150000003 54 26
48753.09066666671 49688.497666666706 54 55
49933.96566666671 50631.19966666671 54 51
51572.02091666672 52507.42791666672 54 56
52754.69766666672 53468.23950000005 54 51
55955.19900000006 56952.37900000006 54 26
57443.00400000006 57962.98898333339 54 34
57949.04475000006 58565.36158333339 54 33
58940.36158333339 59912.802583333396 54 26
69906.47658333341 71519.04258333342 54 59
72296.40058333342 72679.78268333343 54 64
74527.29087500008 74909.16695000007 54 64
76775.57237500008 77160.46050000009 54 64
79004.14312500008 79387.52522500009 54 64
87682.72504166672 88073.60404166672 54 59
88465.02237500006 88904.04554166674 54 62
91725.43845833343 92698.09212500008 54 26
93190.80045833343 93712.7774750001 54 34
93696.84120833343 94313.15804166677 54 33
94688.15804166677 95675.04170833342 54 26
101980.09987500006 102916.08987500006 54 55
103160.80537500007 103856.66687500005 54 51
104790.51437500006 105726.50437500006 54 56
105973.92637500007 106689.99004166674 54 51
109174.8662083334 110182.15787500008 54 26
110674.8662083334 111194.85119166675 54 34
111180.9069583334 111797.22379166675 54 33
112172.22379166675 112665.95680000009 54 26
123128.13479166673 124726.0774583334 54 48
126632.82862500007 127641.16195833341 54 26
128132.82862500008 128652.81360833344 54 34
128638.86937500013 129255.18620833344 54 33
129630.18620833344 130638.51954166677 54 26
136944.87654166674 137880.64754166675 54 55
138121.71704166676 138810.24554166675 54 51
139745.14879166672 140680.91979166676 54 56
140928.28029166674 141642.09612500007 54 51
144129.0556250001 145116.98095833344 54 26
145608.6476250001 146128.63260833346 54 34
146114.6883750001 146731.00520833343 54 33
147106.00520833343 147609.58073750013 54 26
158061.9162083335 159674.48220833353 54 59
160451.8402083335 160835.9753208335 54 64
162683.0890833336 163067.2241958336 54 64
164931.39708333364 165317.03822083364 54 64
167158.2870833337 167540.1631583337 54 64
175835.16900000043 176226.04800000045 54 59
176618.4471666671 177092.1351666671 54 63
177438.52708333376 178037.19383958375 54 53
178357.15258333375 178857.66945833375 54 36
181362.6868333337 181873.06375416703 54 36
181858.5548333337 182635.82996041703 54 38
189529.80808333374 190271.8583395837 54 39
190591.8170833337 191661.05958333367 54 36
193670.31383333367 194186.27110833366 54 36
194166.18183333366 194943.456960417 54 38
198277.80183333365 199395.08119166698 54 38
201347.42833333366 201918.97947916697 54 29
201903.01233333364 202476.90547708364 54 28
205969.0650833336 206480.21691250027 54 36
206464.93308333363 207261.47171041698 54 38
214157.3028333337 214878.6160895837 54 35
215198.57483333367 216262.11783333367 54 36
218271.37208333364 218779.60518333365 54 36
218767.24008333363 219548.36921041697 54 38
222863.25308333364 223893.24802291693 54 38
225932.87958333356 226951.40158333356 54 29
226467.53058333357 226969.85175000023 54 36
227363.67512500024 227802.77245000025 54 58
228522.57737500023 229034.28612500022 54 59
229863.30162500023 230287.11628125023 54 58
231007.48587500022 231540.0366250002 54 59
237587.37716666685 238030.86046041685 54 58
238746.27941666683 239277.2721666668 54 59
240106.28766666682 240534.16516666685 54 58
241251.8939166668 241784.4446666668 54 59
246376.67916666673 246808.44991666672 54 47
246808.44991666672 247574.00216666673 54 46
247574.00216666673 248104.34141666672 54 37
249344.3437500001 250071.3997500001 54 44
250071.3997500001 250594.11200000008 54 42
251826.80433333342 252549.52008333345 54 44
253878.84308333343 254280.29933333345 54 44
254280.29933333345 255017.69008333344 54 45
255017.69008333344 255416.98183333344 54 41
255416.98183333344 255941.4303333334 54 41
256903.01983333335 257756.67858333333 54 44
257756.67858333333 258279.39083333337 54 42
259512.08316666668 260323.87416666665 54 44
260323.87416666665 260866.72516666664 54 39
262180.2466666666 262852.82766666653 54 40
262852.82766666653 263518.9206666665 54 38
264213.98366666655 264880.07666666654 54 37
265706.4611666665 266277.7376666665 54 36
267130.4609166665 267727.71966666647 54 36
270252.07849999977 271336.45349999977 54 22
271752.07849999977 272874.43608333304 54 28
273249.43608333304 274297.35274999967 54 22
280555.74958333303 281472.113583333 54 55
281716.4232499997 282407.71624999976 54 51
283341.4854999997 284278.0604999997 54 56
284525.6349999997 285240.05433333304 54 51
287727.013833333 288714.47683333297 54 26
289205.10183333297 289725.08681666624 54 34
289711.1425833329 290327.4594166663 54 33
290702.4594166663 291201.0941979163 54 26
314350.36849999963 314993.9523333329 54 45
314974.3444999996 317327.28449999954 54 47
2000.0 2746.1449999999995 55 34
2507.1009999999997 3006.145008333333 55 33
19491.849 20237.994 55 34
19998.95 20496.175825000002 55 33
25196.285916666668 25576.910750000003 55 58
26338.160416666673 27290.540416666674 55 41
26814.350416666675 27766.730416666673 55 34
28002.950916666672 28383.57575000001 55 58
29144.82541666668 30097.20541666668 55 41
29621.01541666668 30573.395416666677 55 33
30573.395416666677 31514.030416666683 55 38
31514.030416666683 32474.783416666683 55 36
32474.783416666683 33447.46341666668 55 35
33447.46341666668 36460.015416666676 55 52
36960.015416666676 37706.16041666669 55 34
37467.116416666686 37966.16042500002 55 33
54456.78116666672 55202.92616666672 55 34
54963.88216666672 55459.289808333386 55 33
60149.0230833334 60529.647916666734 55 58
61290.897583333404 62243.27758333341 55 41
61767.08758333341 62719.46758333341 55 34
62955.688083333414 63336.31291666675 55 58
64097.56258333341 65049.9425833334 55 41
64573.7525833334 65526.132583333405 55 33
65526.132583333405 66466.7675833334 55 38
66466.7675833334 67427.5205833334 55 36
67427.5205833334 68400.20058333341 55 35
68400.20058333341 70936.51858333341 55 52
88073.60404166672 88498.1349583334 55 68
90227.02062500008 90973.1656250001 55 34
90734.12162500009 91229.52926666677 55 33
107676.44837500007 108422.59337500007 55 34
108183.54937500008 108684.41156666673 55 33
113370.68129166675 113751.30612500009 55 58
114512.55579166675 115464.93579166674 55 41
114988.74579166673 115941.12579166674 55 34
116177.34629166673 116557.97112500007 55 58
117319.22079166672 118271.60079166671 55 41
117795.41079166671 118747.79079166672 55 33
118747.79079166672 119688.42579166671 55 38
119688.42579166671 120649.17879166671 55 36
120649.17879166671 121621.85879166673 55 35
121621.85879166673 124634.41079166673 55 52
125134.41079166673 125880.55579166673 55 34
125641.51179166674 126137.82852500008 55 33
142630.63779166676 143376.78279166674 55 34
143137.73879166675 143634.0555250001 55 33
148304.46270833345 148685.0875416668 55 58
149446.33720833348 150398.7172083335 55 41
149922.5272083335 150874.9072083335 55 34
151111.1277083335 151491.75254166685 55 58
152253.00220833352 153205.38220833353 55 41
152729.19220833352 153681.57220833353 55 33
153681.57220833353 154622.2072083335 55 38
154622.2072083335 155582.9602083335 55 36
155582.9602083335 156555.6402083335 55 35
156555.6402083335 159091.95820833353 55 52
189003.49208333372 189549.93119583372 55 39
213629.1338333337 214175.55100000036 55 39
259956.52716666667 260428.76916666667 55 43
262624.69066666655 263080.9646666665 55 42
263985.8466666665 264442.12066666654 55 41
265356.2666666665 265823.1926666665 55 40
266761.6086666665 267253.41166666645 55 40
268753.66066666646 269757.98749166646 55 28
286228.59599999967 286974.74099999963 55 34
286735.6969999997 287232.92282499967 55 33
291894.9919166663 292275.61674999964 55 58
293036.8664166663 293989.2464166663 55 41
293513.05641666637 294452.5664166663 55 34
294684.2439999997 295059.41733333305 55 58
295820.6669999997 296773.04699999973 55 41
296296.8569999998 297249.23699999973 55 33
297249.23699999973 298189.8719999997 55 38
298189.8719999997 299150.6249999997 55 36
299150.6249999997 300123.3049999997 55 35
300123.3049999997 301102.8969999997 55 34
300613.1009999997 301613.5349999997 55 26
301613.5349999997 302624.2809999996 55 31
302111.4599999996 303155.2539999996 55 24
11431.376999999997 12380.526999999996 56 67
13323.848999999997 14081.394774999997 56 58
14729.206999999995 15195.090243749995 56 57
16141.210749999995 16763.578924999998 56 57
17544.226499999997 18020.188000000002 56 57
46384.599666666705 47335.5456666667 56 67
48280.57566666671 49215.98266666671 56 58
49688.497666666706 50154.939350000044 56 57
51103.71466666671 51650.13394166672 56 57
52507.42791666672 52984.26616666671 56 57
99610.71487500006 100561.66087500006 56 67
101507.28687500006 102288.88454166673 56 58
102916.08987500006 103381.06576875006 56 57
104329.47987500006 104838.76197916672 56 57
105726.50437500006 106203.63537500006 56 57
134581.52554166675 135526.77354166674 56 67
136472.17554166674 137143.61075000008 56 58
137880.64754166675 138337.54454166675 56 57
139282.94654166675 139840.65697916673 56 57
140680.91979166676 141157.93679166675 56 57
176226.04800000045 176685.33683333377 56 68
184409.35083333368 185467.3611708337 56 36
185937.31783333368 186509.08745833367 56 38
187469.24808333372 188684.8228395837 56 37
196749.8348333337 197263.85423958368 56 36
199813.18433333366 200843.1369375003 56 37
209034.99258333366 210093.00292083368 56 36
210562.95958333366 211134.72920833365 56 38
212094.8898333337 213310.4645895837 56 37
221335.28608333366 221846.08660833366 56 36
224398.6355833336 225429.6611479169 56 37
246277.66916666672 246708.7821666667 56 41
246708.7821666667 247264.72391666673 56 41
247264.72391666673 247672.68641666672 56 44
249756.7147500001 250170.0840000001 56 46
252644.75808333344 253046.21433333342 56 44
253046.21433333342 253783.60508333344 56 45
253783.60508333344 254182.89683333345 56 41
254182.89683333345 254707.34533333342 56 41
256415.2148333334 257390.82483333335 56 45
257390.82483333335 257855.36283333335 56 46
278193.68416666635 279147.02516666637 56 67
280093.2471666663 280727.09782083303 56 58
281472.113583333 281934.60524999973 56 57
282880.82724999974 283437.0749499997 56 57
284278.0604999997 284755.48499999975 56 57
9492.583749999998 10009.583749999998 57 37
10960.788999999997 11078.435999999998 57 57
11078.435999999998 11917.206999999999 57 68
11917.206999999999 13323.848999999997 57 71
13795.509999999997 14729.206999999995 57 68
14257.545999999997 14738.064399999996 57 55
14974.008249999995 15197.888749999995 57 66
15197.888749999995 16141.210749999995 57 56
15669.549749999995 16207.330874999996 57 54
44448.4501666667 44965.518450000025 57 37
45919.483666666696 46035.7626666667 57 57
46035.7626666667 46870.4296666667 57 68
46870.4296666667 48280.57566666671 57 71
48753.09066666671 49688.497666666706 57 68
49215.98266666671 49755.05191666671 57 55
49933.96566666671 50158.68466666671 57 66
50158.68466666671 51103.71466666671 57 56
50631.19966666671 51169.957416666715 57 54
88024.74416666671 88431.90979166672 57 60
97672.75537500011 98188.81964166676 57 37
99143.78887500009 99260.52037500007 57 57
99260.52037500007 100096.54487500007 57 68
100096.54487500007 101507.28687500006 57 71
101980.09987500006 102916.08987500006 57 68
102443.27687500007 102932.73878125007 57 55
103160.80537500007 103383.85387500006 57 66
103383.85387500006 104329.47987500006 57 56
103856.66687500005 104395.76362500005 57 54
132635.19154166675 133152.32863958343 57 37
134109.08454166676 134227.19479166673 57 57
134227.19479166673 135063.45354166673 57 68
135063.45354166673 136472.17554166674 57 71
136944.87654166674 137880.64754166675 57 68
137407.94654166675 137893.96311666677 57 55
138121.71704166676 138810.24554166675 57 66
138337.54454166675 139282.94654166675 57 56
138810.24554166675 139349.21266666675 57 54
202963.53083333364 203465.1070312503 57 36
276254.4414166663 276782.553883333 57 35
277724.93416666635 277842.12166666635 57 57
277842.12166666635 278685.48716666637 57 68
278685.48716666637 280093.2471666663 57 71
280555.74958333303 281005.187583333 57 68
281005.187583333 281479.8878999997 57 55
281716.4232499997 282407.71624999976 57 66
281934.60524999973 282880.82724999974 57 56
282407.71624999976 282947.1519999997 57 54
4998.417833333333 5516.410783333332 58 34
5504.458583333332 6120.7754166666655 58 33
16610.529499999997 17544.226499999997 58 72
17072.565499999997 17594.91859583333 58 54
17791.040500000003 18051.632066666665 58 66
22490.266833333335 23007.263766666667 58 34
22996.307583333335 23612.624416666666 58 33
39958.433250000024 40477.42221666668 58 34
40464.47400000002 41080.790833333354 58 33
51572.02091666672 52507.42791666672 58 72
52034.91291666672 52515.15623750005 58 54
52754.69766666672 53015.767166666716 58 66
57443.00400000006 57962.98898333339 58 34
57949.04475000006 58565.36158333339 58 33
71919.04258333342 72311.33767083343 58 54
72296.40058333342 72679.78268333343 58 64
73030.84887500008 73861.47162500008 58 57
74149.93287500007 74533.58017500008 58 54
74527.29087500008 74909.16695000007 58 64
75261.69337500008 76080.71437500007 58 57
76398.21437500008 76782.64783750007 58 54
76775.57237500008 77160.46050000009 58 64
77509.72912500007 78338.32387500007 58 57
78626.78512500007 79017.50788750008 58 54
79004.14312500008 79387.52522500009 58 64
79738.79262500009 80555.76162500007 58 57
80873.26162500009 81259.26741250008 58 54
81989.42362500008 82353.1211250001 58 57
83109.53062500009 83494.7502500001 58 54
93190.80045833343 93712.7774750001 58 34
93696.84120833343 94313.15804166677 58 33
104790.51437500006 105726.50437500006 58 72
105253.69137500005 105734.23747916672 58 54
105973.92637500007 106235.15624166673 58 66
110674.8662083334 111194.85119166675 58 34
111180.9069583334 111797.22379166675 58 33
128132.82862500008 128652.81360833344 58 34
128638.86937500013 129255.18620833344 58 33
139745.14879166672 140208.21879166676 58 72
140208.21879166676 140697.48632291675 58 54
140928.28029166674 141189.45019166675 58 66
145608.6476250001 146128.63260833346 58 34
146114.6883750001 146731.00520833343 58 33
160074.48220833353 160461.27415833352 58 54
160451.8402083335 160835.9753208335 58 64
161186.64708333352 162017.2698333336 58 57
162305.7310833336 162694.09535833358 58 54
162683.0890833336 163067.2241958336 58 64
163417.51808333362 164236.53908333363 58 57
164554.03908333363 164938.47254583365 58 54
164931.39708333364 165317.03822083364 58 64
165663.87308333363 166492.4678333337 58 57
166780.92908333373 167173.22417083368 58 54
167158.2870833337 167540.1631583337 58 64
167891.23658333367 168708.2055833337 58 57
169025.70558333368 169416.42834583367 58 54
170141.8675833337 170506.3663645837 58 57
171261.97458333374 171646.40804583373 58 54
176177.18812500045 176551.78050000043 58 60
181362.6868333337 181873.06375416703 58 36
181858.5548333337 182635.82996041703 58 38
182900.5978333337 183900.8758333337 58 39
183392.4008333337 183913.5877083337 58 37
187973.4500833337 188684.8228395837 58 37
189003.49208333372 190271.8583395837 58 39
193670.31383333367 194186.27110833366 58 36
194166.18183333366 194943.456960417 58 38
195208.2248333337 196243.5058333337 58 39
195700.0278333337 196255.10920625034 58 37
198277.80183333365 199395.08119166698 58 38
199813.18433333366 200843.1369375003 58 37
201347.42833333366 201918.97947916697 58 33
201903.01233333364 202476.90547708364 58 30
205969.0650833336 206480.21691250027 58 36
206464.93308333363 207261.47171041698 58 38
207526.23958333363 208526.51758333365 58 39
208018.04258333365 208533.93284375034 58 37
212599.0918333337 213310.4645895837 58 37
213629.1338333337 214878.6160895837 58 39
218271.37208333364 218779.60518333365 58 36
218767.24008333363 219548.36921041697 58 38
219813.13708333366 220828.95708333366 58 39
220304.94008333367 220836.341047917 58 37
222863.25308333364 223893.24802291693 58 38
224398.6355833336 225429.6611479169 58 37
225932.87958333356 226951.40158333356 58 33
226467.53058333357 226969.85175000023 58 42
252549.52008333345 252948.81183333346 58 41
252948.81183333346 253473.26033333343 58 41
271752.07849999977 272874.43608333304 58 28
283341.4854999997 283804.9494999997 58 72
283804.9494999997 284286.90379999974 58 54
284525.6349999997 284787.0257333331 58 66
289205.10183333297 289725.08681666624 58 34
289711.1425833329 290327.4594166663 58 33
313997.42749999964 314468.0154999996 58 59
314468.0154999996 314993.9523333329 58 58
2000.0 2746.1449999999995 59 34
2507.1009999999997 3006.145008333333 59 33
3498.417833333333 4501.542833333333 59 26
6495.7754166666655 7494.870083333332 59 26
7987.578416666665 8508.239033333331 59 40
8501.266916666666 9117.583749999998 59 39
10712.583749999996 11019.612499999997 59 60
11019.612499999997 11431.376999999997 59 57
13323.848999999997 14081.394774999997 59 71
14729.206999999995 14862.067999999996 59 63
14862.067999999996 15195.090243749995 59 73
16141.210749999995 16273.450999999997 59 61
16273.450999999997 16763.578924999998 59 72
17544.226499999997 17676.46675 59 62
17676.46675 18020.188000000002 59 73
19491.849 20237.994 59 34
19998.95 20496.175825000002 59 33
20990.266833333335 21997.558500000003 59 26
23987.624416666666 24491.561425 59 26
24960.065416666665 25576.910750000003 59 38
26338.160416666673 27290.540416666674 59 41
26814.350416666675 27766.730416666673 59 34
27766.730416666673 28383.57575000001 59 38
29144.82541666668 30097.20541666668 59 41
29621.01541666668 30573.395416666677 59 33
30573.395416666677 31514.030416666683 59 38
31514.030416666683 32474.783416666683 59 36
32474.783416666683 33447.46341666668 59 35
36960.015416666676 37706.16041666669 59 34
37467.116416666686 37966.16042500002 59 33
38458.433250000024 39465.72491666669 59 26
41455.790833333354 42491.36150000003 59 26
42943.44483333336 43469.08553333336 59 40
43457.13333333336 44073.4501666667 59 39
45671.34216666669 45977.62316666669 59 60
45977.62316666669 46384.599666666705 59 57
48280.57566666671 49215.98266666671 59 71
49688.497666666706 49821.60616666671 59 63
49821.60616666671 50154.939350000044 59 73
51103.71466666671 51236.20016666671 59 61
51236.20016666671 51650.13394166672 59 72
52507.42791666672 52639.91341666671 59 62
52639.91341666671 52984.26616666671 59 73
54456.78116666672 55202.92616666672 59 34
54963.88216666672 55459.289808333386 59 33
55955.19900000006 56952.37900000006 59 26
58940.36158333339 59912.802583333396 59 26
59912.802583333396 60529.647916666734 59 38
61290.897583333404 62243.27758333341 59 41
61767.08758333341 62719.46758333341 59 34
62719.46758333341 63336.31291666675 59 38
64097.56258333341 65049.9425833334 59 41
64573.7525833334 65526.132583333405 59 33
65526.132583333405 66466.7675833334 59 38
66466.7675833334 67427.5205833334 59 36
67427.5205833334 68400.20058333341 59 35
81250.61962500008 81701.01983750009 59 64
83486.8886250001 83869.69834166678 59 64
90227.02062500008 90973.1656250001 59 34
90734.12162500009 91229.52926666677 59 33
91725.43845833343 92698.09212500008 59 26
94688.15804166677 95675.04170833342 59 26
96167.75004166676 96697.37480833344 59 40
96681.43854166676 97297.75537500011 59 39
98895.6473750001 99202.15462500008 59 60
99202.15462500008 99610.71487500006 59 57
101507.28687500006 102288.88454166673 59 71
102916.08987500006 103049.28112500007 59 63
103049.28112500007 103381.06576875006 59 73
104329.47987500006 104462.04737500005 59 61
104462.04737500005 104838.76197916672 59 72
105726.50437500006 105859.07187500005 59 62
105859.07187500005 106203.63537500006 59 73
107676.44837500007 108422.59337500007 59 34
108183.54937500008 108684.41156666673 59 33
109174.8662083334 110182.15787500008 59 26
112172.22379166675 112665.95680000009 59 26
113134.46079166676 113751.30612500009 59 38
114512.55579166675 115464.93579166674 59 41
114988.74579166673 115941.12579166674 59 34
115941.12579166674 116557.97112500007 59 38
117319.22079166672 118271.60079166671 59 41
117795.41079166671 118747.79079166672 59 33
118747.79079166672 119688.42579166671 59 38
119688.42579166671 120649.17879166671 59 36
120649.17879166671 121621.85879166673 59 35
125134.41079166673 125880.55579166673 59 34
125641.51179166674 126137.82852500008 59 33
126632.82862500007 127641.16195833341 59 26
129630.18620833344 130638.51954166677 59 26
131130.1862083334 131656.82292500007 59 40
131643.8747083334 132260.19154166675 59 39
133860.99804166675 134168.13966666674 59 60
134168.13966666674 134581.52554166675 59 57
136472.17554166674 137143.61075000008 59 71
137880.64754166675 138013.80329166676 59 63
138013.80329166676 138337.54454166675 59 73
139282.94654166675 139415.47879166674 59 61
139415.47879166674 139840.65697916673 59 72
140680.91979166676 140813.45204166675 59 62
140813.45204166675 141157.93679166675 59 73
142630.63779166676 143376.78279166674 59 34
143137.73879166675 143634.0555250001 59 33
144129.0556250001 145116.98095833344 59 26
147106.00520833343 147609.58073750013 59 26
148068.24220833345 148685.0875416668 59 38
149446.33720833348 150398.7172083335 59 41
149922.5272083335 150874.9072083335 59 34
150874.9072083335 151491.75254166685 59 38
152253.00220833352 153205.38220833353 59 41
152729.19220833352 153681.57220833353 59 33
153681.57220833353 154622.2072083335 59 38
154622.2072083335 155582.9602083335 59 36
155582.9602083335 156555.6402083335 59 35
169403.0635833337 169785.6926708337 59 64
171639.33258333371 172027.59401666708 59 64
178357.15258333375 178857.66945833375 59 36
179855.52458333372 180606.71158333373 59 37
184409.35083333368 185467.3611708337 59 43
187469.24808333372 187993.83633125038 59 37
190591.8170833337 191661.05958333367 59 36
192163.15158333367 193169.65758333367 59 37
196749.8348333337 197263.85423958368 59 36
202963.53083333364 204078.01165833365 59 36
204461.90283333362 205213.08983333365 59 37
209034.99258333366 210093.00292083368 59 43
212094.8898333337 213114.11283333367 59 37
215198.57483333367 216262.11783333367 59 36
216764.20983333365 217770.71583333364 59 37
221335.28608333366 221846.08660833366 59 36
228621.9151250002 229047.44403125023 59 56
231106.8236250002 231553.2408437502 59 56
236199.49362500015 237193.55379166684 59 46
238845.6171666668 239290.43007291682 59 56
241351.2316666668 241797.64888541677 59 56
268753.66066666646 269757.98749166646 59 28
270252.07849999977 271336.45349999977 59 22
273249.43608333304 274297.35274999967 59 22
274749.43608333304 275277.0688166663 59 38
275263.124583333 275879.4414166663 59 37
277477.3334166663 277783.52791666635 59 60
277783.52791666635 278193.68416666635 59 57
280093.2471666663 280727.09782083303 59 71
281472.113583333 281605.387583333 59 63
281605.387583333 281934.60524999973 59 73
282880.82724999974 283013.47674999974 59 61
283013.47674999974 283437.0749499997 59 72
284278.0604999997 284410.70999999973 59 62
284410.70999999973 284755.48499999975 59 73
286228.59599999967 286974.74099999963 59 34
286735.6969999997 287232.92282499967 59 33
287727.013833333 288714.47683333297 59 26
290702.4594166663 291201.0941979163 59 26
291658.7714166663 292275.61674999964 59 38
293036.8664166663 293989.2464166663 59 41
293513.05641666637 294452.5664166663 59 34
294452.5664166663 295059.41733333305 59 38
295820.6669999997 296773.04699999973 59 41
296296.8569999998 297249.23699999973 59 33
297249.23699999973 298189.8719999997 59 38
298189.8719999997 299150.6249999997 59 36
299150.6249999997 300123.3049999997 59 35
300123.3049999997 301102.8969999997 59 34
300613.1009999997 301613.5349999997 59 26
301613.5349999997 302624.2809999996 59 31
302111.4599999996 303155.2539999996 59 24
313753.5249999996 314094.4862749996 59 52
314974.3444999996 317327.28449999954 59 56
25432.50641666667 26695.302916666675 60 34
27290.540416666674 28002.950916666672 60 34
28239.171416666675 29501.96791666668 60 34
30097.20541666668 30913.01791666668 60 32
31026.22541666668 31864.22491666668 60 31
31980.956416666682 32827.724416666686 60 29
32945.37141666668 34953.73941666668 60 28
60385.2435833334 61648.040083333406 60 34
62243.27758333341 62955.688083333414 60 34
63191.90858333342 64454.70508333341 60 34
65049.9425833334 65865.75508333341 60 32
65978.96258333341 66816.9620833334 60 31
66933.69358333341 67780.46158333341 60 29
67898.10858333341 69906.47658333341 60 28
113606.90179166675 114869.69829166673 60 34
115464.93579166674 116177.34629166673 60 34
116413.56679166674 117676.36329166671 60 34
118271.60079166671 119087.41329166671 60 32
119200.62079166672 120038.62029166672 60 31
120155.35179166672 121002.11979166672 60 29
121119.76679166673 123128.13479166673 60 28
148540.68320833347 149803.4797083335 60 34
150398.7172083335 151111.1277083335 60 34
151347.3482083335 152610.14470833354 60 34
153205.38220833353 154021.19470833353 60 32
154134.40220833351 154972.40170833352 60 31
155089.1332083335 155935.9012083335 60 29
156053.5482083335 158061.9162083335 60 28
292131.2124166663 293394.0089166663 60 34
293989.2464166663 294491.93649999966 60 34
294915.0129999997 296177.80949999974 60 34
296773.04699999973 297588.85949999973 60 32
297702.0669999997 298540.06649999967 60 31
298656.7979999997 299503.5659999997 60 29
299621.2129999997 300490.65199999965 60 28
301102.8969999997 301986.97874999966 60 25
302624.2809999996 303271.05497291626 60 23
304713.6969999996 307865.0589999996 60 45
307865.0589999996 312590.0572187496 60 45
313089.31899999967 313997.42749999964 60 59
9992.583749999998 10832.583749999996 61 68
12380.526999999996 13795.509999999997 61 67
14257.545999999997 14738.064399999996 61 68
14795.637499999997 14974.008249999995 61 63
15197.888749999995 16141.210749999995 61 72
15669.549749999995 16207.330874999996 61 68
16207.330874999996 16610.529499999997 61 61
17072.565499999997 17594.91859583333 61 68
17610.346625 17791.040500000003 61 63
44948.4501666667 45791.824166666695 61 68
47335.5456666667 48753.09066666671 61 67
49215.98266666671 49755.05191666671 61 68
49755.05191666671 49933.96566666671 61 63
50158.68466666671 51103.71466666671 61 72
50631.19966666671 51169.957416666715 61 68
51169.957416666715 51572.02091666672 61 61
52034.91291666672 52515.15623750005 61 68
52573.670666666716 52754.69766666672 61 63
84238.0786250001 84615.33640625009 61 57
85370.94462500009 85755.2821250001 61 65
98172.75537500011 99016.12937500009 61 68
100561.66087500006 101980.09987500006 61 67
102443.27687500007 102932.73878125007 61 68
102982.68550000007 103160.80537500007 61 63
103383.85387500006 104329.47987500006 61 72
103856.66687500005 104395.76362500005 61 68
104395.76362500005 104790.51437500006 61 61
105253.69137500005 105734.23747916672 61 68
105792.78812500006 105973.92637500007 61 63
133135.19154166675 133981.96579166676 61 68
135526.77354166674 136944.87654166674 61 67
137407.94654166675 137893.96311666677 61 68
137947.22541666674 138121.71704166676 61 63
138337.54454166675 139282.94654166675 61 72
138810.24554166675 139349.21266666675 61 68
139349.21266666675 139745.14879166672 61 61
140208.21879166676 140697.48632291675 61 68
140747.18591666676 140928.28029166674 61 63
172390.52258333378 172763.7739583338 61 57
173523.38858333378 173907.7260833338 61 65
179855.52458333372 180606.71158333373 61 37
185937.31783333368 186509.08745833367 61 38
192163.15158333367 193169.65758333367 61 37
204461.90283333362 205213.08983333365 61 37
210562.95958333366 211134.72920833365 61 38
216764.20983333365 217770.71583333364 61 37
234841.16937500017 235256.95912500014 61 56
235256.95912500014 235806.50764583348 61 55
245085.57741666675 245501.36716666675 61 56
245501.36716666675 246277.66916666672 61 55
254707.34533333342 256283.6358333334 61 49
276754.4414166663 277597.81541666633 61 68
279147.02516666637 280132.673083333 61 67
281005.187583333 281479.8878999997 61 68
281538.750583333 281643.6959166664 61 63
281934.60524999973 282880.82724999974 61 72
282407.71624999976 282947.1519999997 61 68
282947.1519999997 283051.63016666635 61 61
283804.9494999997 284286.90379999974 61 68
284344.38524999976 284525.6349999997 61 63
313997.42749999964 314468.0154999996 61 59
314468.0154999996 314993.9523333329 61 58
3498.417833333333 4501.542833333333 62 31
6495.7754166666655 7494.870083333332 62 31
20990.266833333335 21997.558500000003 62 31
23987.624416666666 24491.561425 62 31
38458.433250000024 39465.72491666669 62 31
41455.790833333354 42491.36150000003 62 31
55955.19900000006 56952.37900000006 62 31
58940.36158333339 59912.802583333396 62 31
71919.04258333342 72311.33767083343 62 64
73030.84887500008 73861.47162500008 62 57
74149.93287500007 74533.58017500008 62 64
75261.69337500008 76080.71437500007 62 57
76398.21437500008 76782.64783750007 62 64
77509.72912500007 78338.32387500007 62 57
78626.78512500007 79017.50788750008 62 64
79738.79262500009 80555.76162500007 62 57
85742.46162500008 86189.57662500009 62 57
91725.43845833343 92698.09212500008 62 31
94688.15804166677 95675.04170833342 62 31
109174.8662083334 110182.15787500008 62 31
112172.22379166675 112665.95680000009 62 31
126632.82862500007 127641.16195833341 62 31
129630.18620833344 130638.51954166677 62 31
144129.0556250001 145116.98095833344 62 31
147106.00520833343 147609.58073750013 62 31
160074.48220833353 160461.27415833352 62 64
161186.64708333352 162017.2698333336 62 57
162305.7310833336 162694.09535833358 62 64
163417.51808333362 164236.53908333363 62 57
164554.03908333363 164938.47254583365 62 64
165663.87308333363 166492.4678333337 62 57
166780.92908333373 167173.22417083368 62 64
167891.23658333367 168708.2055833337 62 57
173894.9055833338 174342.0205833338 62 57
199813.18433333366 200574.89683333365 62 44
224398.6355833336 225160.34808333358 62 44
270252.07849999977 271336.45349999977 62 26
273249.43608333304 274297.35274999967 62 26
287727.013833333 288714.47683333297 62 31
290702.4594166663 291201.0941979163 62 31
72296.40058333342 72679.78268333343 63 64
74527.29087500008 74909.16695000007 63 64
76775.57237500008 77160.46050000009 63 64
79004.14312500008 79387.52522500009 63 64
80873.26162500009 81259.26741250008 63 54
81250.61962500008 81701.01983750009 63 64
81989.42362500008 82353.1211250001 63 57
83109.53062500009 83494.7502500001 63 54
83486.8886250001 83869.69834166678 63 64
86127.07662500009 86568.73462500008 63 59
160451.8402083335 160835.9753208335 63 64
162683.0890833336 163067.2241958336 63 64
164931.39708333364 165317.03822083364 63 64
167158.2870833337 167540.1631583337 63 64
169025.70558333368 169416.42834583367 63 54
169403.0635833337 169785.6926708337 63 64
170141.8675833337 170506.3663645837 63 57
171261.97458333374 171646.40804583373 63 54
171639.33258333371 172027.59401666708 63 64
174279.5205833338 174721.1785833338 63 59
178357.15258333375 178857.66945833375 63 43
178844.95758333374 179471.63340833376 63 36
182900.5978333337 183900.8758333337 63 47
183392.4008333337 183913.5877083337 63 44
189003.49208333372 189549.93119583372 63 47
190591.8170833337 191661.05958333367 63 43
195208.2248333337 196243.5058333337 63 47
195700.0278333337 196255.10920625034 63 44
196749.8348333337 197263.85423958368 63 43
198277.80183333365 199395.08119166698 63 45
201347.42833333366 201918.97947916697 63 39
202963.53083333364 203465.1070312503 63 43
203451.33583333364 204078.01165833365 63 36
207526.23958333363 208526.51758333365 63 47
208018.04258333365 208533.93284375034 63 44
213629.1338333337 214175.55100000036 63 47
215198.57483333367 216262.11783333367 63 43
219813.13708333366 220828.95708333366 63 47
220304.94008333367 220836.341047917 63 44
221335.28608333366 221846.08660833366 63 43
222863.25308333364 223893.24802291693 63 45
225932.87958333356 226951.40158333356 63 39
228213.29912500025 228522.57737500023 63 64
228621.9151250002 229047.44403125023 63 66
230698.20762500024 231007.48587500022 63 64
231106.8236250002 231553.2408437502 63 66
233603.61687500018 234007.45887500016 63 56
234007.45887500016 234504.7627187502 63 55
238437.00116666686 238746.27941666683 63 64
238845.6171666668 239290.43007291682 63 66
240942.61566666682 241251.8939166668 63 64
241351.2316666668 241797.64888541677 63 66
243848.02491666676 244251.86691666677 63 56
244251.86691666677 244749.17076041678 63 55
253473.26033333343 255017.69008333344 63 49
2000.0 2746.1449999999995 64 40
2507.1009999999997 3006.145008333333 64 39
4998.417833333333 5516.410783333332 64 40
5504.458583333332 6120.7754166666655 64 39
19491.849 20237.994 64 40
19998.95 20496.175825000002 64 39
22490.266833333335 23007.263766666667 64 40
22996.307583333335 23612.624416666666 64 39
25432.50641666667 26695.302916666675 64 38
27290.540416666674 28002.950916666672 64 38
28239.171416666675 29501.96791666668 64 38
30097.20541666668 30913.01791666668 64 36
31026.22541666668 31864.22491666668 64 34
31980.956416666682 32827.724416666686 64 29
32945.37141666668 34953.73941666668 64 31
36960.015416666676 37706.16041666669 64 40
37467.116416666686 37966.16042500002 64 39
39958.433250000024 40477.42221666668 64 40
40464.47400000002 41080.790833333354 64 39
54456.78116666672 55202.92616666672 64 40
54963.88216666672 55459.289808333386 64 39
57443.00400000006 57962.98898333339 64 40
57949.04475000006 58565.36158333339 64 39
60385.2435833334 61648.040083333406 64 38
62243.27758333341 62955.688083333414 64 38
63191.90858333342 64454.70508333341 64 38
65049.9425833334 65865.75508333341 64 36
65978.96258333341 66816.9620833334 64 34
66933.69358333341 67780.46158333341 64 29
67898.10858333341 69906.47658333341 64 31
86505.04029166677 86923.06545833341 64 57
90227.02062500008 90973.1656250001 64 40
90734.12162500009 91229.52926666677 64 39
93190.80045833343 93712.7774750001 64 40
93696.84120833343 94313.15804166677 64 39
107676.44837500007 108422.59337500007 64 40
108183.54937500008 108684.41156666673 64 39
110674.8662083334 111194.85119166675 64 40
111180.9069583334 111797.22379166675 64 39
113606.90179166675 114869.69829166673 64 38
115464.93579166674 116177.34629166673 64 38
116413.56679166674 117676.36329166671 64 38
118271.60079166671 119087.41329166671 64 36
119200.62079166672 120038.62029166672 64 34
120155.35179166672 121002.11979166672 64 29
121119.76679166673 123128.13479166673 64 31
125134.41079166673 125880.55579166673 64 40
125641.51179166674 126137.82852500008 64 39
128132.82862500008 128652.81360833344 64 40
128638.86937500013 129255.18620833344 64 39
142630.63779166676 143376.78279166674 64 40
143137.73879166675 143634.0555250001 64 39
145608.6476250001 146128.63260833346 64 40
146114.6883750001 146731.00520833343 64 39
148540.68320833347 149803.4797083335 64 38
150398.7172083335 151111.1277083335 64 38
151347.3482083335 152610.14470833354 64 38
153205.38220833353 154021.19470833353 64 36
154134.40220833351 154972.40170833352 64 34
155089.1332083335 155935.9012083335 64 29
156053.5482083335 158061.9162083335 64 31
174657.48425000047 175075.5094166671 64 57
179855.52458333372 180606.71158333373 64 37
181362.6868333337 181873.06375416703 64 43
181858.5548333337 182635.82996041703 64 45
185937.31783333368 186509.08745833367 64 45
189529.80808333374 190271.8583395837 64 47
192163.15158333367 193169.65758333367 64 37
193670.31383333367 194186.27110833366 64 43
194166.18183333366 194943.456960417 64 45
201903.01233333364 202476.90547708364 64 35
204461.90283333362 205213.08983333365 64 37
205969.0650833336 206480.21691250027 64 43
206464.93308333363 207261.47171041698 64 45
210562.95958333366 211134.72920833365 64 45
214157.3028333337 214878.6160895837 64 47
216764.20983333365 217770.71583333364 64 37
218271.37208333364 218779.60518333365 64 43
218767.24008333363 219548.36921041697 64 45
227792.24612500024 228286.32315625023 64 63
230275.67262500024 230771.23165625022 64 63
232368.15437500016 232769.61062500015 64 56
232769.61062500015 233270.18605208347 64 55
234841.16937500017 235256.95912500014 64 66
235256.95912500014 235806.50764583348 64 65
238015.94816666684 238510.02519791684 64 63
240520.08066666685 241015.6396979168 64 63
242612.56241666674 243014.01866666676 64 56
243014.01866666676 243514.5940937501 64 55
245085.57741666675 245501.36716666675 64 66
245501.36716666675 246277.66916666672 64 65
252239.17533333343 253783.60508333344 64 49
268753.66066666646 269499.8056666664 64 34
269260.7616666664 269757.98749166646 64 33
271752.07849999977 272273.0594999997 64 34
272258.1192499997 272874.43608333304 64 33
286228.59599999967 286974.74099999963 64 40
286735.6969999997 287232.92282499967 64 39
289205.10183333297 289725.08681666624 64 40
289711.1425833329 290327.4594166663 64 39
292131.2124166663 293394.0089166663 64 38
293989.2464166663 294491.93649999966 64 38
294915.0129999997 296177.80949999974 64 38
296773.04699999973 297588.85949999973 64 36
297702.0669999997 298540.06649999967 64 34
298656.7979999997 299503.5659999997 64 29
299621.2129999997 300490.65199999965 64 31
301102.8969999997 301986.97874999966 64 28
302624.2809999996 303271.05497291626 64 26
24960.065416666665 25576.910750000003 65 43
26338.160416666673 27290.540416666674 65 46
26814.350416666675 27766.730416666673 65 38
27766.730416666673 28383.57575000001 65 43
29144.82541666668 30097.20541666668 65 46
29621.01541666668 30573.395416666677 65 37
30573.395416666677 31514.030416666683 65 43
31514.030416666683 32474.783416666683 65 41
32474.783416666683 33447.46341666668 65 39
59912.802583333396 60529.647916666734 65 43
61290.897583333404 62243.27758333341 65 46
61767.08758333341 62719.46758333341 65 38
62719.46758333341 63336.31291666675 65 43
64097.56258333341 65049.9425833334 65 46
64573.7525833334 65526.132583333405 65 37
65526.132583333405 66466.7675833334 65 43
66466.7675833334 67427.5205833334 65 41
67427.5205833334 68400.20058333341 65 39
71919.04258333342 72311.33767083343 65 68
73030.84887500008 73861.47162500008 65 68
74149.93287500007 74533.58017500008 65 68
75261.69337500008 76080.71437500007 65 68
76398.21437500008 76782.64783750007 65 68
77509.72912500007 78338.32387500007 65 68
78626.78512500007 79017.50788750008 65 68
79738.79262500009 80555.76162500007 65 68
86890.59795833341 87682.72504166672 65 54
113134.46079166676 113751.30612500009 65 43
114512.55579166675 115464.93579166674 65 46
114988.74579166673 115941.12579166674 65 38
115941.12579166674 116557.97112500007 65 43
117319.22079166672 118271.60079166671 65 46
117795.41079166671 118747.79079166672 65 37
118747.79079166672 119688.42579166671 65 43
119688.42579166671 120649.17879166671 65 41
120649.17879166671 121621.85879166673 65 39
148068.24220833345 148685.0875416668 65 43
149446.33720833348 150398.7172083335 65 46
149922.5272083335 150874.9072083335 65 38
150874.9072083335 151491.75254166685 65 43
152253.00220833352 153205.38220833353 65 46
152729.19220833352 153681.57220833353 65 37
153681.57220833353 154622.2072083335 65 43
154622.2072083335 155582.9602083335 65 41
155582.9602083335 156555.6402083335 65 39
160074.48220833353 160461.27415833352 65 68
161186.64708333352 162017.2698333336 65 68
162305.7310833336 162694.09535833358 65 68
163417.51808333362 164236.53908333363 65 68
164554.03908333363 164938.47254583365 65 68
165663.87308333363 166492.4678333337 65 68
166780.92908333373 167173.22417083368 65 68
167891.23658333367 168708.2055833337 65 68
175043.0419166671 175835.16900000043 65 54
187469.24808333372 188684.8228395837 65 44
200317.38633333365 200843.1369375003 65 44
212094.8898333337 213310.4645895837 65 44
224902.8375833336 225429.6611479169 65 44
236199.49362500015 237175.10362500016 65 55
291658.7714166663 292275.61674999964 65 43
293036.8664166663 293989.2464166663 65 46
293513.05641666637 294452.5664166663 65 38
294452.5664166663 295059.41733333305 65 43
295820.6669999997 296773.04699999973 65 46
296296.8569999998 297249.23699999973 65 37
297249.23699999973 298189.8719999997 65 43
298189.8719999997 299150.6249999997 65 41
299150.6249999997 300123.3049999997 65 39
300123.3049999997 301102.8969999997 65 38
300613.1009999997 301613.5349999997 65 30
301613.5349999997 302624.2809999996 65 36
302111.4599999996 303155.2539999996 65 28
18020.188000000002 18505.390666666663 66 72
52984.26616666671 53468.23950000005 66 72
72296.40058333342 72679.78268333343 66 68
74527.29087500008 74909.16695000007 66 68
76775.57237500008 77160.46050000009 66 68
79004.14312500008 79387.52522500009 66 68
87284.05404166674 88024.74416666671 66 52
106203.63537500006 106689.99004166674 66 72
141157.93679166675 141642.09612500007 66 72
160451.8402083335 160835.9753208335 66 68
162683.0890833336 163067.2241958336 66 68
164931.39708333364 165317.03822083364 66 68
167158.2870833337 167540.1631583337 66 68
175436.49800000043 176177.18812500045 66 52
189529.80808333374 190271.8583395837 66 64
201347.42833333366 201903.01233333364 66 80
214157.3028333337 214878.6160895837 66 64
226467.53058333357 226969.85175000023 66 50
227264.99087500025 227685.10337500024 66 60
228522.57737500023 229034.28612500022 66 62
229764.61737500023 230172.57987500023 66 60
231007.48587500022 231540.0366250002 66 62
233603.61687500018 234007.45887500016 66 66
234007.45887500016 234504.7627187502 66 65
236687.29862500014 237193.55379166684 66 50
237488.69291666686 237908.80541666684 66 60
238746.27941666683 239277.2721666668 66 62
240007.60341666683 240416.63241666683 66 60
241251.8939166668 241784.4446666668 66 62
243848.02491666676 244251.86691666677 66 66
244251.86691666677 244749.17076041678 66 65
284755.48499999975 285240.05433333304 66 72
80873.26162500009 81259.26741250008 67 64
81989.42362500008 82353.1211250001 67 68
83109.53062500009 83494.7502500001 67 64
84238.0786250001 84615.33640625009 67 57
169025.70558333368 169416.42834583367 67 64
170141.8675833337 170506.3663645837 67 68
171261.97458333374 171646.40804583373 67 64
172390.52258333378 172763.7739583338 67 57
186952.0070833337 187469.24808333372 67 64
188488.47108333372 189549.93119583372 67 69
211577.6488333337 212094.8898333337 67 64
213114.11283333367 214175.55100000036 67 69
303155.2539999996 306306.6159999996 67 40
306306.6159999996 309465.0579999996 67 40
309465.0579999996 312595.4919999996 67 41
312595.4919999996 313753.5249999996 67 54
8501.266916666666 9117.583749999998 68 53
43457.13333333336 44073.4501666667 68 53
81250.61962500008 81701.01983750009 68 64
83486.8886250001 83869.69834166678 68 64
96681.43854166676 97297.75537500011 68 53
131643.8747083334 132260.19154166675 68 53
169403.0635833337 169785.6926708337 68 64
171639.33258333371 172027.59401666708 68 64
179855.52458333372 180606.71158333373 68 44
186441.51983333367 186576.6550833337 68 56
186576.6550833337 187051.14494166704 68 64
187339.9378333337 187973.4500833337 68 61
192163.15158333367 193169.65758333367 68 44
204461.90283333362 205213.08983333365 68 44
211067.16158333365 211202.29683333368 68 56
211202.29683333368 211676.78669166702 68 64
211965.5795833337 212111.69656666703 68 61
216764.20983333365 217770.71583333364 68 44
232368.15437500016 232769.61062500015 68 66
232769.61062500015 233270.18605208347 68 65
242612.56241666674 243014.01866666676 68 66
243014.01866666676 243514.5940937501 68 65
275263.124583333 275879.4414166663 68 50
7987.578416666665 8133.919916666665 69 46
8133.919916666665 8508.239033333331 69 55
8990.310916666665 9492.583749999998 69 55
42943.44483333336 43089.78633333336 69 46
43089.78633333336 43469.08553333336 69 55
43946.17733333336 44448.4501666667 69 55
96167.75004166676 96314.09154166677 69 46
96314.09154166677 96697.37480833344 69 55
97170.48254166677 97672.75537500011 69 55
131130.1862083334 131276.52770833342 69 46
131276.52770833342 131656.82292500007 69 55
132132.91870833343 132635.19154166675 69 55
203451.33583333364 204078.01165833365 69 43
274749.43608333304 274895.77758333297 69 43
274895.77758333297 275277.0688166663 69 52
275752.168583333 276254.4414166663 69 52
71919.04258333342 72679.78268333343 70 68
73380.70287500008 73861.47162500008 70 80
74149.93287500007 74909.16695000007 70 68
75613.59937500008 76080.71437500007 70 80
76398.21437500008 77160.46050000009 70 68
77857.55512500007 78338.32387500007 70 80
78626.78512500007 79387.52522500009 70 68
80088.64662500008 80555.76162500007 70 80
80873.26162500009 81259.26741250008 70 68
83109.53062500009 83494.7502500001 70 68
84238.0786250001 84615.33640625009 70 68
85370.94462500009 85755.2821250001 70 68
86127.07662500009 88498.1349583334 70 65
160074.48220833353 160835.9753208335 70 68
161536.50108333354 162017.2698333336 70 80
162305.7310833336 163067.2241958336 70 68
163769.4240833336 164236.53908333363 70 80
164554.03908333363 165317.03822083364 70 68
166011.69908333366 166492.4678333337 70 80
166780.92908333373 167540.1631583337 70 68
168241.0905833337 168708.2055833337 70 80
169025.70558333368 169416.42834583367 70 68
171261.97458333374 171646.40804583373 70 68
172390.52258333378 172763.7739583338 70 68
173523.38858333378 173907.7260833338 70 68
174279.5205833338 176685.33683333377 70 65
186509.08745833367 186586.3827083337 70 56
187973.4500833337 188684.8228395837 70 64
197762.78083333367 198277.80183333365 70 79
211134.72920833365 211231.47970833367 70 56
212599.0918333337 213310.4645895837 70 64
222348.23208333366 222863.25308333364 70 69
226951.40158333356 227068.81016250025 70 54
227792.24612500024 228286.32315625023 70 75
229455.33912500023 229764.61737500023 70 54
230275.67262500024 230771.23165625022 70 75
234741.83162500017 235156.95912500017 70 62
235156.95912500017 235271.60756250014 70 62
237175.10362500016 237488.69291666686 70 54
238015.94816666684 238510.02519791684 70 75
239698.32516666682 240007.60341666683 70 54
240520.08066666685 241015.6396979168 70 75
244986.23966666675 245401.36716666675 70 62
245401.36716666675 245515.05329166673 70 62
3248.417833333333 4501.542833333333 71 50
6245.7754166666655 7494.870083333332 71 50
7737.578416666665 8009.529641666665 71 50
8060.749166666666 8501.266916666666 71 47
20740.266833333335 21997.558500000003 71 50
23737.624416666666 24491.561425 71 50
38208.433250000024 39465.72491666669 71 50
41205.790833333354 42491.36150000003 71 50
42693.44483333336 42969.05459583335 71 50
43016.615583333354 43457.13333333336 71 47
55705.19900000006 56952.37900000006 71 50
58690.36158333339 59912.802583333396 71 50
81250.61962500008 81701.01983750009 71 68
83486.8886250001 83869.69834166678 71 68
85742.46162500008 86189.57662500009 71 65
91475.43845833343 92698.09212500008 71 50
94438.15804166677 95675.04170833342 71 50
95917.75004166676 96193.35980416676 71 50
96240.92079166677 96681.43854166676 71 47
108924.8662083334 110182.15787500008 71 50
111922.22379166675 112665.95680000009 71 50
126382.82862500007 127641.16195833341 71 50
129380.18620833344 130638.51954166677 71 50
130880.18620833341 131152.1374333334 71 50
131203.3569583334 131643.8747083334 71 47
143879.0556250001 145116.98095833344 71 50
146856.00520833343 147609.58073750013 71 50
169403.0635833337 169785.6926708337 71 68
171639.33258333371 172027.59401666708 71 68
173894.9055833338 174342.0205833338 71 65
178844.95758333374 179471.63340833376 71 43
183900.8758333337 184409.35083333368 71 58
187469.24808333372 187993.83633125038 71 64
197505.27033333367 197807.84517083367 71 71
208526.51758333365 209034.99258333366 71 58
212094.8898333337 213114.11283333367 71 64
222090.72158333365 222469.47661041695 71 62
228213.29912500025 228522.57737500023 71 76
228621.9151250002 229047.44403125023 71 68
229034.28612500022 229503.44907500022 71 51
230698.20762500024 231007.48587500022 71 76
231106.8236250002 231553.2408437502 71 68
233508.07537500016 233909.73912500017 71 62
233909.73912500017 234020.70975000018 71 62
235725.70912500014 235953.84612500016 71 58
238437.00116666686 238746.27941666683 71 76
238845.6171666668 239290.43007291682 71 68
239277.2721666668 239746.4351166668 71 51
240942.61566666682 241251.8939166668 71 76
241351.2316666668 241797.64888541677 71 68
243752.48341666677 244154.14716666675 71 62
244154.14716666675 244265.11779166677 71 62
270002.07849999977 271336.45349999977 71 42
272999.43608333304 274297.35274999967 71 42
274499.43608333304 274775.045845833 71 47
274822.606833333 275263.124583333 71 44
287477.013833333 288714.47683333297 71 50
290452.4594166663 291201.0941979163 71 50
73030.84887500008 73380.70287500008 72 61
75261.69337500008 75613.59937500008 72 61
77509.72912500007 77857.55512500007 72 61
79738.79262500009 80088.64662500008 72 61
161186.64708333352 161536.50108333354 72 61
163417.51808333362 163769.4240833336 72 61
165663.87308333363 166011.69908333366 72 61
167891.23658333367 168241.0905833337 72 61
181362.6868333337 181873.06375416703 72 67
193670.31383333367 194186.27110833366 72 67
205969.0650833336 206480.21691250027 72 67
218271.37208333364 218779.60518333365 72 67
4498.417833333333 4998.417833333333 73 58
5504.458583333332 6120.7754166666655 73 53
7487.578416666665 7987.578416666665 73 58
9242.583749999998 9992.583749999998 73 50
21990.266833333335 22490.266833333335 73 58
22996.307583333335 23612.624416666666 73 53
39458.433250000024 39958.433250000024 73 58
40464.47400000002 41080.790833333354 73 53
42443.44483333336 42943.44483333336 73 58
44198.4501666667 44948.4501666667 73 50
56943.00400000006 57443.00400000006 73 58
57949.04475000006 58565.36158333339 73 53
86505.04029166677 88431.90979166672 73 62
92690.80045833343 93190.80045833343 73 58
93696.84120833343 94313.15804166677 73 53
95667.75004166676 96167.75004166676 73 58
97422.75537500011 98172.75537500011 73 50
110174.8662083334 110674.8662083334 73 58
111180.9069583334 111797.22379166675 73 53
127632.82862500007 128132.82862500008 73 58
128638.86937500013 129255.18620833344 73 53
130630.18620833344 131130.1862083334 73 58
132385.19154166675 133135.19154166675 73 50
145108.64762500013 145608.6476250001 73 58
146114.6883750001 146731.00520833343 73 53
174657.48425000047 176685.33683333377 73 62
181109.96458333373 181238.71983333371 73 59
181238.71983333371 181858.5548333337 73 69
181858.5548333337 182635.82996041703 73 70
184155.1133333337 184907.2758333337 73 60
185937.31783333368 186509.08745833367 73 70
193417.59158333368 193546.34683333366 73 59
193546.34683333366 194166.18183333366 73 69
194166.18183333366 194943.456960417 73 70
197247.75983333366 197762.78083333367 73 74
205716.34283333365 205845.09808333364 73 59
205845.09808333364 206464.93308333363 73 69
206464.93308333363 207261.47171041698 73 70
208780.75508333367 209532.91758333368 73 60
210562.95958333366 211134.72920833365 73 70
218018.64983333365 218147.40508333364 73 59
218147.40508333364 218767.24008333363 73 69
218767.24008333363 219548.36921041697 73 70
221833.21108333365 222348.23208333366 73 65
228522.57737500023 229034.28612500022 73 73
231007.48587500022 231540.0366250002 73 73
232272.91637500018 232672.20812500018 73 62
232672.20812500018 232782.95581250015 73 62
234841.16937500017 235256.95912500014 73 66
235256.95912500014 235806.50764583348 73 65
236067.91462500015 236211.68875000015 73 52
238746.27941666683 239277.2721666668 73 73
241251.8939166668 241784.4446666668 73 73
242517.32441666676 242916.61616666676 73 62
242916.61616666676 243027.36385416673 73 62
245085.57741666675 245501.36716666675 73 66
245501.36716666675 246277.66916666672 73 65
271252.07849999977 271752.07849999977 73 49
272258.1192499997 272874.43608333304 73 45
274249.43608333304 274749.43608333304 73 55
276004.4414166663 276754.4414166663 73 47
288705.101833333 289205.10183333297 73 58
289711.1425833329 290327.4594166663 73 53
4998.417833333333 5138.604833333332 74 50
5138.604833333332 5516.410783333332 74 57
5993.502583333332 6495.7754166666655 74 55
22490.266833333335 22630.453833333333 74 50
22630.453833333333 23007.263766666667 74 57
23485.351583333333 23987.624416666666 74 55
39958.433250000024 40098.620250000014 74 50
40098.620250000014 40477.42221666668 74 57
40953.51800000002 41455.790833333354 74 55
57443.00400000006 57583.19100000006 74 50
57583.19100000006 57962.98898333339 74 57
58438.08875000005 58940.36158333339 74 55
71919.04258333342 72311.33767083343 74 80
72944.84308333343 73293.23937500008 74 61
73293.23937500008 73390.31825000008 74 61
74149.93287500007 74533.58017500008 74 80
75175.73337500008 75525.62287500009 74 61
75525.62287500009 75623.21475000007 74 61
76398.21437500008 76782.64783750007 74 80
77424.01487500008 77770.59862500007 74 61
77770.59862500007 77867.17050000007 74 61
78626.78512500007 79017.50788750008 74 80
79652.58562500008 80001.18312500008 74 61
80001.18312500008 80098.26200000008 74 61
93190.80045833343 93330.98745833343 74 50
93330.98745833343 93712.7774750001 74 57
94185.88520833344 94688.15804166677 74 55
110674.8662083334 110815.05320833341 74 50
110815.05320833341 111194.85119166675 74 57
111669.95095833341 112172.22379166675 74 55
128132.82862500008 128273.01562500012 74 50
128273.01562500012 128652.81360833344 74 57
129127.9133750001 129630.18620833344 74 55
145608.6476250001 145748.8346250001 74 50
145748.8346250001 146128.63260833346 74 57
146603.7323750001 147106.00520833343 74 55
160074.48220833353 160461.27415833352 74 80
161100.2827083335 161449.03758333353 74 61
161449.03758333353 161550.12286458357 74 61
162305.7310833336 162694.09535833358 74 80
163331.5315833336 163681.44758333362 74 61
163681.44758333362 163775.03305208363 74 61
164554.03908333363 164938.47254583365 74 80
165579.83958333364 165924.74258333366 74 61
165924.74258333366 166019.71189583367 74 61
166780.92908333373 167173.22417083368 74 80
167806.72958333365 168153.62708333367 74 61
168153.62708333367 168252.30852083367 74 61
184409.35083333368 184922.29727916702 74 63
209034.99258333366 209547.939029167 74 63
236199.49362500015 237175.10362500016 74 56
271752.07849999977 271892.26549999975 74 42
271892.26549999975 272273.0594999997 74 48
272747.1632499997 273249.43608333304 74 46
289205.10183333297 289345.2888333329 74 50
289345.2888333329 289725.08681666624 74 57
290200.18658333295 290702.4594166663 74 55
72296.40058333342 72679.78268333343 75 80
74527.29087500008 74909.16695000007 75 80
76775.57237500008 77160.46050000009 75 80
79004.14312500008 79387.52522500009 75 80
80873.26162500009 81701.01983750009 75 68
82340.30062500009 82821.0693750001 75 80
83109.53062500009 83869.69834166678 75 68
86127.07662500009 86568.73462500008 75 65
160451.8402083335 160835.9753208335 75 80
162683.0890833336 163067.2241958336 75 80
164931.39708333364 165317.03822083364 75 80
167158.2870833337 167540.1631583337 75 80
169025.70558333368 169785.6926708337 75 68
170492.7445833337 170973.5133333337 75 80
171261.97458333374 172027.59401666708 75 68
174279.5205833338 174721.1785833338 75 65
177863.32558333376 178357.15258333375 75 59
180606.71158333373 180949.84054166704 75 67
180862.03058333372 181174.34220833372 75 71
181174.34220833372 181362.6868333337 75 60
183392.4008333337 183913.5877083337 75 64
184907.2758333337 185467.3611708337 75 68
190097.99008333372 190591.8170833337 75 59
193169.65758333367 193481.96920833367 75 71
193481.96920833367 193670.31383333367 75 60
195700.0278333337 196255.10920625034 75 64
196243.5058333337 197061.03795833368 75 77
196998.7973333337 197123.27858333368 75 64
197123.27858333368 197263.85423958368 75 72
198020.29133333365 198782.00383333364 75 73
200832.40733333363 201631.51933333365 75 81
202469.70383333365 202963.53083333364 75 67
205213.08983333365 205556.21879166696 75 67
205468.40883333364 205780.72045833364 75 71
205780.72045833364 205969.0650833336 75 60
208018.04258333365 208533.93284375034 75 64
209532.91758333368 210093.00292083368 75 67
214704.7478333337 215198.57483333367 75 59
217770.71583333364 218083.02745833364 75 71
218083.02745833364 218271.37208333364 75 60
220304.94008333367 220836.341047917 75 64
220828.95708333366 221646.48920833366 75 67
221584.24858333368 221708.72983333364 75 56
221708.72983333364 221846.08660833366 75 63
222605.74258333363 223367.45508333363 75 64
225417.85858333358 226951.40158333356 75 71
228621.9151250002 229047.44403125023 75 81
229034.28612500022 229503.44907500022 75 60
231106.8236250002 231553.2408437502 75 81
231540.0366250002 232035.84746875017 75 65
233603.61687500018 234007.45887500016 75 66
234007.45887500016 234504.7627187502 75 65
234741.83162500017 235156.95912500017 75 62
235156.95912500017 235271.60756250014 75 62
235725.70912500014 235953.84612500016 75 69
236687.29862500014 237193.55379166684 75 50
238845.6171666668 239290.43007291682 75 81
239277.2721666668 239746.4351166668 75 60
241351.2316666668 241797.64888541677 75 81
241784.4446666668 242280.25551041675 75 65
243848.02491666676 244251.86691666677 75 66
244251.86691666677 244749.17076041678 75 65
244986.23966666675 245401.36716666675 75 62
245401.36716666675 245515.05329166673 75 62
2746.1449999999995 3006.145008333333 76 50
4748.417833333333 5068.511333333333 76 50
5068.511333333333 5504.458583333332 76 50
20237.994 20496.175825000002 76 50
22240.266833333335 22560.360333333334 76 50
22560.360333333334 22996.307583333335 76 50
37706.16041666669 37966.16042500002 76 50
39708.433250000024 40028.52675000002 76 50
40028.52675000002 40464.47400000002 76 50
55202.92616666672 55459.289808333386 76 50
57193.00400000006 57513.097500000054 76 50
57513.097500000054 57949.04475000006 76 50
84601.7146250001 86189.57662500009 76 80
87284.05404166674 88498.1349583334 76 69
90973.1656250001 91229.52926666677 76 50
92940.80045833343 93260.89395833343 76 50
93260.89395833343 93696.84120833343 76 50
108422.59337500007 108684.41156666673 76 50
110424.8662083334 110744.95970833341 76 50
110744.95970833341 111180.9069583334 76 50
125880.55579166673 126137.82852500008 76 50
127882.82862500008 128202.9221250001 76 50
128202.9221250001 128638.86937500013 76 50
143376.78279166674 143634.0555250001 76 50
145358.6476250001 145678.7411250001 76 50
145678.7411250001 146114.6883750001 76 50
172754.15858333377 174342.0205833338 76 80
175436.49800000043 176685.33683333377 76 69
178110.23908333373 178844.95758333374 76 61
179855.52458333372 180862.03058333372 76 76
182394.26883333368 183900.8758333337 76 74
185679.80733333368 186441.51983333367 76 64
190344.90358333368 190835.71958333367 76 61
192659.01958333366 193176.888991667 76 67
194701.8958333337 196243.5058333337 76 71
202176.73483333364 202476.90547708364 76 70
202716.61733333362 203451.33583333364 76 70
204461.90283333362 205468.40883333364 76 69
207019.91058333364 208526.51758333365 76 73
210305.44908333366 211067.16158333365 76 64
214951.66133333367 215442.47733333366 76 61
217260.07783333363 217778.98030000032 76 67
219306.80808333363 220828.95708333366 76 71
226951.40158333356 227068.81016250025 76 64
227363.67512500024 227792.24612500024 76 64
229455.33912500023 229764.61737500023 76 64
229863.30162500023 230275.67262500024 76 64
232368.15437500016 232769.61062500015 76 66
232769.61062500015 233270.18605208347 76 65
233508.07537500016 233909.73912500017 76 62
233909.73912500017 234020.70975000018 76 62
234841.16937500017 235256.95912500014 76 73
235256.95912500014 235806.50764583348 76 77
236067.91462500015 236211.68875000015 76 62
237175.10362500016 237488.69291666686 76 64
237587.37716666685 238015.94816666684 76 64
239698.32516666682 240007.60341666683 76 64
240106.28766666682 240520.08066666685 76 64
242612.56241666674 243014.01866666676 76 66
243014.01866666676 243514.5940937501 76 65
243752.48341666677 244154.14716666675 76 62
244154.14716666675 244265.11779166677 76 62
245085.57741666675 245501.36716666675 76 73
245501.36716666675 246277.66916666672 76 77
269499.8056666664 269757.98749166646 76 42
271502.07849999977 271822.17199999973 76 42
271822.17199999973 272258.1192499997 76 42
286974.74099999963 287232.92282499967 76 50
288955.10183333297 289275.19533333293 76 50
289275.19533333293 289711.1425833329 76 50
72944.84308333343 73765.31787500008 77 80
75175.73337500008 75998.21437500007 77 80
77424.01487500008 78242.17012500008 77 80
79652.58562500008 80473.26162500007 77 80
81989.42362500008 82340.30062500009 77 61
84238.0786250001 84601.7146250001 77 61
86890.59795833341 87682.72504166672 77 71
161100.2827083335 161921.11608333356 77 80
163331.5315833336 164154.03908333363 77 80
165579.83958333364 166396.31408333368 77 80
167806.72958333365 168625.70558333368 77 80
170141.8675833337 170492.7445833337 77 61
172390.52258333378 172754.15858333377 77 61
175043.0419166671 175835.16900000043 77 71
178357.15258333375 178857.66945833375 77 63
197061.03795833368 197247.75983333366 77 64
199554.56383333364 200317.38633333365 77 70
201903.01233333364 202469.70383333365 77 78
202963.53083333364 203465.1070312503 77 72
221646.48920833366 221833.21108333365 77 56
224140.0150833336 224902.8375833336 77 61
1000.0 2000.0 78 55
2507.1009999999997 2996.1449999999995 78 53
2996.1449999999995 3498.417833333333 78 55
18491.849 19491.849 78 58
19998.95 20487.994 78 53
20487.994 20990.266833333335 78 55
36460.015416666676 36960.015416666676 78 55
37467.116416666686 37956.16041666669 78 53
37956.16041666669 38458.433250000024 78 55
53456.78116666672 54456.78116666672 78 58
54963.88216666672 55452.92616666672 78 53
55452.92616666672 55955.19900000006 78 55
72673.75858333343 72854.48158333343 78 86
74904.64887500007 75085.37187500008 78 86
77152.93037500008 77333.65337500008 78 86
79381.50112500008 79562.22412500008 78 86
86505.04029166677 86923.06545833341 78 74
89727.02062500008 90227.02062500008 78 55
90734.12162500009 91223.1656250001 78 53
91223.1656250001 91725.43845833343 78 55
106676.44837500007 107676.44837500007 78 58
108183.54937500008 108672.59337500007 78 53
108672.59337500007 109174.8662083334 78 55
124634.41079166673 125134.41079166673 78 55
125641.51179166674 126130.55579166673 78 53
126130.55579166673 126632.82862500007 78 55
141630.63779166676 142630.63779166676 78 58
143137.73879166675 143626.78279166674 78 53
143626.78279166674 143938.43062500007 78 55
160829.19820833352 161009.92120833352 78 86
163060.4470833336 163241.1700833336 78 86
165308.75508333364 165489.47808333364 78 86
167535.6450833337 167716.36808333365 78 86
174657.48425000047 175075.5094166671 78 74
178844.95758333374 179471.63340833376 78 70
185422.29683333368 185937.31783333368 78 72
190591.8170833337 191661.05958333367 78 63
198277.80183333365 198795.8336125003 78 80
200574.89683333365 200843.1369375003 78 77
201631.51933333365 201918.97947916697 78 79
203451.33583333364 204078.01165833365 78 75
210047.93858333366 210562.95958333366 78 69
215198.57483333367 216262.11783333367 78 63
222863.25308333364 223622.7740833336 78 70
225160.34808333358 225429.6611479169 78 67
226467.53058333357 226969.85175000023 78 75
227264.99087500025 227685.10337500024 78 65
229034.28612500022 229503.44907500022 78 65
229764.61737500023 230172.57987500023 78 65
231540.0366250002 232035.84746875017 78 77
232272.91637500018 232672.20812500018 78 62
232672.20812500018 232782.95581250015 78 62
233603.61687500018 234007.45887500016 78 73
234007.45887500016 234504.7627187502 78 77
234741.83162500017 235156.95912500017 78 73
235156.95912500017 235271.60756250014 78 73
236687.29862500014 237193.55379166684 78 59
237488.69291666686 237908.80541666684 78 65
239277.2721666668 239746.4351166668 78 65
240007.60341666683 240416.63241666683 78 65
241784.4446666668 242280.25551041675 78 77
242517.32441666676 242916.61616666676 78 62
242916.61616666676 243027.36385416673 78 62
243848.02491666676 244251.86691666677 78 73
244251.86691666677 244749.17076041678 78 77
244986.23966666675 245401.36716666675 78 73
245401.36716666675 245515.05329166673 78 73
268249.4586666665 268753.66066666646 78 46
269260.7616666664 269749.8056666664 78 45
269749.8056666664 270252.07849999977 78 46
285228.59599999967 286228.59599999967 78 58
286735.6969999997 287224.74099999963 78 53
287224.74099999963 287727.013833333 78 55
2000.0 2138.2487499999997 79 50
2138.2487499999997 2746.1449999999995 79 57
19491.849 19630.09775 79 50
19630.09775 20237.994 79 57
36960.015416666676 37098.26416666668 79 50
37098.26416666668 37706.16041666669 79 57
54456.78116666672 54595.02991666672 79 50
54595.02991666672 55202.92616666672 79 57
80873.26162500009 81259.26741250008 79 80
81899.06212500008 82252.5813750001 79 61
82252.5813750001 82353.1211250001 79 61
83109.53062500009 83494.7502500001 79 80
84144.6206250001 84510.8056250001 79 61
84510.8056250001 84615.33640625009 79 61
85370.94462500009 85755.2821250001 79 80
86127.07662500009 86568.73462500008 79 77
90227.02062500008 90365.26937500008 79 50
90365.26937500008 90973.1656250001 79 57
107676.44837500007 107814.69712500006 79 50
107814.69712500006 108422.59337500007 79 57
125134.41079166673 125272.65954166673 79 50
125272.65954166673 125880.55579166673 79 57
142630.63779166676 142768.88654166675 79 50
142768.88654166675 143376.78279166674 79 57
169025.70558333368 169416.42834583367 79 80
170051.5060833337 170405.0253333337 79 61
170405.0253333337 170506.3663645837 79 61
171261.97458333374 171646.40804583373 79 80
172297.06458333376 172663.24958333376 79 61
172663.24958333376 172763.7739583338 79 61
173523.38858333378 173907.7260833338 79 80
174279.5205833338 174721.1785833338 79 77
179353.43258333375 179855.52458333372 79 77
203959.81083333364 204461.90283333362 79 75
268753.66066666646 268891.9094166665 79 42
268891.9094166665 269499.8056666664 79 48
286228.59599999967 286366.8447499997 79 50
286366.8447499997 286974.74099999963 79 57
81250.61962500008 81701.01983750009 80 80
83486.8886250001 83869.69834166678 80 80
85742.46162500008 86189.57662500009 80 77
169403.0635833337 169785.6926708337 80 80
171639.33258333371 172027.59401666708 80 80
173894.9055833338 174342.0205833338 80 77
179730.00158333374 179877.21880833374 80 64
192163.15158333367 193169.65758333367 80 69
199813.18433333366 200832.40733333363 80 80
204336.37983333363 204483.59705833363 80 64
216764.20983333365 217770.71583333364 80 69
224398.6355833336 225417.85858333358 80 70
226951.40158333356 227363.67512500024 80 69
229455.33912500023 229863.30162500023 80 69
232368.15437500016 232769.61062500015 80 73
232769.61062500015 233270.18605208347 80 77
233508.07537500016 233909.73912500017 80 73
233909.73912500017 234020.70975000018 80 73
236199.49362500015 237175.10362500016 80 67
237175.10362500016 237587.37716666685 80 69
239698.32516666682 240106.28766666682 80 69
242612.56241666674 243014.01866666676 80 73
243014.01866666676 243514.5940937501 80 77
243752.48341666677 244154.14716666675 80 73
244154.14716666675 244265.11779166677 80 73
2069.124375 2507.1009999999997 81 50
19560.973375 19998.95 81 50
37029.13979166668 37467.116416666686 81 50
54525.90554166672 54963.88216666672 81 50
90296.14500000008 90734.12162500009 81 50
107745.57275000006 108183.54937500008 81 50
125203.53516666673 125641.51179166674 81 50
142699.76216666674 143137.73879166675 81 50
268822.7850416665 269260.7616666664 81 42
286297.7203749997 286735.6969999997 81 50
73765.31787500008 74149.93287500007 82 85
78242.17012500008 78626.78512500007 82 80
81899.06212500008 82724.9156250001 82 88
84144.6206250001 84986.3296250001 82 88
161921.11608333356 162305.7310833336 82 85
166396.31408333368 166780.92908333373 82 80
170051.5060833337 170877.35958333372 82 88
172297.06458333376 173138.7735833338 82 88
199295.94333333365 199813.18433333366 82 81
223881.3945833336 224398.6355833336 82 71
232272.91637500018 232672.20812500018 82 73
232672.20812500018 232782.95581250015 82 73
234431.48687500018 234741.83162500017 82 69
242517.32441666676 242916.61616666676 82 73
242916.61616666676 243027.36385416673 82 73
244675.8949166668 244986.23966666675 82 69
1750.0 2069.124375 83 50
19241.849 19560.973375 83 50
36710.015416666676 37029.13979166668 83 50
54206.78116666672 54525.90554166672 83 50
81627.97762500009 81808.70062500008 83 88
83864.2466250001 84051.1626250001 83 87
89977.02062500008 90296.14500000008 83 50
107426.44837500007 107745.57275000006 83 50
124884.41079166673 125203.53516666673 83 50
142380.63779166676 142699.76216666674 83 50
169780.4215833337 169961.1445833337 83 88
172016.69058333375 172203.60658333378 83 87
191912.10558333367 192659.01958333366 83 64
198782.00383333364 199395.08119166698 83 79
216513.16383333365 217260.07783333363 83 64
223367.45508333363 223893.24802291693 83 69
233196.65662500015 233508.07537500016 83 69
243441.06466666673 243752.48341666677 83 69
268501.5596666665 268822.7850416665 83 42
285978.59599999967 286297.7203749997 83 50
191661.05958333367 192163.15158333367 85 69
216262.11783333367 216764.20983333365 85 69
231962.5716250002 232272.91637500018 85 69
234431.48687500018 234741.83162500017 85 81
242206.97966666677 242517.32441666676 85 69
244675.8949166668 244986.23966666675 85 81
82724.9156250001 83109.53062500009 87 88
170877.35958333372 171261.97458333374 87 88
191105.50358333366 191668.38175833368 87 69
215706.56183333366 216273.62410833364 87 69
233196.65662500015 233508.07537500016 87 81
243441.06466666673 243752.48341666677 87 81
227363.67512500024 227792.24612500024 88 76
229863.30162500023 230275.67262500024 88 76
231962.5716250002 232272.91637500018 88 81
237587.37716666685 238015.94816666684 88 76
240106.28766666682 240520.08066666685 88 76
242206.97966666677 242517.32441666676 88 81
227264.99087500025 227685.10337500024 90 77
229034.28612500022 229503.44907500022 90 77
229764.61737500023 230172.57987500023 90 77
237488.69291666686 237908.80541666684 90 77
239277.2721666668 239746.4351166668 90 77
240007.60341666683 240416.63241666683 90 77
226951.40158333356 227363.67512500024 92 82
229455.33912500023 229863.30162500023 92 82
237175.10362500016 237587.37716666685 92 82
239698.32516666682 240106.28766666682 92 82
78242.17012500008 78626.78512500007 94 85
166396.31408333368 166780.92908333373 94 85
82724.9156250001 83109.53062500009 99 93
170877.35958333372 171261.97458333374 99 93
