137738.836591667 138048.081841667 30 21
147299.38739583368 155946.34258750032 30 30
143848.38764583363 147803.5463958337 35 27
66342.99224999995 66703.33274999996 37 35
137894.22784166702 138186.550441667 37 21
136007.47359166708 136287.22209166703 38 24
134369.67734166706 134636.24984166704 40 26
72719.59899999997 73067.56374999997 41 40
100871.03634791671 101040.12150625004 42 27
102465.2408416667 102722.58934166671 42 27
104020.10034166672 104276.93734166672 42 27
105569.67959166673 105826.00859166672 42 27
107141.53359166671 107398.88209166672 42 31
108726.89159166672 108983.74009166672 42 31
110305.89459166671 110565.58609166672 42 27
111889.24559166675 112150.17159166676 42 27
113484.8508416668 113745.77684166681 42 33
115054.68884166684 115314.58484166685 42 36
116624.66084166683 116885.58684166685 42 37
118232.61084166686 118492.02834166687 42 36
124590.712591667 124850.13009166702 42 53
138048.081841667 138353.842341667 42 23
147803.5463958337 155946.34258750032 42 25
98833.53704375007 99107.16370208339 43 69
99103.73105208339 99386.92536875006 43 70
99383.37069375005 99987.29334791673 43 72
99673.14034791673 100429.44534791673 43 73
132777.53334166703 133039.39134166704 43 29
97346.20680625006 98095.55650625008 44 59
98087.50043958341 98815.49144583341 44 58
94374.91066875005 94882.05266875004 45 55
94628.48166875004 94887.75073750003 45 54
94882.05266875004 95132.40973750003 45 52
95126.81529791669 95402.01000000002 45 51
95369.7428 96089.06557291672 45 50
95850.17357291671 96327.95757291673 45 49
96089.06557291672 96367.77290625007 45 48
96327.95757291673 96777.7381020834 45 47
96569.65980625007 96965.49180625007 45 46
136144.01709166705 136416.10659166705 45 25
138201.93584166703 138490.55819166702 46 24
91420.60199375005 91847.08492916673 47 55
91673.02099375006 91982.28316041673 47 54
91922.53263125007 92251.29549375005 47 52
92165.08156875006 92519.14630625006 47 51
92406.70110625005 92919.00516250006 47 50
92887.08556250005 93184.48715625006 47 49
93125.8856520834 93448.33828333339 47 48
93363.7784270834 93616.08286875005 47 47
93601.06816875005 93889.91344791671 47 46
131200.00134166703 131458.074341667 47 30
134501.69034166707 134757.35339166704 47 28
143902.57839583364 147803.5463958337 47 29
119809.10659166692 120187.44929166694 48 58
126278.64909166703 126670.03809166705 48 54
66412.73374999996 67746.27299999997 49 37
68854.19374999996 69866.9404520833 49 37
71199.01674999997 73067.56374999997 49 39
88447.62125000004 88952.45925000004 49 55
88700.04025000005 88980.33051458339 49 54
88952.45925000004 89259.18994583338 49 52
89199.04485416671 89503.01335208338 49 51
89443.13179375004 89960.25784583339 49 50
89928.06077916671 90200.92312500004 49 49
90168.86539166671 90414.11720208339 49 48
90408.63102083339 90916.77899375008 49 47
90647.26099375007 90938.50492291673 49 46
101007.59234791671 101157.14502291671 49 29
102594.6738416667 102837.7132916667 49 29
105697.59509166672 105941.58074166672 49 29
107270.96659166671 107514.00604166671 49 33
108856.32459166672 109111.15559166671 49 33
112019.70859166676 112267.58829166678 49 29
121436.68359166697 121696.57959166697 49 47
123006.65559166699 123267.581591667 49 45
124721.17559166701 124966.18914166701 49 56
127846.77559166706 128107.70159166705 49 58
129430.83259166707 129690.25009166705 49 63
138353.842341667 138581.70209166702 49 25
138659.025591667 138968.319591667 49 27
148307.70539583368 155946.34258750032 49 25
67740.76274999998 68086.35644999996 50 37
68071.37774999997 68856.3115833333 50 44
69647.98774999997 70435.59760624997 50 37
70680.62374999997 71199.01674999997 50 39
113615.31384166681 113863.19354166681 50 34
116755.12384166685 117003.00354166685 50 39
132907.69084166703 133157.92179166703 50 31
136287.22209166703 136573.63209166704 50 27
104149.02184166672 104392.06129166672 51 29
110436.66459166672 110681.61544166673 51 29
115185.15184166684 115431.07454166685 51 38
118363.07384166686 118608.08739166686 51 37
70937.11074999998 71315.78317499996 52 41
134636.24984166704 134905.36884166705 52 30
66703.33274999996 67746.27299999997 53 20
68337.66574999997 68856.3115833333 53 20
69108.33374999998 69866.9404520833 53 20
71460.92274999997 72794.07774999997 53 20
72794.07774999997 74129.4568333333 53 51
75180.97475000001 76172.42338541668 53 54
77540.61924999999 79109.21610625001 53 59
79875.75825 80668.97782500001 53 61
81424.46625000001 82212.06795208335 53 62
88447.62125000004 88952.45925000004 53 55
88700.04025000005 88980.33051458339 53 54
88952.45925000004 89259.18994583338 53 52
89199.04485416671 89503.01335208338 53 51
89443.13179375004 89960.25784583339 53 50
89928.06077916671 90200.92312500004 53 49
90168.86539166671 90414.11720208339 53 48
90408.63102083339 90916.77899375008 53 47
90647.26099375007 90938.50492291673 53 46
98833.53704375007 99107.16370208339 53 69
99103.73105208339 99386.92536875006 53 70
99383.37069375005 99987.29334791673 53 72
99673.14034791673 100429.44534791673 53 73
113745.77684166681 114004.30834166681 53 35
116885.58684166685 117142.47734166686 53 41
16420.92200000001 16810.251000000004 54 34
19549.533 20055.3517 54 34
48072.861999999965 48462.19099999996 54 30
51217.66299999996 51723.48169999996 54 30
70428.77674999998 70937.11074999998 54 43
74124.97574999998 74409.26224999999 54 53
74393.84074999997 75183.08303333333 54 62
75959.66875000001 76762.78327291668 54 54
77012.32375000001 77540.61924999999 54 58
79354.24225 79875.75825 54 60
80911.47925000002 81424.46625000001 54 61
91420.60199375005 91847.08492916673 54 55
91673.02099375006 91982.28316041673 54 54
91922.53263125007 92251.29549375005 54 52
92165.08156875006 92519.14630625006 54 51
92406.70110625005 92919.00516250006 54 50
92887.08556250005 93184.48715625006 54 49
93125.8856520834 93448.33828333339 54 48
93363.7784270834 93616.08286875005 54 47
93601.06816875005 93889.91344791671 54 46
94374.91066875005 94882.05266875004 54 55
94628.48166875004 94887.75073750003 54 54
94882.05266875004 95132.40973750003 54 52
95126.81529791669 95402.01000000002 54 51
95369.7428 96089.06557291672 54 50
95850.17357291671 96327.95757291673 54 49
96089.06557291672 96367.77290625007 54 48
96327.95757291673 96777.7381020834 54 47
96569.65980625007 96965.49180625007 54 46
97346.20680625006 98095.55650625008 54 59
98087.50043958341 98815.49144583341 54 58
101139.58495625005 101274.16200625004 54 31
102722.58934166671 102979.93784166672 54 31
104276.93734166672 104533.77434166672 54 31
105826.00859166672 106082.83559166672 54 31
107398.88209166672 107671.49459166672 54 35
108983.74009166672 109241.61859166672 54 35
110565.58609166672 110825.49459166672 54 31
111487.03159166673 111889.24559166675 54 36
112150.17159166676 112410.06759166677 54 31
115314.58484166685 115576.60284166686 54 41
118492.02834166687 118753.56784166688 54 38
119016.61584166689 119276.0003416669 54 44
120070.03259166692 120328.56409166694 54 48
124850.13009166702 125111.66959166703 54 60
126539.57509166705 126798.10659166705 54 56
131327.91684166703 131575.216091667 54 32
136430.42709166705 136702.51659166702 54 27
138505.74884166702 138798.207891667 54 27
138813.672591667 139107.501891667 54 27
148811.86439583366 155946.34258750032 54 25
133039.39134166704 133302.79234166705 55 32
66703.33274999996 67746.27299999997 56 20
68337.66574999997 68856.3115833333 56 20
69108.33374999998 69866.9404520833 56 20
69918.16074999997 70435.59760624997 56 20
70680.62374999997 71199.01674999997 56 20
71460.92274999997 72794.07774999997 56 20
73067.56374999997 74129.4568333333 56 31
74668.00074999999 75183.08303333333 56 32
75433.96875 76172.42338541668 56 33
77272.40325 77659.33931666666 56 62
79610.72925 79990.90095000001 56 65
81166.20225000002 81540.14707083334 56 66
82972.53825000003 83752.94795208336 56 71
84505.58625000004 85290.92454166673 56 72
88447.62125000004 88952.45925000004 56 55
88700.04025000005 88980.33051458339 56 54
88952.45925000004 89259.18994583338 56 52
89199.04485416671 89503.01335208338 56 51
89443.13179375004 89960.25784583339 56 50
89928.06077916671 90200.92312500004 56 49
90168.86539166671 90414.11720208339 56 48
90408.63102083339 90916.77899375008 56 47
90647.26099375007 90938.50492291673 56 46
111221.75659166674 111674.99270000008 56 37
129561.29559166706 129806.30914166704 56 65
134770.80934166705 135026.47239166702 56 31
76755.83675000002 77142.05925 57 64
79102.39525 79610.72925 57 67
80662.22725000001 81166.20225000002 57 68
82453.49625000001 82972.53825000003 57 69
83994.37625000003 84505.58625000004 57 70
94374.91066875005 94882.05266875004 57 55
94628.48166875004 94887.75073750003 57 54
94882.05266875004 95132.40973750003 57 52
95126.81529791669 95402.01000000002 57 51
95369.7428 96089.06557291672 57 50
95850.17357291671 96327.95757291673 57 49
96089.06557291672 96367.77290625007 57 48
96327.95757291673 96777.7381020834 57 47
96569.65980625007 96965.49180625007 57 46
123137.118591667 123384.998291667 57 47
136573.63209166704 136855.76459166702 57 29
143967.05564583367 147803.5463958337 57 30
101270.88503125003 101418.82662500003 58 32
102850.50484166671 103096.42754166671 58 32
105954.42209166673 106198.40774166673 58 32
107526.79759166672 107801.72189166672 58 36
109111.15559166671 109372.08159166673 58 36
110956.48159166673 111487.03159166673 58 40
112280.63459166676 112526.55729166677 58 32
113876.23984166681 114119.56999166681 58 36
115444.01784166685 115695.92934166685 58 43
117016.04984166686 117256.26209166685 58 43
118620.98284166688 118872.89434166688 58 39
119147.0788416669 119392.0296916669 58 45
120200.49559166694 120443.82574166692 58 50
121567.14659166697 121813.06929166698 58 50
124979.08459166702 125230.99609166702 58 64
126670.03809166705 126926.17509166704 58 60
127977.23859166706 128225.11829166705 58 61
138968.319591667 139278.14159166702 58 27
149316.02339583365 155946.34258750032 58 25
66703.33274999996 67746.27299999997 59 25
68337.66574999997 68856.3115833333 59 25
69108.33374999998 69866.9404520833 59 25
69918.16074999997 70435.59760624997 59 25
70680.62374999997 71199.01674999997 59 25
71460.92274999997 72794.07774999997 59 25
73067.56374999997 74129.4568333333 59 31
74668.00074999999 75183.08303333333 59 32
75433.96875 76172.42338541668 59 33
76222.19375000002 76762.78327291668 59 33
77012.32375000001 77540.61924999999 59 34
77806.90724999999 79109.21610625001 59 39
79354.24225 79875.75825 59 39
80134.02225000001 80668.97782500001 59 40
80911.47925000002 81424.46625000001 59 39
81683.93725000002 82212.06795208335 59 41
82709.39225000002 83088.21907083337 59 69
84249.09925000003 84620.9973416667 59 71
86002.70525000006 86280.44086875007 59 67
86957.37325000006 87271.00891666673 59 75
87886.56025000004 88433.36750833338 59 85
91420.60199375005 91847.08492916673 59 55
91673.02099375006 91982.28316041673 59 54
91922.53263125007 92251.29549375005 59 52
92165.08156875006 92519.14630625006 59 51
92406.70110625005 92919.00516250006 59 50
92887.08556250005 93184.48715625006 59 49
93125.8856520834 93448.33828333339 59 48
93363.7784270834 93616.08286875005 59 47
93601.06816875005 93889.91344791671 59 46
97346.20680625006 98095.55650625008 59 59
98087.50043958341 98815.49144583341 59 58
98833.53704375007 99107.16370208339 59 69
99103.73105208339 99386.92536875006 59 70
99383.37069375005 99987.29334791673 59 72
99673.14034791673 100429.44534791673 59 73
104404.85284166672 104649.80369166673 59 32
110694.50759166673 110943.38289166673 59 32
110956.48159166673 111487.03159166673 59 33
111221.75659166674 111674.99270000008 59 32
111487.03159166673 111889.24559166675 59 30
117540.65584166684 118031.22259166685 59 50
129690.25009166705 129954.09059166705 59 66
131458.074341667 131718.389341667 59 34
133171.09184166705 133421.32279166704 59 33
134905.36884166705 135172.88334166704 59 31
66412.73374999996 67746.27299999997 61 40
68854.19374999996 69866.9404520833 61 37
71199.01674999997 73067.56374999997 61 40
82205.34725000002 82709.39225000002 61 76
83746.22725000003 84249.09925000003 61 78
85517.04225000006 85832.58653958338 61 64
86482.56125000006 86769.35249166672 61 72
87424.16025000006 87832.44777500005 61 80
88447.62125000004 88952.45925000004 61 69
88700.04025000005 88980.33051458339 61 67
88952.45925000004 89259.18994583338 61 66
89199.04485416671 89503.01335208338 61 65
89443.13179375004 89718.48725833336 61 64
89686.15099166671 89960.25784583339 61 63
89928.06077916671 90200.92312500004 61 62
90168.86539166671 90414.11720208339 61 60
90408.63102083339 90916.77899375008 61 59
90647.26099375007 90938.50492291673 61 58
98833.53704375007 99107.16370208339 61 69
99103.73105208339 99386.92536875006 61 70
99383.37069375005 99987.29334791673 61 72
99673.14034791673 100429.44534791673 61 73
101401.47229166671 101660.29259166672 61 34
101660.29259166672 101919.16309166672 61 31
102979.93784166672 103237.28634166672 61 34
103237.28634166672 103493.11734166672 61 31
106082.83559166672 106337.67659166674 61 34
106337.67659166674 106592.01959166673 61 31
107671.49459166672 107819.43049166672 61 39
108334.41559166672 108616.87354166672 61 36
109241.61859166672 109630.94759166673 61 39
112410.06759166677 112666.41509166677 61 34
112666.41509166677 112921.74309166678 61 31
117818.44684166684 118159.76900000017 61 54
121696.57959166697 121958.59759166698 61 52
123267.581591667 123524.472091667 61 49
125111.66959166703 125249.65054166703 61 67
128107.70159166705 128364.59209166707 61 63
128762.77059166708 129233.24959166709 61 66
139122.966591667 139417.799091667 61 28
149824.79939583366 155946.34258750032 61 24
16420.92200000001 16810.251000000004 62 42
19549.533 20055.3517 62 42
48072.861999999965 48462.19099999996 62 37
51217.66299999996 51723.48169999996 62 37
67740.76274999998 68086.35644999996 62 39
68071.37774999997 68856.3115833333 62 43
69647.98774999997 70435.59760624997 62 41
70680.62374999997 71199.01674999997 62 42
73067.56374999997 74129.4568333333 62 39
74668.00074999999 75180.97475000001 62 40
74924.48775 75183.08303333333 62 41
75433.96875 76172.42338541668 62 41
76222.19375000002 76762.78327291668 62 42
77012.32375000001 77540.61924999999 62 43
77806.90724999999 78571.69625000001 62 48
78315.20925 79109.21610625001 62 49
79354.24225 79875.75825 62 50
80134.02225000001 80662.22725000001 62 50
80395.93925000001 80668.97782500001 62 51
80911.47925000002 81424.46625000001 62 51
81683.93725000002 82212.06795208335 62 52
82453.49625000001 82972.53825000003 62 44
83232.00925000003 83746.22725000003 62 46
83486.14925000005 83752.94795208336 62 47
83994.37625000003 84505.58625000004 62 44
84764.45225000005 85290.92454166673 62 47
85764.63825000006 86033.18062500005 62 71
86724.77025000006 86977.12825000007 62 81
87658.71825000005 88184.47525000005 62 90
91420.60199375005 91847.08492916673 62 69
91673.02099375006 91982.28316041673 62 67
91922.53263125007 92251.29549375005 62 66
92165.08156875006 92519.14630625006 62 65
92406.70110625005 92652.88716250005 62 64
92647.37723958338 92919.00516250006 62 63
92887.08556250005 93184.48715625006 62 62
93125.8856520834 93448.33828333339 62 60
93363.7784270834 93616.08286875005 62 59
93601.06816875005 93889.91344791671 62 58
94374.91066875005 94882.05266875004 62 69
94628.48166875004 94887.75073750003 62 67
94882.05266875004 95132.40973750003 62 66
95126.81529791669 95402.01000000002 62 65
95369.7428 95616.41718958337 62 64
95610.9072666667 96089.06557291672 62 63
95850.17357291671 96327.95757291673 62 62
96089.06557291672 96367.77290625007 62 60
96327.95757291673 96777.7381020834 62 59
96569.65980625007 96965.49180625007 62 58
97346.20680625006 98095.55650625008 62 59
98087.50043958341 98815.49144583341 62 58
114004.30834166681 114262.83984166682 62 37
117142.47734166686 117527.06829166684 62 44
117540.65584166684 117818.44684166684 62 35
117818.44684166684 118102.14784166685 62 26
120986.20359166696 121436.68359166697 62 53
127444.93709166706 127846.77559166706 62 59
129031.8895916671 129430.83259166707 62 66
131588.231841667 131835.531091667 62 35
133302.79234166705 133564.35184166708 62 34
136716.83709166702 136980.79934166704 62 30
145744.7153958337 147803.5463958337 62 33
17989.816000000003 18920.509683333337 63 48
49657.94599999997 50588.6396833333 63 48
104533.77434166672 104738.43722291673 63 34
108075.30359166673 108524.02575416672 63 37
110825.49459166672 110961.45549791673 63 34
110956.48159166673 111487.03159166673 63 33
111221.75659166674 111674.99270000008 63 32
111487.03159166673 111889.24559166675 63 30
115576.60284166686 115970.11384166685 63 45
118753.56784166688 119016.61584166689 63 41
119276.0003416669 119539.46089583357 63 45
120328.56409166694 120990.20380416696 63 52
123922.65059166701 124381.383591667 63 47
127186.07109166707 127644.06302916705 63 62
129819.20459166705 130075.48799166705 63 68
130660.53459166702 131200.00134166703 63 40
139278.14159166702 139474.050029167 63 28
144031.53289583366 146262.93939583367 63 33
70937.11074999998 71315.78317499996 64 44
85276.91725000006 85528.90622500006 64 69
86246.50825000006 86502.7453333334 64 76
87194.43325000006 87453.48000000005 64 85
126798.10659166705 127644.06302916705 64 64
135039.92834166702 135292.54284166705 64 32
72794.07774999997 74129.4568333333 65 55
75180.97475000001 76172.42338541668 65 54
77540.61924999999 79109.21610625001 65 65
79875.75825 80668.97782500001 65 63
81424.46625000001 82212.06795208335 65 64
82453.49625000001 82972.53825000003 65 57
83232.00925000003 83752.94795208336 65 58
83994.37625000003 84505.58625000004 65 58
84764.45225000005 85290.92454166673 65 59
85517.04225000006 85832.58653958338 65 47
86002.70525000006 86280.44086875007 65 52
86482.56125000006 86769.35249166672 65 54
86957.37325000006 87271.00891666673 65 57
87424.16025000006 87832.44777500005 65 61
87886.56025000004 88433.36750833338 65 63
88184.47525000005 90916.77899375008 65 88
91038.03999375006 91173.99917500006 65 88
98833.53704375007 99107.16370208339 65 86
99103.73105208339 99386.92536875006 65 88
99383.37069375005 99987.29334791673 65 90
99673.14034791673 100429.44534791673 65 93
107816.19159166672 108334.41559166672 65 40
117540.65584166684 117818.44684166684 65 42
117818.44684166684 118102.14784166685 65 36
123398.044591667 123587.68584166701 65 52
123922.65059166701 124381.383591667 65 47
124191.76959166699 124516.23996250033 65 60
125836.62259166704 126278.64909166703 65 74
130369.62559166702 130960.75066666702 65 41
6261.929000000001 7039.892075000002 66 37
12101.541000000005 12640.225037500006 66 39
12494.502000000006 13295.476729166672 66 42
13805.791000000008 14171.539420833342 66 37
18250.742000000002 18508.585 66 27
18508.585 18774.826 66 27
37924.24599999997 38702.20907499997 66 37
43752.135999999984 44290.82003749999 66 39
44145.09699999999 44936.833729166654 66 42
45447.14799999999 45943.35942083331 66 37
49918.87199999997 50176.71499999997 66 27
50176.71499999997 50442.95599999997 66 27
70428.77674999998 70937.11074999998 66 45
74124.97574999998 74409.26224999999 66 55
74393.84074999997 75183.08303333333 66 61
75959.66875000001 76762.78327291668 66 60
77012.32375000001 77540.61924999999 66 63
79354.24225 79875.75825 66 66
80911.47925000002 81424.46625000001 66 67
91173.99917500006 93867.99616875003 66 88
93990.32516875005 94214.66103333338 66 88
97346.20680625006 98815.49144583341 66 75
101531.37109166672 101776.32194166673 66 35
101789.21409166673 101984.13759166672 66 36
103109.37084166672 103365.20184166671 66 35
103365.20184166671 103608.24129166671 66 36
103826.85084166672 104738.43722291673 66 54
106211.24909166673 106451.46134166673 66 35
106464.10409166673 106707.14354166672 66 36
107816.19159166672 108334.41559166672 66 33
108075.30359166673 108524.02575416672 66 32
108334.41559166672 108616.87354166672 66 30
109892.92159166672 110127.56816666672 66 55
110107.18684166671 110961.45549791673 66 60
111487.03159166673 111758.78259166675 66 54
112539.50059166679 112780.63814166679 66 35
112793.32959166678 113037.31524166679 66 36
115970.11384166685 116227.95684166685 66 33
116227.95684166685 116494.19784166684 66 33
118886.15284166689 119134.0325416669 66 42
119404.9218416669 119604.70945000024 66 47
120716.52859166694 120990.20380416696 66 54
120986.20359166696 121436.68359166697 66 53
121826.01259166698 122077.92409166698 66 55
125532.03859166703 126043.03692291705 66 66
125836.62259166704 126278.64909166703 66 62
127186.07109166707 127644.06302916705 66 62
127444.93709166706 127846.77559166706 66 59
128238.16459166707 128478.37684166708 66 66
128762.77059166708 129430.83259166707 66 66
130088.97659166703 130660.53459166702 66 43
131718.389341667 131976.61534166703 66 36
136855.76459166702 137265.39839166703 66 27
139433.31659166698 139681.52936250033 66 29
144096.0101458337 147803.5463958337 66 36
150450.77739583366 155946.34258750032 66 36
133434.49284166706 133681.22494166708 67 35
7033.446000000002 7817.617906250003 68 35
13547.948000000008 14056.682200000008 68 37
24356.57049999999 25161.591537499993 68 44
25146.855499999994 25933.436035416664 68 48
26710.796499999993 27497.146524999993 68 57
30649.368499999986 31416.984699999986 68 56
38695.76299999997 39470.96790624998 68 35
45189.304999999986 45698.039199999985 68 37
56021.59424999996 56826.61528749995 68 44
56811.879249999954 57598.45978541663 68 48
58375.82024999997 59190.16627499996 68 57
62364.91424999995 63132.53044999995 68 56
77272.40325 77659.33931666666 68 66
79610.72925 79990.90095000001 68 69
81166.20225000002 81540.14707083334 68 71
82972.53825000003 83752.94795208336 68 73
84505.58625000004 85290.92454166673 68 74
85517.04225000006 85832.58653958338 68 47
86002.70525000006 86280.44086875007 68 52
86482.56125000006 86769.35249166672 68 54
86957.37325000006 87271.00891666673 68 57
87424.16025000006 87832.44777500005 68 61
87886.56025000004 88433.36750833338 68 63
104662.69584166673 105428.95724166672 68 50
111221.75659166674 111674.99270000008 68 54
129954.09059166705 130094.23876041702 68 70
130088.97659166703 130660.53459166702 68 43
130369.62559166702 130960.75066666702 68 41
130660.53459166702 131200.00134166703 68 40
135172.88334166704 135564.00179166708 68 28
23139.330499999993 23621.795183333325 69 48
23571.583499999993 24363.14657499999 69 45
29587.599499999993 30130.599499999993 69 53
29869.67349999999 30661.821945833322 69 55
31166.093499999984 31516.822166666654 69 58
54805.57774999997 55286.81893333329 69 48
55236.607249999965 56028.170324999955 69 45
61312.29324999995 61659.69187916662 69 53
61585.21924999995 62377.36769583328 69 55
62881.63924999995 63232.36791666661 69 58
76755.83675000002 77142.05925 69 67
79102.39525 79610.72925 69 70
80662.22725000001 81166.20225000002 69 71
82453.49625000001 82972.53825000003 69 75
83994.37625000003 84505.58625000004 69 77
94112.38566875005 96777.7381020834 69 88
96965.49180625007 97189.2808895834 69 88
123524.472091667 123922.65059166701 69 54
123922.65059166701 124381.383591667 69 56
144160.48739583368 147803.5463958337 69 39
5867.772500000001 6476.798166666667 70 33
7814.953000000003 9591.838879166671 70 38
11711.688000000006 12219.429300000005 70 41
12232.528000000006 12494.502000000006 70 21
13290.105000000005 13792.898850000007 70 42
14069.887000000008 15631.96730000001 70 42
15646.215000000011 16926.740700000002 70 42
16810.251000000004 17393.481754166667 70 49
17204.854 18250.742000000002 70 52
18250.742000000002 18508.585 70 27
18508.585 18774.826 70 27
18774.826 20055.3517 70 42
20333.464999999997 22019.175333333325 70 52
21929.697999999993 23263.474249999992 70 54
25926.561499999996 26429.265799999994 70 51
29326.67349999999 29855.56979999999 70 53
31430.189499999986 32249.22382499998 70 57
32794.47499999999 33275.70366666666 70 54
37530.089499999965 38139.115166666634 70 33
39468.30299999998 41245.18887916665 70 38
43362.28299999998 43870.02429999998 70 41
43883.122999999985 44145.09699999999 70 21
44931.461999999985 45434.25584999999 70 42
45711.24399999998 47283.378149999975 70 42
47298.15499999997 48578.68069999996 70 42
48462.19099999996 49061.61175416663 70 49
48872.98399999997 49918.87199999997 70 52
49918.87199999997 50176.71499999997 70 27
50176.71499999997 50442.95599999997 70 27
50442.95599999997 51723.48169999996 70 42
52001.59499999996 53681.16233333329 70 52
53591.684999999954 54931.457599999965 70 54
57591.58524999997 58094.289549999965 70 51
61051.36724999996 61571.57294999995 70 53
63145.73524999995 63951.04627499995 70 57
64493.220749999964 64811.46983333329 70 54
101919.16309166672 102269.01059166671 70 31
103493.11734166672 103826.85084166672 70 31
105377.72984166672 106707.14354166672 70 54
106592.01959166673 106939.5083208334 70 31
107816.19159166672 108334.41559166672 70 33
108075.30359166673 108524.02575416672 70 32
108334.41559166672 108616.87354166672 70 30
109372.08159166673 110107.18684166671 70 59
110956.48159166673 111487.03159166673 70 60
111690.84484166675 113037.31524166679 70 60
112921.74309166678 113288.2268416668 70 31
113288.2268416668 114851.97157291682 70 60
114651.13884166682 114924.22584166682 70 63
114855.95409166683 115970.11384166685 70 67
115970.11384166685 116227.95684166685 70 40
116227.95684166685 116480.88579166685 70 40
116427.63759166685 116494.19784166684 70 72
118031.22259166685 119604.70945000024 70 75
119543.50284166691 119665.47354166691 70 48
120716.52859166694 120990.20380416696 70 54
120986.20359166696 121436.68359166697 70 53
121958.59759166698 122352.10859166698 70 57
125244.25459166704 125836.62259166704 70 68
125532.03859166703 126043.03692291705 70 66
125836.62259166704 126278.64909166703 70 62
127186.07109166707 127644.06302916705 70 62
127444.93709166706 127846.77559166706 70 59
128364.59209166707 128762.77059166708 70 69
128762.77059166708 129430.83259166707 70 66
139588.81203541698 139889.59202916702 70 29
6519.772000000001 6775.603000000001 71 19
6775.603000000001 7033.446000000002 71 19
7291.2890000000025 7547.1200000000035 71 18
7547.1200000000035 7814.953000000003 71 18
12756.476000000006 13014.319000000007 71 20
13014.319000000007 13290.105000000005 71 20
13290.105000000005 13547.948000000008 71 23
13547.948000000008 13805.791000000008 71 20
13805.791000000008 14069.887000000008 71 20
19809.428999999996 20320.206499999997 71 49
28287.0685 29329.39147916666 71 57
38182.08899999997 38437.91999999997 71 19
38437.91999999997 38695.76299999997 71 19
38953.60599999997 39209.436999999976 71 18
39209.436999999976 39468.30299999998 71 18
44407.07099999998 44664.91399999998 71 20
44664.91399999998 44931.461999999985 71 20
44931.461999999985 45189.304999999986 71 23
45189.304999999986 45447.14799999999 71 20
45447.14799999999 45711.24399999998 71 20
51477.55899999996 51988.33649999996 71 49
60011.762249999956 61054.08522916662 71 57
82709.39225000002 83088.21907083337 71 76
84249.09925000003 84620.9973416667 71 78
86002.70525000006 86280.44086875007 71 66
86957.37325000006 87271.00891666673 71 72
87886.56025000004 88433.36750833338 71 80
97089.12680625006 98815.49144583341 71 92
104149.02184166672 104404.85284166672 71 27
104404.85284166672 104662.69584166673 71 29
104920.53884166673 105176.36984166673 71 27
105176.36984166673 105441.76409166673 71 27
110436.66459166672 110694.50759166673 71 34
110694.50759166673 110956.48159166673 71 34
117540.65584166684 118031.22259166685 71 67
130088.97659166703 130660.53459166702 71 69
130369.62559166702 130960.75066666702 71 65
130660.53459166702 131200.00134166703 71 64
131848.546841667 132091.87699166703 71 37
133564.35184166708 133943.26094166707 71 31
25408.829499999993 25667.695499999994 72 33
25667.695499999994 25926.561499999996 72 33
26180.390499999994 26311.37749999999 72 33
26311.37749999999 26797.42916666666 72 50
28020.8275 28436.557354166667 72 56
32515.391999999985 33078.07089999999 72 54
57073.85324999996 57332.71924999996 72 33
57332.71924999996 57591.58524999997 72 33
57845.414249999965 57976.401249999966 72 33
57976.401249999966 58462.45291666663 72 50
59713.84724999995 60098.73758333329 72 56
64216.364249999955 64770.60649999996 72 54
98581.48973958341 100429.44534791673 72 95
3124.9679999999994 4426.795099999999 73 35
5484.026000000001 5982.896450000001 73 35
5995.688000000001 6261.929000000001 73 16
8070.784000000003 8327.611000000004 73 16
8327.611000000004 8584.438000000006 73 16
8584.438000000006 8837.293000000007 73 18
8837.293000000007 9093.124000000005 73 16
9093.124000000005 9361.556000000004 73 16
9361.556000000004 10163.688337500005 73 39
10674.022000000006 10939.222216666672 73 39
11323.346500000007 11718.159650000005 73 42
11970.554000000006 12232.528000000006 73 23
12232.528000000006 12494.502000000006 73 21
14330.81300000001 14591.739000000009 73 20
14591.739000000009 14850.605000000009 73 20
14850.605000000009 15104.434000000008 73 21
15104.434000000008 15361.26100000001 73 20
15361.26100000001 15646.215000000011 73 20
20068.295 20565.580420833332 73 49
23833.557499999995 24091.400499999992 73 33
24091.400499999992 24356.57049999999 73 32
24619.613499999992 24879.511499999993 73 31
24879.511499999993 25146.855499999994 73 31
26970.694499999994 27230.59249999999 73 34
27230.59249999999 27490.490499999993 73 34
27756.731499999998 28273.75645 73 56
28547.994499999997 28808.920499999997 73 38
28808.920499999997 29069.846499999992 73 38
29069.846499999992 29326.67349999999 73 39
29326.67349999999 29587.599499999993 73 37
29587.599499999993 29869.67349999999 73 37
30130.599499999993 30388.44249999999 73 37
30388.44249999999 30649.368499999986 73 37
30909.266499999987 31166.093499999984 73 37
31166.093499999984 31430.189499999986 73 37
32242.45149999998 32515.391999999985 73 60
33092.99699999999 34884.97849999996 73 60
34747.363999999965 36055.63304999995 73 35
37146.342999999964 37645.21344999997 73 35
37658.00499999997 37924.24599999997 73 16
39724.13399999998 39980.96099999998 73 16
39980.96099999998 40237.78799999998 73 16
40237.78799999998 40490.642999999975 73 18
40490.642999999975 40746.47399999998 73 16
40746.47399999998 41014.90599999998 73 16
41014.90599999998 41814.17333749998 73 39
42324.616999999984 42701.99248333332 73 39
42973.941499999986 43368.75464999999 73 42
43621.14899999999 43883.122999999985 73 23
43883.122999999985 44145.09699999999 73 21
45972.16999999998 46233.095999999976 73 20
46233.095999999976 46491.96199999998 73 20
46491.96199999998 46745.790999999976 73 21
46745.790999999976 47002.61799999998 73 20
47002.61799999998 47298.15499999997 73 20
51736.42499999996 52233.71042083329 73 49
55498.58124999996 55756.42424999996 73 33
55756.42424999996 56021.59424999996 73 32
56284.63724999996 56544.53524999996 73 31
56544.53524999996 56811.879249999954 73 31
58635.71824999997 58895.61624999997 73 34
58895.61624999997 59183.51024999996 73 34
59449.75124999996 59996.86649999995 73 56
60272.688249999956 60533.614249999955 73 38
60533.614249999955 60794.540249999955 73 38
60794.540249999955 61051.36724999996 73 39
61051.36724999996 61312.29324999995 73 37
61312.29324999995 61585.21924999995 73 37
61846.14524999995 62103.98824999995 73 37
62103.98824999995 62364.91424999995 73 37
62624.81224999995 62881.63924999995 73 37
62881.63924999995 63145.73524999995 73 37
63944.24324999994 64216.364249999955 73 60
64785.20574999996 66703.33274999996 73 60
82205.34725000002 82709.39225000002 73 80
83746.22725000003 84249.09925000003 73 82
85517.04225000006 85832.58653958338 73 60
86482.56125000006 86769.35249166672 73 69
87424.16025000006 87832.44777500005 73 77
99987.29334791673 100733.42184791672 73 80
100650.52134791673 102033.95137500006 73 50
103109.37084166672 103826.85084166672 73 50
105697.59509166672 105954.42209166673 73 27
105954.42209166673 106211.24909166673 73 29
106211.24909166673 106464.10409166673 73 27
106464.10409166673 106719.93509166673 73 27
106719.93509166673 106941.3903770834 73 27
106945.78184166673 107819.43049166672 73 55
108334.41559166672 108597.45859166673 73 56
109111.15559166671 109630.94759166673 73 58
109630.94759166673 110305.89459166671 73 35
112019.70859166676 112280.63459166676 73 31
112280.63459166676 112539.50059166679 73 33
112539.50059166679 112793.32959166678 73 31
112793.32959166678 113050.15659166679 73 31
113050.15659166679 113354.3878416668 73 31
117818.44684166684 118043.63451041686 73 65
122091.18259166699 122862.88054166698 73 70
122809.63234166698 123638.25684166701 73 76
124393.129591667 125249.65054166703 73 83
128491.01959166708 129233.24959166709 73 73
139744.59835833366 140038.254204167 73 30
15907.14100000001 16168.067000000008 74 27
16168.067000000008 16420.92200000001 74 27
16680.818000000007 16939.684000000005 74 30
16939.684000000005 17204.854 74 33
19035.752 19296.678 74 27
19296.678 19549.533 74 27
19809.428999999996 20068.295 74 30
20068.295 20333.464999999997 74 33
22198.12999999999 22466.56199999999 74 33
22466.56199999999 22729.604999999992 74 33
22729.604999999992 23001.392999999993 74 33
23001.392999999993 23277.267999999993 74 34
23277.267999999993 23571.583499999993 74 34
47559.08099999997 47820.00699999997 74 27
47820.00699999997 48072.861999999965 74 27
48332.757999999965 48591.62399999997 74 30
48591.62399999997 48872.98399999997 74 33
50703.88199999996 50964.80799999996 74 27
50964.80799999996 51217.66299999996 74 27
51477.55899999996 51736.42499999996 74 30
51736.42499999996 52001.59499999996 74 33
53860.11699999996 54128.54899999996 74 33
54128.54899999996 54391.59199999997 74 33
54391.59199999997 54666.833999999966 74 33
54666.833999999966 54945.444249999964 74 34
54945.444249999964 55236.607249999965 74 34
85764.63825000006 86033.18062500005 74 81
86724.77025000006 86977.12825000007 74 94
87658.71825000005 88184.47525000005 74 103
113615.31384166681 113876.23984166681 74 31
113876.23984166681 114132.37684166682 74 33
114132.37684166682 114392.27284166683 74 31
114392.27284166683 114651.13884166682 74 31
116755.12384166685 117016.04984166686 74 36
117016.04984166686 117268.90484166685 74 36
117268.90484166685 117540.65584166684 74 27
120986.20359166696 121230.21655416695 74 70
121226.21634166695 122352.10859166698 74 78
127444.93709166706 127649.75234166706 74 71
127649.75234166706 128762.77059166708 74 82
129031.8895916671 129300.36959166708 74 70
131976.61534166703 132353.146841667 74 33
4309.840999999999 4802.144708333333 75 34
4710.463 5506.9441937500005 75 38
6519.772000000001 6775.603000000001 75 19
6775.603000000001 7033.446000000002 75 19
7291.2890000000025 7547.1200000000035 75 18
7547.1200000000035 7814.953000000003 75 18
10417.305000000006 10923.912850000006 75 39
10937.065000000006 11438.020450000007 75 44
12756.476000000006 13014.319000000007 75 20
13014.319000000007 13290.105000000005 75 20
13290.105000000005 13547.948000000008 75 23
13547.948000000008 13805.791000000008 75 20
13805.791000000008 14069.887000000008 75 20
17465.780000000002 17724.646000000004 75 32
17724.646000000004 17989.816000000003 75 32
18250.742000000002 18508.585 75 33
18508.585 18774.826 75 33
20594.391 20850.221999999998 75 35
20850.221999999998 21115.391999999996 75 36
21115.391999999996 21376.317999999996 75 37
21376.317999999996 21634.160999999993 75 39
21634.160999999993 21929.697999999993 75 40
31690.087499999987 31946.914499999984 75 37
31946.914499999984 32242.45149999998 75 39
32242.45149999998 32780.520849999986 75 44
32515.391999999985 32794.47499999999 75 40
32794.47499999999 33092.99699999999 75 40
35935.62749999995 36487.112483333294 75 34
36372.779999999955 37169.26119374997 75 38
38182.08899999997 38437.91999999997 75 19
38437.91999999997 38695.76299999997 75 19
38953.60599999997 39209.436999999976 75 18
39209.436999999976 39468.30299999998 75 18
42067.78999999998 42574.50784999998 75 39
42587.65999999999 43088.61544999998 75 44
44407.07099999998 44664.91399999998 75 20
44664.91399999998 44931.461999999985 75 20
44931.461999999985 45189.304999999986 75 23
45189.304999999986 45447.14799999999 75 20
45447.14799999999 45711.24399999998 75 20
49133.90999999997 49392.77599999997 75 32
49392.77599999997 49657.94599999997 75 32
49918.87199999997 50176.71499999997 75 33
50176.71499999997 50442.95599999997 75 33
52262.52099999996 52518.351999999955 75 35
52518.351999999955 52783.52199999995 75 36
52783.52199999995 53044.44799999995 75 37
53044.44799999995 53302.290999999954 75 39
53302.290999999954 53591.684999999954 75 40
63405.63324999994 63662.460249999946 75 37
63662.460249999946 63944.24324999994 75 39
63944.24324999994 64284.394499999966 75 44
64216.364249999955 64493.220749999964 75 40
64493.220749999964 64785.20574999996 75 40
101984.13759166672 102374.09843750004 75 49
102335.80784166671 103237.28634166672 75 54
104149.02184166672 104404.85284166672 75 32
104404.85284166672 104662.69584166673 75 35
104920.53884166673 105176.36984166673 75 32
105176.36984166673 105441.76409166673 75 32
108075.30359166673 108524.02575416672 75 56
108531.69784166673 109241.61859166672 75 63
110436.66459166672 110694.50759166673 75 41
110694.50759166673 110956.48159166673 75 41
115185.15184166684 115444.01784166685 75 34
115444.01784166685 115709.18784166686 75 34
115709.18784166686 116480.88579166685 75 72
118363.07384166686 118620.98284166688 75 45
118620.98284166688 118886.15284166689 75 46
118886.15284166689 119147.0788416669 75 50
119147.0788416669 119404.9218416669 75 52
119404.9218416669 119612.79334166691 75 55
119612.79334166691 120587.09559166693 75 86
123587.68584166701 124381.383591667 75 74
127186.07109166707 127644.06302916705 75 72
129233.24959166709 130094.23876041702 75 84
130660.53459166702 131072.08584166702 75 70
139900.67648958368 140101.084804167 75 30
25408.829499999993 25667.695499999994 76 33
25667.695499999994 25926.561499999996 76 33
26180.390499999994 26442.364499999992 76 33
26442.364499999992 26710.796499999993 76 34
57073.85324999996 57332.71924999996 76 33
57332.71924999996 57591.58524999997 76 33
57845.414249999965 58107.38824999997 76 33
58107.38824999997 58375.82024999997 76 34
85276.91725000006 85528.90622500006 76 80
86246.50825000006 86502.7453333334 76 86
87194.43325000006 87453.48000000005 76 98
126081.86734166704 127444.93709166706 76 90
10160.478000000005 10661.186150000007 77 41
23833.557499999995 24091.400499999992 77 33
24091.400499999992 24356.57049999999 77 32
24619.613499999992 24879.511499999993 77 31
24879.511499999993 25146.855499999994 77 31
26970.694499999994 27230.59249999999 77 34
27230.59249999999 27490.490499999993 77 34
27490.490499999993 27756.731499999998 77 58
27756.731499999998 28020.8275 77 39
28020.8275 28287.0685 77 39
28547.994499999997 28808.920499999997 77 38
28808.920499999997 29069.846499999992 77 38
29069.846499999992 29326.67349999999 77 39
29326.67349999999 29587.599499999993 77 37
29587.599499999993 29869.67349999999 77 37
30130.599499999993 30388.44249999999 77 37
30388.44249999999 30649.368499999986 77 37
30909.266499999987 31166.093499999984 77 37
31166.093499999984 31430.189499999986 77 37
33367.056999999986 33631.152999999984 77 41
33631.152999999984 33895.24899999998 77 36
33895.24899999998 34162.59299999997 77 33
34162.59299999997 34429.93699999997 77 29
34429.93699999997 34747.363999999965 77 26
41810.96299999998 42311.77564999998 77 41
55498.58124999996 55756.42424999996 77 33
55756.42424999996 56021.59424999996 77 32
56284.63724999996 56544.53524999996 77 31
56544.53524999996 56811.879249999954 77 31
58635.71824999997 58895.61624999997 77 34
58895.61624999997 59183.51024999996 77 34
59183.51024999996 59449.75124999996 77 58
59449.75124999996 59713.84724999995 77 39
59713.84724999995 60011.762249999956 77 39
60272.688249999956 60533.614249999955 77 38
60533.614249999955 60794.540249999955 77 38
60794.540249999955 61051.36724999996 77 39
61051.36724999996 61312.29324999995 77 37
61312.29324999995 61585.21924999995 77 37
61846.14524999995 62103.98824999995 77 37
62103.98824999995 62364.91424999995 77 37
62624.81224999995 62881.63924999995 77 37
62881.63924999995 63145.73524999995 77 37
65059.265749999955 65323.361749999945 77 40
65323.361749999945 65587.45774999994 77 36
65587.45774999994 65854.80174999996 77 33
65854.80174999996 66133.76774999994 77 30
66133.76774999994 66412.73374999996 77 27
88184.47525000005 90916.77899375008 77 101
91038.03999375006 91173.99917500006 77 101
107816.19159166672 108334.41559166672 77 57
113615.31384166681 113876.23984166681 77 36
113876.23984166681 114132.37684166682 77 39
114132.37684166682 114392.27284166683 77 36
114392.27284166683 114651.13884166682 77 36
116755.12384166685 117016.04984166686 77 43
117016.04984166686 117268.90484166685 77 43
117268.90484166685 117540.65584166684 77 39
123137.118591667 123398.044591667 77 50
123398.044591667 123650.89959166701 77 50
123922.65059166701 124191.76959166699 77 58
124191.76959166699 124460.249591667 77 73
125836.62259166704 126148.18609166703 77 73
130369.62559166702 130960.75066666702 77 73
260.926 521.852 78 15
521.852 782.778 78 15
782.778 1041.644 78 16
1041.644 1300.51 78 15
1300.51 1562.484 78 15
1823.41 2084.336 78 15
2084.336 2345.262 78 15
2345.262 2604.1279999999997 78 16
2604.1279999999997 2862.9939999999997 78 14
2862.9939999999997 3124.9679999999994 78 14
3400.197 3661.123 78 15
3661.123 3922.049 78 15
3922.049 4179.892 78 16
4179.892 4439.789999999999 78 14
4439.789999999999 4710.463 78 14
4969.329 5225.160000000001 78 16
5225.160000000001 5484.026000000001 78 16
5739.857000000001 5995.688000000001 78 16
5995.688000000001 6261.929000000001 78 16
6519.772000000001 6775.603000000001 78 28
6775.603000000001 7033.446000000002 78 28
8070.784000000003 8327.611000000004 78 16
8327.611000000004 8584.438000000006 78 16
8584.438000000006 8837.293000000007 78 18
8837.293000000007 9093.124000000005 78 16
9093.124000000005 9361.556000000004 78 16
9620.422000000004 9876.253000000004 78 20
9876.253000000004 10160.478000000005 78 20
10160.478000000005 10417.305000000006 78 23
10417.305000000006 10674.022000000006 78 21
10674.022000000006 10937.065000000006 78 21
11195.931000000008 11450.762000000006 78 23
11450.762000000006 11711.688000000006 78 21
11970.554000000006 12232.528000000006 78 29
12232.528000000006 12494.502000000006 78 32
12756.476000000006 13014.319000000007 78 30
13014.319000000007 13290.105000000005 78 30
13805.791000000008 14069.887000000008 78 31
14330.81300000001 14591.739000000009 78 20
14591.739000000009 14850.605000000009 78 20
14850.605000000009 15104.434000000008 78 21
15104.434000000008 15361.26100000001 78 20
15361.26100000001 15646.215000000011 78 20
15907.14100000001 16168.067000000008 78 27
16168.067000000008 16420.92200000001 78 27
16680.818000000007 16939.684000000005 78 30
16939.684000000005 17204.854 78 33
17465.780000000002 17724.646000000004 78 32
17724.646000000004 17989.816000000003 78 32
19035.752 19296.678 78 27
19296.678 19549.533 78 27
19809.428999999996 20068.295 78 30
20068.295 20333.464999999997 78 33
20594.391 20850.221999999998 78 35
20850.221999999998 21115.391999999996 78 36
21115.391999999996 21376.317999999996 78 37
21376.317999999996 21634.160999999993 78 39
21634.160999999993 21929.697999999993 78 40
22198.12999999999 22466.56199999999 78 33
22466.56199999999 22729.604999999992 78 33
22729.604999999992 23001.392999999993 78 33
23001.392999999993 23277.267999999993 78 34
23277.267999999993 23571.583499999993 78 34
31690.087499999987 31946.914499999984 78 37
31946.914499999984 32242.45149999998 78 39
32242.45149999998 32780.520849999986 78 44
32515.391999999985 32794.47499999999 78 40
32794.47499999999 33092.99699999999 78 40
35022.59299999996 35283.51899999996 78 15
35283.51899999996 35544.444999999956 78 15
35544.444999999956 35802.28799999996 78 16
35802.28799999996 36068.96699999996 78 14
36068.96699999996 36372.779999999955 78 14
36631.645999999964 36887.47699999996 78 16
36887.47699999996 37146.342999999964 78 16
37402.17399999997 37658.00499999997 78 16
37658.00499999997 37924.24599999997 78 16
38182.08899999997 38437.91999999997 78 28
38437.91999999997 38695.76299999997 78 28
39724.13399999998 39980.96099999998 78 16
39980.96099999998 40237.78799999998 78 16
40237.78799999998 40490.642999999975 78 18
40490.642999999975 40746.47399999998 78 16
40746.47399999998 41014.90599999998 78 16
41273.77199999998 41529.60299999998 78 20
41529.60299999998 41810.96299999998 78 20
41810.96299999998 42067.78999999998 78 23
42067.78999999998 42324.616999999984 78 21
42324.616999999984 42587.65999999999 78 21
42846.52599999999 43101.35699999999 78 23
43101.35699999999 43362.28299999998 78 21
43621.14899999999 43883.122999999985 78 23
43883.122999999985 44145.09699999999 78 32
44407.07099999998 44664.91399999998 78 30
44664.91399999998 44931.461999999985 78 30
45447.14799999999 45711.24399999998 78 31
45972.16999999998 46233.095999999976 78 20
46233.095999999976 46491.96199999998 78 20
46491.96199999998 46745.790999999976 78 21
46745.790999999976 47002.61799999998 78 20
47002.61799999998 47298.15499999997 78 20
47559.08099999997 47820.00699999997 78 27
47820.00699999997 48072.861999999965 78 27
48332.757999999965 48591.62399999997 78 30
48591.62399999997 48872.98399999997 78 33
49133.90999999997 49392.77599999997 78 32
49392.77599999997 49657.94599999997 78 32
50703.88199999996 50964.80799999996 78 27
50964.80799999996 51217.66299999996 78 27
51477.55899999996 51736.42499999996 78 30
51736.42499999996 52001.59499999996 78 33
52262.52099999996 52518.351999999955 78 35
52518.351999999955 52783.52199999995 78 36
52783.52199999995 53044.44799999995 78 37
53044.44799999995 53302.290999999954 78 39
53302.290999999954 53591.684999999954 78 40
53860.11699999996 54128.54899999996 78 33
54128.54899999996 54391.59199999997 78 33
54391.59199999997 54666.833999999966 78 33
54666.833999999966 54945.444249999964 78 34
54945.444249999964 55236.607249999965 78 34
63405.63324999994 63662.460249999946 78 37
63662.460249999946 63944.24324999994 78 39
63944.24324999994 64284.394499999966 78 44
64216.364249999955 64493.220749999964 78 40
64493.220749999964 64785.20574999996 78 40
91173.99917500006 93867.99616875003 78 101
93990.32516875005 94214.66103333338 78 101
101007.59234791671 101270.88503125003 78 27
101270.88503125003 101531.37109166672 78 29
101531.37109166672 101789.21409166673 78 27
101789.21409166673 102049.11209166671 78 27
102594.6738416667 102850.50484166671 78 30
102850.50484166671 103109.37084166672 78 30
103365.20184166671 103621.03284166672 78 29
103891.17884166671 104738.43722291673 78 61
105697.59509166672 105954.42209166673 78 32
105954.42209166673 106211.24909166673 78 35
106211.24909166673 106464.10409166673 78 32
106464.10409166673 106719.93509166673 78 32
106719.93509166673 107012.10059166672 78 32
107270.96659166671 107526.79759166672 78 34
107526.79759166672 107816.19159166672 78 34
108856.32459166672 109630.94759166673 78 35
109630.94759166673 110107.18684166671 78 42
109892.92159166672 110127.56816666672 78 63
111487.03159166673 111758.78259166675 78 61
112019.70859166676 112280.63459166676 78 36
112280.63459166676 112539.50059166679 78 39
112539.50059166679 112793.32959166678 78 36
112793.32959166678 113050.15659166679 78 36
113050.15659166679 113354.3878416668 78 36
115185.15184166684 115444.01784166685 78 41
115444.01784166685 115709.18784166686 78 41
118363.07384166686 118620.98284166688 78 45
118620.98284166688 118886.15284166689 78 46
118886.15284166689 119147.0788416669 78 50
119147.0788416669 119404.9218416669 78 52
119404.9218416669 119678.64359166691 78 55
119939.56959166692 120200.49559166694 78 64
120200.49559166694 120456.63259166693 78 66
120456.63259166693 120716.52859166694 78 66
120716.52859166694 120986.20359166696 78 66
121567.14659166697 121826.01259166698 78 61
121826.01259166698 122091.18259166699 78 61
122352.10859166698 122609.95159166699 78 62
122609.95159166699 122876.19259166697 78 62
124721.17559166701 124979.08459166702 78 55
124979.08459166702 125244.25459166704 78 63
125532.03859166703 126043.03692291705 78 75
126409.11209166703 127056.63809166706 78 66
126926.17509166704 127846.77559166706 78 64
127977.23859166706 128238.16459166707 78 58
128238.16459166707 128491.01959166708 78 66
128762.77059166708 129031.8895916671 78 60
129031.8895916671 129430.83259166707 78 60
130088.97659166703 130660.53459166702 78 83
131008.05159166703 132634.32954166702 78 60
140057.23428125033 140248.51700416702 78 30
144226.4968958337 147803.5463958337 78 44
132582.14434166704 134224.36884166705 79 58
7291.2890000000025 7547.1200000000035 80 28
7547.1200000000035 7814.953000000003 80 27
13547.948000000008 13805.791000000008 80 31
24619.613499999992 24879.511499999993 80 37
24879.511499999993 25146.855499999994 80 37
25408.829499999993 25667.695499999994 80 39
25667.695499999994 25926.561499999996 80 39
26970.694499999994 27230.59249999999 80 41
27230.59249999999 27490.490499999993 80 41
27756.731499999998 28020.8275 80 39
28020.8275 28287.0685 80 39
30909.266499999987 31166.093499999984 80 44
33367.056999999986 33631.152999999984 80 41
33631.152999999984 33895.24899999998 80 36
33895.24899999998 34162.59299999997 80 33
34162.59299999997 34429.93699999997 80 29
34429.93699999997 34747.363999999965 80 26
38953.60599999997 39209.436999999976 80 28
39209.436999999976 39468.30299999998 80 27
45189.304999999986 45447.14799999999 80 31
56284.63724999996 56544.53524999996 80 37
56544.53524999996 56811.879249999954 80 37
57073.85324999996 57332.71924999996 80 39
57332.71924999996 57591.58524999997 80 39
58635.71824999997 58895.61624999997 80 41
58895.61624999997 59183.51024999996 80 41
59449.75124999996 59713.84724999995 80 39
59713.84724999995 60011.762249999956 80 39
62624.81224999995 62881.63924999995 80 44
65059.265749999955 65323.361749999945 80 40
65323.361749999945 65587.45774999994 80 36
65587.45774999994 65854.80174999996 80 33
65854.80174999996 66133.76774999994 80 30
66133.76774999994 66412.73374999996 80 27
104662.69584166673 105428.95724166672 80 57
111221.75659166674 111674.99270000008 80 61
129561.29559166706 129819.20459166705 80 58
129819.20459166705 130088.97659166703 80 61
130088.97659166703 130660.53459166702 80 49
130369.62559166702 130960.75066666702 80 67
130660.53459166702 131200.00134166703 80 49
134171.18684166708 135857.30919166707 80 54
23277.267999999993 23571.583499999993 81 41
23833.557499999995 24091.400499999992 81 39
24091.400499999992 24356.57049999999 81 38
29587.599499999993 29869.67349999999 81 44
30130.599499999993 30388.44249999999 81 44
30388.44249999999 30649.368499999986 81 44
31166.093499999984 31430.189499999986 81 44
54945.444249999964 55236.607249999965 81 41
55498.58124999996 55756.42424999996 81 39
55756.42424999996 56021.59424999996 81 38
61312.29324999995 61585.21924999995 81 44
61846.14524999995 62103.98824999995 81 44
62103.98824999995 62364.91424999995 81 44
62881.63924999995 63145.73524999995 81 44
94112.38566875005 96777.7381020834 81 101
96965.49180625007 97189.2808895834 81 101
123137.118591667 123398.044591667 81 50
123398.044591667 123650.89959166701 81 50
123922.65059166701 124191.76959166699 81 58
135802.82559166706 137567.62374166702 81 49
260.926 521.852 82 15
521.852 782.778 82 15
782.778 1041.644 82 16
1041.644 1300.51 82 15
1300.51 1562.484 82 15
1823.41 2084.336 82 15
2084.336 2345.262 82 15
2345.262 2604.1279999999997 82 16
2604.1279999999997 2862.9939999999997 82 14
2862.9939999999997 3124.9679999999994 82 14
3400.197 3661.123 82 15
3661.123 3922.049 82 15
3922.049 4179.892 82 16
4179.892 4439.789999999999 82 14
4439.789999999999 4710.463 82 14
4969.329 5225.160000000001 82 16
5225.160000000001 5484.026000000001 82 16
5739.857000000001 5995.688000000001 82 16
5995.688000000001 6261.929000000001 82 26
8070.784000000003 8327.611000000004 82 24
8327.611000000004 8584.438000000006 82 24
8584.438000000006 8837.293000000007 82 27
8837.293000000007 9093.124000000005 82 24
9093.124000000005 9361.556000000004 82 24
9620.422000000004 9876.253000000004 82 20
9876.253000000004 10160.478000000005 82 20
10160.478000000005 10417.305000000006 82 23
10417.305000000006 10674.022000000006 82 21
10674.022000000006 10937.065000000006 82 21
11195.931000000008 11450.762000000006 82 23
11450.762000000006 11711.688000000006 82 21
11970.554000000006 12232.528000000006 82 34
13290.105000000005 13547.948000000008 82 35
14330.81300000001 14591.739000000009 82 30
14591.739000000009 14850.605000000009 82 30
14850.605000000009 15104.434000000008 82 33
15104.434000000008 15361.26100000001 82 30
15361.26100000001 15646.215000000011 82 30
15907.14100000001 16168.067000000008 82 32
16168.067000000008 16420.92200000001 82 32
16680.818000000007 16939.684000000005 82 36
16939.684000000005 17204.854 82 39
17465.780000000002 17724.646000000004 82 38
17724.646000000004 17989.816000000003 82 38
19035.752 19296.678 82 32
19296.678 19549.533 82 32
20594.391 20850.221999999998 82 42
20850.221999999998 21115.391999999996 82 43
21115.391999999996 21376.317999999996 82 45
21376.317999999996 21634.160999999993 82 46
21634.160999999993 21929.697999999993 82 48
22198.12999999999 22466.56199999999 82 40
22466.56199999999 22729.604999999992 82 40
22729.604999999992 23001.392999999993 82 40
23001.392999999993 23277.267999999993 82 41
26180.390499999994 26442.364499999992 82 39
29326.67349999999 29587.599499999993 82 44
31690.087499999987 31946.914499999984 82 44
31946.914499999984 32242.45149999998 82 46
32794.47499999999 33092.99699999999 82 48
35022.59299999996 35283.51899999996 82 15
35283.51899999996 35544.444999999956 82 15
35544.444999999956 35802.28799999996 82 16
35802.28799999996 36068.96699999996 82 14
36068.96699999996 36372.779999999955 82 14
36631.645999999964 36887.47699999996 82 16
36887.47699999996 37146.342999999964 82 16
37402.17399999997 37658.00499999997 82 16
37658.00499999997 37924.24599999997 82 26
39724.13399999998 39980.96099999998 82 24
39980.96099999998 40237.78799999998 82 24
40237.78799999998 40490.642999999975 82 27
40490.642999999975 40746.47399999998 82 24
40746.47399999998 41014.90599999998 82 24
41273.77199999998 41529.60299999998 82 20
41529.60299999998 41810.96299999998 82 20
41810.96299999998 42067.78999999998 82 23
42067.78999999998 42324.616999999984 82 21
42324.616999999984 42587.65999999999 82 21
42846.52599999999 43101.35699999999 82 23
43101.35699999999 43362.28299999998 82 21
43621.14899999999 43883.122999999985 82 34
44931.461999999985 45189.304999999986 82 35
45972.16999999998 46233.095999999976 82 30
46233.095999999976 46491.96199999998 82 30
46491.96199999998 46745.790999999976 82 33
46745.790999999976 47002.61799999998 82 30
47002.61799999998 47298.15499999997 82 30
47559.08099999997 47820.00699999997 82 32
47820.00699999997 48072.861999999965 82 32
48332.757999999965 48591.62399999997 82 36
48591.62399999997 48872.98399999997 82 39
49133.90999999997 49392.77599999997 82 38
49392.77599999997 49657.94599999997 82 38
50703.88199999996 50964.80799999996 82 32
50964.80799999996 51217.66299999996 82 32
52262.52099999996 52518.351999999955 82 42
52518.351999999955 52783.52199999995 82 43
52783.52199999995 53044.44799999995 82 45
53044.44799999995 53302.290999999954 82 46
53302.290999999954 53591.684999999954 82 48
53860.11699999996 54128.54899999996 82 40
54128.54899999996 54391.59199999997 82 40
54391.59199999997 54666.833999999966 82 40
54666.833999999966 54945.444249999964 82 41
57845.414249999965 58107.38824999997 82 39
61051.36724999996 61312.29324999995 82 44
63405.63324999994 63662.460249999946 82 44
63662.460249999946 63944.24324999994 82 46
64493.220749999964 64785.20574999996 82 48
101007.59234791671 101270.88503125003 82 32
101270.88503125003 101531.37109166672 82 35
101531.37109166672 101789.21409166673 82 32
101789.21409166673 102049.11209166671 82 32
102594.6738416667 102850.50484166671 82 36
102850.50484166671 103109.37084166672 82 36
103365.20184166671 103621.03284166672 82 35
103621.03284166672 103829.53117500004 82 55
105441.76409166673 106998.83684166674 82 62
107270.96659166671 107526.79759166672 82 41
107526.79759166672 107816.19159166672 82 41
108856.32459166672 109630.94759166673 82 42
110956.48159166673 111487.03159166673 82 68
111758.78259166675 113295.94562500012 82 68
113354.3878416668 114851.97157291682 82 68
114651.13884166682 114924.22584166682 82 72
114924.22584166682 115970.11384166685 82 77
116494.19784166684 117602.00135416684 82 82
118102.14784166685 119665.47354166691 82 86
119939.56959166692 120200.49559166694 82 64
120200.49559166694 120456.63259166693 82 66
120456.63259166693 120716.52859166694 82 66
120716.52859166694 120986.20359166696 82 66
121567.14659166697 121826.01259166698 82 61
121826.01259166698 122091.18259166699 82 61
122352.10859166698 122609.95159166699 82 62
122609.95159166699 122876.19259166697 82 62
124721.17559166701 124979.08459166702 82 55
124979.08459166702 125244.25459166704 82 63
125244.25459166704 125836.62259166704 82 82
126409.11209166703 127056.63809166706 82 66
126926.17509166704 127846.77559166706 82 64
127977.23859166706 128238.16459166707 82 58
128238.16459166707 128491.01959166708 82 66
128762.77059166708 129031.8895916671 82 60
129031.8895916671 129430.83259166707 82 60
137510.486341667 140248.51700416702 82 45
140214.874110417 140375.84527083367 82 31
19809.428999999996 20068.295 83 36
28547.994499999997 28808.920499999997 83 45
28808.920499999997 29069.846499999992 83 45
29069.846499999992 29326.67349999999 83 47
51477.55899999996 51736.42499999996 83 36
60272.688249999956 60533.614249999955 83 45
60533.614249999955 60794.540249999955 83 45
60794.540249999955 61051.36724999996 83 47
97089.12680625006 98815.49144583341 83 105
117540.65584166684 118031.22259166685 83 76
129561.29559166706 129819.20459166705 83 58
129819.20459166705 130088.97659166703 83 61
130088.97659166703 130660.53459166702 83 62
130369.62559166702 130960.75066666702 83 67
130660.53459166702 131200.00134166703 83 62
131327.91684166703 131588.231841667 83 30
131588.231841667 131848.546841667 83 32
131848.546841667 132104.68384166702 83 29
132104.68384166702 132366.22384166703 83 29
132366.22384166703 132647.37584166703 83 29
132907.69084166703 133171.09184166705 83 29
133171.09184166705 133434.49284166706 83 29
133434.49284166706 133694.21084166705 83 28
133694.21084166705 133956.36884166705 83 27
133956.36884166705 134237.66434166706 83 27
134501.69034166707 134770.80934166705 83 27
134770.80934166705 135039.92834166702 83 27
135039.92834166702 135305.83834166705 83 25
135305.83834166705 135577.58934166707 83 25
135577.58934166707 135870.93009166708 83 25
26442.364499999992 26710.796499999993 84 41
28020.8275 28287.0685 84 47
32515.391999999985 32794.47499999999 84 48
58107.38824999997 58375.82024999997 84 41
59713.84724999995 60011.762249999956 84 47
64216.364249999955 64493.220749999964 84 48
98581.48973958341 100429.44534791673 84 109
260.926 521.852 85 22
521.852 782.778 85 22
782.778 1041.644 85 24
1041.644 1300.51 85 22
1300.51 1562.484 85 22
1823.41 2084.336 85 22
2084.336 2345.262 85 22
2345.262 2604.1279999999997 85 24
2604.1279999999997 2862.9939999999997 85 21
2862.9939999999997 3124.9679999999994 85 21
3400.197 3661.123 85 22
3661.123 3922.049 85 22
3922.049 4179.892 85 24
4179.892 4439.789999999999 85 21
5739.857000000001 5995.688000000001 85 26
9620.422000000004 9876.253000000004 85 30
9876.253000000004 10160.478000000005 85 30
10674.022000000006 10937.065000000006 85 32
11450.762000000006 11711.688000000006 85 33
20068.295 20333.464999999997 85 39
27756.731499999998 28020.8275 85 47
32242.45149999998 32514.22915416665 85 52
33367.056999999986 33631.152999999984 85 48
33631.152999999984 33895.24899999998 85 44
33895.24899999998 34162.59299999997 85 39
34162.59299999997 34429.93699999997 85 34
34429.93699999997 34747.363999999965 85 31
35022.59299999996 35283.51899999996 85 22
35283.51899999996 35544.444999999956 85 22
35544.444999999956 35802.28799999996 85 24
35802.28799999996 36068.96699999996 85 21
37402.17399999997 37658.00499999997 85 26
41273.77199999998 41529.60299999998 85 30
41529.60299999998 41810.96299999998 85 30
42324.616999999984 42587.65999999999 85 32
43101.35699999999 43362.28299999998 85 33
51736.42499999996 52001.59499999996 85 39
59449.75124999996 59713.84724999995 85 47
63944.24324999994 64215.23041249995 85 52
65059.265749999955 65323.361749999945 85 48
65323.361749999945 65587.45774999994 85 44
65587.45774999994 65854.80174999996 85 40
65854.80174999996 66133.76774999994 85 36
66133.76774999994 66412.73374999996 85 33
99987.29334791673 100733.42184791672 85 98
100733.42184791672 102033.95137500006 85 57
103109.37084166672 103826.85084166672 85 57
107012.10059166672 107819.43049166672 85 63
108334.41559166672 108597.45859166673 85 64
109111.15559166671 109630.94759166673 85 64
117818.44684166684 118043.63451041686 85 76
122091.18259166699 122862.88054166698 85 82
122876.19259166697 123638.25684166701 85 88
124460.249591667 125249.65054166703 85 94
128491.01959166708 129233.24959166709 85 86
137894.22784166702 138201.93584166703 85 20
138201.93584166703 138505.74884166702 85 21
138505.74884166702 138813.672591667 85 20
138813.672591667 139122.966591667 85 20
139122.966591667 139433.31659166698 85 20
139433.31659166698 139744.59835833366 85 20
139744.59835833366 140057.23428125033 85 20
140057.23428125033 140373.8504833337 85 20
140373.8504833337 140590.04907083366 85 31
120986.20359166696 121230.21655416695 86 82
121306.22059166696 122352.10859166698 86 95
127444.93709166706 127846.77559166706 86 84
127716.31259166705 128762.77059166708 86 97
129031.8895916671 129300.36959166708 86 83
131327.91684166703 131588.231841667 86 36
131588.231841667 131848.546841667 86 38
131848.546841667 132104.68384166702 86 36
132104.68384166702 132366.22384166703 86 36
132366.22384166703 132647.37584166703 86 35
132907.69084166703 133171.09184166705 86 35
133171.09184166705 133434.49284166706 86 36
133434.49284166706 133694.21084166705 86 34
133694.21084166705 133956.36884166705 86 32
133956.36884166705 134237.66434166706 86 32
136144.01709166705 136430.42709166705 86 24
136430.42709166705 136716.83709166702 86 26
136716.83709166702 136994.692091667 86 24
136994.692091667 137279.646091667 86 22
137279.646091667 137581.908091667 86 22
4439.789999999999 4710.463 87 21
4969.329 5225.160000000001 87 24
5225.160000000001 5484.026000000001 87 24
10417.305000000006 10674.022000000006 87 32
11195.931000000008 11450.762000000006 87 35
36068.96699999996 36372.779999999955 87 21
36631.645999999964 36887.47699999996 87 24
36887.47699999996 37146.342999999964 87 24
42067.78999999998 42324.616999999984 87 32
42846.52599999999 43101.35699999999 87 35
102049.11209166671 102374.09843750004 87 59
102335.80784166671 103237.28634166672 87 65
108075.30359166673 108524.02575416672 87 64
108597.45859166673 109241.61859166672 87 72
119678.64359166691 120990.20380416696 87 102
123650.89959166701 124381.383591667 87 85
127186.07109166707 127644.06302916705 87 85
129300.36959166708 130094.23876041702 87 99
130660.53459166702 131072.08584166702 87 83
140534.26650000032 140696.07250625032 87 34
126148.18609166703 127444.93709166706 88 98
134501.69034166707 134770.80934166705 88 31
134770.80934166705 135039.92834166702 88 33
135039.92834166702 135305.83834166705 88 30
135305.83834166705 135577.58934166707 88 29
135577.58934166707 135870.93009166708 88 29
10160.478000000005 10417.305000000006 89 34
27490.490499999993 27755.622162499996 89 53
41810.96299999998 42067.78999999998 89 34
59183.51024999996 59448.64191249996 89 53
107816.19159166672 108334.41559166672 89 65
124191.76959166699 124460.249591667 89 86
125836.62259166704 126148.18609166703 89 87
130369.62559166702 130960.75066666702 89 87
125532.03859166703 126043.03692291705 90 89
130088.97659166703 130660.53459166702 90 98
131072.08584166702 132634.32954166702 90 67
136144.01709166705 136430.42709166705 90 29
136430.42709166705 136716.83709166702 90 29
136716.83709166702 136994.692091667 90 27
136994.692091667 137279.646091667 90 27
137279.646091667 137581.908091667 90 27
137894.22784166702 138201.93584166703 90 25
138201.93584166703 138505.74884166702 90 27
138505.74884166702 138813.672591667 90 25
138813.672591667 139122.966591667 90 25
139122.966591667 139433.31659166698 90 25
139433.31659166698 139744.59835833366 90 25
139744.59835833366 140057.23428125033 90 25
140057.23428125033 140373.8504833337 90 25
140696.07250625032 140851.30520416697 90 36
132647.37584166703 134224.36884166705 91 66
134237.66434166706 135857.30919166707 92 60
135870.93009166708 137567.62374166702 93 56
125244.25459166704 125836.62259166704 94 97
137581.908091667 140375.84527083367 94 47
140860.3334875003 141029.15639583365 94 37
141029.15639583365 141212.09439583364 97 39
141212.09439583364 141518.18539583363 99 41
141518.18539583363 143848.38764583363 102 42
