63289.04299999999 66408.36099999999 28 13
251349.0237499999 257538.02474999992 28 11
61136.557499999995 62218.58854375 33 16
92504.36950000007 94604.58227708339 33 16
245732.6449999999 248492.5617499999 33 16
62198.134 63327.67936041666 35 16
94656.85500000007 96320.49122500005 35 12
106002.85400000002 112757.74900000003 35 21
142020.49600000007 148775.39100000003 35 21
248492.5617499999 250262.9730937499 35 13
59126.4645 60136.55726666666 36 16
90494.27650000004 91504.36926666672 36 16
243337.89099999992 244511.84939999992 36 16
60102.0745 61162.41957499999 38 18
91469.88650000004 92530.23157500007 38 18
244469.75299999994 245764.2172999999 38 18
15636.3295 17154.6835 40 25
31726.811 35040.549 40 18
63289.04299999999 66408.36099999999 40 18
97929.58200000005 99505.76400000004 40 24
98717.67300000005 106265.55100000004 40 21
135550.709 135813.40600000002 40 79
136334.83500000002 136588.64200000002 40 68
137124.18900000004 137386.88600000003 40 63
137908.31500000003 138177.38500000004 40 68
138770.74800000002 139033.44500000004 40 52
139554.87400000004 139808.68100000004 40 55
140344.22800000003 140606.92500000005 40 52
141128.35400000005 141407.43700000006 40 55
171568.35100000002 171831.04800000004 40 79
172352.47700000004 172606.28400000004 40 68
173141.83100000006 173404.52800000005 40 63
173925.95700000008 174195.02700000006 40 68
174788.39000000004 175051.08700000006 40 52
175572.51600000006 175826.32300000006 40 55
176361.87000000005 176624.56700000007 40 52
177145.99600000007 177425.07900000009 40 55
178958.90100000007 179882.5685000001 40 30
179743.0270000001 181555.9320000001 40 33
181555.9320000001 183191.1610000001 40 25
183191.1610000001 184170.99593750012 40 21
199570.83550000004 201089.18950000004 40 25
215661.31699999998 218975.05499999996 40 18
251349.0237499999 257538.02474999992 40 15
58150.85450000001 59156.952312500005 41 18
89518.66650000002 90524.76431250003 41 18
242206.02899999992 243373.26168749994 41 18
57142.45150000002 58266.70818750001 42 22
88510.26350000002 89634.52018750003 42 22
106265.55100000004 106884.27268333337 42 21
107040.78700000004 107568.69200000002 42 21
107830.81500000003 108367.48138125004 42 21
108647.44800000003 108940.27400000003 42 21
108940.27400000003 109103.76851666669 42 21
109495.79700000002 110114.51868333337 42 21
110271.03300000002 110807.99200000003 42 21
111070.11500000003 111606.86071875003 42 21
111890.21000000004 112191.86900000002 42 21
112191.86900000002 112361.14617500002 42 21
142283.19300000006 142901.91468333342 42 21
143058.42900000006 143586.3340000001 42 21
143848.45700000008 144385.12338125004 42 21
144665.09000000005 144957.91600000003 42 21
144957.91600000003 145121.4105166667 42 21
145513.43900000007 146132.1606833334 42 21
146288.67500000008 146825.63400000008 42 21
147087.75700000007 147624.50271875004 42 21
147907.85200000004 148209.51100000006 42 21
148209.51100000006 148378.78817500005 42 21
241076.95749999993 242340.43761249993 42 22
40354.97050000001 42348.95206666667 43 60
56071.022500000014 57167.66157500001 43 25
71722.78249999997 73716.76406666664 43 60
87438.83450000001 88535.47357500003 43 25
224289.47650000002 226283.45806666667 43 60
240005.52849999993 241102.1675749999 43 25
13540.270000000002 14621.24305625 45 22
29485.36 30558.493983333334 45 16
55092.66825000001 56100.040368750015 45 27
61136.557499999995 62218.58854375 45 19
86460.48025000002 87467.85236875001 45 27
92504.36950000007 94604.58227708339 45 19
197474.77600000004 198555.74905625006 45 22
213419.86599999995 214492.9999833333 45 16
239027.17424999995 240034.54636874993 45 27
245732.6449999999 248492.5617499999 45 19
119776.26800000001 120820.103 46 21
155793.90999999995 156837.74499999997 46 21
14601.846500000001 15672.967439583334 47 22
30538.692000000003 31768.890214583334 47 16
54155.16825000001 55114.15262500001 47 25
62198.134 63327.67936041666 47 20
85522.98025000002 86481.96462500002 47 25
94656.85500000007 96320.49122500005 47 15
97929.58200000005 99505.76400000004 47 24
98717.67300000005 106265.55100000004 47 21
135550.709 135813.40600000002 47 94
136334.83500000002 136588.64200000002 47 80
137124.18900000004 137386.88600000003 47 75
137908.31500000003 138177.38500000004 47 80
138770.74800000002 139033.44500000004 47 63
139554.87400000004 139808.68100000004 47 65
140344.22800000003 140606.92500000005 47 63
141128.35400000005 141407.43700000006 47 65
171568.35100000002 171831.04800000004 47 94
172352.47700000004 172606.28400000004 47 80
173141.83100000006 173404.52800000005 47 75
173925.95700000008 174195.02700000006 47 80
174788.39000000004 175051.08700000006 47 63
175572.51600000006 175826.32300000006 47 65
176361.87000000005 176624.56700000007 47 63
177145.99600000007 177425.07900000009 47 65
179221.5980000001 179882.5685000001 47 35
180022.1100000001 181555.9320000001 47 30
181818.6290000001 183191.1610000001 47 29
183453.85800000012 184170.99593750012 47 24
198536.35250000004 199607.47343958338 47 22
214473.19799999997 215703.3962145833 47 16
238089.67424999995 239048.65862499995 47 25
248492.5617499999 250262.9730937499 47 17
11530.177 12540.269766666668 48 22
27461.695000000007 28495.62925 48 16
38577.192500000005 40378.78002500001 48 55
53202.78725000001 54176.65262500001 48 22
59126.4645 60136.55726666666 48 19
69945.00449999998 71746.59202499998 48 55
84570.59925000001 85544.46462500002 48 22
90494.27650000004 91504.36926666672 48 19
121350.20300000001 122495.94900000001 48 21
157367.84499999994 158513.5909999999 48 21
195464.68300000008 196474.77576666672 48 22
211396.20099999994 212430.13524999996 48 16
222511.6985 224313.286025 48 55
237137.29324999993 238111.15862499995 48 22
243337.89099999992 244511.84939999992 48 19
52250.406250000015 53238.50153750001 49 25
83618.21825 84606.31353750001 49 25
111070.11500000003 111466.22650000003 49 30
111332.23800000003 111606.86071875003 49 29
147087.75700000007 147483.86850000007 49 30
147349.88000000006 147624.50271875004 49 29
236184.91224999996 237173.00753749994 49 25
12505.787000000002 13566.132075000001 50 25
28471.239 29634.519610416668 50 18
34103.049 35275.73421458333 50 48
36818.327 38608.67398541667 50 53
51298.025250000006 52274.21577500001 50 25
60102.0745 61162.41957499999 50 22
65470.86099999998 66643.54621458333 50 48
68186.13899999998 69976.48598541664 50 53
82665.83725000001 83642.02777500001 50 25
91469.88650000004 92530.23157500007 50 22
196440.29300000006 197500.63807500005 50 25
212405.74499999994 213569.0256104166 50 18
218037.55499999996 219210.24021458332 50 48
220752.83299999998 222543.17998541665 50 53
235232.53125 236208.72177499995 50 25
244469.75299999994 245764.2172999999 50 22
111890.21000000004 112191.86900000002 51 30
112191.86900000002 112361.14617500002 51 30
147907.85200000004 148209.51100000006 51 30
148209.51100000006 148378.78817500005 51 30
16670.8125 21489.23315208334 52 46
50272.38425000001 51329.77128333334 52 25
81640.19625000001 82697.58328333334 52 25
110271.03300000002 110807.99200000003 52 32
135813.40600000002 136390.88404583337 52 60
136588.64200000002 137217.22752083337 52 59
137386.88600000003 137967.73462500004 52 60
138177.38500000004 138863.78652083338 52 59
139033.44500000004 139610.92304583336 52 50
139808.68100000004 140437.2665208334 52 49
140606.92500000005 141189.98482916673 52 50
141407.43700000006 142283.19300000006 52 44
146288.67500000008 146825.63400000008 52 32
171831.04800000004 172408.5260458334 52 60
172606.28400000004 173234.8695208334 52 59
173404.52800000005 173985.37662500006 52 60
174195.02700000006 174881.4285208334 52 59
175051.08700000006 175628.56504583338 52 50
175826.32300000006 176454.9085208334 52 49
176624.56700000007 177207.62682916675 52 50
177425.07900000009 178958.90100000007 52 44
200605.31850000005 205423.73915208326 52 46
234206.89025 235264.2772833333 52 25
10554.567000000001 11560.664812500001 53 25
26485.052500000005 27591.77633333334 53 18
48952.44125000001 50543.75176458334 53 27
58150.85450000001 59156.952312500005 53 22
80320.25325 81911.56376458333 53 27
89518.66650000002 90524.76431250003 53 22
118992.142 121356.78510208333 53 21
123016.822 124072.304 53 30
155009.78399999993 157374.42710208328 53 21
159034.4639999999 160089.9459999999 53 30
194489.07300000006 195495.1708125001 53 25
210419.5584999999 211526.28233333325 53 18
232886.94725 234478.25776458334 53 27
242206.02899999992 243373.26168749994 53 22
9546.163999999999 10670.4206875 54 22
14601.846500000001 15672.967439583334 54 27
17638.554500000002 18691.613964583335 54 25
21463.439500000008 22441.61415208334 54 22
28471.239 29222.202 54 22
30538.692000000003 31768.890214583334 54 20
37688.3035 38608.67398541667 54 39
47851.52425000001 48989.205968750015 54 28
57142.45150000002 58266.70818750001 54 26
62198.134 63327.67936041666 54 24
69056.11549999997 69976.48598541664 54 39
79219.33625 80357.01796875 54 28
88510.26350000002 89634.52018750003 54 26
94656.85500000007 96320.49122500005 54 18
104585.35200000004 104981.46350000004 54 30
104847.47500000005 105120.86325000004 54 29
111070.11500000003 111332.23800000003 54 39
111332.23800000003 111600.21500000004 54 37
111890.21000000004 112191.86900000002 54 30
112191.86900000002 112361.14617500002 54 30
147087.75700000007 147349.88000000006 54 39
147349.88000000006 147617.85700000005 54 37
147907.85200000004 148209.51100000006 54 30
148209.51100000006 148378.78817500005 54 30
179221.5980000001 179613.66100000008 54 31
179484.2950000001 179882.5685000001 54 30
181818.6290000001 182210.6920000001 54 26
182081.32600000012 183191.1610000001 54 25
183453.85800000012 183845.92100000012 54 22
183716.5550000001 184170.99593750012 54 21
193480.6700000001 194604.92668750006 54 22
198536.35250000004 199607.47343958338 54 27
201573.06050000002 202626.11996458334 54 25
205397.94549999994 206376.12015208328 54 22
212405.74499999994 213156.70799999996 54 22
214473.19799999997 215703.3962145833 54 20
221622.80949999997 222543.17998541665 54 39
231786.03024999998 232923.71196875 54 28
241076.95749999993 242340.43761249993 54 26
248492.5617499999 250262.9730937499 54 20
8484.216999999999 9571.374075 55 25
13540.270000000002 14621.24305625 55 26
15636.3295 17638.554500000002 55 28
22415.820500000005 23392.011025000007 55 25
25413.62350000001 26957.493500000004 55 26
28959.043999999998 29634.519610416668 55 16
31726.811 35040.549 55 21
35040.549 36839.603599999995 55 55
38577.192500000005 39495.711133333345 55 55
42334.13725000001 47888.22148333335 55 63
50272.38425000001 51329.77128333334 55 30
56071.022500000014 57167.66157500001 55 30
61136.557499999995 62218.58854375 55 25
63289.04299999999 66408.36099999999 55 21
66408.36099999999 68207.41559999998 55 55
69945.00449999998 70863.5231333333 55 55
73701.94924999998 79256.03348333333 55 63
81640.19625000001 82697.58328333334 55 30
87438.83450000001 88535.47357500003 55 30
92504.36950000007 94604.58227708339 55 25
121350.20300000001 122495.94900000001 55 21
157367.84499999994 158513.5909999999 55 21
192418.7230000001 193505.88007500008 55 25
197474.77600000004 198555.74905625006 55 26
199570.83550000004 201573.06050000002 55 28
206350.32649999994 207326.5170249999 55 25
209348.1294999999 210891.99949999992 55 26
212893.54999999996 213569.0256104166 55 16
215661.31699999998 218975.05499999996 55 21
218975.05499999996 220774.10959999997 55 55
222511.6985 223430.21713333335 55 55
226268.64325 231822.72748333332 55 63
234206.89025 235264.2772833333 55 30
240005.52849999993 241102.1675749999 55 30
245732.6449999999 248492.5617499999 55 25
251349.0237499999 257538.02474999992 55 17
49540.67675000001 50543.75176458334 56 29
80908.48875 81911.56376458333 56 29
105404.05200000004 105703.45300000004 56 30
105703.45300000004 105853.15350000003 56 30
107040.78700000004 107568.69200000002 56 32
107830.81500000003 108226.92650000003 56 30
108092.93800000004 108367.48138125004 56 29
110524.84000000003 110807.99200000003 56 41
113279.17800000003 114323.01300000002 56 21
143058.42900000006 143586.3340000001 56 32
143848.45700000008 144244.56850000008 56 30
144110.58000000007 144385.12338125004 56 29
146542.48200000008 146825.63400000008 56 41
149296.82000000007 150340.65500000006 56 21
180022.1100000001 180328.2480000001 56 26
180328.2480000001 180477.2325687501 56 25
233475.18274999998 234478.25776458334 56 29
7494.701999999999 8512.978064583333 57 27
9546.163999999999 10670.4206875 57 26
12505.787000000002 13566.132075000001 57 30
19320.58225 19578.518770833332 57 30
23368.201500000006 24382.395781250005 57 27
26485.052500000005 27209.594250000006 57 22
28471.239 29222.202 57 27
29485.36 30558.493983333334 57 19
34103.049 35275.73421458333 57 55
37243.859000000004 37721.6368375 57 45
39466.08150000001 40378.78002500001 57 52
48952.44125000001 50272.38425000001 57 32
55092.66825000001 56100.040368750015 57 32
57142.45150000002 58266.70818750001 57 43
60102.0745 61162.41957499999 57 27
65470.86099999998 66643.54621458333 57 55
68611.67099999997 69089.44883749998 57 45
70833.89349999998 71746.59202499998 57 52
80320.25325 81640.19625000001 57 32
86460.48025000002 87467.85236875001 57 32
88510.26350000002 89634.52018750003 57 43
91469.88650000004 92530.23157500007 57 27
103784.25100000005 104323.22900000004 57 32
191429.20800000007 192447.48406458343 57 27
193480.6700000001 194604.92668750006 57 26
196440.29300000006 197500.63807500005 57 30
203016.99300000002 203513.02477083332 57 30
207302.7074999999 208316.9017812499 57 27
210419.5584999999 211144.10024999993 57 22
212405.74499999994 213156.70799999996 57 27
213419.86599999995 214492.9999833333 57 19
218037.55499999996 219210.24021458332 57 55
221178.365 221656.1428375 57 45
223400.5875 224313.286025 57 52
232886.94725 234206.89025 57 32
239027.17424999995 240034.54636874993 57 32
241076.95749999993 242340.43761249993 57 43
244469.75299999994 245764.2172999999 57 27
47851.52425000001 48989.205968750015 58 33
79219.33625 80357.01796875 58 33
108647.44800000003 108940.27400000003 58 30
108940.27400000003 109103.76851666669 58 30
109495.79700000002 109887.86000000003 58 30
109758.49400000002 110114.51868333337 58 29
111201.17650000003 111466.22650000003 58 32
111466.22650000003 111606.86071875003 58 28
114853.11300000003 115998.85900000003 58 21
144665.09000000005 144957.91600000003 58 30
144957.91600000003 145121.4105166667 58 30
145513.43900000007 145905.50200000007 58 30
145776.13600000006 146132.1606833334 58 29
147218.81850000008 147483.86850000007 58 32
147483.86850000007 147624.50271875004 58 28
150870.75500000003 152016.50100000002 58 21
231786.03024999998 232923.71196875 58 33
6542.320999999999 7516.527397916666 59 25
8484.216999999999 9571.374075 59 30
11530.177 12540.269766666668 59 26
14601.846500000001 15672.967439583334 59 32
15636.3295 17638.554500000002 59 28
18606.296500000004 19558.6775 59 35
20511.058500000003 21489.23315208334 59 30
22415.820500000005 23392.011025000007 59 30
24350.344500000007 25444.873512500006 59 25
26957.493500000004 27591.77633333334 59 16
28959.043999999998 29634.519610416668 59 20
30538.692000000003 31768.890214583334 59 24
31726.811 35040.549 59 21
35040.549 35959.06763333333 59 55
40354.97050000001 41343.0657875 59 60
46834.57525000001 47888.22148333335 59 44
50272.38425000001 51329.77128333334 59 36
51298.025250000006 52274.21577500001 59 29
54155.16825000001 55114.15262500001 59 30
56071.022500000014 57167.66157500001 59 43
59126.4645 60136.55726666666 59 27
62198.134 63327.67936041666 59 24
63289.04299999999 66408.36099999999 59 21
66408.36099999999 67326.87963333332 59 55
71722.78249999997 72710.87778749997 59 60
78202.38724999999 79256.03348333333 59 44
81640.19625000001 82697.58328333334 59 36
82665.83725000001 83642.02777500001 59 29
85522.98025000002 86481.96462500002 59 30
87438.83450000001 88535.47357500003 59 43
90494.27650000004 91504.36926666672 59 27
94656.85500000007 96320.49122500005 59 18
104585.35200000004 104847.47500000005 59 34
104847.47500000005 105115.45200000005 59 33
105404.05200000004 105703.45300000004 59 30
105703.45300000004 105853.15350000003 59 30
106265.55100000004 106650.06765000004 59 30
106528.24800000004 106884.27268333337 59 29
109495.79700000002 109758.49400000002 59 39
109758.49400000002 110017.22600000004 59 37
111600.21500000004 112757.74900000003 59 48
132046.44199999995 132609.84799999997 59 42
133189.58599999998 133759.68399999998 59 42
134345.078 134985.977 59 42
135813.40600000002 136390.88404583337 59 71
136588.64200000002 137217.22752083337 59 70
137386.88600000003 137967.73462500004 59 71
138177.38500000004 138863.78652083338 59 70
139033.44500000004 139610.92304583336 59 59
139808.68100000004 140437.2665208334 59 57
140606.92500000005 141189.98482916673 59 59
141407.43700000006 142283.19300000006 59 51
142283.19300000006 142675.25600000008 59 30
142545.89000000007 142901.91468333342 59 29
145513.43900000007 145776.13600000006 59 39
145776.13600000006 146034.86800000007 59 37
147617.85700000005 148775.39100000003 59 48
168064.08399999997 168627.49 59 42
169207.228 169777.32600000003 59 42
170362.72000000003 171003.61900000004 59 42
171831.04800000004 172408.5260458334 59 71
172606.28400000004 173234.8695208334 59 70
173404.52800000005 173985.37662500006 59 71
174195.02700000006 174881.4285208334 59 70
175051.08700000006 175628.56504583338 59 59
175826.32300000006 176454.9085208334 59 57
176624.56700000007 177207.62682916675 59 59
177425.07900000009 178958.90100000007 59 51
179221.5980000001 179484.2950000001 59 37
179484.2950000001 179743.0270000001 59 37
180022.1100000001 180328.2480000001 59 26
180328.2480000001 180477.2325687501 59 25
181818.6290000001 182081.32600000012 59 31
182081.32600000012 182340.0580000001 59 31
183453.85800000012 183716.5550000001 59 26
183716.5550000001 183975.28700000013 59 26
190476.82700000008 191451.03339791673 59 25
192418.7230000001 193505.88007500008 59 30
195464.68300000008 196474.77576666672 59 26
198536.35250000004 199607.47343958338 59 32
199570.83550000004 201573.06050000002 59 28
202540.80250000002 203255.08825 59 35
204445.56449999992 205423.73915208326 59 30
206350.32649999994 207326.5170249999 59 30
208284.85049999988 209379.3795124999 59 25
210891.99949999992 211526.28233333325 59 16
212893.54999999996 213569.0256104166 59 20
214473.19799999997 215703.3962145833 59 24
215661.31699999998 218975.05499999996 59 21
218975.05499999996 219893.57363333332 59 55
224289.47650000002 225277.57178750003 59 60
230769.08124999996 231822.72748333332 59 44
234206.89025 235264.2772833333 59 36
235232.53125 236208.72177499995 59 29
238089.67424999995 239048.65862499995 59 30
240005.52849999993 241102.1675749999 59 43
243337.89099999992 244511.84939999992 59 27
248492.5617499999 250262.9730937499 59 20
251349.0237499999 257538.02474999992 59 17
5589.94 6564.146397916666 60 22
7494.701999999999 8512.978064583333 60 32
10554.567000000001 11560.664812500001 60 30
13540.270000000002 14621.24305625 60 34
18545.812625000002 19578.518770833332 60 38
20272.963250000004 20532.883897916672 60 24
23368.201500000006 24382.395781250005 60 32
26485.052500000005 27209.594250000006 60 25
27461.695000000007 28495.62925 60 19
29485.36 30558.493983333334 60 25
45889.69325000001 46874.82948125001 60 44
53202.78725000001 54176.65262500001 60 26
55092.66825000001 56100.040368750015 60 43
58150.85450000001 59156.952312500005 60 25
61136.557499999995 62218.58854375 60 25
77257.50524999997 78242.64148124999 60 44
84570.59925000001 85544.46462500002 60 26
86460.48025000002 87467.85236875001 60 43
89518.66650000002 90524.76431250003 60 25
92504.36950000007 94604.58227708339 60 25
118992.142 119873.56068333336 60 21
120557.98 121356.78510208333 60 21
121637.422 121935.337 60 30
121935.337 122101.672875 60 30
122233.25200000001 123021.58088125 60 28
123016.822 124072.304 60 30
125385.96199999998 125650.28157916665 60 45
127031.95399999997 127296.27357916662 60 47
155009.78399999993 155891.20268333328 60 21
156575.62199999994 157374.42710208328 60 21
157655.06399999993 157952.9789999999 60 30
157952.9789999999 158119.3148749999 60 30
158250.8939999999 159039.2228812499 60 28
159034.4639999999 160089.9459999999 60 30
161403.6039999999 161667.92357916659 60 45
163049.59599999996 163313.91557916664 60 47
189524.44600000005 190498.65239791674 60 22
191429.20800000007 192447.48406458343 60 32
194489.07300000006 195495.1708125001 60 30
197474.77600000004 198555.74905625006 60 34
202480.318625 203513.02477083332 60 38
203969.37399999995 204467.3898979166 60 24
207302.7074999999 208316.9017812499 60 32
210419.5584999999 211144.10024999993 60 25
211396.20099999994 212430.13524999996 60 19
213419.86599999995 214492.9999833333 60 25
229824.19925 230809.33548124996 60 44
237137.29324999993 238111.15862499995 60 26
239027.17424999995 240034.54636874993 60 43
242206.02899999992 243373.26168749994 60 25
245732.6449999999 248492.5617499999 60 25
4637.558999999999 5625.6542875 61 30
35929.437999999995 36839.603599999995 61 49
52250.406250000015 53238.50153750001 61 30
67297.24999999999 68207.41559999998 61 49
83618.21825 84606.31353750001 61 30
100543.69700000006 101071.60200000004 61 32
101333.72500000005 101729.83650000005 61 30
101595.84800000004 101870.40710208338 61 29
104038.05800000005 104323.22900000004 61 36
107294.59400000003 107568.69200000002 61 41
107830.81500000003 108092.93800000004 61 39
108092.93800000004 108360.91500000004 61 37
110144.12950000004 110397.93650000003 61 28
110397.93650000003 110533.09860000003 61 28
143312.23600000006 143586.3340000001 61 41
143848.45700000008 144110.58000000007 61 39
144110.58000000007 144378.55700000006 61 37
146161.77150000006 146415.57850000006 61 28
146415.57850000006 146550.74060000008 61 28
188572.0650000001 189560.16028750007 61 30
219863.944 220774.10959999997 61 49
236184.91224999996 237173.00753749994 61 30
3685.1779999999994 4661.368525 62 25
6542.320999999999 7516.527397916666 62 30
12505.787000000002 13566.132075000001 62 36
19558.6775 20511.058500000003 62 30
24350.344500000007 26957.493500000004 62 30
26957.493500000004 27591.77633333334 62 18
34103.049 35275.73421458333 62 58
35040.549 35959.06763333333 62 43
36818.327 37688.3035 62 53
37688.3035 38132.748 62 54
38132.748 38608.67398541667 62 55
41307.351500000004 42348.95206666667 62 44
45000.80425000001 45917.252308333336 62 44
51298.025250000006 52274.21577500001 62 30
60102.0745 61162.41957499999 62 27
65470.86099999998 66643.54621458333 62 58
66408.36099999999 67326.87963333332 62 43
68186.13899999998 69056.11549999997 62 53
69056.11549999997 69500.55999999998 62 54
69500.55999999998 69976.48598541664 62 55
72675.16349999997 73716.76406666664 62 44
76368.61624999998 77285.06430833331 62 44
82665.83725000001 83642.02777500001 62 30
91469.88650000004 92530.23157500007 62 27
120030.07500000001 120557.98 62 32
156047.71699999995 156575.62199999994 62 32
187619.68400000012 188595.87452500008 62 25
190476.82700000008 191451.03339791673 62 30
196440.29300000006 197500.63807500005 62 36
203493.18349999998 204207.46924999994 62 30
208284.85049999988 210891.99949999992 62 30
210891.99949999992 211526.28233333325 62 18
218037.55499999996 219210.24021458332 62 58
218975.05499999996 219893.57363333332 62 43
220752.83299999998 221622.80949999997 62 53
221622.80949999997 222067.254 62 54
222067.254 222543.17998541665 62 55
225241.8575 226283.45806666667 62 44
228935.31024999998 229851.75830833334 62 44
235232.53125 236208.72177499995 62 30
244469.75299999994 245764.2172999999 62 27
8484.216999999999 10670.4206875 63 32
14601.846500000001 15672.967439583334 63 41
17638.554500000002 18691.613964583335 63 31
30538.692000000003 31768.890214583334 63 30
46775.52012500001 48989.205968750015 63 48
48952.44125000001 50543.75176458334 63 39
56071.022500000014 58266.70818750001 63 32
62198.134 63327.67936041666 63 30
78143.33212499999 80357.01796875 63 48
80320.25325 81911.56376458333 63 39
87438.83450000001 89634.52018750003 63 32
94656.85500000007 96320.49122500005 63 22
102151.04400000004 102448.95900000005 63 30
102448.95900000005 102615.29487500005 63 30
103009.57100000005 103401.35600000004 63 30
103272.26800000005 103535.20288125005 63 29
104716.41350000004 104981.46350000004 63 28
104981.46350000004 105120.86325000004 63 25
106265.55100000004 106528.24800000004 63 39
106528.24800000004 106779.43365000005 63 37
108647.44800000003 108940.27400000003 63 30
108940.27400000003 109103.76851666669 63 30
109627.14550000003 109887.86000000003 63 32
109887.86000000003 110114.51868333337 63 28
112495.05200000001 114859.69510208335 63 21
116519.73200000002 117574.64000000001 63 21
142283.19300000006 142545.89000000007 63 39
142545.89000000007 142804.6220000001 63 37
144665.09000000005 144957.91600000003 63 30
144957.91600000003 145121.4105166667 63 30
145644.78750000006 145905.50200000007 63 32
145905.50200000007 146132.1606833334 63 28
148512.69400000005 150877.33710208337 63 21
152537.374 153592.282 63 21
179352.94650000008 179613.66100000008 63 31
179613.66100000008 179882.5685000001 63 31
181949.9775000001 182210.6920000001 63 26
182210.6920000001 183191.1610000001 63 26
183585.20650000012 183845.92100000012 63 22
183845.92100000012 184170.99593750012 63 22
192418.7230000001 194604.92668750006 63 32
198536.35250000004 199607.47343958338 63 41
201573.06050000002 202626.11996458334 63 31
214473.19799999997 215703.3962145833 63 30
230710.02612499997 232923.71196875 63 48
232886.94725 234478.25776458334 63 39
240005.52849999993 242340.43761249993 63 32
248492.5617499999 250262.9730937499 63 25
2732.7969999999996 3685.1779999999994 64 42
3685.1779999999994 5625.6542875 64 30
5589.94 6564.146397916666 64 26
11530.177 12540.269766666668 64 36
13540.270000000002 14601.846500000001 64 43
15636.3295 17638.554500000002 64 36
18606.296500000004 19558.6775 64 42
19558.6775 20511.058500000003 64 36
21463.439500000008 22441.61415208334 64 26
27461.695000000007 28495.62925 64 27
29485.36 30538.692000000003 64 32
31726.811 35040.549 64 27
35929.437999999995 36839.603599999995 64 43
37243.859000000004 37721.6368375 64 55
38577.192500000005 39495.711133333345 64 43
44111.91525000001 45034.13758750001 64 60
45889.69325000001 46874.82948125001 64 58
50272.38425000001 51298.025250000006 64 42
51298.025250000006 52274.21577500001 64 29
52250.406250000015 54176.65262500001 64 36
59126.4645 60136.55726666666 64 27
61136.557499999995 62198.134 64 32
63289.04299999999 66408.36099999999 64 27
67297.24999999999 68207.41559999998 64 43
68611.67099999997 69089.44883749998 64 55
69945.00449999998 70863.5231333333 64 43
75479.72724999997 76401.94958749997 64 60
77257.50524999997 78242.64148124999 64 58
81640.19625000001 82665.83725000001 64 42
82665.83725000001 83642.02777500001 64 29
83618.21825 85544.46462500002 64 36
90494.27650000004 91504.36926666672 64 27
92504.36950000007 93565.94600000007 64 32
99768.46100000004 100160.52400000005 64 30
100031.15800000005 100387.18268333339 64 29
103009.57100000005 103272.26800000005 64 34
103272.26800000005 103530.44400000005 64 33
105115.45200000005 106265.55100000004 64 42
106913.88350000004 107167.69050000004 64 28
107167.69050000004 107302.58852500003 64 28
107961.87650000003 108226.92650000003 64 32
108226.92650000003 108367.48138125004 64 28
110017.22600000004 110271.03300000002 64 49
110271.03300000002 110524.84000000003 64 41
121637.422 121935.337 64 30
121935.337 122101.672875 64 30
142931.52550000008 143185.33250000008 64 28
143185.33250000008 143320.23052500005 64 28
143979.5185000001 144244.56850000008 64 32
144244.56850000008 144385.12338125004 64 28
146034.86800000007 146288.67500000008 64 49
146288.67500000008 146542.48200000008 64 41
157655.06399999993 157952.9789999999 64 30
157952.9789999999 158119.3148749999 64 30
179743.0270000001 181555.9320000001 64 38
186667.30300000013 187619.68400000012 64 42
187619.68400000012 189560.16028750007 64 30
189524.44600000005 190498.65239791674 64 26
195464.68300000008 196474.77576666672 64 36
197474.77600000004 198536.35250000004 64 43
199570.83550000004 201573.06050000002 64 36
202540.80250000002 203493.18349999998 64 42
203493.18349999998 204445.56449999992 64 36
205397.94549999994 206376.12015208328 64 26
211396.20099999994 212430.13524999996 64 27
213419.86599999995 214473.19799999997 64 32
215661.31699999998 218975.05499999996 64 27
219863.944 220774.10959999997 64 43
221178.365 221656.1428375 64 55
222511.6985 223430.21713333335 64 43
228046.42125 228968.6435875 64 60
229824.19925 230809.33548124996 64 58
234206.89025 235232.53125 64 42
235232.53125 236208.72177499995 64 29
236184.91224999996 238111.15862499995 64 36
243337.89099999992 244511.84939999992 64 27
245732.6449999999 247064.3307499999 64 32
251349.0237499999 257538.02474999992 64 22
10554.567000000001 11560.664812500001 65 34
25413.62350000001 26957.493500000004 65 32
58150.85450000001 59156.952312500005 65 25
89518.66650000002 90524.76431250003 65 25
114853.11300000003 115998.85900000003 65 21
118104.74000000002 119254.839 65 21
119254.839 119646.90200000002 65 30
119517.53600000001 119873.56068333336 65 29
120283.88200000001 120557.98 65 32
120820.103 121216.2145 65 30
121082.22600000001 121356.78510208333 65 29
124593.177 125445.81621666666 65 38
125640.20999999998 126216.37356666665 65 41
127286.20199999996 127862.36556666663 65 45
128677.94599999997 129222.18799999994 65 47
129786.91999999993 130329.92999999993 65 47
130893.33599999995 131438.81599999993 65 47
150870.75500000003 152016.50100000002 65 21
154122.38199999995 155272.48099999994 65 21
155272.48099999994 155664.54399999994 65 30
155535.17799999996 155891.20268333328 65 29
156301.52399999995 156575.62199999994 65 32
156837.74499999997 157233.85649999994 65 30
157099.86799999996 157374.42710208328 65 29
160610.8189999999 161463.4582166666 65 38
161657.85199999993 162234.0155666666 65 41
163303.84399999998 163880.00756666664 65 45
164695.588 165239.82999999996 65 47
165804.56199999995 166347.57199999996 65 47
166910.97799999997 167456.45799999996 65 47
194489.07300000006 195495.1708125001 65 34
209348.1294999999 210891.99949999992 65 32
242206.02899999992 243373.26168749994 65 25
3447.08275 3716.924033333333 66 36
4399.46375 4661.368525 66 29
6542.320999999999 7516.527397916666 66 40
12505.787000000002 13540.270000000002 66 45
14316.13225 14621.24305625 66 35
19320.58225 19578.518770833332 66 36
20272.963250000004 20532.883897916672 66 29
22415.820500000005 23392.011025000007 66 40
24350.344500000007 25444.873512500006 66 32
28471.239 29485.36 66 33
30241.66225 30558.493983333334 66 26
34103.049 35275.73421458333 66 58
36762.7714375 37688.3035 66 54
39466.08150000001 40378.78002500001 66 46
43223.02625 44134.13747500001 66 56
45000.80425000001 45917.252308333336 66 57
51041.615000000005 51329.77128333334 66 36
54155.16825000001 55114.15262500001 66 40
60102.0745 61136.557499999995 66 33
61912.41975 62218.58854375 66 26
65470.86099999998 66643.54621458333 66 58
68130.58343749998 69056.11549999997 66 54
70833.89349999998 71746.59202499998 66 46
74590.83824999997 75501.94947499996 66 56
76368.61624999998 77285.06430833331 66 57
82409.42700000001 82697.58328333334 66 36
85522.98025000002 86481.96462500002 66 40
91469.88650000004 92504.36950000007 66 33
93280.23175000006 94604.58227708339 66 26
100797.50400000004 101071.60200000004 66 36
101333.72500000005 101595.84800000004 66 34
101595.84800000004 101863.82500000006 66 33
103657.34750000006 103911.15450000005 66 25
103911.15450000005 104042.21674375005 66 25
106396.89950000003 106650.06765000004 66 32
106650.06765000004 106786.98000000004 66 28
108360.91500000004 109495.79700000002 66 48
132046.44199999995 132609.84799999997 66 51
133189.58599999998 133759.68399999998 66 51
134345.078 134985.977 66 51
140606.92500000005 140998.98800000004 66 53
140869.62200000006 141189.98482916673 66 52
142414.54150000008 142675.25600000008 66 32
142675.25600000008 142901.91468333342 66 28
144378.55700000006 145513.43900000007 66 48
168064.08399999997 168627.49 66 51
169207.228 169777.32600000003 66 51
170362.72000000003 171003.61900000004 66 51
176624.56700000007 177016.63000000006 66 53
176887.26400000008 177207.62682916675 66 52
187381.5887500001 187651.43003333345 66 36
188333.9697500001 188595.87452500008 66 29
190476.82700000008 191451.03339791673 66 40
196440.29300000006 197474.77600000004 66 45
198250.63825000005 198555.74905625006 66 35
203255.08825 203513.02477083332 66 36
204207.46924999994 204467.3898979166 66 29
206350.32649999994 207326.5170249999 66 40
208284.85049999988 209379.3795124999 66 32
212405.74499999994 213419.86599999995 66 33
214176.16824999996 214492.9999833333 66 26
218037.55499999996 219210.24021458332 66 58
220697.2774375 221622.80949999997 66 54
223400.5875 224313.286025 66 46
227157.53225 228068.64347500002 66 56
228935.31024999998 229851.75830833334 66 57
234976.121 235264.2772833333 66 36
238089.67424999995 239048.65862499995 66 40
244469.75299999994 245732.6449999999 66 33
246679.8139999999 248492.5617499999 66 26
3685.1779999999994 4637.558999999999 67 43
4637.558999999999 5625.6542875 67 36
11530.177 12505.787000000002 67 45
13281.64925 13566.132075000001 67 36
19558.6775 20511.058500000003 67 43
20511.058500000003 21489.23315208334 67 36
23368.201500000006 24382.395781250005 67 43
27461.695000000007 28471.239 67 33
29222.202 29634.519610416668 67 27
35040.549 35929.437999999995 67 63
36373.8825 36839.603599999995 67 55
40299.41493750001 41343.0657875 67 61
42334.13725000001 43252.65588333334 67 63
44111.91525000001 45034.13758750001 67 59
45445.248750000006 45917.252308333336 67 57
51298.025250000006 52250.406250000015 67 43
52250.406250000015 53238.50153750001 67 36
59126.4645 60102.0745 67 33
60877.93674999999 61162.41957499999 67 27
66408.36099999999 67297.24999999999 67 63
67741.69449999998 68207.41559999998 67 55
71667.22693749996 72710.87778749997 67 61
73701.94924999998 74620.4678833333 67 63
75479.72724999997 76401.94958749997 67 59
76813.06074999998 77285.06430833331 67 57
82665.83725000001 83618.21825 67 43
83618.21825 84606.31353750001 67 36
90494.27650000004 91469.88650000004 67 33
92245.74875000006 92530.23157500007 67 27
121350.20300000001 122495.94900000001 67 37
122233.25200000001 123021.58088125 67 28
125385.96199999998 125650.28157916665 67 53
127031.95399999997 127296.27357916662 67 58
157367.84499999994 158513.5909999999 67 37
158250.8939999999 159039.2228812499 67 28
161403.6039999999 161667.92357916659 67 53
163049.59599999996 163313.91557916664 67 58
187619.68400000012 188572.0650000001 67 43
188572.0650000001 189560.16028750007 67 36
195464.68300000008 196440.29300000006 67 45
197216.15525000004 197500.63807500005 67 36
203493.18349999998 204445.56449999992 67 43
204445.56449999992 205423.73915208326 67 36
207302.7074999999 208316.9017812499 67 43
211396.20099999994 212405.74499999994 67 33
213156.70799999996 213569.0256104166 67 27
218975.05499999996 219863.944 67 63
220308.38849999997 220774.10959999997 67 55
224233.92093750002 225277.57178750003 67 61
226268.64325 227187.16188333335 67 63
228046.42125 228968.6435875 67 59
229379.75475 229851.75830833334 67 57
235232.53125 236184.91224999996 67 43
236184.91224999996 237173.00753749994 67 36
243337.89099999992 244469.75299999994 67 33
245416.9219999999 245764.2172999999 67 27
99768.46100000004 100031.15800000005 68 34
100031.15800000005 100289.89000000006 68 33
102151.04400000004 102448.95900000005 68 30
102448.95900000005 102615.29487500005 68 30
103140.91950000005 103401.35600000004 68 28
103401.35600000004 103535.20288125005 68 25
106786.98000000004 107040.78700000004 68 49
107040.78700000004 107294.59400000003 68 41
119254.839 119517.53600000001 68 30
119517.53600000001 119776.26800000001 68 29
120820.103 121082.22600000001 68 30
121082.22600000001 121350.20300000001 68 29
141407.43700000006 141713.57500000007 68 47
141713.57500000007 141862.55956875006 68 45
142804.6220000001 143058.42900000006 68 49
143058.42900000006 143312.23600000006 68 41
155272.48099999994 155535.17799999996 68 30
155535.17799999996 155793.90999999995 68 29
156837.74499999997 157099.86799999996 68 30
157099.86799999996 157367.84499999994 68 29
177425.07900000009 177731.2170000001 68 47
177731.2170000001 177880.20156875008 68 45
4399.46375 4661.368525 69 37
7494.701999999999 8512.978064583333 69 43
10554.567000000001 11530.177 69 43
12261.8845 12540.269766666668 69 39
20272.963250000004 20532.883897916672 69 37
21463.439500000008 22441.61415208334 69 36
26485.052500000005 27461.695000000007 69 32
28210.3695 28495.62925 69 29
35707.215749999996 35959.06763333333 69 54
37243.859000000004 37721.6368375 69 55
37688.3035 38577.192500000005 69 67
41307.351500000004 42348.95206666667 69 62
43223.02625 44134.13747500001 69 49
45889.69325000001 46874.82948125001 69 69
52012.31100000001 52274.21577500001 69 37
55092.66825000001 56100.040368750015 69 43
58150.85450000001 59126.4645 69 32
59858.172000000006 60136.55726666666 69 29
67075.02775 67326.87963333332 69 54
68611.67099999997 69089.44883749998 69 55
69056.11549999997 69945.00449999998 69 67
72675.16349999997 73716.76406666664 69 62
74590.83824999997 75501.94947499996 69 49
77257.50524999997 78242.64148124999 69 69
83380.123 83642.02777500001 69 37
86460.48025000002 87467.85236875001 69 43
89518.66650000002 90494.27650000004 69 32
91225.98400000004 91504.36926666672 69 29
100416.79350000006 100670.60050000004 69 25
100670.60050000004 100805.49852500005 69 25
101464.78650000005 101729.83650000005 69 28
101729.83650000005 101870.40710208338 69 25
103530.44400000005 103784.25100000005 69 46
103784.25100000005 104038.05800000005 69 36
123270.62900000002 123528.59474375 69 48
123524.436 123809.607 69 49
125640.20999999998 126216.37356666665 69 50
127286.20199999996 127862.36556666663 69 53
128677.94599999997 129222.18799999994 69 58
129786.91999999993 130329.92999999993 69 58
130893.33599999995 131438.81599999993 69 58
139808.68100000004 140138.65450000006 69 62
140070.13000000006 140203.18173750004 69 65
159288.27099999992 159546.2367437499 69 48
159542.07799999992 159827.24899999992 69 49
161657.85199999993 162234.0155666666 69 50
163303.84399999998 163880.00756666664 69 53
164695.588 165239.82999999996 69 58
165804.56199999995 166347.57199999996 69 58
166910.97799999997 167456.45799999996 69 58
175826.32300000006 176156.29650000008 69 62
176087.77200000008 176220.82373750006 69 65
188333.9697500001 188595.87452500008 69 37
191429.20800000007 192447.48406458343 69 43
194489.07300000006 195464.68300000008 69 43
196196.39050000007 196474.77576666672 69 39
204207.46924999994 204467.3898979166 69 37
205397.94549999994 206376.12015208328 69 36
210419.5584999999 211396.20099999994 69 32
212144.87549999994 212430.13524999996 69 29
219641.72175 219893.57363333332 69 54
221178.365 221656.1428375 69 55
221622.80949999997 222511.6985 69 67
225241.8575 226283.45806666667 69 62
227157.53225 228068.64347500002 69 49
229824.19925 230809.33548124996 69 69
235946.81699999998 236208.72177499995 69 37
239027.17424999995 240034.54636874993 69 43
242206.02899999992 243337.89099999992 69 32
244186.78749999995 244511.84939999992 69 29
112495.05200000001 113376.47068333336 70 21
114060.89000000001 114859.69510208335 70 21
115140.33200000001 115438.24700000002 70 30
115438.24700000002 115604.58287500002 70 30
115736.16200000003 118110.15125000001 70 21
119903.17150000001 120156.97850000001 70 22
120156.97850000001 120291.876525 70 22
148512.69400000005 149394.1126833334 70 21
150078.53200000006 150877.33710208337 70 21
151157.97400000002 151455.88900000002 70 30
151455.88900000002 151622.224875 70 30
151753.804 154127.79324999996 70 21
155920.81349999996 156174.62049999996 70 22
156174.62049999996 156309.51852499993 70 22
1780.4159999999997 2984.7811395833332 71 39
4637.558999999999 5589.94 71 45
8484.216999999999 10554.567000000001 71 40
11286.2745 11560.664812500001 71 36
17638.554500000002 18691.613964583335 71 39
20511.058500000003 21463.439500000008 71 45
24350.344500000007 26485.052500000005 71 40
27209.594250000006 27591.77633333334 71 27
35929.437999999995 36762.7714375 71 64
36818.327 37688.3035 71 67
42334.13725000001 43252.65588333334 71 49
43667.47075000001 44134.13747500001 71 63
45000.80425000001 45889.69325000001 71 68
46834.57525000001 48989.205968750015 71 57
48952.44125000001 50543.75176458334 71 46
52250.406250000015 53202.78725000001 71 45
54155.16825000001 55114.15262500001 71 40
56071.022500000014 58150.85450000001 71 40
58882.562000000005 59156.952312500005 71 27
67297.24999999999 68130.58343749998 71 64
68186.13899999998 69056.11549999997 71 67
73701.94924999998 74620.4678833333 71 49
75035.28274999997 75501.94947499996 71 63
76368.61624999998 77257.50524999997 71 68
78202.38724999999 80357.01796875 71 57
80320.25325 81911.56376458333 71 46
83618.21825 84570.59925000001 71 45
85522.98025000002 86481.96462500002 71 40
87438.83450000001 89518.66650000002 71 40
90250.37400000004 90524.76431250003 71 27
99899.80950000005 100160.52400000005 71 28
100160.52400000005 100387.18268333339 71 25
101863.82500000006 103009.57100000005 71 42
132046.44199999995 132609.84799999997 71 92
132609.84799999997 133189.58599999998 71 46
133189.58599999998 133759.68399999998 71 92
133759.68399999998 134345.078 71 46
134345.078 134985.977 71 92
134985.977 135550.709 71 46
140606.92500000005 140869.62200000006 71 63
140869.62200000006 141128.35400000005 71 63
141407.43700000006 141713.57500000007 71 47
141713.57500000007 141862.55956875006 71 45
168064.08399999997 168627.49 71 92
168627.49 169207.228 71 46
169207.228 169777.32600000003 71 92
169777.32600000003 170362.72000000003 71 46
170362.72000000003 171003.61900000004 71 92
171003.61900000004 171568.35100000002 71 46
176624.56700000007 176887.26400000008 71 63
176887.26400000008 177145.99600000007 71 63
177425.07900000009 177731.2170000001 71 47
177731.2170000001 177880.20156875008 71 45
185714.9220000001 186919.28713958344 71 39
188572.0650000001 189524.44600000005 71 45
192418.7230000001 194489.07300000006 71 40
195220.78050000008 195495.1708125001 71 36
201573.06050000002 202626.11996458334 71 39
204445.56449999992 205397.94549999994 71 45
208284.85049999988 210419.5584999999 71 40
211144.10024999993 211526.28233333325 71 27
219863.944 220697.2774375 71 64
220752.83299999998 221622.80949999997 71 67
226268.64325 227187.16188333335 71 49
227601.97675 228068.64347500002 71 63
228935.31024999998 229824.19925 71 68
230769.08124999996 232923.71196875 71 57
232886.94725 234478.25776458334 71 46
236184.91224999996 237137.29324999993 71 45
238089.67424999995 239048.65862499995 71 40
240005.52849999993 242206.02899999992 71 40
243054.92549999992 243373.26168749994 71 27
5589.94 6564.146397916666 72 36
7256.60675 7516.527397916666 72 43
10050.3655 10670.4206875 72 36
23130.106250000004 23392.011025000007 72 43
25949.338000000003 26957.493500000004 72 27
38577.192500000005 39466.08150000001 72 63
39910.52600000001 40378.78002500001 72 61
44111.91525000001 45000.80425000001 72 70
53202.78725000001 54176.65262500001 72 36
54858.29325000001 55114.15262500001 72 43
57646.653000000006 58266.70818750001 72 36
69945.00449999998 70833.89349999998 72 63
71278.33799999996 71746.59202499998 72 61
75479.72724999997 76368.61624999998 72 70
84570.59925000001 85544.46462500002 72 36
86226.10525000002 86481.96462500002 72 43
89014.46500000003 89634.52018750003 72 36
113532.98500000003 114060.89000000001 72 32
118104.74000000002 119254.839 72 21
119386.1875 119646.90200000002 72 25
119646.90200000002 119873.56068333336 72 22
120951.1645 121216.2145 72 25
121216.2145 121356.78510208333 72 22
122495.94900000001 122887.73400000001 72 41
122758.64600000001 123021.58088125 72 40
123524.436 123809.607 72 49
123809.607 124597.93588125 72 35
124593.177 125445.81621666666 72 38
125640.20999999998 126216.37356666665 72 60
126208.95799999998 126473.27757916664 72 51
127031.95399999997 127296.27357916662 72 58
127286.20199999996 127862.36556666663 72 65
127854.94999999995 128119.26957916663 72 56
128677.94599999997 129222.18799999994 72 85
129786.91999999993 130329.92999999993 72 85
130893.33599999995 131438.81599999993 72 85
149550.62700000004 150078.53200000006 72 32
154122.38199999995 155272.48099999994 72 21
155403.82949999993 155664.54399999994 72 25
155664.54399999994 155891.20268333328 72 22
156968.80649999998 157233.85649999994 72 25
157233.85649999994 157374.42710208328 72 22
158513.5909999999 158905.3759999999 72 41
158776.2879999999 159039.2228812499 72 40
159542.07799999992 159827.24899999992 72 49
159827.24899999992 160615.57788124992 72 35
160610.8189999999 161463.4582166666 72 38
161657.85199999993 162234.0155666666 72 60
162226.59999999995 162490.91957916663 72 51
163049.59599999996 163313.91557916664 72 58
163303.84399999998 163880.00756666664 72 65
163872.59199999998 164136.91157916666 72 56
164695.588 165239.82999999996 72 85
165804.56199999995 166347.57199999996 72 85
166910.97799999997 167456.45799999996 72 85
189524.44600000005 190498.65239791674 72 36
191191.1127500001 191451.03339791673 72 43
193984.8715000001 194604.92668750006 72 36
207064.61224999992 207326.5170249999 72 43
209883.8439999999 210891.99949999992 72 27
222511.6985 223400.5875 72 63
223845.032 224313.286025 72 61
228046.42125 228935.31024999998 72 70
237137.29324999993 238111.15862499995 72 36
238792.79924999995 239048.65862499995 72 43
241581.15899999993 242340.43761249993 72 36
100289.89000000006 100543.69700000006 73 43
100543.69700000006 100797.50400000004 73 36
136588.64200000002 136918.61550000004 73 55
136850.09100000004 136983.14273750002 73 71
137386.88600000003 137778.94900000005 73 87
137649.58300000004 137967.73462500004 73 86
140070.13000000006 140203.18173750004 73 65
172606.28400000004 172936.25750000007 73 55
172867.73300000007 173000.78473750004 73 71
173404.52800000005 173796.59100000007 73 87
173667.22500000006 173985.37662500006 73 86
176087.77200000008 176220.82373750006 73 65
6542.320999999999 7494.701999999999 74 50
8208.987749999998 8512.978064583333 74 46
22415.820500000005 23368.201500000006 74 50
24082.487250000006 24382.395781250005 74 46
39243.85925000001 39495.711133333345 74 56
40354.97050000001 42348.95206666667 74 77
43223.02625 44111.91525000001 74 73
44778.58200000001 45034.13758750001 74 56
54155.16825000001 55092.66825000001 74 50
55795.79325000001 56100.040368750015 74 46
70611.67124999997 70863.5231333333 74 56
71722.78249999997 73716.76406666664 74 77
74590.83824999997 75479.72724999997 74 73
76146.39399999997 76401.94958749997 74 56
85522.98025000002 86460.48025000002 74 50
87163.60525000002 87467.85236875001 74 46
115140.33200000001 115438.24700000002 74 30
115438.24700000002 115604.58287500002 74 30
119776.26800000001 120030.07500000001 74 38
120030.07500000001 120283.88200000001 74 32
151157.97400000002 151455.88900000002 74 30
151455.88900000002 151622.224875 74 30
155793.90999999995 156047.71699999995 74 38
156047.71699999995 156301.52399999995 74 32
190476.82700000008 191429.20800000007 74 50
192143.49375000008 192447.48406458343 74 46
206350.32649999994 207302.7074999999 74 50
208016.9932499999 208316.9017812499 74 46
223178.36525 223430.21713333335 74 56
224289.47650000002 226283.45806666667 74 77
227157.53225 228046.42125 74 73
228713.088 228968.6435875 74 56
238089.67424999995 239027.17424999995 74 50
239730.29924999995 240034.54636874993 74 46
112757.74900000003 113149.81200000002 75 30
113020.44600000003 113376.47068333336 75 29
113786.79200000002 114060.89000000001 75 32
114323.01300000002 114719.12450000002 75 30
114585.13600000001 114859.69510208335 75 29
122495.94900000001 122758.64600000001 75 41
122758.64600000001 123016.822 75 40
125385.96199999998 125640.20999999998 75 63
127031.95399999997 127286.20199999996 75 70
138177.38500000004 138472.96600000004 75 72
138472.96600000004 138617.51434583336 75 72
139033.44500000004 139425.50800000003 75 75
139296.14200000002 139610.92304583336 75 74
140738.27350000004 140998.98800000004 75 53
140998.98800000004 141189.98482916673 75 53
148775.39100000003 149167.45400000006 75 30
149038.08800000005 149394.1126833334 75 29
149804.43400000004 150078.53200000006 75 32
150340.65500000006 150736.76650000006 75 30
150602.77800000005 150877.33710208337 75 29
158513.5909999999 158776.2879999999 75 41
158776.2879999999 159034.4639999999 75 40
161403.6039999999 161657.85199999993 75 63
163049.59599999996 163303.84399999998 75 70
174195.02700000006 174490.60800000007 75 72
174490.60800000007 174635.15634583338 75 72
175051.08700000006 175443.15000000005 75 75
175313.78400000004 175628.56504583338 75 74
176755.91550000006 177016.63000000006 75 53
177016.63000000006 177207.62682916675 75 53
5351.844749999999 5625.6542875 76 37
7494.701999999999 8484.216999999999 76 54
21225.344250000006 21489.23315208334 76 37
23368.201500000006 24350.344500000007 76 54
39466.08150000001 40299.41493750001 76 68
42334.13725000001 43223.02625 76 72
52964.69200000001 53238.50153750001 76 37
55092.66825000001 56071.022500000014 76 54
70833.89349999998 71667.22693749996 76 68
73701.94924999998 74590.83824999997 76 72
84332.50400000002 84606.31353750001 76 37
86460.48025000002 87438.83450000001 76 54
135813.40600000002 136205.469 76 76
136076.10300000003 136390.88404583337 76 75
139033.44500000004 139296.14200000002 76 75
139296.14200000002 139554.87400000004 76 74
141128.35400000005 142283.19300000006 76 65
171831.04800000004 172223.11100000003 76 76
172093.74500000005 172408.5260458334 76 75
175051.08700000006 175313.78400000004 76 75
175313.78400000004 175572.51600000006 76 74
177145.99600000007 178958.90100000007 76 65
189286.35075000007 189560.16028750007 76 37
191429.20800000007 192418.7230000001 76 54
205159.85024999996 205423.73915208326 76 37
207302.7074999999 208284.85049999988 76 54
223400.5875 224233.92093750002 76 68
226268.64325 227157.53225 76 72
236899.19799999995 237173.00753749994 76 37
239027.17424999995 240005.52849999993 76 54
114853.11300000003 115998.85900000003 77 37
115736.16200000003 116524.49088125002 77 21
117312.517 118110.15125000001 77 21
118393.34000000001 118692.74100000001 77 33
118692.74100000001 118842.4415 77 33
123143.72550000002 123397.53250000002 77 32
123397.53250000002 123528.59474375 77 33
125640.20999999998 126216.37356666665 77 71
126463.20599999998 127091.80821666663 77 47
127286.20199999996 127862.36556666663 77 77
128109.19799999996 128677.94599999997 77 52
128677.94599999997 129222.18799999994 77 85
129222.18799999994 129786.91999999993 77 52
129786.91999999993 130329.92999999993 77 85
130329.92999999993 130893.33599999995 77 52
130893.33599999995 131438.81599999993 77 85
131438.81599999993 132046.44199999995 77 52
150870.75500000003 152016.50100000002 77 37
151753.804 152542.13288125 77 21
153330.159 154127.79324999996 77 21
154410.98199999996 154710.38299999994 77 33
154710.38299999994 154860.08349999995 77 33
159161.36749999993 159415.1744999999 77 32
159415.1744999999 159546.2367437499 77 33
161657.85199999993 162234.0155666666 77 71
162480.84799999994 163109.45021666662 77 47
163303.84399999998 163880.00756666664 77 77
164126.84 164695.588 77 52
164695.588 165239.82999999996 77 85
165239.82999999996 165804.56199999995 77 52
165804.56199999995 166347.57199999996 77 85
166347.57199999996 166910.97799999997 77 52
166910.97799999997 167456.45799999996 77 85
167456.45799999996 168064.08399999997 77 52
6304.22575 6564.146397916666 78 37
22177.725250000007 22441.61415208334 78 37
43000.804000000004 43252.65588333334 78 62
53917.07300000001 54176.65262500001 78 37
74368.61599999998 74620.4678833333 78 62
85284.88500000002 85544.46462500002 78 37
112757.74900000003 113020.44600000003 78 30
113020.44600000003 113279.17800000003 78 29
114323.01300000002 114585.13600000001 78 30
114585.13600000001 114853.11300000003 78 29
132046.44199999995 132609.84799999997 78 92
132609.84799999997 133189.58599999998 78 52
133189.58599999998 133759.68399999998 78 92
133759.68399999998 134345.078 78 52
134345.078 134985.977 78 92
134985.977 135550.709 78 52
136850.09100000004 136983.14273750002 78 80
137386.88600000003 137649.58300000004 78 87
137649.58300000004 137908.31500000003 78 86
139681.77750000003 139939.40550000005 78 63
139939.40550000005 140138.65450000006 78 58
148775.39100000003 149038.08800000005 78 30
149038.08800000005 149296.82000000007 78 29
150340.65500000006 150602.77800000005 78 30
150602.77800000005 150870.75500000003 78 29
168064.08399999997 168627.49 78 92
168627.49 169207.228 78 52
169207.228 169777.32600000003 78 92
169777.32600000003 170362.72000000003 78 52
170362.72000000003 171003.61900000004 78 92
171003.61900000004 171568.35100000002 78 52
172867.73300000007 173000.78473750004 78 80
173404.52800000005 173667.22500000006 78 87
173667.22500000006 173925.95700000008 78 86
175699.41950000005 175957.04750000007 78 63
175957.04750000007 176156.29650000008 78 58
190238.7317500001 190498.65239791674 78 37
206112.23124999995 206376.12015208328 78 37
226935.31000000003 227187.16188333335 78 62
237851.57899999997 238111.15862499995 78 37
5589.94 6542.320999999999 79 45
21463.439500000008 22415.820500000005 79 45
53202.78725000001 54155.16825000001 79 45
84570.59925000001 85522.98025000002 79 45
116773.53900000003 117312.517 79 35
122627.29750000002 122887.73400000001 79 35
122887.73400000001 123021.58088125 79 31
123809.607 124597.93588125 79 35
125513.08599999998 125650.28157916665 79 70
126208.95799999998 126473.27757916664 79 62
127159.07799999996 127296.27357916662 79 76
127854.94999999995 128119.26957916663 79 68
152791.181 153330.159 79 35
158644.93949999992 158905.3759999999 79 35
158905.3759999999 159039.2228812499 79 31
159827.24899999992 160615.57788124992 79 35
161530.72799999992 161667.92357916659 79 70
162226.59999999995 162490.91957916663 79 62
163176.71999999997 163313.91557916664 79 76
163872.59199999998 164136.91157916666 79 68
189524.44600000005 190476.82700000008 79 45
205397.94549999994 206350.32649999994 79 45
237137.29324999993 238089.67424999995 79 45
113406.08150000003 113659.88850000002 80 22
113659.88850000002 113794.78652500002 80 22
135813.40600000002 136076.10300000003 80 92
136076.10300000003 136334.83500000002 80 90
138177.38500000004 138472.96600000004 80 72
138472.96600000004 138617.51434583336 80 72
139164.79350000003 139425.50800000003 80 63
139425.50800000003 139610.92304583336 80 63
149423.72350000005 149677.53050000005 80 22
149677.53050000005 149812.42852500002 80 22
171831.04800000004 172093.74500000005 80 92
172093.74500000005 172352.47700000004 80 90
174195.02700000006 174490.60800000007 80 72
174490.60800000007 174635.15634583338 80 72
175182.43550000005 175443.15000000005 80 63
175443.15000000005 175628.56504583338 80 63
118393.34000000001 118692.74100000001 81 33
118692.74100000001 118842.4415 81 33
123016.822 123270.62900000002 81 59
123270.62900000002 123524.436 81 48
124846.98400000001 125104.94974375 81 59
125100.791 125385.96199999998 81 61
125640.20999999998 126216.37356666665 81 71
126463.20599999998 127091.80821666663 81 56
127286.20199999996 127862.36556666663 81 77
128109.19799999996 128677.94599999997 81 60
128677.94599999997 129222.18799999994 81 85
129222.18799999994 129786.91999999993 81 60
129786.91999999993 130329.92999999993 81 85
130329.92999999993 130893.33599999995 81 60
130893.33599999995 131438.81599999993 81 85
131438.81599999993 132046.44199999995 81 60
136461.73850000004 136719.36650000003 81 77
136719.36650000003 136918.61550000004 81 72
137518.23450000002 137778.94900000005 81 76
137778.94900000005 137967.73462500004 81 75
139554.87400000004 139808.68100000004 81 73
139808.68100000004 140070.13000000006 81 65
154410.98199999996 154710.38299999994 81 33
154710.38299999994 154860.08349999995 81 33
159034.4639999999 159288.27099999992 81 59
159288.27099999992 159542.07799999992 81 48
160864.62599999993 161122.59174374992 81 59
161118.43299999993 161403.6039999999 81 61
161657.85199999993 162234.0155666666 81 71
162480.84799999994 163109.45021666662 81 56
163303.84399999998 163880.00756666664 81 77
164126.84 164695.588 81 60
164695.588 165239.82999999996 81 85
165239.82999999996 165804.56199999995 81 60
165804.56199999995 166347.57199999996 81 85
166347.57199999996 166910.97799999997 81 60
166910.97799999997 167456.45799999996 81 85
167456.45799999996 168064.08399999997 81 60
172479.38050000006 172737.00850000005 81 77
172737.00850000005 172936.25750000007 81 72
173535.87650000007 173796.59100000007 81 76
173796.59100000007 173985.37662500006 81 75
175572.51600000006 175826.32300000006 81 73
175826.32300000006 176087.77200000008 81 64
112889.09750000002 113149.81200000002 82 25
113149.81200000002 113376.47068333336 82 22
114454.07450000002 114719.12450000002 82 25
114719.12450000002 114859.69510208335 82 22
115998.85900000003 116390.64400000003 82 33
116261.55600000003 116524.49088125002 82 31
117027.34600000002 117312.517 82 35
117574.64000000001 117970.75150000001 82 33
117836.76300000002 118110.15125000001 82 31
148906.73950000005 149167.45400000006 82 25
149167.45400000006 149394.1126833334 82 22
150471.71650000007 150736.76650000006 82 25
150736.76650000006 150877.33710208337 82 22
152016.50100000002 152408.286 82 33
152279.198 152542.13288125 82 31
153044.988 153330.159 82 35
153592.282 153988.39349999998 82 33
153854.405 154127.79324999996 82 31
132046.44199999995 132609.84799999997 83 92
132609.84799999997 133189.58599999998 83 97
133189.58599999998 133759.68399999998 83 92
133759.68399999998 134345.078 83 97
134345.078 134985.977 83 92
134985.977 135550.709 83 97
135944.7545 136205.469 83 76
136205.469 136390.88404583337 83 76
137908.31500000003 138863.78652083338 83 88
168064.08399999997 168627.49 83 92
168627.49 169207.228 83 97
169207.228 169777.32600000003 83 92
169777.32600000003 170362.72000000003 83 97
170362.72000000003 171003.61900000004 83 92
171003.61900000004 171568.35100000002 83 97
171962.39650000003 172223.11100000003 83 76
172223.11100000003 172408.5260458334 83 76
173925.95700000008 174881.4285208334 83 88
113279.17800000003 113532.98500000003 84 38
113532.98500000003 113786.79200000002 84 32
118104.74000000002 119254.839 84 40
124072.304 124464.089 84 53
124335.001 124597.93588125 84 51
125100.791 125385.96199999998 84 61
126208.95799999998 126473.27757916664 84 61
126463.20599999998 127091.80821666663 84 68
127854.94999999995 128119.26957916663 84 66
128109.19799999996 128677.94599999997 84 75
129222.18799999994 129786.91999999993 84 88
130329.92999999993 130893.33599999995 84 88
131438.81599999993 132046.44199999995 84 88
149296.82000000007 149550.62700000004 84 38
149550.62700000004 149804.43400000004 84 32
154122.38199999995 155272.48099999994 84 40
160089.9459999999 160481.7309999999 84 53
160352.64299999992 160615.57788124992 84 51
161118.43299999993 161403.6039999999 84 61
162226.59999999995 162490.91957916663 84 61
162480.84799999994 163109.45021666662 84 68
163872.59199999998 164136.91157916666 84 66
164126.84 164695.588 84 75
165239.82999999996 165804.56199999995 84 88
166347.57199999996 166910.97799999997 84 88
167456.45799999996 168064.08399999997 84 88
115998.85900000003 116261.55600000003 85 33
116261.55600000003 116519.73200000002 85 31
117574.64000000001 117836.76300000002 85 33
117836.76300000002 118104.74000000002 85 31
136334.83500000002 136588.64200000002 85 92
136588.64200000002 136850.09100000004 85 75
152016.50100000002 152279.198 85 33
152279.198 152537.374 85 31
153592.282 153854.405 85 33
153854.405 154122.38199999995 85 31
172352.47700000004 172606.28400000004 85 92
172606.28400000004 172867.73300000007 85 75
116646.63550000003 116900.44250000002 87 24
116900.44250000002 117031.50474375002 87 24
124072.304 124335.001 87 53
124335.001 124593.177 87 51
126208.95799999998 126463.20599999998 87 72
127854.94999999995 128109.19799999996 87 78
152664.27750000003 152918.08450000003 87 24
152918.08450000003 153049.14674375003 87 24
160089.9459999999 160352.64299999992 87 53
160352.64299999992 160610.8189999999 87 51
162226.59999999995 162480.84799999994 87 72
163872.59199999998 164126.84 87 78
116130.20750000002 116390.64400000003 89 27
116390.64400000003 116524.49088125002 89 24
117705.70150000002 117970.75150000001 89 27
117970.75150000001 118110.15125000001 89 24
124720.08050000001 124973.8875 89 39
124973.8875 125104.94974375 89 40
126463.20599999998 127091.80821666663 89 81
128109.19799999996 128677.94599999997 89 88
129222.18799999994 129786.91999999993 89 88
130329.92999999993 130893.33599999995 89 88
131438.81599999993 132046.44199999995 89 88
152147.8495 152408.286 89 27
152408.286 152542.13288125 89 24
153723.3435 153988.39349999998 89 27
153988.39349999998 154127.79324999996 89 24
160737.72249999995 160991.52949999992 89 39
160991.52949999992 161122.59174374992 89 40
162480.84799999994 163109.45021666662 89 81
164126.84 164695.588 89 88
165239.82999999996 165804.56199999995 89 88
166347.57199999996 166910.97799999997 89 88
167456.45799999996 168064.08399999997 89 88
132609.84799999997 133189.58599999998 90 97
133759.68399999998 134345.078 90 97
134985.977 135550.709 90 97
168627.49 169207.228 90 97
169777.32600000003 170362.72000000003 90 97
171003.61900000004 171568.35100000002 90 97
116519.73200000002 116773.53900000003 91 44
116773.53900000003 117027.34600000002 91 35
124203.65250000001 124464.089 91 43
124464.089 124597.93588125 91 38
126336.08199999998 126473.27757916664 91 80
127982.07399999995 128119.26957916663 91 87
152537.374 152791.181 91 44
152791.181 153044.988 91 35
160221.2944999999 160481.7309999999 91 43
160481.7309999999 160615.57788124992 91 38
162353.72399999993 162490.91957916663 91 80
163999.716 164136.91157916666 91 87
124593.177 124846.98400000001 93 74
124846.98400000001 125100.791 93 59
126463.20599999998 127091.80821666663 93 81
128109.19799999996 128677.94599999997 93 88
129222.18799999994 129786.91999999993 93 88
130329.92999999993 130893.33599999995 93 88
131438.81599999993 132046.44199999995 93 88
160610.8189999999 160864.62599999993 93 74
160864.62599999993 161118.43299999993 93 59
162480.84799999994 163109.45021666662 93 81
164126.84 164695.588 93 88
165239.82999999996 165804.56199999995 93 88
166347.57199999996 166910.97799999997 93 88
167456.45799999996 168064.08399999997 93 88
132609.84799999997 133189.58599999998 95 97
133759.68399999998 134345.078 95 97
134985.977 135550.709 95 97
168627.49 169207.228 95 97
169777.32600000003 170362.72000000003 95 97
171003.61900000004 171568.35100000002 95 97
