34374.4199958333 35409.68217708331 35 20
35437.590485416644 36497.83951666664 35 20
36497.83951666664 37565.65057083332 35 20
37565.65057083332 38626.789381249975 35 20
41808.88723124996 41922.49030416663 35 29
41986.21289999996 42122.40241666663 35 19
42165.01609166663 42309.11843124996 35 27
42345.32843124996 42439.80112291662 35 22
42527.16888749995 42892.576887499956 35 28
60135.27218749992 61166.091289583266 35 20
61193.9995979166 62254.24862916659 35 20
62254.24862916659 63322.059683333275 35 20
63322.059683333275 64383.198493749944 35 20
67577.82073958329 67691.42381249997 35 29
67755.1464083333 67891.33592499996 35 19
67933.94959999996 68078.0519395833 35 27
68114.26193958329 68208.73463124996 35 22
68296.10239583328 68478.8063958333 35 27
68478.8063958333 68661.51039583329 35 22
69702.89693541662 69895.57493541662 35 36
69895.57493541662 70088.25293541662 35 22
70088.25293541662 70270.40243541663 35 32
70270.40243541663 70452.55193541663 35 25
70452.55193541663 70634.70143541665 35 33
70634.70143541665 70816.85093541666 35 22
71858.23747499999 72050.91547499999 35 36
72050.91547499999 72243.59347499999 35 22
72243.59347499999 72425.74297499999 35 32
72425.74297499999 72607.892475 35 25
72607.892475 72790.04197500001 35 33
72790.04197500001 72972.19147500001 35 22
33804.244302083294 33990.4765583333 36 29
39686.325679166635 39855.15521666663 36 44
39861.70734791663 39994.93401666662 36 44
40036.310316666626 40128.7391895833 36 44
40207.696239583296 40332.724002083305 36 46
40376.958270833304 40741.2572708333 36 42
41617.01562916663 41794.89194999996 36 25
59600.75272083325 59794.20806249992 36 25
65448.520066666635 65617.34960416662 36 44
65623.90173541663 65757.12840416662 36 44
65798.50470416661 65896.5012041666 36 44
65972.49998541661 66145.8917791666 36 46
66145.8917791666 66510.1907791666 36 42
67385.94913749995 67563.82545833329 36 25
33695.017799999965 33789.70952291663 37 31
41437.8400333333 41617.01562916663 37 23
59490.979002083244 59600.75272083325 37 26
67206.77354166661 67385.94913749995 37 23
33585.996512499965 33658.912322916636 38 32
41262.15662708329 41395.977570833296 38 22
59381.62981458323 59469.74497083324 38 30
67031.0901354166 67164.9110791666 38 22
33476.7008458333 33585.996512499965 39 33
41087.614679166625 41240.98257916663 39 24
59272.33414791657 59381.62981458323 39 33
66856.54818749994 67009.91608749994 39 24
33367.40517916663 33476.7008458333 40 36
40914.224612499966 41004.37791874996 40 18
59163.038481249896 59272.33414791657 40 36
66683.15812083326 66773.31142708327 40 18
68661.51039583329 68774.57163749996 40 34
68837.5476458333 68956.66309791662 40 35
70816.85093541666 70929.91217708333 40 34
70992.88818541665 71112.00363749998 40 35
72972.19147500001 73071.74682083334 40 34
73146.06823958334 73279.00182083336 40 35
33258.10951249996 33367.40517916663 41 40
59053.74281458323 59163.038481249896 41 40
33176.137762499966 33312.7573458333 42 42
34374.4199958333 34471.94912499996 42 27
34554.677541666635 34669.90855208331 42 24
34729.95483958331 34869.11712083332 42 22
34903.859420833316 35077.25121458331 42 20
35077.25121458331 35409.68217708331 42 17
35437.590485416644 35606.95337291664 42 27
35613.52462916664 35704.792077083315 42 24
35788.51375416664 35900.342531249975 42 22
35962.58915208331 36080.32791041664 42 20
36135.73951666664 36497.83951666664 42 17
36497.83951666664 36609.22429583331 42 27
36671.47091666664 36804.20971666664 42 27
36845.70654791664 36999.60237499998 42 27
37020.83847083331 37196.87357083332 42 27
37196.87357083332 37565.65057083332 42 26
37565.65057083332 37716.78712499999 42 27
37737.59655833332 37841.12435833332 42 27
37910.448060416646 38035.86689999998 42 27
38084.64387708332 38218.402918749984 42 27
38260.26538124998 38626.789381249975 42 26
40914.224612499966 41004.37791874996 42 22
41087.614679166625 41240.98257916663 42 24
41262.15662708329 41395.977570833296 42 26
41437.8400333333 41617.01562916663 42 28
41617.01562916663 41794.89194999996 42 30
41897.3720958333 41993.62250416663 42 19
42075.44352916663 42179.22064999996 42 19
42254.96678124996 42381.53843124996 42 20
42436.017831249956 42709.87288749996 42 20
58971.77106458323 59108.39064791657 42 42
60135.27218749992 60289.90779166659 42 27
60311.08183958326 60402.34928749993 42 24
60486.07096458326 60625.526233333265 42 22
60660.26853333326 60833.660327083264 42 20
60833.660327083264 61166.091289583266 42 17
61193.9995979166 61363.3624854166 42 27
61369.933741666595 61461.20118958326 42 24
61544.922866666595 61656.75164374993 42 22
61718.998264583264 61836.7370229166 42 20
61892.14862916659 62254.24862916659 42 17
62254.24862916659 62365.63340833326 42 27
62427.8800291666 62560.61882916659 42 27
62602.115660416595 62756.011487499934 42 27
62777.247583333265 62953.28268333327 42 27
62953.28268333327 63322.059683333275 42 26
63322.059683333275 63473.19623749994 42 27
63494.00567083328 63597.53347083327 42 27
63666.8571729166 63792.27601249993 42 27
63841.052989583266 63974.81203124993 42 27
64016.67449374993 64383.198493749944 42 26
66683.15812083326 66773.31142708327 42 22
66856.54818749994 67009.91608749994 42 24
67031.0901354166 67164.9110791666 42 26
67206.77354166661 67385.94913749995 42 28
67385.94913749995 67563.82545833329 42 30
67666.30560416663 67762.55601249998 42 19
67844.37703749997 67948.1541583333 42 19
68023.9002895833 68150.47193958328 42 20
68204.95133958329 68387.4543958333 42 20
68387.4543958333 68570.15839583329 42 20
68570.15839583329 68665.90407083329 42 20
69799.23593541663 69991.91393541663 42 22
69991.91393541663 70179.32768541662 42 22
70179.32768541662 70361.47718541663 42 25
70361.47718541663 70543.62668541665 42 25
70543.62668541665 70725.77618541665 42 20
70725.77618541665 70830.76423958331 42 20
71954.57647499998 72147.25447499998 42 22
72147.25447499998 72334.66822499999 42 22
72334.66822499999 72516.817725 42 25
72516.817725 72698.967225 42 25
72698.967225 72881.11672500001 42 20
72881.11672500001 72986.10477916668 42 20
33094.16601249996 33258.10951249996 43 42
34465.191962499965 34557.64507499997 43 20
34642.93902083331 34758.05442083331 43 20
34816.85232083331 34966.82983958331 43 18
34990.646214583314 35167.50396458331 43 16
35525.67038541664 35701.14137916664 43 20
35701.14137916664 35802.346031249974 43 20
35875.661931249975 35997.33145208331 43 18
36049.29445208331 36226.26451666664 43 16
36584.686212499975 36706.21321666664 43 21
36758.478016666646 36901.76367083331 43 23
36933.15967291665 37098.46006249998 43 23
37108.742070833316 37289.06782083332 43 23
37651.67548749999 37772.03975833332 43 21
37823.85320833332 37966.18049999998 43 23
37997.39419999998 38091.92402291665 43 23
38172.269331249976 38351.89638124998 43 23
38626.789381249975 38739.850622916645 43 44
38802.826631249976 38921.94208333331 43 44
38977.95128958332 39070.51159583331 43 44
39149.73269791664 39261.88883749997 43 46
39319.80167916664 39686.325679166635 43 42
39774.10972291663 39949.069097916625 43 36
39949.069097916625 40046.47291666663 43 38
40122.310245833294 40211.24757291663 43 38
40292.5809208333 40468.0330208333 43 40
58889.79931458323 59053.74281458323 43 42
60223.27038749992 60398.69858958326 43 20
60398.69858958326 60514.46353333326 43 20
60573.26143333327 60723.238952083266 43 18
60747.05532708327 60923.91307708326 43 16
61282.07949791659 61457.550491666596 43 20
61457.550491666596 61558.75514374993 43 20
61632.07104374992 61753.74056458326 43 18
61805.70356458326 61982.67362916659 43 16
62341.09532499993 62462.622329166596 43 21
62514.88712916659 62658.17278333326 43 23
62689.568785416595 62854.869174999934 43 23
62865.15118333327 63045.476933333266 43 23
63408.08459999994 63528.44887083327 43 21
63580.26232083327 63722.589612499934 43 23
63753.803312499935 63848.3331354166 43 23
63928.67844374993 64108.30549374994 43 23
64383.198493749944 64496.259735416614 43 44
64559.23574374995 64678.351195833275 43 44
64734.40831874994 64873.90376458327 43 44
64908.64606458328 65081.996066666616 43 46
65081.996066666616 65448.520066666635 43 42
65536.30411041662 65711.26348541662 43 36
65711.26348541662 65885.61270416662 43 38
65885.61270416662 66035.4704041666 43 38
66059.28677916659 66236.9665291666 43 40
33012.19426249996 33176.137762499966 44 44
58807.827564583225 58971.77106458323 44 44
32930.1794833333 33094.16601249996 45 48
58725.812785416565 58889.79931458323 45 48
32178.49269791663 32270.9782833333 46 55
32847.8571895833 32945.93376458329 46 48
57974.1259999999 58066.61158541657 46 55
58643.49049166657 58741.56706666656 46 48
32765.262858333303 32893.8761395833 47 48
58560.89616041657 58689.50944166657 47 48
68749.60104583329 68872.6970458333 47 29
68925.26709583329 69054.94506666662 47 31
70904.94158541666 71028.03758541665 47 29
71080.60763541666 71210.28560624998 47 31
73059.44225625001 73210.11542083335 47 29
73232.35998750002 73333.38077083336 47 31
73659.09462083339 73811.50827916672 47 34
73830.77199166673 73934.78232708339 47 35
79755.78871875009 79917.7757187501 47 45
81172.68455625011 82575.62493750006 47 28
82575.62493750006 82914.27481250007 47 23
32682.358531249967 32827.9385395833 48 51
58477.99183333323 58623.57184166657 48 51
31833.71445416664 31923.742677083304 49 50
32008.011506249964 32130.33127291663 49 54
32599.13218124997 32695.517139583302 49 56
57629.347756249896 57719.375979166565 49 50
57803.64480833323 57925.964574999896 49 54
58394.765483333234 58491.15044166657 49 56
32515.627914583307 32642.190147916637 50 57
38714.88003124997 38837.97603124998 50 36
38890.54608124998 39029.67833958331 50 38
39064.06423958331 39166.82769791664 50 38
39234.975099999974 39411.43267916664 50 40
58311.26121666657 58437.8234499999 50 57
64471.28914374994 64594.38514374995 50 36
64646.95519374995 64776.633164583276 50 38
64821.638964583275 64957.140524999944 50 38
64995.39106666661 65173.627066666624 50 40
32431.81648541663 32575.519747916638 51 59
58227.4497874999 58371.153049999906 51 59
32347.66601666663 32441.620947916632 52 64
58143.299318749894 58237.2542499999 52 64
74339.63874375005 74478.29495416673 52 34
74510.92831250005 74641.70836458338 52 35
32263.231372916634 32387.696404166632 53 71
58058.8646749999 58183.3297062499 53 71
69702.89693541662 69895.57493541662 53 48
7442.54855208333 7556.151624999997 54 72
7619.87422083333 7756.063737499996 54 56
7798.6774124999965 7942.77975208333 54 55
7978.98975208333 8073.462443749996 54 46
8160.83020833333 8414.583531249997 54 51
15984.3590875 16097.962160416664 54 72
16161.684756249997 16297.874272916666 54 56
16340.487947916663 16484.5902875 54 55
16520.8002875 16615.272979166668 54 46
16702.640743750002 16954.748358333338 54 51
31482.415618749976 31586.58982916664 54 55
31657.50046666664 31826.33939166664 54 50
32093.397406249962 32184.867004166634 54 66
57278.04892083322 57382.22313124989 54 55
57453.133768749896 57621.97269374989 54 50
57889.03070833323 57980.5003062499 54 66
70088.25293541662 70830.76423958331 54 30
73744.96561666671 73880.00147916672 54 29
73916.28489791673 74002.88672708339 54 31
79674.89513541675 79836.78221875009 54 50
79836.78221875009 79919.12561041676 54 45
82575.62493750006 82914.27481250007 54 28
7071.501354166664 7250.676949999997 55 57
7250.676949999997 7428.55327083333 55 61
15613.311889583334 15792.487485416668 55 57
15792.487485416668 15970.363806250001 55 61
29448.16710416664 29575.72064166664 55 56
29622.961235416642 29844.452610416647 55 56
31922.27381874997 32062.145672916628 55 74
38626.789381249975 38739.850622916645 55 36
55243.80040624992 55371.35394374991 55 56
55418.594537499914 55640.08591249991 55 56
57717.90712083323 57857.7789749999 55 74
64383.198493749944 64496.259735416614 55 36
68661.51039583329 68774.57163749996 55 42
70816.85093541666 70929.91217708333 55 42
72972.19147500001 73071.74682083334 55 42
81194.02774375009 82575.62493750006 55 32
6374.918591666662 6485.997645833329 56 44
6547.885933333329 6638.0392395833305 56 46
6721.275999999997 6874.643899999997 56 49
6895.817947916664 7029.638891666664 56 53
14916.729127083336 15027.808181250002 56 44
15089.696468750002 15179.849775000002 56 46
15263.086535416669 15416.45443541667 56 49
15437.628483333336 15571.449427083335 56 53
29097.327041666642 29196.63053958331 56 55
29271.713791666647 29364.812270833307 56 55
54892.96034374992 54992.26384166659 56 55
55067.347093749915 55160.445572916586 56 55
68837.5476458333 68956.66309791662 56 45
70992.88818541665 71112.00363749998 56 45
79594.11963541675 79711.91723958342 56 57
79917.7757187501 80023.88266458342 56 50
5313.247879166663 6374.918591666662 57 33
13855.058414583333 14916.729127083336 57 33
28746.653122916636 28845.956620833305 57 53
28921.03987291664 29028.008854166645 57 54
29844.452610416647 30065.36842083331 57 63
38802.826631249976 38921.94208333331 57 50
41617.01562916663 41794.89194999996 57 30
54542.286424999926 54641.589922916595 57 53
54716.67317499992 54823.64215624992 57 54
55640.08591249991 55861.001722916575 57 63
64559.23574374995 64678.351195833275 57 50
67385.94913749995 67563.82545833329 57 30
69012.72022083329 69152.21566666663 57 46
71168.06076041666 71307.55620624998 57 46
4247.926306249999 5313.247879166663 58 33
12789.736841666665 13855.058414583333 58 33
28395.969277083306 28523.522814583306 58 52
28570.763408333307 28663.506564583306 58 53
31135.645079166643 31280.287906249978 58 55
31308.468737499978 31432.99421041664 58 53
31745.452266666638 31897.139991666638 58 58
40914.224612499966 41004.37791874996 58 25
41087.614679166625 41240.98257916663 58 28
41262.15662708329 41395.977570833296 58 29
41437.8400333333 41617.01562916663 58 30
54191.60257916659 54319.15611666659 58 52
54366.396710416586 54459.13986666659 58 53
56931.2783812499 57075.921208333224 58 55
57104.102039583224 57228.627512499894 58 53
57541.08556874989 57692.773293749895 58 58
66683.15812083326 66773.31142708327 58 25
66856.54818749994 67009.91608749994 58 28
67031.0901354166 67164.9110791666 58 29
67206.77354166661 67385.94913749995 58 30
69186.95796666662 69335.33950416662 58 49
71342.29850625 71490.68004374999 58 49
73146.06823958334 73279.00182083336 58 45
1058.7274104166665 2118.9764416666667 59 27
2118.9764416666667 3186.7874958333323 59 27
3186.7874958333323 4247.926306249999 59 27
8552.47520833333 9579.770337499998 59 27
9607.678645833332 10649.96756875 59 27
10663.386397916667 11728.59803125 59 27
11728.59803125 12789.736841666665 59 27
28045.129214583307 28144.432712499973 59 51
28219.51596458331 28312.61444374997 59 51
31569.824985416642 31671.39017916664 59 66
34374.4199958333 34471.94912499996 59 33
35437.590485416644 35606.95337291664 59 33
38260.26538124998 38626.789381249975 59 33
38714.88003124997 38837.97603124998 59 45
38977.95128958332 39070.51159583331 59 51
39319.80167916664 39686.325679166635 59 53
41808.88723124996 42892.576887499956 59 35
53840.7625166666 53940.06601458326 59 51
54015.14926666659 54108.24774583326 59 51
57365.45828749989 57467.0234812499 59 66
60135.27218749992 60289.90779166659 59 33
61193.9995979166 61363.3624854166 59 33
64016.67449374993 64383.198493749944 59 33
64471.28914374994 64594.38514374995 59 45
64734.40831874994 64873.90376458327 59 51
65081.996066666616 65448.520066666635 59 53
67577.82073958329 68570.15839583329 59 35
68749.60104583329 68872.6970458333 59 37
69359.73677083329 69531.7042166666 59 51
70904.94158541666 71028.03758541665 59 37
71515.07731041666 71687.04475624998 59 51
73059.44225625001 73210.11542083335 59 37
73318.35500833335 73470.17217083336 59 46
74425.64842500006 74532.92035833339 59 29
74595.85628125005 74695.16929791673 59 31
75014.91586250006 75111.71379166673 59 34
75183.95026250006 75299.21871666674 59 35
79513.34413541674 79674.89513541675 59 50
79999.25213958342 80090.03610000008 59 42
81215.37093125009 82575.62493750006 59 37
82914.27481250007 83222.05350416675 59 20
27694.4765583333 27793.75879374997 60 50
27868.842045833306 27975.811027083306 60 50
39686.325679166635 39855.15521666663 60 36
41617.01562916663 41794.89194999996 60 36
53490.1098604166 53589.39209583327 60 50
53664.4753479166 53771.444329166596 60 50
65448.520066666635 65617.34960416662 60 36
67385.94913749995 67563.82545833329 60 36
68925.26709583329 69054.94506666662 60 39
69531.7042166666 69665.19063749995 60 52
71080.60763541666 71210.28560624998 60 39
71687.04475624998 71820.5311770833 60 52
27301.355552083296 27428.909089583296 61 50
27476.149683333297 27694.4765583333 61 50
30790.85248333331 30879.815693749977 61 50
30972.46308333331 31114.810572916642 61 54
31395.310893749975 31502.76561041664 61 62
34554.677541666635 34669.90855208331 61 27
35613.52462916664 35704.792077083315 61 27
37196.87357083332 37565.65057083332 61 33
38084.64387708332 38218.402918749984 61 30
38890.54608124998 39029.67833958331 61 45
39149.73269791664 39261.88883749997 61 52
41437.8400333333 41617.01562916663 61 36
53096.98885416661 53224.54239166661 61 50
53271.782985416605 53490.1098604166 61 50
56586.48578541657 56675.448995833234 61 50
56768.09638541657 56910.4438749999 61 54
57190.944195833225 57298.39891249989 61 62
60311.08183958326 60402.34928749993 61 27
61369.933741666595 61461.20118958326 61 27
62953.28268333327 63322.059683333275 61 33
63841.052989583266 63974.81203124993 61 30
64646.95519374995 64776.633164583276 61 45
64908.64606458328 65081.996066666616 61 52
67206.77354166661 67385.94913749995 61 36
69099.95086666662 69210.84329791662 61 41
69702.89693541662 69895.57493541662 61 57
71255.29140624998 71366.1838375 61 41
71858.23747499999 72050.91547499999 61 48
73232.35998750002 73333.38077083336 61 39
73489.32653333337 73606.18837083338 61 49
18150.473154166666 18305.10875833333 62 32
18326.282806249994 18417.55025416666 62 32
18501.27193124999 18640.72719999999 62 25
18675.469499999992 18848.86129374999 62 25
18848.86129374999 19209.87229374999 62 31
26950.515489583297 27049.818987499966 62 50
27124.902239583298 27218.00071874996 62 50
31221.927237499975 31349.65610624998 62 65
34465.191962499965 34557.64507499997 62 25
34729.95483958331 34869.11712083332 62 25
35077.25121458331 35409.68217708331 62 21
35525.67038541664 35701.14137916664 62 25
35788.51375416664 35900.342531249975 62 25
36135.73951666664 36497.83951666664 62 21
37020.83847083331 37196.87357083332 62 30
37910.448060416646 38035.86689999998 62 32
38260.26538124998 38626.789381249975 62 33
39064.06423958331 39166.82769791664 62 45
39319.80167916664 39686.325679166635 62 53
39861.70734791663 39994.93401666662 62 50
41262.15662708329 41395.977570833296 62 35
43946.09857083329 44100.734174999954 62 32
44121.90822291662 44213.1756708333 62 32
44296.89734791662 44390.068124999954 62 25
44469.67421458329 44582.18839583329 62 25
44640.179318749964 45001.19031874996 62 31
52746.148791666616 52845.45228958328 62 50
52920.535541666606 53013.63402083328 62 50
57017.56053958323 57145.28940833323 62 65
60223.27038749992 60398.69858958326 62 25
60486.07096458326 60625.526233333265 62 26
60833.660327083264 61166.091289583266 62 22
61282.07949791659 61457.550491666596 62 25
61544.922866666595 61656.75164374993 62 26
61892.14862916659 62254.24862916659 62 22
62777.247583333265 62953.28268333327 62 30
63666.8571729166 63792.27601249993 62 32
64016.67449374993 64383.198493749944 62 33
64821.638964583275 64957.140524999944 62 45
65081.996066666616 65448.520066666635 62 53
65623.90173541663 65757.12840416662 62 50
67031.0901354166 67164.9110791666 62 35
69273.45121666662 69445.12720416662 62 42
70088.25293541662 70830.76423958331 62 36
71428.79175625 71600.46774374999 62 42
72243.59347499999 72986.10477916668 62 30
73404.00828958336 73538.27657083338 62 41
73659.09462083339 73811.50827916672 62 42
79432.76393541675 79594.11963541675 62 50
80081.73505000009 80143.63876041678 62 47
81236.71411875008 82575.62493750006 62 36
82575.62493750006 82914.27481250007 62 28
26599.84157083329 26699.14506874996 63 50
26774.228320833296 26881.197302083296 63 50
41087.614679166625 41240.98257916663 63 33
52395.474872916624 52494.778370833286 63 50
52569.86162291662 52676.830604166615 63 50
66856.54818749994 67009.91608749994 63 33
69445.84271666662 69555.31612916662 63 45
71601.18325624998 71710.65666874997 63 45
17091.74574375 17246.381347916667 64 32
17267.555395833333 17358.822843749997 64 32
17442.54452083333 17581.99978958333 64 25
17616.74208958333 17790.13388333333 64 25
17790.13388333333 18122.56484583333 64 31
20265.395749999985 20420.03135416665 64 32
20441.205402083317 20532.47284999998 64 32
20616.194527083313 20717.30403333331 64 25
20788.80634166664 20881.095264583313 64 25
20958.57671874998 21319.587718749983 64 31
26249.15772499996 26376.71126249996 64 50
26423.95185624996 26516.69501249996 64 50
27781.418493749967 27891.476372916637 64 34
27956.715868749976 28046.598072916637 64 34
28132.092412499973 28228.277639583306 64 35
28307.473439583304 28397.446818749973 64 35
28483.71392916664 28593.33186041664 64 35
28658.38061041664 28748.12198124997 64 36
28833.616320833306 28943.674199999976 64 36
29008.91369583331 29098.795899999976 64 37
29184.290239583308 29280.475466666645 64 37
29359.671266666643 29449.64464583331 64 37
29535.911756249978 29645.529687499977 64 38
29710.512110416643 29845.921468749977 64 38
30443.76187499998 30546.775035416646 64 55
30616.86582083331 30741.431074999975 64 50
34642.93902083331 34758.05442083331 64 23
34903.859420833316 35077.25121458331 64 22
35701.14137916664 35802.346031249974 64 23
35962.58915208331 36080.32791041664 64 22
36845.70654791664 36999.60237499998 64 32
37196.87357083332 37565.65057083332 64 33
37737.59655833332 37841.12435833332 64 33
38172.269331249976 38351.89638124998 64 27
39234.975099999974 39411.43267916664 64 47
39774.10972291663 39949.069097916625 64 45
40036.310316666626 40128.7391895833 64 51
40376.958270833304 40741.2572708333 64 53
40914.224612499966 41004.37791874996 64 30
42892.576887499956 43047.21249166663 64 32
43068.38653958329 43159.653987499965 64 32
43243.34851874996 43350.69363749995 64 25
43415.775143749954 43514.52306666662 64 25
43585.759299999954 43918.19026249996 64 31
46055.51240624995 46210.148010416626 64 32
46231.32205833329 46322.58950624996 64 32
46406.08118333329 46526.422266666625 64 25
46577.70726666662 46703.089274999955 64 25
46747.457943749956 47108.468943749955 64 31
52044.79102708329 52172.34456458328 64 50
52219.585158333284 52312.32831458328 64 50
53577.05179583327 53687.109674999934 64 34
53752.349170833266 53842.23137499992 64 34
53927.72571458326 54023.910941666596 64 35
54103.10674166659 54193.080120833256 64 35
54279.34723124992 54388.965162499924 64 35
54454.013912499926 54543.75528333326 64 36
54629.2496229166 54739.307502083255 64 36
54804.54699791659 54894.42920208325 64 37
54979.92354166658 55076.10876874992 64 37
55155.30456874992 55245.277947916584 64 37
55331.54505833325 55441.162989583245 64 38
55506.145412499915 55641.554770833245 64 38
56239.395177083235 56342.40833749991 64 55
56412.499122916575 56537.06437708324 64 50
60398.69858958326 60514.46353333326 64 23
60660.26853333326 60833.660327083264 64 22
61457.550491666596 61558.75514374993 64 23
61718.998264583264 61836.7370229166 64 22
62602.115660416595 62756.011487499934 64 32
62953.28268333327 63322.059683333275 64 33
63494.00567083328 63597.53347083327 64 33
63928.67844374993 64108.30549374994 64 27
64995.39106666661 65173.627066666624 64 47
65536.30411041662 65711.26348541662 64 45
65798.50470416661 65896.5012041666 64 51
66145.8917791666 66510.1907791666 64 53
66683.15812083326 66773.31142708327 64 30
69617.38809166661 69799.23593541663 64 47
71772.72863124998 71954.57647499998 64 47
73574.35471458337 73660.50545416672 64 42
73830.77199166673 73934.78232708339 64 45
75682.58016041675 75777.43153125008 64 34
75848.48565208343 75948.94882291675 64 35
19209.87229374999 19364.507897916657 65 32
19385.681945833323 19476.949393749986 65 32
19560.67107083332 19648.62197083332 65 25
19734.42297083332 19827.00582916665 65 25
19904.384749999983 20265.395749999985 65 31
22378.98685833331 22533.622462499974 65 42
22554.79651041664 22646.063958333303 65 42
22729.785635416636 22869.240904166636 65 33
22903.983204166634 23077.374997916635 65 33
23077.374997916635 23215.010441666636 65 41
25898.317662499958 25997.621160416627 65 50
26072.704412499963 26165.802891666626 65 50
45001.19031874996 45155.825922916636 65 32
45176.9999708333 45268.26741874997 65 32
45351.941179166635 45472.47913749997 65 25
45523.91068749996 45649.881262499955 65 25
45694.501406249954 46055.51240624995 65 31
48165.07962708329 48319.71523124996 65 42
48340.88927916662 48432.1567270833 65 42
48515.87840416663 48655.33367291663 65 33
48690.07597291663 48863.46776666663 65 33
48863.46776666663 49001.10321041663 65 41
51693.950964583295 51793.25446249995 65 50
51868.337714583286 51961.436193749956 65 50
71858.23747499999 72050.91547499999 65 57
175.80965208333333 267.07710000000003 66 33
350.79877708333333 490.25404583333335 66 30
524.9963458333333 698.3881395833333 66 27
698.3881395833333 1030.8191020833333 66 24
1058.7274104166665 1228.0902979166665 66 36
1234.6615541666665 1325.9290020833332 66 33
1409.6506791666666 1521.4794562499999 66 31
1583.7260770833332 1701.4648354166666 66 28
1756.8764416666668 2118.9764416666667 66 25
2118.9764416666667 2230.3612208333334 66 36
2292.6078416666664 2425.3466416666665 66 36
2466.8434729166665 2620.7392999999997 66 36
2641.975395833333 2818.0104958333327 66 36
2818.0104958333327 3186.7874958333323 66 35
3186.7874958333323 3337.9240499999983 66 36
3358.733483333332 3462.2612833333324 66 36
3531.584985416666 3657.0038249999984 66 36
3705.780802083332 3839.5398437499985 66 36
3881.4023062499987 4247.926306249999 66 35
4247.926306249999 4360.987547916665 66 44
4423.963556249998 4543.079008333331 66 44
4599.1361312499985 4738.631577083331 66 44
4773.373877083331 4946.723879166663 66 46
4946.723879166663 5313.247879166663 66 42
5313.247879166663 5482.077416666662 66 44
5488.629547916663 5621.856216666663 66 44
5663.232516666663 5761.229016666663 66 44
5837.227797916663 6010.619591666663 66 46
6010.619591666663 6374.918591666662 66 42
6461.600379166663 6568.75523958333 66 44
6634.430697916663 6804.754499999997 66 48
6808.3945729166635 6959.340091666663 66 52
6983.505304166663 7085.455508333331 66 55
7160.963949999998 7340.389949999997 66 59
7340.389949999997 7499.266270833329 66 66
7531.033416666663 7627.283824999997 66 52
7709.104849999997 7811.386754166663 66 47
7888.628102083331 8015.19975208333 66 40
8069.679152083329 8356.65270833333 66 40
8552.47520833333 8707.110812499997 66 36
8728.284860416665 8819.552308333332 66 33
8903.250631249997 9001.043024999997 66 30
9076.538472916664 9165.811341666664 66 28
9247.339374999998 9579.770337499998 66 24
9607.678645833332 9777.041533333331 66 36
9783.612789583332 9874.8802375 66 33
9958.601914583332 10070.023410416667 66 30
10131.74880625 10234.360014583333 66 28
10302.200693750001 10649.96756875 66 24
10663.386397916667 10772.809652083333 66 36
10834.576577083333 10967.15717708333 66 36
11008.654008333333 11162.549835416667 66 36
11183.78593125 11359.82103125 66 36
11359.82103125 11728.59803125 66 35
11728.59803125 11879.734585416667 66 36
11900.54401875 12004.071818749999 66 36
12073.395520833332 12198.814360416665 66 36
12247.5913375 12381.350379166666 66 36
12423.212841666666 12789.736841666665 66 35
12789.736841666665 12902.798083333333 66 44
12965.774091666666 13084.88954375 66 44
13140.946666666667 13280.442112499999 66 44
13315.184412499999 13488.534414583333 66 46
13488.534414583333 13855.058414583333 66 42
13855.058414583333 14023.887952083332 66 44
14030.440083333333 14163.666752083334 66 44
14205.043052083332 14303.039552083334 66 44
14379.038333333334 14552.430127083335 66 46
14552.430127083335 14916.729127083336 66 42
15003.410914583335 15110.565775000003 66 44
15176.241233333336 15346.565035416668 66 48
15350.205108333335 15501.150627083336 66 52
15525.315839583336 15627.266043750002 66 55
15702.774485416669 15882.200485416668 66 59
15882.200485416668 16041.076806250001 66 66
16072.843952083333 16169.094360416664 66 52
16250.915385416665 16353.197289583331 66 47
16430.438637499996 16557.010287499998 66 40
16611.4896875 16897.193243750004 66 40
17179.74394375 17355.172145833334 66 22
17355.172145833334 17470.93708958333 66 22
17529.73498958333 17679.71250833333 66 17
17703.52888333333 17880.38663333333 66 17
18238.471354166664 18413.899556249995 66 22
18413.899556249995 18529.66449999999 66 22
18588.46239999999 18738.439918749995 66 17
18762.256293749993 18939.114043749993 66 17
25547.643743749955 25646.947241666625 66 50
25722.030493749957 25828.99947499996 66 50
29184.290239583308 29280.475466666645 66 44
29359.671266666643 29449.64464583331 66 48
29535.911756249978 29645.529687499977 66 45
29710.512110416643 29845.921468749977 66 50
31049.620637499975 31197.430166666643 66 66
34816.85232083331 34966.82983958331 66 21
35077.25121458331 35409.68217708331 66 21
35875.661931249975 35997.33145208331 66 21
36135.73951666664 36497.83951666664 66 21
36671.47091666664 36804.20971666664 66 33
37108.742070833316 37289.06782083332 66 27
37565.65057083332 37716.78712499999 66 36
37997.39419999998 38091.92402291665 66 27
39949.069097916625 40046.47291666663 66 45
40207.696239583296 40332.724002083305 66 52
40827.9390583333 40935.09391874996 66 27
41000.76937708329 41171.09317916662 66 28
41174.73325208329 41325.67877083329 66 29
41349.843983333296 41451.79418749997 66 28
41527.302629166625 41706.72862916663 66 32
41706.72862916663 41865.604949999964 66 33
42980.57508749996 43156.0032895833 66 22
43156.0032895833 43281.64554583329 66 22
43329.859131249956 43419.346779166626 66 17
43501.06619791662 43676.012049999954 66 17
44034.09677083329 44209.524972916624 66 22
44209.524972916624 44307.08955208329 66 22
44383.58360624996 44500.390279166626 66 17
44555.19826249996 44730.432068749964 66 17
51343.27704583331 51442.580543749966 66 50
51517.6637958333 51624.6327770833 66 50
54979.92354166658 55076.10876874992 66 44
55155.30456874992 55245.277947916584 66 48
55331.54505833325 55441.162989583245 66 45
55506.145412499915 55641.554770833245 66 50
56845.253939583235 56993.0634687499 66 66
60573.26143333327 60723.238952083266 66 21
60833.660327083264 61166.091289583266 66 22
61632.07104374992 61753.74056458326 66 21
61892.14862916659 62254.24862916659 66 22
62427.8800291666 62560.61882916659 66 33
62865.15118333327 63045.476933333266 66 27
63322.059683333275 63473.19623749994 66 36
63753.803312499935 63848.3331354166 66 27
65711.26348541662 65885.61270416662 66 45
65972.49998541661 66145.8917791666 66 52
66596.8725666666 66704.02742708327 66 27
66769.70288541661 66940.02668749994 66 28
66943.6667604166 67094.61227916661 66 29
67118.77749166661 67220.72769583328 66 28
67296.23613749995 67475.66213749995 66 32
67475.66213749995 67634.53845833328 66 33
72243.59347499999 72986.10477916668 66 36
73744.96561666671 73880.00147916672 66 37
74001.46788541673 74125.11561041673 66 46
75099.75542500007 75246.20539166674 66 29
75267.82924791674 75365.99671666675 66 31
79352.20543541675 79505.26658541674 66 50
80137.34329791677 80197.78840416679 66 52
82914.27481250007 83222.05350416675 66 24
87.9982 263.42640208333336 67 28
263.42640208333336 379.19134583333334 67 27
437.98924583333337 587.9667645833333 67 25
611.7831395833333 788.6408895833333 67 22
1146.8073104166665 1322.2783041666667 67 28
1322.2783041666667 1423.4829562499997 67 27
1496.79885625 1618.4683770833333 67 25
1670.4313770833332 1847.4014416666666 67 23
2205.8231375 2327.3501416666663 67 29
2379.6149416666667 2522.900595833333 67 31
2554.2965979166665 2719.5969874999996 67 31
2729.8789958333327 2910.2047458333327 67 31
3272.8124124999986 3393.176683333332 67 29
3444.9901333333323 3587.317424999999 67 31
3618.5311249999986 3713.060947916665 67 31
3793.4062562499985 3973.0333062499985 67 31
4336.016956249998 4459.112956249997 67 36
4511.683006249998 4641.360977083331 67 38
4686.366777083332 4821.868337499997 67 38
4860.118879166664 5038.354879166663 67 40
5401.031922916663 5575.991297916663 67 36
5575.991297916663 5750.340516666663 67 38
5750.340516666663 5900.198216666663 67 38
5924.014591666662 6101.694341666663 67 40
8640.473408333331 8815.901610416666 67 28
8815.901610416666 8931.595262499999 67 27
8990.204243749999 9097.313287499997 67 25
9162.24988333333 9337.592124999997 67 22
9695.758545833332 9871.229539583332 67 28
9871.229539583332 9972.434191666667 67 27
10045.526339583334 10138.912535416666 67 25
10217.313614583334 10392.72569375 67 22
10748.52253125 10869.160677083333 67 29
10921.425477083332 11064.711131249998 67 31
11096.107133333331 11261.407522916666 67 31
11271.68953125 11452.01528125 67 31
11814.622947916669 11934.98721875 67 29
11986.80066875 12129.127960416667 67 31
12160.341660416667 12254.871483333332 67 31
12335.216791666666 12514.843841666665 67 31
12877.827491666667 13000.923491666666 67 36
13053.493541666667 13183.1715125 67 38
13228.1773125 13363.678872916666 67 38
13401.929414583332 13580.165414583333 67 40
13942.842458333333 14117.801833333333 67 36
14117.801833333333 14292.151052083334 67 38
14292.151052083334 14442.008752083333 67 38
14465.825127083335 14643.504877083336 67 40
19297.87049374999 19473.29869583332 67 22
19473.29869583332 19589.06363958332 67 22
19647.89518541665 19745.168564583317 67 17
19819.923266666654 19994.637499999986 67 17
20353.393949999983 20528.822152083314 67 22
20528.822152083314 20644.58709583331 67 22
20702.93540833331 20813.02425833331 67 17
20874.012702083313 21048.829468749984 67 17
21319.587718749983 21474.223322916645 67 39
21495.397370833314 21586.664818749978 67 39
21670.38649583331 21809.841764583307 67 30
21844.58406458331 22017.97585833331 67 30
22017.97585833331 22378.98685833331 67 38
24493.019493749962 24647.655097916628 67 50
24668.829145833293 24760.096593749957 67 50
24843.81827083329 24945.114270833288 67 39
25016.782724999954 25109.178852083285 67 39
25186.632743749953 25285.910768749953 67 49
26686.804768749957 26796.86264791663 67 34
26862.102143749966 26951.984347916627 67 34
27037.478687499963 27133.6639145833 67 34
27212.859714583297 27302.833093749963 67 34
27389.100204166632 27498.71813541663 67 34
27563.700558333298 27697.371749999966 67 34
27781.418493749967 27891.476372916637 67 40
27956.715868749976 28046.598072916637 67 44
28132.092412499973 28228.277639583306 67 41
28307.473439583304 28397.446818749973 67 45
28483.71392916664 28593.33186041664 67 42
28658.38061041664 28748.12198124997 67 46
28833.616320833306 28943.674199999976 67 43
29008.91369583331 29098.795899999976 67 47
30100.270712499976 30257.247624999978 67 55
30271.57508333331 30443.76187499998 67 53
30878.346835416643 30972.46308333331 67 74
34990.646214583314 35167.50396458331 67 18
36049.29445208331 36226.26451666664 67 18
36497.83951666664 36609.22429583331 67 36
36933.15967291665 37098.46006249998 67 27
37823.85320833332 37966.18049999998 67 28
40122.310245833294 40211.24757291663 67 45
40376.958270833304 40741.2572708333 67 53
45089.188518749965 45264.6167208333 67 22
45264.6167208333 45417.318422916636 67 22
45438.09323749997 45541.05453749996 67 17
45609.39606249995 45784.754156249954 67 17
46143.510606249954 46318.938808333296 67 22
46318.938808333296 46444.15803958329 67 22
46492.134566666624 46581.26872499995 67 17
46662.83278749995 46837.710693749956 67 17
47108.468943749955 47263.10454791663 67 39
47284.27859583329 47375.546043749964 67 39
47459.2677208333 47594.30678541663 67 30
47632.38364166663 47773.44008541662 67 30
47804.06862708329 48165.07962708329 67 38
50283.87790624997 50438.51351041664 67 50
50459.68755833331 50550.95500624998 67 50
50634.67668333331 50774.13195208331 67 39
50808.87425208331 50982.26604583331 67 39
50982.26604583331 51081.54407083331 67 49
52482.43807083329 52592.49594999995 67 34
52657.735445833285 52747.61764999994 67 34
52833.11198958328 52929.297216666615 67 34
53008.49301666661 53098.466395833275 67 34
53184.73350624994 53294.35143749994 67 34
53359.333860416606 53493.00505208327 67 34
53577.05179583327 53687.109674999934 67 40
53752.349170833266 53842.23137499992 67 44
53927.72571458326 54023.910941666596 67 41
54103.10674166659 54193.080120833256 67 45
54279.34723124992 54388.965162499924 67 42
54454.013912499926 54543.75528333326 67 46
54629.2496229166 54739.307502083255 67 43
54804.54699791659 54894.42920208325 67 47
55895.90401458325 56052.88092708324 67 55
56067.208385416576 56239.395177083235 67 53
56673.9801374999 56768.09638541657 67 74
60747.05532708327 60923.91307708326 67 19
61805.70356458326 61982.67362916659 67 19
62254.24862916659 62365.63340833326 67 36
62689.568785416595 62854.869174999934 67 27
63580.26232083327 63722.589612499934 67 28
65885.61270416662 66035.4704041666 67 45
66145.8917791666 66510.1907791666 67 53
74339.63874375005 74478.29495416673 67 42
81258.05730625008 82575.62493750006 67 41
23438.385997916637 23593.0216020833 68 46
23614.19564999997 23705.463097916632 68 46
23789.184774999965 23876.672089583295 68 36
23961.951629166626 24067.842822916627 68 36
24132.00849374996 24256.858131249963 68 45
49224.47876666663 49379.1143708333 68 46
49400.288418749966 49491.55586666664 68 46
49575.277543749966 49714.73281249998 68 36
49749.475112499975 49922.86690624997 68 36
49922.86690624997 50047.71654374997 68 45
73916.28489791673 74002.88672708339 68 39
74170.8387770834 74259.98521041674 68 49
79271.72222916676 79432.76393541675 68 65
80194.19024791678 80254.25258541678 68 55
21407.58591874998 21583.01412083331 69 27
21583.01412083331 21698.77906458331 69 27
21757.576964583306 21907.55448333331 69 20
21931.37085833331 22108.22860833331 69 20
22466.985058333306 22642.413260416637 69 29
22642.413260416637 22758.178204166637 69 29
22816.976104166635 22966.953622916637 69 22
22990.769997916635 23167.62774791664 69 22
36758.478016666646 36901.76367083331 69 28
37651.67548749999 37772.03975833332 69 29
40292.5809208333 40468.0330208333 69 47
47196.46714374996 47371.8953458333 69 27
47371.8953458333 47469.45992499996 69 27
47546.033145833295 47663.27618541663 69 20
47718.43689999996 47894.32137708329 69 20
48253.07782708329 48428.50602916663 69 29
48428.50602916663 48544.27097291663 69 29
48603.06887291663 48753.04639166663 69 22
48776.86276666663 48953.72051666663 69 22
62514.88712916659 62658.17278333326 69 28
63408.08459999994 63528.44887083327 69 29
66059.28677916659 66236.9665291666 69 47
6895.817947916664 7029.638891666664 70 70
7798.6774124999965 8414.583531249997 70 52
15437.628483333336 15571.449427083335 70 70
16340.487947916663 16954.748358333338 70 52
17179.74394375 17355.172145833334 70 26
17355.172145833334 17470.93708958333 70 27
17529.73498958333 17679.71250833333 70 21
17703.52888333333 17880.38663333333 70 21
23526.384197916635 23701.812399999966 70 31
23701.812399999966 23807.385139583297 70 31
23875.951587499963 23972.66653541663 70 24
24047.303391666628 24222.261243749963 70 24
24581.01769374996 24756.44589583329 70 34
24756.44589583329 24862.01863541662 70 34
24930.70422916662 25027.497631249953 70 26
25102.096289583285 25276.885493749956 70 26
25634.60694166662 25744.66482083329 70 34
25809.904316666627 25899.78652083329 70 34
25985.280860416628 26081.46608749996 70 34
26160.66188749996 26250.635266666628 70 34
26336.902377083294 26446.520308333296 70 34
26511.569058333294 26601.310429166624 70 34
26686.804768749957 26796.86264791663 70 40
26862.102143749966 26951.984347916627 70 44
27037.478687499963 27133.6639145833 70 40
27212.859714583297 27302.833093749963 70 44
27389.100204166632 27498.71813541663 70 40
27563.700558333298 27697.371749999966 70 44
27781.418493749967 27891.476372916637 70 50
27956.715868749976 28046.598072916637 70 50
29929.82208124998 30065.36842083331 70 54
30703.74775833331 30839.54710624998 70 58
42980.57508749996 43156.0032895833 70 26
43156.0032895833 43281.64554583329 70 27
43329.859131249956 43419.346779166626 70 21
43501.06619791662 43676.012049999954 70 21
49312.47696666663 49487.90516874997 70 31
49487.90516874997 49603.67011249997 70 31
49662.46801249997 49812.44553124997 70 24
49836.26190624997 50013.11965624997 70 24
50371.87610624997 50547.30430833331 70 34
50547.30430833331 50663.06925208331 70 34
50721.867152083316 50871.844670833314 70 26
50895.661045833316 51072.51879583331 70 26
51430.24024374997 51540.29812291663 70 34
51605.537618749964 51695.41982291663 70 34
51780.914162499954 51877.09938958329 70 34
51956.29518958329 52046.268568749954 70 34
52132.53567916661 52242.153610416615 70 34
52307.20236041662 52396.94373124996 70 34
52482.43807083329 52592.49594999995 70 40
52657.735445833285 52747.61764999994 70 44
52833.11198958328 52929.297216666615 70 40
53008.49301666661 53098.466395833275 70 44
53184.73350624994 53294.35143749994 70 40
53359.333860416606 53493.00505208327 70 44
53577.05179583327 53687.109674999934 70 50
53752.349170833266 53842.23137499992 70 50
55725.45538333324 55861.001722916575 70 54
56499.38106041658 56635.18040833323 70 58
74086.31769375005 74192.64521041673 70 41
74510.92831250005 74641.70836458338 70 45
1058.7274104166665 1228.0902979166665 71 45
3881.4023062499987 4247.926306249999 71 44
6721.275999999997 6874.643899999997 71 65
7071.501354166664 7250.676949999997 71 72
7442.54855208333 7811.386754166663 71 68
8552.47520833333 8707.110812499997 71 45
9607.678645833332 9777.041533333331 71 45
12423.212841666666 12789.736841666665 71 44
15263.086535416669 15416.45443541667 71 65
15613.311889583334 15792.487485416668 71 72
15984.3590875 16353.197289583331 71 68
18238.471354166664 18413.899556249995 71 26
18413.899556249995 18529.66449999999 71 27
18588.46239999999 18738.439918749995 71 21
18762.256293749993 18939.114043749993 71 21
19297.87049374999 19473.29869583332 71 26
19473.29869583332 19589.06363958332 71 27
19647.89518541665 19745.168564583317 71 21
19819.923266666654 19994.637499999986 71 21
29184.290239583308 29280.475466666645 71 55
29359.671266666643 29449.64464583331 71 55
29535.911756249978 29645.529687499977 71 56
29710.512110416643 29845.921468749977 71 57
30530.203487499977 30644.324066666646 71 66
36584.686212499975 36706.21321666664 71 29
44034.09677083329 44209.524972916624 71 26
44209.524972916624 44307.08955208329 71 27
44383.58360624996 44500.390279166626 71 21
44555.19826249996 44730.432068749964 71 21
45089.188518749965 45264.6167208333 71 26
45264.6167208333 45417.318422916636 71 27
45438.09323749997 45541.05453749996 71 21
45609.39606249995 45784.754156249954 71 21
54979.92354166658 55076.10876874992 71 55
55155.30456874992 55245.277947916584 71 55
55331.54505833325 55441.162989583245 71 56
55506.145412499915 55641.554770833245 71 57
56325.83678958324 56439.95736874991 71 66
62341.09532499993 62462.622329166596 71 29
74255.0750020834 74353.55204791672 71 42
74425.64842500006 74532.92035833339 71 37
74680.39719791673 74803.04276875006 71 46
75765.67171041675 75856.76380208343 71 29
75931.06217708343 76027.84553125007 71 31
76340.6825583334 76434.40424791673 71 34
76504.68265000006 76617.01553958337 71 35
79191.59397916675 79285.74467291674 71 49
82575.62493750006 82914.27481250007 71 33
83222.05350416675 83536.78296250009 71 23
20353.393949999983 20528.822152083314 72 26
20528.822152083314 20644.58709583331 72 27
20702.93540833331 20813.02425833331 72 21
20874.012702083313 21048.829468749984 72 21
28833.616320833306 28943.674199999976 72 54
29008.91369583331 29098.795899999976 72 54
46143.510606249954 46318.938808333296 72 26
46318.938808333296 46444.15803958329 72 27
46492.134566666624 46581.26872499995 72 21
46662.83278749995 46837.710693749956 72 21
54629.2496229166 54739.307502083255 72 54
54804.54699791659 54894.42920208325 72 54
175.80965208333333 267.07710000000003 73 38
1234.6615541666665 1325.9290020833332 73 38
2818.0104958333327 3186.7874958333323 73 44
3705.780802083332 3839.5398437499985 73 41
4423.963556249998 4543.079008333331 73 50
5488.629547916663 5621.856216666663 73 50
6547.885933333329 6638.0392395833305 73 61
6983.505304166663 7085.455508333331 73 58
7250.676949999997 7428.55327083333 73 72
7442.54855208333 8414.583531249997 73 80
8728.284860416665 8819.552308333332 73 38
9783.612789583332 9874.8802375 73 38
11359.82103125 11728.59803125 73 44
12247.5913375 12381.350379166666 73 41
12965.774091666666 13084.88954375 73 50
14030.440083333333 14163.666752083334 73 50
15089.696468750002 15179.849775000002 73 61
15525.315839583336 15627.266043750002 73 58
15792.487485416668 15970.363806250001 73 72
15984.3590875 16954.748358333338 73 80
17179.74394375 17355.172145833334 73 32
17355.172145833334 17470.93708958333 73 32
17529.73498958333 17679.71250833333 73 25
17703.52888333333 17880.38663333333 73 25
21407.58591874998 21583.01412083331 73 31
21583.01412083331 21698.77906458331 73 34
21757.576964583306 21907.55448333331 73 26
21931.37085833331 22108.22860833331 73 26
25634.60694166662 25744.66482083329 73 40
25809.904316666627 25899.78652083329 73 44
25985.280860416628 26081.46608749996 73 40
26160.66188749996 26250.635266666628 73 44
26336.902377083294 26446.520308333296 73 40
26511.569058333294 26601.310429166624 73 44
26686.804768749957 26796.86264791663 73 50
26862.102143749966 26951.984347916627 73 50
28483.71392916664 28593.33186041664 73 52
28658.38061041664 28748.12198124997 73 53
30357.55012499998 30450.22775624998 73 62
42980.57508749996 43156.0032895833 73 32
43156.0032895833 43281.64554583329 73 32
43329.859131249956 43419.346779166626 73 25
43501.06619791662 43676.012049999954 73 25
47196.46714374996 47371.8953458333 73 31
47371.8953458333 47469.45992499996 73 34
47546.033145833295 47663.27618541663 73 26
47718.43689999996 47894.32137708329 73 26
51430.24024374997 51540.29812291663 73 40
51605.537618749964 51695.41982291663 73 44
51780.914162499954 51877.09938958329 73 40
51956.29518958329 52046.268568749954 73 44
52132.53567916661 52242.153610416615 73 40
52307.20236041662 52396.94373124996 73 44
52482.43807083329 52592.49594999995 73 50
52657.735445833285 52747.61764999994 73 50
54279.34723124992 54388.965162499924 73 52
54454.013912499926 54543.75528333326 73 53
56153.18342708324 56245.86105833324 73 62
74595.85628125005 74695.16929791673 73 39
74848.38311250006 74963.03430000006 73 49
87.9982 263.42640208333336 74 34
350.79877708333333 490.25404583333335 74 35
698.3881395833333 1030.8191020833333 74 30
1146.8073104166665 1322.2783041666667 74 34
1409.6506791666666 1521.4794562499999 74 36
1756.8764416666668 2118.9764416666667 74 32
2641.975395833333 2818.0104958333327 74 41
3531.584985416666 3657.0038249999984 74 43
3881.4023062499987 4247.926306249999 74 44
4336.016956249998 4459.112956249997 74 45
4599.1361312499985 4738.631577083331 74 51
4946.723879166663 5313.247879166663 74 53
5401.031922916663 5575.991297916663 74 45
5663.232516666663 5761.229016666663 74 51
6010.619591666663 6374.918591666662 74 53
6374.918591666662 6485.997645833329 74 61
6808.3945729166635 6959.340091666663 74 59
7160.963949999998 7340.389949999997 74 64
8640.473408333331 8815.901610416666 74 34
8903.250631249997 9001.043024999997 74 35
9247.339374999998 9579.770337499998 74 30
9695.758545833332 9871.229539583332 74 34
9958.601914583332 10070.023410416667 74 35
10302.200693750001 10649.96756875 74 30
11183.78593125 11359.82103125 74 41
12073.395520833332 12198.814360416665 74 43
12423.212841666666 12789.736841666665 74 44
12877.827491666667 13000.923491666666 74 45
13140.946666666667 13280.442112499999 74 51
13488.534414583333 13855.058414583333 74 53
13942.842458333333 14117.801833333333 74 45
14205.043052083332 14303.039552083334 74 51
14552.430127083335 14916.729127083336 74 53
14916.729127083336 15027.808181250002 74 61
15350.205108333335 15501.150627083336 74 59
15702.774485416669 15882.200485416668 74 64
18238.471354166664 18413.899556249995 74 32
18413.899556249995 18529.66449999999 74 32
18588.46239999999 18738.439918749995 74 25
18762.256293749993 18939.114043749993 74 25
22466.985058333306 22642.413260416637 74 34
22642.413260416637 22758.178204166637 74 37
22816.976104166635 22966.953622916637 74 28
22990.769997916635 23167.62774791664 74 28
23526.384197916635 23701.812399999966 74 37
23701.812399999966 23807.385139583297 74 40
23875.951587499963 23972.66653541663 74 30
24047.303391666628 24222.261243749963 74 30
28132.092412499973 28228.277639583306 74 51
28307.473439583304 28397.446818749973 74 52
30185.814916666644 30353.95796874998 74 65
44034.09677083329 44209.524972916624 74 32
44209.524972916624 44307.08955208329 74 32
44383.58360624996 44500.390279166626 74 25
44555.19826249996 44730.432068749964 74 25
48253.07782708329 48428.50602916663 74 34
48428.50602916663 48544.27097291663 74 37
48603.06887291663 48753.04639166663 74 28
48776.86276666663 48953.72051666663 74 28
49312.47696666663 49487.90516874997 74 37
49487.90516874997 49603.67011249997 74 40
49662.46801249997 49812.44553124997 74 30
49836.26190624997 50013.11965624997 74 30
53927.72571458326 54023.910941666596 74 51
54103.10674166659 54193.080120833256 74 52
55981.44821874991 56149.59127083324 74 65
74764.57049791672 74856.75363750006 74 41
75014.91586250006 75111.71379166673 74 42
79111.46572916675 79271.72222916676 74 54
80252.77066458346 81172.68455625011 74 67
81279.40049375007 82575.62493750006 74 46
82914.27481250007 83222.05350416675 74 26
19297.87049374999 19473.29869583332 75 32
19473.29869583332 19589.06363958332 75 32
19647.89518541665 19745.168564583317 75 25
19819.923266666654 19994.637499999986 75 25
24581.01769374996 24756.44589583329 75 40
24756.44589583329 24862.01863541662 75 44
24930.70422916662 25027.497631249953 75 33
25102.096289583285 25276.885493749956 75 33
45089.188518749965 45264.6167208333 75 32
45264.6167208333 45417.318422916636 75 32
45438.09323749997 45541.05453749996 75 25
45609.39606249995 45784.754156249954 75 25
50371.87610624997 50547.30430833331 75 40
50547.30430833331 50663.06925208331 75 44
50721.867152083316 50871.844670833314 75 33
50895.661045833316 51072.51879583331 75 33
263.42640208333336 379.19134583333334 76 32
524.9963458333333 698.3881395833333 76 31
1322.2783041666667 1423.4829562499997 76 32
1583.7260770833332 1701.4648354166666 76 32
2466.8434729166665 2620.7392999999997 76 43
2818.0104958333327 3186.7874958333323 76 44
3358.733483333332 3462.2612833333324 76 44
3793.4062562499985 3973.0333062499985 76 36
4511.683006249998 4641.360977083331 76 45
4773.373877083331 4946.723879166663 76 52
5575.991297916663 5750.340516666663 76 45
5837.227797916663 6010.619591666663 76 52
6634.430697916663 6804.754499999997 76 58
7340.389949999997 7499.266270833329 76 65
8815.901610416666 8931.595262499999 76 32
9076.538472916664 9165.811341666664 76 31
9871.229539583332 9972.434191666667 76 32
10131.74880625 10234.360014583333 76 31
11008.654008333333 11162.549835416667 76 43
11359.82103125 11728.59803125 76 44
11900.54401875 12004.071818749999 76 44
12335.216791666666 12514.843841666665 76 36
13053.493541666667 13183.1715125 76 45
13315.184412499999 13488.534414583333 76 52
14117.801833333333 14292.151052083334 76 45
14379.038333333334 14552.430127083335 76 52
15176.241233333336 15346.565035416668 76 58
15882.200485416668 16041.076806250001 76 65
20353.393949999983 20528.822152083314 76 32
20528.822152083314 20644.58709583331 76 32
20702.93540833331 20813.02425833331 76 25
20874.012702083313 21048.829468749984 76 25
21407.58591874998 21583.01412083331 76 39
21583.01412083331 21698.77906458331 76 39
21757.576964583306 21907.55448333331 76 30
21931.37085833331 22108.22860833331 76 30
27389.100204166632 27498.71813541663 76 50
27563.700558333298 27697.371749999966 76 50
28219.51596458331 28312.61444374997 76 59
28570.763408333307 28663.506564583306 76 61
28921.03987291664 29028.008854166645 76 62
29271.713791666647 29364.812270833307 76 64
29622.961235416642 29844.452610416647 76 65
30014.939487499978 30161.52779583331 76 66
46143.510606249954 46318.938808333296 76 32
46318.938808333296 46444.15803958329 76 32
46492.134566666624 46581.26872499995 76 25
46662.83278749995 46837.710693749956 76 25
47196.46714374996 47371.8953458333 76 39
47371.8953458333 47469.45992499996 76 39
47546.033145833295 47663.27618541663 76 30
47718.43689999996 47894.32137708329 76 30
53184.73350624994 53294.35143749994 76 50
53359.333860416606 53493.00505208327 76 50
54015.14926666659 54108.24774583326 76 59
54366.396710416586 54459.13986666659 76 61
54716.67317499992 54823.64215624992 76 62
55067.347093749915 55160.445572916586 76 64
55418.594537499914 55640.08591249991 76 65
55810.57278958324 55957.16109791658 76 66
74931.81901875006 75016.2993708334 76 42
75183.95026250006 75299.21871666674 76 45
22466.985058333306 22642.413260416637 77 42
22642.413260416637 22758.178204166637 77 42
22816.976104166635 22966.953622916637 77 33
22990.769997916635 23167.62774791664 77 33
27037.478687499963 27133.6639145833 77 50
27212.859714583297 27302.833093749963 77 50
48253.07782708329 48428.50602916663 77 42
48428.50602916663 48544.27097291663 77 42
48603.06887291663 48753.04639166663 77 33
48776.86276666663 48953.72051666663 77 33
52833.11198958328 52929.297216666615 77 50
53008.49301666661 53098.466395833275 77 50
437.98924583333337 587.9667645833333 78 29
698.3881395833333 1030.8191020833333 78 30
1496.79885625 1618.4683770833333 78 29
1756.8764416666668 2118.9764416666667 78 32
2292.6078416666664 2425.3466416666665 78 44
2729.8789958333327 2910.2047458333327 78 36
3186.7874958333323 3337.9240499999983 78 49
3618.5311249999986 3713.060947916665 78 36
4686.366777083332 4821.868337499997 78 45
4946.723879166663 5313.247879166663 78 53
5750.340516666663 5900.198216666663 78 45
6010.619591666663 6374.918591666662 78 53
6461.600379166663 6568.75523958333 78 54
7442.54855208333 8414.583531249997 78 80
8990.204243749999 9097.313287499997 78 29
9247.339374999998 9579.770337499998 78 30
10045.526339583334 10138.912535416666 78 29
10302.200693750001 10649.96756875 78 30
10834.576577083333 10967.15717708333 78 44
11271.68953125 11452.01528125 78 36
11728.59803125 11879.734585416667 78 49
12160.341660416667 12254.871483333332 78 36
13228.1773125 13363.678872916666 78 45
13488.534414583333 13855.058414583333 78 53
14292.151052083334 14442.008752083333 78 45
14552.430127083335 14916.729127083336 78 53
15003.410914583335 15110.565775000003 78 54
15984.3590875 16954.748358333338 78 80
17442.54452083333 17581.99978958333 78 29
17616.74208958333 17790.13388333333 78 28
17790.13388333333 18122.56484583333 78 39
18501.27193124999 18640.72719999999 78 29
18675.469499999992 18848.86129374999 78 28
18848.86129374999 19209.87229374999 78 39
23526.384197916635 23701.812399999966 78 46
23701.812399999966 23807.385139583297 78 46
23875.951587499963 23972.66653541663 78 36
24047.303391666628 24222.261243749963 78 36
27694.4765583333 27793.75879374997 78 66
27868.842045833306 27975.811027083306 78 58
28045.129214583307 28144.432712499973 78 67
28395.969277083306 28523.522814583306 78 69
28746.653122916636 28845.956620833305 78 70
29097.327041666642 29196.63053958331 78 70
29448.16710416664 29575.72064166664 78 69
29844.452610416647 29970.192687499977 78 74
43243.34851874996 43350.69363749995 78 29
43415.775143749954 43514.52306666662 78 28
43585.759299999954 43918.19026249996 78 39
44296.89734791662 44390.068124999954 78 29
44469.67421458329 44582.18839583329 78 28
44640.179318749964 45001.19031874996 78 39
49312.47696666663 49487.90516874997 78 46
49487.90516874997 49603.67011249997 78 46
49662.46801249997 49812.44553124997 78 36
49836.26190624997 50013.11965624997 78 36
53490.1098604166 53589.39209583327 78 66
53664.4753479166 53771.444329166596 78 58
53840.7625166666 53940.06601458326 78 67
54191.60257916659 54319.15611666659 78 69
54542.286424999926 54641.589922916595 78 70
54892.96034374992 54992.26384166659 78 70
55243.80040624992 55371.35394374991 78 69
55640.08591249991 55765.82598958324 78 74
75099.75542500007 75246.20539166674 78 37
75351.38902916673 75485.85438750009 78 46
76422.77316666672 76525.83440208339 78 29
76586.39500833338 76695.73434791672 78 31
79031.33747916674 79191.59397916675 78 54
83222.05350416675 83536.78296250009 78 28
611.7831395833333 788.6408895833333 79 26
1670.4313770833332 1847.4014416666666 79 27
2118.9764416666667 2230.3612208333334 79 49
2554.2965979166665 2719.5969874999996 79 36
3444.9901333333323 3587.317424999999 79 38
4860.118879166664 5038.354879166663 79 47
5924.014591666662 6101.694341666663 79 47
9162.24988333333 9337.592124999997 79 26
10217.313614583334 10392.72569375 79 26
10663.386397916667 10772.809652083333 79 49
11096.107133333331 11261.407522916666 79 36
11986.80066875 12129.127960416667 79 38
13401.929414583332 13580.165414583333 79 47
14465.825127083335 14643.504877083336 79 47
17267.555395833333 17358.822843749997 79 36
18326.282806249994 18417.55025416666 79 36
19560.67107083332 19648.62197083332 79 29
19734.42297083332 19827.00582916665 79 28
19904.384749999983 20265.395749999985 79 39
20616.194527083313 20717.30403333331 79 29
20788.80634166664 20881.095264583313 79 28
20958.57671874998 21319.587718749983 79 39
24581.01769374996 24756.44589583329 79 50
24756.44589583329 24862.01863541662 79 50
24930.70422916662 25027.497631249953 79 39
25102.096289583285 25276.885493749956 79 39
25634.60694166662 25744.66482083329 79 50
25809.904316666627 25899.78652083329 79 50
26336.902377083294 26446.520308333296 79 50
26511.569058333294 26601.310429166624 79 50
26774.228320833296 26881.197302083296 79 58
27124.902239583298 27218.00071874996 79 58
27476.149683333297 27694.4765583333 79 58
43068.38653958329 43159.653987499965 79 36
44121.90822291662 44213.1756708333 79 36
45351.941179166635 45472.47913749997 79 29
45523.91068749996 45649.881262499955 79 28
45694.501406249954 46055.51240624995 79 39
46406.08118333329 46526.422266666625 79 29
46577.70726666662 46703.089274999955 79 28
46747.457943749956 47108.468943749955 79 39
50371.87610624997 50547.30430833331 79 50
50547.30430833331 50663.06925208331 79 50
50721.867152083316 50871.844670833314 79 39
50895.661045833316 51072.51879583331 79 39
51430.24024374997 51540.29812291663 79 50
51605.537618749964 51695.41982291663 79 50
52132.53567916661 52242.153610416615 79 50
52307.20236041662 52396.94373124996 79 50
52569.86162291662 52676.830604166615 79 58
52920.535541666606 53013.63402083328 79 58
53271.782985416605 53490.1098604166 79 58
75682.58016041675 75777.43153125008 79 42
25985.280860416628 26081.46608749996 80 50
26160.66188749996 26250.635266666628 80 50
51780.914162499954 51877.09938958329 80 50
51956.29518958329 52046.268568749954 80 50
75267.82924791674 75365.99671666675 80 39
75517.58729583342 75618.12258750008 80 49
78951.20922916675 79111.46572916675 80 69
2379.6149416666667 2522.900595833333 81 38
3272.8124124999986 3393.176683333332 81 39
10921.425477083332 11064.711131249998 81 38
11814.622947916669 11934.98721875 81 39
17091.74574375 17246.381347916667 81 40
18150.473154166666 18305.10875833333 81 40
19385.681945833323 19476.949393749986 81 36
20441.205402083317 20532.47284999998 81 36
21670.38649583331 21809.841764583307 81 36
21844.58406458331 22017.97585833331 81 35
22017.97585833331 22378.98685833331 81 48
22729.785635416636 22869.240904166636 81 39
22903.983204166634 23077.374997916635 81 38
23077.374997916635 23215.010441666636 81 52
26599.84157083329 26699.14506874996 81 66
26950.515489583297 27049.818987499966 81 66
27301.355552083296 27428.909089583296 81 66
42892.576887499956 43047.21249166663 81 40
43946.09857083329 44100.734174999954 81 40
45176.9999708333 45268.26741874997 81 36
46231.32205833329 46322.58950624996 81 36
47459.2677208333 47594.30678541663 81 36
47632.38364166663 47773.44008541662 81 35
47804.06862708329 48165.07962708329 81 48
48515.87840416663 48655.33367291663 81 39
48690.07597291663 48863.46776666663 81 38
48863.46776666663 49001.10321041663 81 52
52395.474872916624 52494.778370833286 81 66
52746.148791666616 52845.45228958328 81 66
53096.98885416661 53224.54239166661 81 66
21495.397370833314 21586.664818749978 82 45
22554.79651041664 22646.063958333303 82 49
23789.184774999965 23876.672089583295 82 42
23961.951629166626 24067.842822916627 82 41
24132.00849374996 24256.858131249963 82 57
24843.81827083329 24945.114270833288 82 46
25016.782724999954 25109.178852083285 82 45
25186.632743749953 25285.910768749953 82 62
25722.030493749957 25828.99947499996 82 58
26072.704412499963 26165.802891666626 82 58
26423.95185624996 26516.69501249996 82 58
47284.27859583329 47375.546043749964 82 45
48340.88927916662 48432.1567270833 82 49
49575.277543749966 49714.73281249998 82 42
49749.475112499975 49922.86690624997 82 41
49922.86690624997 50047.71654374997 82 57
50634.67668333331 50774.13195208331 82 46
50808.87425208331 50982.26604583331 82 45
50982.26604583331 51081.54407083331 82 62
51517.6637958333 51624.6327770833 82 58
51868.337714583286 51961.436193749956 82 58
52219.585158333284 52312.32831458328 82 58
75434.66457916675 75552.07958750009 82 41
75848.48565208343 75948.94882291675 82 45
2205.8231375 2327.3501416666663 83 39
10748.52253125 10869.160677083333 83 39
19209.87229374999 19364.507897916657 83 40
20265.395749999985 20420.03135416665 83 40
45001.19031874996 45155.825922916636 83 40
46055.51240624995 46210.148010416626 83 40
75600.23594166675 75684.04471875008 83 42
75765.67171041675 75856.76380208343 83 37
76013.43830625009 76107.21055625008 83 46
78871.06846666675 79031.33747916674 83 54
82914.27481250007 83222.05350416675 83 31
21319.587718749983 21474.223322916645 84 50
22378.98685833331 22533.622462499974 84 55
23614.19564999997 23705.463097916632 84 53
24668.829145833293 24760.096593749957 84 58
25547.643743749955 25646.947241666625 84 66
25898.317662499958 25997.621160416627 84 66
26249.15772499996 26376.71126249996 84 66
47108.468943749955 47263.10454791663 84 50
48165.07962708329 48319.71523124996 84 55
49400.288418749966 49491.55586666664 84 53
50459.68755833331 50550.95500624998 84 58
51343.27704583331 51442.580543749966 84 66
51693.950964583295 51793.25446249995 84 66
52044.79102708329 52172.34456458328 84 66
75931.06217708343 76027.84553125007 85 39
76177.48895833342 76276.89317916673 85 49
23438.385997916637 23593.0216020833 86 60
24493.019493749962 24647.655097916628 86 66
49224.47876666663 49379.1143708333 86 60
50283.87790624997 50438.51351041664 86 66
76095.57947500008 76198.64071041674 86 41
76340.6825583334 76434.40424791673 86 42
78790.60166041675 78875.75512708342 86 59
83222.05350416675 83536.78296250009 86 28
76259.20131666673 76342.03977916672 88 42
76504.68265000006 76617.01553958337 88 45
76422.77316666672 76525.83440208339 90 37
76667.91132083339 76786.42191875006 90 50
76992.28039791674 77154.26739791674 90 56
77316.25439791675 77479.13989791676 90 55
77642.80919791675 77751.32344791674 90 60
77973.5528500001 78078.56100000009 90 66
78300.3357250001 78433.72993750009 90 70
78709.77341875009 78836.92279791676 90 59
76586.39500833338 76695.73434791672 92 39
76830.29339791671 76992.28039791674 92 51
77154.26739791674 77316.25439791675 92 53
77479.13989791676 77630.98392708342 92 54
77808.63787291675 77949.32020000009 92 61
78136.18990000008 78236.35441666676 92 67
78465.20227500009 78577.73612291676 92 68
78628.63190416677 78729.34684791676 92 70
76749.19940833338 76911.28689791673 94 45
77073.27389791673 77235.26089791674 94 47
77396.81289791675 77526.47792291676 94 49
77726.28169791674 77842.75360208342 94 55
78054.3283500001 78218.51690000009 94 60
78382.96162083343 78486.4118937501 94 61
76911.28689791673 77073.27389791673 95 45
77235.26089791674 77396.81289791675 95 49
77561.08705416675 77726.28169791674 95 53
77891.21285000008 78054.3283500001 95 58
78218.51690000009 78328.61940416676 95 64
78547.11559166676 78629.9891250001 95 61
83222.05350416675 83536.78296250009 95 34
