70062.8389583333 73221.15095833331 31 27
80633.17320833335 83848.3689 34 27
83856.634725 89398.24812499997 37 24
68678.14195833332 70283.26281666664 38 38
79188.80720833332 80858.03553750002 41 38
1872.074 2808.111 43 28
3744.1479999999997 4335.8640000000005 43 28
5604.417 6540.4540000000015 43 28
7529.721666666668 8458.514666666668 43 28
9440.686333333331 10369.479333333331 43 28
11335.896999999997 11937.039999999994 43 28
13159.884999999993 14095.921999999993 43 28
28593.994166666653 29782.348166666652 43 19
31224.225791666646 32160.262791666646 43 25
33096.29979166664 34032.33679166665 43 25
34968.37379166664 35560.08979166664 43 25
36828.64279166663 37764.67979166663 43 25
38753.9474583333 39682.7404583333 43 25
40664.912124999966 41593.705124999964 43 28
42560.12279166663 43161.26579166663 43 28
44384.11079166662 45320.14779166662 43 28
59937.2157083333 61161.9557083333 43 19
62762.3827083333 63059.0307083333 43 27
63059.0307083333 63355.3222083333 43 23
63355.3222083333 64025.85858333332 43 26
63952.42270833332 64246.16620833332 43 27
64246.16620833332 64539.80270833333 43 23
64539.80270833333 65207.32508333333 43 26
65136.915708333334 65212.01904166667 43 27
65418.55320833334 65706.50270833333 43 25
65706.50270833333 65988.14020833334 43 29
65988.14020833334 66269.81045833333 43 29
66269.81045833333 66553.09645833333 43 34
66553.09645833333 66833.69370833333 43 32
66833.69370833333 67138.66470833334 43 37
67138.66470833334 67465.99595833334 43 35
67465.99595833334 69284.26395833331 43 42
127027.82679166668 127963.86379166668 43 28
128899.90079166667 129835.93779166669 43 28
130771.97479166668 131363.6907916667 43 28
132632.24379166667 133568.2807916667 43 28
134557.54845833336 135486.34145833337 43 28
136468.51312500003 137397.306125 43 28
138363.72379166665 138964.86679166663 43 28
140187.71179166657 141123.74879166659 43 28
155866.25904166643 157238.3150416664 43 15
84182.75194374999 89398.24812499997 44 24
124529.54129166667 127220.88442291669 45 31
73221.15095833331 73517.79895833331 46 27
73517.79895833331 73814.09045833332 46 23
73814.09045833332 74484.62683333333 46 26
74411.19095833332 74704.93445833333 46 27
74704.93445833333 74998.57095833334 46 23
74998.57095833334 75666.09333333334 46 26
75595.68395833333 75670.78729166667 46 27
75877.32145833335 76165.27095833333 46 25
76165.27095833333 76446.90845833335 46 29
76446.90845833335 76728.57870833334 46 29
76728.57870833334 77011.86470833333 46 34
77011.86470833333 77292.46195833334 46 32
77292.46195833334 77597.43295833335 46 37
77597.43295833335 77924.76420833333 46 35
77924.76420833333 79827.17320833333 46 42
122451.3415416667 124546.78564166668 46 39
120502.83604166668 122505.78580416669 47 43
118627.77641666669 120614.18162291669 48 39
84497.86257499999 89398.24812499997 49 25
468.0185 2340.0924999999997 50 17
2340.0924999999997 4040.006 50 17
4187.935 5247.910666666668 50 20
5101.067833333334 5797.474631250001 50 19
6072.435500000001 7405.959291666668 50 20
7994.118166666668 9077.71 50 20
8922.911166666667 9304.570208333333 50 19
9905.082833333332 10988.674666666662 50 20
10833.87583333333 11205.688624999997 50 19
11791.267333333328 12829.851999999993 50 20
12681.922999999993 12994.868499999993 50 19
13627.903499999993 14845.762666666658 50 20
14583.06566666666 14956.056835416659 50 19
22540.407666666655 23462.066666666655 50 28
24425.20966666665 25391.39366666665 50 28
26406.014166666646 27077.154833333316 50 28
28593.994166666653 29782.348166666652 50 23
31692.244291666648 33564.31829166665 50 15
33564.31829166665 35264.23179166664 50 15
35412.16079166664 36472.1364583333 50 18
36325.29362499996 37021.700422916634 50 17
37296.66129166663 38630.185083333294 50 18
39218.3439583333 40301.93579166663 50 18
40147.1369583333 40528.795999999966 50 17
41129.30862499996 42212.90045833329 50 20
42058.10162499997 42429.91441666663 50 19
43015.493124999964 44054.07779166663 50 20
43906.14879166663 44219.094291666624 50 19
44852.12929166662 46069.98845833329 50 20
45807.29145833329 46180.282627083296 50 19
53764.63345833328 54686.292458333286 50 28
55649.4354583333 56615.61945833329 50 28
57658.529458333294 58352.97412499996 50 28
59937.2157083333 61161.9557083333 50 23
62762.3827083333 63059.0307083333 50 32
63059.0307083333 63355.3222083333 50 28
63952.42270833332 64246.16620833332 50 32
64246.16620833332 64539.80270833333 50 28
65136.915708333334 65212.01904166667 50 32
65706.50270833333 65988.14020833334 50 35
66269.81045833333 66553.09645833333 50 40
66833.69370833333 67138.66470833334 50 45
67465.99595833334 69284.26395833331 50 51
70062.8389583333 73221.15095833331 50 32
125046.87179166668 126937.53228541667 50 18
127495.84529166669 129367.91929166668 50 17
129367.91929166668 131067.83279166669 50 17
131215.7617916667 132275.73745833334 50 20
132128.89462500002 132825.30142291667 50 19
133100.2622916667 134433.78608333337 50 20
135021.94495833336 136105.53679166667 50 20
135950.73795833334 136332.39700000003 50 19
136932.909625 138016.5014583333 50 20
137861.702625 138233.51541666666 50 19
138819.09412499997 139857.6787916666 50 20
139709.7497916666 140022.6952916666 50 19
140655.73029166658 141873.58945833324 50 20
141610.89245833323 141983.88362708324 50 19
149568.23445833317 150489.89345833313 50 28
151453.0364583331 152419.22045833312 50 28
153460.17520833312 154441.66708333313 50 25
155866.25904166643 157238.3150416664 50 18
63355.3222083333 64025.85858333332 51 31
64539.80270833333 65207.32508333333 51 31
65418.55320833334 65706.50270833333 51 30
65988.14020833334 66269.81045833333 51 34
66553.09645833333 66833.69370833333 51 38
67138.66470833334 67465.99595833334 51 41
84802.08813124997 89398.24812499997 52 29
122935.29054166669 124529.54129166667 52 29
68678.14195833332 70283.26281666664 53 45
73221.15095833331 73517.79895833331 53 32
73517.79895833331 73814.09045833332 53 28
74411.19095833332 74704.93445833333 53 32
74704.93445833333 74998.57095833334 53 28
75595.68395833333 75670.78729166667 53 32
76165.27095833333 76446.90845833335 53 35
76728.57870833334 77011.86470833333 53 40
77292.46195833334 77597.43295833335 53 45
77924.76420833333 79827.17320833333 53 51
80633.17320833335 83848.3689 53 32
73814.09045833332 74484.62683333333 54 31
74998.57095833334 75666.09333333334 54 31
75877.32145833335 76165.27095833333 54 30
76446.90845833335 76728.57870833334 54 34
77011.86470833333 77292.46195833334 54 38
77597.43295833335 77924.76420833333 54 41
125046.87179166668 126937.53228541667 54 18
15077.960916666658 16006.753916666661 55 28
16964.26216666666 17885.92116666666 55 28
18838.697416666655 19356.448916666654 55 28
20668.843916666658 21590.502916666654 55 28
46302.1867083333 47230.979708333296 55 28
48188.48795833329 49110.146958333295 55 28
50062.9232083333 50580.674708333296 55 28
51893.069708333285 52814.728708333285 55 28
89398.24812499997 98856.34932708331 55 21
98838.93445833331 104505.23382291666 55 23
104476.20904166666 108246.05486458335 55 28
108218.27295833334 111785.09215625003 55 36
111772.67904166669 112623.86404166669 55 54
113493.55929166668 114327.65179166668 55 54
115201.9070416667 115728.29237500003 55 54
116859.15945833336 117378.70745833335 55 65
119089.38591666668 120502.83604166668 55 37
120971.6595416667 122451.3415416667 55 33
122935.29054166669 124529.54129166667 55 29
142105.78770833323 143034.58070833323 55 28
143992.08895833325 144913.74795833323 55 28
145866.5242083332 146384.2757083332 55 28
147696.6707083332 148618.32970833319 55 28
79188.80720833332 80858.03553750002 56 45
85097.46845833331 89398.24812499997 56 27
89866.26662499996 91738.34062499997 57 12
91738.34062499997 93438.25412499996 57 12
93586.18312499997 94646.15879166665 57 15
95470.68362499998 96804.20741666663 57 15
97392.36629166664 98475.95812499998 57 15
98321.15929166664 98702.81833333331 57 14
99303.3309583333 100386.92279166664 57 17
100232.12395833332 100763.16990624998 57 16
101189.51545833332 102228.100125 57 17
103026.151625 104244.01079166667 57 17
103981.31379166666 104505.23382291666 57 16
24908.301666666648 26154.336416666647 58 17
25874.485666666646 26173.21224791665 58 16
56132.527458333294 57398.11270833329 58 17
57098.71145833329 57417.643964583294 58 16
62762.3827083333 63059.0307083333 58 35
63059.0307083333 63431.49012708331 58 33
63952.42270833332 64246.16620833332 58 35
64246.16620833332 64651.032049999994 58 33
65136.915708333334 65212.01904166667 58 35
65706.50270833333 65988.14020833334 58 39
66269.81045833333 66553.09645833333 58 44
66833.69370833333 67138.66470833334 58 49
67465.99595833334 69284.26395833331 58 56
68678.14195833332 70283.26281666664 58 42
70062.8389583333 73221.15095833331 58 29
94499.31595833332 95195.72275624998 58 14
102080.171125 102393.11662500001 58 16
104931.579375 105970.16404166668 58 20
105822.23504166667 106135.18054166669 58 19
106768.21554166668 107986.07470833334 58 20
107723.37770833334 108246.05486458335 58 19
151936.1284583331 153208.49745833312 58 17
152902.31245833312 153227.3732895831 58 16
468.0185 2340.0924999999997 59 20
2340.0924999999997 4040.006 59 21
4187.935 5247.910666666668 59 24
6072.435500000001 7405.959291666668 59 24
23001.237166666655 24185.59316666665 59 17
23922.896166666655 24213.548424999986 59 16
29188.171166666652 31224.225791666646 59 17
31692.244291666648 33564.31829166665 59 18
33564.31829166665 35264.23179166664 59 18
35412.16079166664 36472.1364583333 59 21
37296.66129166663 38630.185083333294 59 21
54225.46295833328 55409.818958333286 59 17
55147.121958333286 55437.77421666663 59 16
60549.585708333296 62575.666224999964 59 17
127495.84529166669 129367.91929166668 59 20
129367.91929166668 131067.83279166669 59 21
131215.7617916667 132275.73745833334 59 24
133100.2622916667 134433.78608333337 59 24
150029.06395833316 151213.41995833314 59 17
150950.72295833312 151241.37521666646 59 16
156478.62904166643 158586.93304166643 59 13
5101.067833333334 5797.474631250001 60 23
7994.118166666668 9077.71 60 24
8922.911166666667 9304.570208333333 60 23
9905.082833333332 10988.674666666662 60 24
10833.87583333333 11205.688624999997 60 23
11791.267333333328 12829.851999999993 60 24
12681.922999999993 12994.868499999993 60 23
13627.903499999993 14845.762666666658 60 24
14583.06566666666 14956.056835416659 60 23
26909.369666666647 28149.543499999985 60 17
27957.198833333317 28293.36473749999 60 16
36325.29362499996 37021.700422916634 60 20
39218.3439583333 40301.93579166663 60 21
40147.1369583333 40528.795999999966 60 20
41129.30862499996 42212.90045833329 60 24
42058.10162499997 42429.91441666663 60 23
43015.493124999964 44054.07779166663 60 24
43906.14879166663 44219.094291666624 60 23
44852.12929166662 46069.98845833329 60 24
45807.29145833329 46180.282627083296 60 23
58179.362958333295 59463.976541666634 60 17
59277.40937499996 59610.91653333329 60 16
63355.3222083333 64025.85858333332 60 39
64539.80270833333 65207.32508333333 60 39
65418.55320833334 65776.91208333333 60 36
65988.14020833334 66340.63195833334 60 40
66553.09645833333 66909.93645833334 60 45
67138.66470833334 68054.28895833333 60 49
108653.52145833334 109642.3302916667 60 26
109501.46545833336 109807.3467916667 60 24
110410.38329166669 111540.48079166668 60 26
111300.44229166668 111772.67904166669 60 24
125046.87179166668 126937.53228541667 60 21
132128.89462500002 132825.30142291667 60 23
135021.94495833336 136105.53679166667 60 24
135950.73795833334 136332.39700000003 60 23
136932.909625 138016.5014583333 60 24
137861.702625 138233.51541666666 60 23
138819.09412499997 139857.6787916666 60 24
139709.7497916666 140022.6952916666 60 23
140655.73029166658 141873.58945833324 60 24
141610.89245833323 141983.88362708324 60 23
154021.02770833313 155330.3480833331 60 15
155184.68870833312 155535.93064791645 60 14
73221.15095833331 73517.79895833331 61 35
73517.79895833331 73890.25837708332 61 33
74411.19095833332 74704.93445833333 61 35
74704.93445833333 75109.8003 61 33
75595.68395833333 75670.78729166667 61 35
76165.27095833333 76446.90845833335 61 39
76728.57870833334 77011.86470833333 61 44
77292.46195833334 77597.43295833335 61 49
77924.76420833333 79827.17320833333 61 56
79188.80720833332 80858.03553750002 61 42
80633.17320833335 83848.3689 61 29
85391.62945833331 89398.24812499997 61 29
89866.26662499996 91738.34062499997 61 12
91738.34062499997 93438.25412499996 61 12
93586.18312499997 94646.15879166665 61 15
95470.68362499998 96804.20741666663 61 15
97392.36629166664 98475.95812499998 61 15
98321.15929166664 98702.81833333331 61 14
99303.3309583333 100386.92279166664 61 17
100232.12395833332 100763.16990624998 61 16
101189.51545833332 102228.100125 61 17
103026.151625 104244.01079166667 61 17
103981.31379166666 104505.23382291666 61 16
122935.29054166669 124529.54129166667 61 34
936.037 2340.0924999999997 62 32
2808.111 4040.006 62 30
4187.935 4695.41450625 62 28
6540.4540000000015 7405.959291666668 62 34
8458.514666666668 9304.570208333333 62 28
10369.479333333331 11205.688624999997 62 28
11645.494666666662 12246.637666666662 62 26
14095.921999999993 14956.056835416659 62 28
15542.357416666659 16733.84741666666 62 20
16471.15041666666 16849.05479166666 62 19
17425.09166666666 18611.768416666655 62 20
18346.75066666666 18725.232916666657 62 19
19282.484416666655 20340.836416666654 62 20
20175.819916666653 20668.843916666658 62 19
21129.673416666654 22311.749166666654 62 20
22051.332416666653 22340.331479166653 62 19
23001.237166666655 24185.59316666665 62 17
23922.896166666655 24213.548424999986 62 16
29188.171166666652 31224.225791666646 62 17
32160.262791666646 33564.31829166665 62 28
34032.33679166665 35264.23179166664 62 27
35412.16079166664 35919.64029791664 62 25
37764.67979166663 38630.185083333294 62 30
39682.7404583333 40528.795999999966 62 25
41593.705124999964 42429.91441666663 62 28
42869.7204583333 43470.8634583333 62 26
45320.14779166662 46180.282627083296 62 28
46766.58320833329 47958.0732083333 62 20
47695.37620833329 48073.2805833333 62 19
48649.317458333295 49835.99420833329 62 20
49570.9764583333 49949.458708333295 62 19
50506.710208333294 51565.06220833329 62 20
51400.045708333295 51893.069708333285 62 19
52353.899208333285 53535.97495833328 62 20
53275.558208333285 53564.557270833284 62 19
54225.46295833328 55409.818958333286 62 17
55147.121958333286 55437.77421666663 62 16
60549.585708333296 62575.666224999964 62 17
70062.8389583333 72257.20781666663 62 35
70852.41695833331 73221.15095833331 62 27
94499.31595833332 95195.72275624998 62 14
102080.171125 102393.11662500001 62 16
120971.6595416667 122451.3415416667 62 38
125635.22229166668 126888.91216666669 62 29
126888.91216666669 127220.88442291669 62 29
127963.86379166668 129367.91929166668 62 26
129835.93779166669 131067.83279166669 62 27
131215.7617916667 131723.2412979167 62 28
133568.2807916667 134433.78608333337 62 34
135486.34145833337 136332.39700000003 62 28
137397.306125 138233.51541666666 62 28
138673.32145833332 139274.46445833327 62 26
141123.74879166659 141983.88362708324 62 28
142570.18420833326 143761.67420833322 62 20
143498.97720833324 143876.88158333325 62 19
144452.91845833324 145639.59520833322 62 20
145374.57745833322 145753.05970833322 62 19
146310.3112083332 147368.66320833316 62 20
147203.64670833317 147696.6707083332 62 19
148157.5002083332 149339.57595833318 62 20
149079.15920833318 149368.15827083317 62 19
150029.06395833316 151213.41995833314 62 17
150950.72295833312 151241.37521666646 62 16
156478.62904166643 158586.93304166643 62 13
73814.09045833332 74484.62683333333 63 39
74998.57095833334 75666.09333333334 63 39
75877.32145833335 76235.68033333334 63 36
76446.90845833335 76799.40020833333 63 40
77011.86470833333 77368.70470833335 63 45
77597.43295833335 78533.96320833333 63 49
104931.579375 105970.16404166668 63 20
105822.23504166667 106135.18054166669 63 19
106768.21554166668 107986.07470833334 63 20
107723.37770833334 108246.05486458335 63 19
108653.52145833334 109642.3302916667 63 26
109501.46545833336 109807.3467916667 63 24
110410.38329166669 111540.48079166668 63 26
111300.44229166668 111772.67904166669 63 24
112198.2715416667 113493.55929166668 63 37
113922.19179166667 115201.9070416667 63 37
115596.6960416667 116537.97070833338 63 37
116423.57670833338 116870.52457083337 63 40
117248.82045833336 118174.2805416667 63 43
118076.86529166669 118627.77641666669 63 44
119089.38591666668 120502.83604166668 63 43
4660.539333333334 5247.910666666668 64 28
24908.301666666648 26154.336416666647 64 17
25874.485666666646 26173.21224791665 64 16
35884.765124999976 36472.1364583333 64 25
56132.527458333294 57398.11270833329 64 17
57098.71145833329 57417.643964583294 64 16
85733.56812499998 87565.90812499996 64 35
86649.73812499997 89398.24812499997 64 27
89866.26662499996 91738.34062499997 64 15
91738.34062499997 93438.25412499996 64 15
93586.18312499997 94646.15879166665 64 17
95470.68362499998 96804.20741666663 64 17
97392.36629166664 98702.81833333331 64 17
99303.3309583333 100386.92279166664 64 20
100232.12395833332 100763.16990624998 64 19
101189.51545833332 102228.100125 64 20
102080.171125 102393.11662500001 64 19
103026.151625 104244.01079166667 64 20
103981.31379166666 104505.23382291666 64 19
131688.36612500006 132275.73745833334 64 28
151936.1284583331 153208.49745833312 64 17
152902.31245833312 153227.3732895831 64 16
69637.2464583333 70283.26281666664 65 41
80633.17320833335 82871.72803750001 65 35
81438.65020833335 83848.3689 65 27
94499.31595833332 95195.72275624998 65 17
4040.006 4660.539333333334 66 33
5101.067833333334 5797.474631250001 66 23
7282.196916666668 8922.911166666667 66 33
9168.454083333334 10833.87583333333 66 33
11075.480249999997 11791.267333333328 66 33
11937.039999999994 12533.993999999995 66 23
12994.868499999993 14407.934333333325 66 33
26909.369666666647 28149.543499999985 66 17
27957.198833333317 28293.36473749999 66 16
35264.23179166664 35884.765124999976 66 29
36325.29362499996 37021.700422916634 66 20
38506.422708333295 40147.1369583333 66 29
40392.679874999965 42058.10162499997 66 33
42299.70604166662 43015.493124999964 66 33
43161.26579166663 43758.219791666634 66 23
44219.094291666624 45632.16012499996 66 33
58179.362958333295 59463.976541666634 66 17
59277.40937499996 59610.91653333329 66 16
63059.0307083333 63355.3222083333 66 39
63355.3222083333 64025.85858333332 66 39
64246.16620833332 64539.80270833333 66 39
64539.80270833333 65207.32508333333 66 39
65418.55320833334 65776.91208333333 66 36
65988.14020833334 66340.63195833334 66 48
66553.09645833333 66909.93645833334 66 45
67138.66470833334 68054.28895833333 66 49
112198.2715416667 113493.55929166668 66 37
113922.19179166667 115201.9070416667 66 37
115596.6960416667 116537.97070833338 66 37
116423.57670833338 116870.52457083337 66 40
117248.82045833336 118174.2805416667 66 43
118076.86529166669 118627.77641666669 66 44
131067.83279166669 131688.36612500006 66 33
132128.89462500002 132825.30142291667 66 23
134310.02370833335 135950.73795833334 66 33
136196.28087500003 137861.702625 66 33
138103.30704166665 138819.09412499997 66 33
138964.86679166663 139561.8207916666 66 23
140022.6952916666 141435.7611249999 66 33
154021.02770833313 155330.3480833331 66 15
155184.68870833312 155535.93064791645 66 14
1872.074 3276.1294999999996 67 38
3744.1479999999997 4187.935 67 37
4335.8640000000005 4695.41450625 67 35
5604.417 6852.466333333335 67 38
12246.637666666662 12681.922999999993 67 31
12829.851999999993 12994.868499999993 67 24
16006.753916666661 17425.09166666666 67 28
17885.92116666666 18838.697416666655 67 28
19134.555416666655 19430.41341666665 67 28
21590.502916666654 23001.237166666655 67 28
23922.896166666655 24213.548424999986 67 20
25874.485666666646 26173.21224791665 67 20
29188.171166666652 31224.225791666646 67 21
31224.225791666646 32628.281291666644 67 36
33096.29979166664 34500.355291666645 67 34
34968.37379166664 35412.16079166664 67 33
35560.08979166664 35919.64029791664 67 31
36828.64279166663 38076.692124999965 67 34
43470.8634583333 43906.14879166663 67 31
44054.07779166663 44219.094291666624 67 24
47230.979708333296 48649.317458333295 67 28
49110.146958333295 50062.9232083333 67 28
50358.7812083333 50654.6392083333 67 28
52814.728708333285 54225.46295833328 67 28
55147.121958333286 55437.77421666663 67 20
57098.71145833329 57417.643964583294 67 20
60549.585708333296 62575.666224999964 67 21
62762.3827083333 63059.0307083333 67 42
63199.8494583333 63431.49012708331 67 35
63952.42270833332 64246.16620833332 67 42
64385.33870833332 64651.032049999994 67 35
65136.915708333334 65212.01904166667 67 42
65706.50270833333 65988.14020833334 67 47
66269.81045833333 66553.09645833333 67 53
66833.69370833333 67138.66470833334 67 59
67465.99595833334 68348.43545833333 67 66
69284.26395833331 70062.8389583333 67 48
104931.579375 105970.16404166668 67 24
105822.23504166667 106135.18054166669 67 23
106768.21554166668 107986.07470833334 67 24
107723.37770833334 108246.05486458335 67 23
123457.12054166668 124382.45366666668 67 45
124382.45366666668 124546.78564166668 67 32
127027.82679166668 128431.88229166668 67 35
128899.90079166667 130303.95629166668 67 35
130771.97479166668 131215.7617916667 67 37
131363.6907916667 131723.2412979167 67 35
132632.24379166667 133880.29312500003 67 38
139274.46445833327 139709.7497916666 67 31
139857.6787916666 140022.6952916666 67 24
143034.58070833323 144452.91845833324 67 28
144913.74795833323 145866.5242083332 67 28
146162.3822083332 146458.24020833318 67 28
148618.32970833319 150029.06395833316 67 28
150950.72295833312 151241.37521666646 67 20
152902.31245833312 153227.3732895831 67 20
156478.62904166643 158586.93304166643 67 16
80188.66270833334 80858.03553750002 68 41
108653.52145833334 109642.3302916667 68 31
110410.38329166669 111540.48079166668 68 31
4660.539333333334 5101.067833333334 69 39
5247.910666666668 5797.474631250001 69 32
8458.514666666668 9304.570208333333 69 33
10369.479333333331 11205.688624999997 69 33
11645.494666666662 12246.637666666662 69 31
14095.921999999993 14956.056835416659 69 33
23001.237166666655 24185.59316666665 69 21
24908.301666666648 26154.336416666647 69 21
27957.198833333317 28293.36473749999 69 20
35884.765124999976 36325.29362499996 69 35
36472.1364583333 37021.700422916634 69 28
39682.7404583333 40528.795999999966 69 29
41593.705124999964 42429.91441666663 69 33
42869.7204583333 43470.8634583333 69 31
45320.14779166662 46180.282627083296 69 33
54225.46295833328 55409.818958333286 69 21
56132.527458333294 57398.11270833329 69 21
59277.40937499996 59610.91653333329 69 20
63355.3222083333 63952.42270833332 69 46
64539.80270833333 65136.915708333334 69 46
65418.55320833334 65706.50270833333 69 42
65988.14020833334 66269.81045833333 69 48
66553.09645833333 66833.69370833333 69 54
67138.66470833334 67465.99595833334 69 66
68054.28895833333 68513.28870833332 69 62
68513.28870833332 68678.14195833332 69 45
68678.14195833332 69637.2464583333 69 58
73517.79895833331 73814.09045833332 69 39
73814.09045833332 74484.62683333333 69 39
74704.93445833333 74998.57095833334 69 39
74998.57095833334 75666.09333333334 69 39
75877.32145833335 76235.68033333334 69 36
76446.90845833335 76799.40020833333 69 48
77011.86470833333 77368.70470833335 69 45
77597.43295833335 78533.96320833333 69 49
90334.28512499997 91738.34062499997 69 28
92206.35912499996 93438.25412499996 69 27
93438.25412499996 94058.7874583333 69 29
95938.70212499998 96804.20741666663 69 30
97856.76279166664 98702.81833333331 69 25
99767.7274583333 100763.16990624998 69 28
101043.74279166665 101644.88579166665 69 26
103494.17012499999 104505.23382291666 69 28
109501.46545833336 109807.3467916667 69 29
111300.44229166668 111772.67904166669 69 29
113049.45654166669 113493.55929166668 69 43
114756.28429166669 115201.9070416667 69 43
116423.57670833338 116870.52457083337 69 48
118076.86529166669 118627.77641666669 69 51
131688.36612500006 132128.89462500002 69 39
132275.73745833334 132825.30142291667 69 32
135486.34145833337 136332.39700000003 69 33
137397.306125 138233.51541666666 69 33
138673.32145833332 139274.46445833327 69 31
141123.74879166659 141983.88362708324 69 33
150029.06395833316 151213.41995833314 69 21
151936.1284583331 153208.49745833312 69 21
155184.68870833312 155535.93064791645 69 18
63798.954208333314 64025.85858333332 70 38
64982.45170833333 65207.32508333333 70 38
65553.03420833332 65776.91208333333 70 38
66121.11895833335 66340.63195833334 70 44
66686.82195833333 66909.93645833334 70 49
67296.17820833332 68054.28895833333 70 61
68348.43545833333 68595.71533333331 70 57
68595.71533333331 69284.26395833331 70 45
73221.15095833331 73517.79895833331 70 42
73658.61770833332 73890.25837708332 70 35
74411.19095833332 74704.93445833333 70 42
74844.10695833333 75109.8003 70 35
75595.68395833333 75670.78729166667 70 42
76165.27095833333 76446.90845833335 70 47
76728.57870833334 77011.86470833333 70 53
77292.46195833334 77597.43295833335 70 59
77924.76420833333 78849.78570833332 70 66
79827.17320833333 80633.17320833335 70 48
104785.80670833333 105386.94970833333 70 29
107236.23404166667 108246.05486458335 70 32
112198.2715416667 113173.58768750001 70 43
113922.19179166667 114881.3021041667 70 43
115596.6960416667 116537.97070833338 70 44
117248.82045833336 118174.2805416667 70 51
4954.225000000001 5604.417 71 32
7405.959291666668 8922.911166666667 71 36
9304.570208333333 10833.87583333333 71 36
11205.688624999997 11791.267333333328 71 36
13077.376749999994 14407.934333333325 71 36
15542.357416666659 16733.84741666666 71 24
16471.15041666666 16849.05479166666 71 23
17425.09166666666 18611.768416666655 71 24
18346.75066666666 18725.232916666657 71 23
19282.484416666655 20340.836416666654 71 24
21129.673416666654 22311.749166666654 71 24
22051.332416666653 22340.331479166653 71 23
26909.369666666647 28149.543499999985 71 21
36178.45079166663 36828.64279166663 71 28
38630.185083333294 40147.1369583333 71 32
40528.795999999966 42058.10162499997 71 36
42429.91441666663 43015.493124999964 71 36
44301.60254166662 45632.16012499996 71 36
46766.58320833329 47958.0732083333 71 24
47695.37620833329 48073.2805833333 71 23
48649.317458333295 49835.99420833329 71 24
49570.9764583333 49949.458708333295 71 23
50506.710208333294 51565.06220833329 71 24
52353.899208333285 53535.97495833328 71 24
53275.558208333285 53564.557270833284 71 23
58179.362958333295 59463.976541666634 71 21
131982.0517916667 132632.24379166667 71 32
134433.78608333337 135950.73795833334 71 36
136332.39700000003 137861.702625 71 36
138233.51541666666 138819.09412499997 71 36
140105.2035416666 141435.7611249999 71 36
142570.18420833326 143761.67420833322 71 24
143498.97720833324 143876.88158333325 71 23
144452.91845833324 145639.59520833322 71 24
145374.57745833322 145753.05970833322 71 23
146310.3112083332 147368.66320833316 71 24
148157.5002083332 149339.57595833318 71 24
149079.15920833318 149368.15827083317 71 23
154021.02770833313 155330.3480833331 71 18
12533.993999999995 12912.360249999994 72 27
20175.819916666653 20668.843916666658 72 23
43758.219791666634 44136.586041666626 72 27
51400.045708333295 51893.069708333285 72 23
73814.09045833332 74411.19095833332 72 46
74998.57095833334 75595.68395833333 72 46
75877.32145833335 76165.27095833333 72 42
76446.90845833335 76728.57870833334 72 48
77011.86470833333 77292.46195833334 72 54
77597.43295833335 77924.76420833333 72 66
78533.96320833333 79019.29645833332 72 62
79019.29645833332 79188.80720833332 72 45
79188.80720833332 80188.66270833334 72 58
108514.61329166668 109086.59062500001 72 33
110848.40329166669 111772.67904166669 72 45
112198.2715416667 113493.55929166668 72 43
113922.19179166667 115201.9070416667 72 43
115596.6960416667 116537.97070833338 72 44
116423.57670833338 116870.52457083337 72 48
117248.82045833336 118627.77641666669 72 51
139561.8207916666 139940.1870416666 72 27
147203.64670833317 147696.6707083332 72 23
74257.72245833332 74484.62683333333 73 38
75441.21995833333 75666.09333333334 73 38
76011.80245833333 76235.68033333334 73 38
76579.88720833334 76799.40020833333 73 44
77145.59020833333 77368.70470833335 73 49
77754.94645833333 78533.96320833333 73 61
78849.78570833332 79104.05183333333 73 57
79104.05183333333 79827.17320833333 73 45
96680.44504166664 98321.15929166664 73 29
98566.70220833331 100232.12395833332 73 33
100734.14512499998 101189.51545833332 73 36
101335.28812499999 101932.24212499999 73 23
102393.11662500001 103806.18245833332 73 33
7529.721666666668 11791.267333333328 74 38
11937.039999999994 12533.993999999995 74 31
13159.884999999993 15201.799983333325 74 38
16006.753916666661 17425.09166666666 74 34
17885.92116666666 18838.697416666655 74 34
19134.555416666655 19735.291416666652 74 33
21590.502916666654 23001.237166666655 74 34
23462.066666666655 24213.548424999986 74 28
38753.9474583333 40753.92145416663 74 34
40664.912124999966 43015.493124999964 74 38
43161.26579166663 43758.219791666634 74 31
44384.11079166662 46426.025774999966 74 38
47230.979708333296 48649.317458333295 74 34
49110.146958333295 50062.9232083333 74 34
50358.7812083333 50959.5172083333 74 33
52814.728708333285 54225.46295833328 74 34
54686.292458333286 55437.77421666663 74 28
101644.88579166665 102080.171125 74 31
102228.100125 102393.11662500001 74 24
121459.54354166669 122319.7395416667 74 54
122319.7395416667 122505.78580416669 74 40
124529.54129166667 126273.65579166668 74 41
134557.54845833336 138819.09412499997 74 38
138964.86679166663 139561.8207916666 74 31
140187.71179166657 142229.6267749999 74 38
143034.58070833323 144452.91845833324 74 34
144913.74795833323 145866.5242083332 74 34
146162.3822083332 146763.1182083332 74 33
148618.32970833319 150029.06395833316 74 34
150489.89345833313 151241.37521666646 74 28
104476.20904166666 104931.579375 75 41
105077.35204166667 105674.30604166667 75 26
107236.23404166667 108246.05486458335 75 37
108218.27295833334 108653.52145833334 75 47
108792.429625 109360.60062500002 75 29
109807.3467916667 111140.41662500001 75 42
12246.637666666662 12681.922999999993 76 41
12829.851999999993 13034.059918749994 76 32
14961.861791666659 16471.15041666666 76 38
16849.05479166666 18346.75066666666 76 38
18725.232916666657 19282.484416666655 76 34
19735.291416666652 20340.836416666654 76 28
20546.094291666654 22051.332416666653 76 38
25391.39366666665 26173.21224791665 76 28
43470.8634583333 43906.14879166663 76 41
44054.07779166663 44258.285710416625 76 32
46186.0875833333 47695.37620833329 76 38
48073.2805833333 49570.9764583333 76 38
49949.458708333295 50506.710208333294 76 34
50959.5172083333 51565.06220833329 76 28
51770.32008333329 53275.558208333285 76 38
56615.61945833329 57417.643964583294 76 28
89398.24812499997 90802.30362499997 76 36
91270.32212499996 92674.37762499996 76 34
93142.39612499996 93586.18312499997 76 33
93734.11212499997 94093.66263124997 76 31
95002.66512499998 96250.7144583333 76 34
97856.76279166664 98702.81833333331 76 29
99767.7274583333 100763.16990624998 76 33
101043.74279166665 101644.88579166665 76 31
103494.17012499999 104505.23382291666 76 33
139274.46445833327 139709.7497916666 76 41
139857.6787916666 140061.88671041658 76 32
141989.68858333322 143498.97720833324 76 38
143876.88158333325 145374.57745833322 76 38
145753.05970833322 146310.3112083332 76 34
146763.1182083332 147368.66320833316 76 28
147573.92108333317 149079.15920833318 76 38
152419.22045833312 153227.3732895831 76 28
94058.7874583333 94499.31595833332 77 35
94646.15879166665 95195.72275624998 77 28
96804.20741666663 98321.15929166664 77 32
98702.81833333331 100232.12395833332 77 36
102475.624875 103806.18245833332 77 36
106135.18054166669 107548.246375 77 37
12533.993999999995 12912.360249999994 78 36
20175.819916666653 20784.051291666656 78 23
27421.388833333316 28293.36473749999 78 28
43758.219791666634 44136.586041666626 78 36
51400.045708333295 52008.27708333328 78 23
58711.264874999964 59610.91653333329 78 28
112623.86404166669 113493.55929166668 78 54
114327.65179166668 115201.9070416667 78 55
115596.6960416667 116423.57670833338 78 54
116423.57670833338 116870.52457083337 78 59
117248.82045833336 118076.86529166669 78 54
118076.86529166669 118627.77641666669 78 61
139561.8207916666 139940.1870416666 78 36
147203.64670833317 147811.8780833332 78 23
154596.33820833312 155535.93064791645 78 25
15077.960916666658 16471.15041666666 79 44
16964.26216666666 18346.75066666666 79 44
18838.697416666655 19282.484416666655 79 37
19430.41341666665 19770.166589583318 79 40
20668.843916666658 22051.332416666653 79 44
23462.066666666655 24213.548424999986 79 33
29782.348166666652 31224.225791666646 79 33
46302.1867083333 47695.37620833329 79 44
48188.48795833329 49570.9764583333 79 44
50062.9232083333 50506.710208333294 79 37
50654.6392083333 50994.39238124996 79 40
51893.069708333285 53275.558208333285 79 44
54686.292458333286 55437.77421666663 79 33
61161.9557083333 62575.666224999964 79 33
94352.47312499997 95002.66512499998 79 28
101932.24212499999 102310.608375 79 27
104785.80670833333 105386.94970833333 79 35
105386.94970833333 105822.23504166667 79 35
105970.16404166668 106135.18054166669 79 27
108514.61329166668 109086.59062500001 79 40
109086.59062500001 109501.46545833336 79 40
109642.3302916667 109807.3467916667 79 31
110848.40329166669 111772.67904166669 79 45
119565.65191666668 120371.23404166668 79 60
120371.23404166668 120614.18162291669 79 48
122451.3415416667 123974.45104166669 79 52
142105.78770833323 143498.97720833324 79 44
143992.08895833325 145374.57745833322 79 44
145866.5242083332 146310.3112083332 79 37
146458.24020833318 146797.99338124986 79 40
147696.6707083332 149079.15920833318 79 44
150489.89345833313 151241.37521666646 79 33
157238.3150416664 158586.93304166643 79 26
19735.291416666652 20175.819916666653 81 44
20340.836416666654 20668.843916666658 81 38
22311.749166666654 23922.896166666655 81 36
50959.5172083333 51400.045708333295 81 44
51565.06220833329 51893.069708333285 81 38
53535.97495833328 55147.121958333286 81 36
96927.96979166663 98856.34932708331 81 34
98838.93445833331 101189.51545833332 81 38
101335.28812499999 101932.24212499999 81 31
102558.133125 104505.23382291666 81 38
146763.1182083332 147203.64670833317 81 44
147368.66320833316 147696.6707083332 81 38
149339.57595833318 150950.72295833312 81 36
24185.59316666665 25874.485666666646 82 36
55409.818958333286 57098.71145833329 82 36
101644.88579166665 102080.171125 82 41
102228.100125 102432.30804375 82 32
104476.20904166666 104931.579375 82 43
105077.35204166667 105674.30604166667 82 35
105674.30604166667 106052.67229166668 82 31
106300.19704166667 108246.05486458335 82 43
151213.41995833314 152902.31245833312 82 36
20028.97708333332 20423.344666666653 83 39
22426.078416666656 24213.548424999986 83 41
28256.839666666652 29958.86029166665 83 41
51253.202874999966 51647.57045833329 83 39
53650.304208333284 55437.77421666663 83 41
59571.272708333294 62562.3293333333 83 41
147056.80387499984 147451.17145833318 83 39
149453.90520833316 151241.37521666646 83 41
155495.79729166644 158409.92692916642 83 32
26154.336416666647 27957.198833333317 84 36
57398.11270833329 59277.40937499996 84 36
101932.24212499999 102310.608375 84 36
105386.94970833333 105822.23504166667 84 47
105970.16404166668 106174.37196041668 84 36
108218.27295833334 108653.52145833334 84 49
108792.429625 109360.60062500002 84 40
109360.60062500002 109724.8385416667 84 35
109972.3632916667 111772.67904166669 84 56
111656.57991666668 111785.09215625003 84 51
113377.46016666669 114756.28429166669 84 51
115085.8079166667 115728.29237500003 84 51
116031.36870833338 116537.97070833338 84 62
116859.15945833336 117378.70745833335 84 64
117687.20429166668 118174.2805416667 84 68
118490.13654166668 118710.48145208336 84 46
153208.49745833312 155184.68870833312 84 32
25391.39366666665 26173.21224791665 85 33
56615.61945833329 57417.643964583294 85 33
152419.22045833312 153227.3732895831 85 33
22540.407666666655 24213.548424999986 86 52
24305.401416666653 25874.485666666646 86 41
27421.388833333316 28293.36473749999 86 33
28425.416916666654 29958.86029166665 86 44
53764.63345833328 55437.77421666663 86 52
55529.627208333295 57098.71145833329 86 41
58711.264874999964 59610.91653333329 86 33
59754.2442083333 62562.3293333333 86 44
105674.30604166667 106052.67229166668 86 41
120502.83604166668 121928.36704166669 86 62
149568.23445833317 151241.37521666646 86 52
151333.2282083331 152902.31245833312 86 41
154596.33820833312 155535.93064791645 86 29
155681.02816666642 158409.92692916642 86 35
109086.59062500001 109501.46545833336 87 54
109642.3302916667 109846.5382104167 87 41
112623.86404166669 113493.55929166668 87 64
114327.65179166668 115201.9070416667 87 65
115596.6960416667 116423.57670833338 87 65
116423.57670833338 116870.52457083337 87 70
117248.82045833336 118076.86529166669 87 63
118076.86529166669 118627.77641666669 87 72
24425.20966666665 26173.21224791665 88 52
26280.17529166665 27957.198833333317 88 42
55649.4354583333 57417.643964583294 88 52
57528.32108333329 59277.40937499996 88 42
151453.0364583331 153227.3732895831 88 52
153334.3363333331 155184.68870833312 88 37
109360.60062500002 109724.8385416667 89 47
26406.014166666646 28293.36473749999 90 52
57658.529458333294 59610.91653333329 90 52
111772.67904166669 113049.45654166669 90 66
113493.55929166668 114756.28429166669 90 66
115201.9070416667 115728.29237500003 90 69
116031.36870833338 116537.97070833338 90 73
116859.15945833336 117378.70745833335 90 76
117687.20429166668 118174.2805416667 90 80
153460.17520833312 155535.93064791645 90 46
28593.994166666653 31417.283422916647 91 48
59937.2157083333 62836.5447083333 91 48
118627.77641666669 120016.84741666669 91 64
