20675.269675000003 21318.4595875 36 21
21971.643425000002 22614.77514791667 36 21
23265.963425 23889.09468125 36 22
46539.41009999994 47182.600012499934 36 21
47835.783849999934 48478.915572916594 36 21
49130.10384999993 49753.23510624992 36 22
71703.68291666648 76577.2452916664 36 73
81111.81716666633 81431.42391666632 36 33
87327.69979166634 88402.48204166633 36 24
139153.04953333348 144026.6119083333 36 77
148561.18378333325 148880.7905333333 36 33
154777.06640833334 155851.84865833333 36 24
78587.78104166637 78907.38779166636 37 29
146037.14765833324 146356.75440833328 37 29
2497.576125 2663.4388333333336 41 25
3772.692625 3846.88790625 41 23
25864.140424999998 28389.95873749999 41 24
28361.716549999994 28527.57925833332 41 22
29636.833049999987 29711.02833124999 41 23
88088.63104166633 90614.44935416635 41 21
90586.20716666635 90752.0698749997 41 25
91861.32366666637 91935.5189479164 41 23
113988.77671666643 114631.96662916645 41 21
115285.15046666643 115928.2821895831 41 21
116579.47046666642 117205.20896666643 41 22
155537.99765833333 158063.8159708333 41 21
158035.5737833333 158201.43649166665 41 25
159310.6902833333 159384.88556458327 41 23
181438.14333333328 182081.33324583326 41 21
182734.51708333325 183377.6488062499 41 21
184044.95508333325 184282.77852083324 41 22
11561.300750000002 12704.652604166666 43 34
14123.72175 15391.9541875 43 38
15391.9541875 17391.408750000002 43 40
20449.144675000003 20765.418064583337 43 32
20675.269675000003 21318.4595875 43 27
21971.643425000002 22614.77514791667 43 27
23265.963425 23889.09468125 43 26
37425.44117499995 38568.79302916662 43 34
39987.86217499994 41256.09461249995 43 38
41256.09461249995 43255.549174999935 43 40
46313.285099999935 46629.55848958327 43 32
46539.41009999994 47182.600012499934 43 27
47835.783849999934 48478.915572916594 43 27
49130.10384999993 49753.23510624992 43 26
99649.93179166644 100793.2836458331 43 34
102212.35279166643 103508.13241666644 43 38
167099.2984083332 168242.65026249987 43 34
169661.71940833319 170957.49903333315 43 38
19393.922175000003 20675.269675000003 44 44
21302.707175000003 21976.894787500005 44 38
22599.080925000002 23393.71836875 44 38
45258.06259999994 46539.41009999994 44 44
47166.847599999935 47841.03521249993 44 38
48463.22134999993 49269.15684999993 44 38
5194.0740000000005 7723.983562499999 45 29
7695.741374999999 7861.604083333332 45 25
9030.872250000002 10400.032500000001 45 25
31058.214424999987 33588.12398749997 45 29
33559.881799999974 33725.7445083333 45 25
34895.012674999954 36264.172924999955 45 25
93282.7050416664 95812.61460416642 45 29
95784.37241666642 95950.23512499974 45 25
97059.48891666644 97133.27688541645 45 25
160732.07165833324 163261.98122083323 45 29
163233.73903333323 163399.60174166659 45 25
164508.8555333332 164582.6435020832 45 25
62018.2492791665 62446.4638979165 46 58
66886.77191041647 67314.98652916646 46 58
108605.42722916642 110604.88179166644 46 40
129467.61589583324 129895.83051458326 46 58
134336.13852708333 134764.35314583336 46 58
176054.7938458332 178054.24840833328 46 40
2525.8183125 3832.707 48 29
3802.6998125 4942.5992625 48 27
23891.701925 24106.17997083333 48 22
25864.140424999998 26563.489883333328 48 28
28389.95873749999 29696.847424999985 48 26
29666.840237499986 30806.739687499987 48 27
49755.842349999926 49970.32039583325 48 22
51728.28084999992 54223.475037499906 48 24
54195.1132249999 54305.90259999991 48 37
71703.68291666648 76577.2452916664 48 73
80426.46266666635 80799.72866666634 48 29
88088.63104166633 88787.98049999967 48 25
90614.44935416635 91921.33804166639 48 29
91891.33085416639 93031.2303041664 48 27
104747.11279166646 106054.94334374978 48 40
107309.53379166647 108632.97441666643 48 40
113762.65171666643 114078.92510624975 48 32
113988.77671666643 114631.96662916645 48 27
115285.15046666643 115928.2821895831 48 27
116579.47046666642 117205.20896666643 48 26
119177.64746666641 121672.84165416643 48 24
121644.47984166644 121755.26921666643 48 37
139153.04953333348 144026.6119083333 48 77
147875.82928333327 148249.09528333327 48 29
155537.99765833333 156237.3471166666 48 25
158063.8159708333 159370.70465833327 48 29
159340.6974708333 160480.59692083325 48 27
172196.47940833317 173504.30996041646 48 40
174758.90040833317 176082.34103333318 48 40
181212.01833333328 181528.29172291662 48 32
181438.14333333328 182081.33324583326 48 27
182734.51708333325 183377.6488062499 48 27
184044.95508333325 184282.77852083324 48 26
71105.73615416647 71157.64093541646 49 60
77902.4265416664 78275.69254166639 49 29
112707.42921666642 113988.77671666643 49 44
114616.21421666644 115290.40182916643 49 38
115912.58796666644 116741.98866041642 49 38
138555.10277083344 138607.00755208344 49 60
145351.79315833325 145725.05915833326 49 29
180156.79583333325 181438.14333333328 49 44
182065.58083333325 182739.76844583324 49 38
183361.95458333325 184054.46802083324 49 38
625.2457499999999 1267.9045895833335 50 24
1889.2155000000002 2525.8183125 50 24
10349.753750000002 11588.961750000002 50 29
11588.961750000002 12691.79725 50 34
12912.17475 14151.38275 50 29
14151.38275 15254.21825 50 40
15419.501375 17391.408750000002 50 43
26489.386174999996 27132.04501458333 50 24
27753.355924999993 28389.95873749999 50 24
36213.89417499996 37453.10217499995 50 29
37453.10217499995 38555.93767499995 50 34
38776.31517499995 40015.523174999944 50 29
40015.523174999944 41118.358674999945 50 40
41283.64179999994 43255.549174999935 50 43
87837.98354166633 88402.48204166633 50 27
88713.87679166633 89356.53563124967 50 21
89977.84654166635 90614.44935416635 50 21
98438.38479166645 99677.59279166644 50 29
99677.59279166644 100780.42829166644 50 34
101000.80579166644 102240.01379166642 50 29
102240.01379166642 103508.13241666644 50 40
155287.3501583333 155851.84865833333 50 27
156163.2434083333 156805.90224791665 50 21
157427.2131583333 158063.8159708333 50 21
165887.7514083332 167126.9594083332 50 29
167126.9594083332 168229.7949083332 50 34
168450.1724083332 169689.3804083332 50 29
169689.3804083332 170957.49903333315 50 40
69262.52083749985 71056.30302916649 51 43
136711.8874541667 138505.66964583346 51 43
1261.778 1970.1573500000002 52 28
5194.0740000000005 5893.423458333334 52 34
7723.983562499999 9030.872250000002 52 29
9030.872250000002 10400.032500000001 52 29
20675.269675000003 21318.4595875 52 32
21971.643425000002 22614.77514791667 52 32
23265.963425 23889.09468125 52 24
27125.918425 27834.29777499999 52 28
31058.214424999987 31757.563883333318 52 34
33588.12398749997 34895.012674999954 52 29
34895.012674999954 36264.172924999955 52 29
46539.41009999994 47182.600012499934 52 32
47835.783849999934 48478.915572916594 52 32
49130.10384999993 49753.23510624992 52 24
64393.99820624983 66187.78039791647 52 41
87382.36854166634 88088.63104166633 52 31
89350.40904166634 90058.78839166636 52 25
93282.7050416664 93982.05449999975 52 34
95812.61460416642 98438.38479166645 52 29
131843.36482291657 133637.14701458334 52 41
154831.73515833332 155537.99765833333 52 31
156799.7756583333 157508.1550083333 52 25
160732.07165833324 161431.42111666655 52 34
163261.98122083323 165887.7514083332 52 29
5819.31975 6461.978589583334 53 29
7083.289499999999 7723.983562499999 53 29
19393.922175000003 20765.418064583337 53 36
21302.707175000003 21976.894787500005 53 30
22599.080925000002 23393.71836875 53 30
31683.460174999986 32326.119014583313 53 29
32947.429924999975 33588.12398749997 53 29
45258.06259999994 46629.55848958327 53 36
47166.847599999935 47841.03521249993 53 30
48463.22134999993 49269.15684999993 53 30
56873.26506458321 59368.459252083194 53 26
59340.09743958319 59450.886814583195 53 37
62428.6334541665 62732.6307229165 53 52
67297.15608541646 67601.15335416647 53 52
93907.95079166642 94550.60963124974 53 29
95171.92054166642 95812.61460416642 53 29
117205.20896666643 117422.34583124975 53 22
124322.6316812498 126817.82586874982 53 26
126789.46405624982 126900.25343124982 53 37
129878.00007083325 130181.99733958326 53 52
134746.52270208334 135050.51997083335 53 52
161357.3174083332 161999.97624791655 53 29
162621.28715833323 163261.98122083323 53 29
184729.88658333325 184997.5878749999 53 19
6455.852 7198.189449999999 55 34
23891.701925 24106.17997083333 55 26
32319.992424999982 33062.329874999974 55 34
49755.842349999926 49970.32039583325 55 26
71833.01554166648 76577.2452916664 55 64
94544.4830416664 95286.82049166643 55 34
103480.58522916643 104774.77379166645 55 38
104774.77379166645 106043.00622916645 55 41
106043.00622916645 107337.19479166646 55 38
107337.19479166646 108597.16307291643 55 41
108632.97441666643 110604.88179166644 55 43
139282.38215833346 144026.6119083333 55 64
161993.8496583332 162736.18710833322 55 34
170929.95184583316 172224.14040833316 55 38
172224.14040833316 173492.37284583313 55 41
173492.37284583313 174786.56140833316 55 38
174786.56140833316 176046.5296895832 55 41
176082.34103333318 178054.24840833328 55 43
21302.707175000003 21976.894787500005 56 30
22599.080925000002 23393.71836875 56 30
47166.847599999935 47841.03521249993 56 30
48463.22134999993 49269.15684999993 56 30
2554.0605000000005 3184.244916666667 57 30
3832.707 4938.8176875 57 32
15447.048562499998 17391.408750000002 57 46
25864.140424999998 26563.489883333328 57 34
28418.20092499999 29048.385341666653 57 30
29696.847424999985 30802.958112499986 57 32
41311.18898749994 43255.549174999935 57 46
88088.63104166633 88787.98049999967 57 30
90642.69154166635 91272.87595833304 57 30
91921.33804166639 93027.4487291664 57 32
113988.77671666643 114631.96662916645 57 32
115285.15046666643 115928.2821895831 57 32
116579.47046666642 117205.20896666643 57 24
155537.99765833333 156237.3471166666 57 30
158092.05815833333 158722.24257499995 57 30
159370.70465833327 160476.81534583325 57 32
181438.14333333328 182081.33324583326 57 32
182734.51708333325 183377.6488062499 57 32
184044.95508333325 184282.77852083324 57 24
625.2457499999999 1267.9045895833335 58 30
1889.2155000000002 2525.8183125 58 30
3169.2495000000004 3846.88790625 58 30
26489.386174999996 27132.04501458333 58 30
27753.355924999993 28389.95873749999 58 30
29033.389924999985 29711.02833124999 58 30
51728.28084999992 52876.61159999991 58 28
54223.475037499906 54495.600274999895 58 41
62631.4297229165 63078.40080624985 58 58
67499.95235416647 67946.92343749982 58 58
69290.88264999984 71056.30302916649 58 51
71833.01554166648 76577.2452916664 58 64
77955.4337916664 78275.69254166639 58 37
80479.46991666635 80799.72866666634 58 37
88713.87679166633 89356.53563124967 58 27
89977.84654166635 90614.44935416635 58 27
91257.88054166638 91935.5189479164 58 30
104802.43479166644 106054.94334374978 58 42
107364.85579166646 108632.97441666643 58 42
112707.42921666642 114078.92510624975 58 36
114616.21421666644 115290.40182916643 58 30
115912.58796666644 116741.98866041642 58 30
119177.64746666641 120325.97821666642 58 28
121672.84165416643 121944.96689166644 58 41
130080.79633958326 130527.76742291662 58 58
134949.31897083335 135396.29005416672 58 58
136740.24926666668 138505.66964583346 58 51
139282.38215833346 144026.6119083333 58 64
145404.80040833328 145725.05915833326 58 37
147928.8365333333 148249.09528333327 58 37
156163.2434083333 156805.90224791665 58 27
157427.2131583333 158063.8159708333 58 27
158707.24715833328 159384.88556458327 58 30
172251.80140833315 173504.30996041646 58 42
174814.22240833315 176082.34103333318 58 42
180156.79583333325 181528.29172291662 58 36
182065.58083333325 182739.76844583324 58 30
183361.95458333325 184054.46802083324 58 30
11616.622750000002 12704.652604166666 59 34
14179.043750000003 15391.9541875 59 43
19393.922175000003 20765.418064583337 59 36
20990.351425000004 21188.777425 59 30
21302.707175000003 21976.894787500005 59 38
22286.725175000003 22485.151175000003 59 30
22599.080925000002 23393.71836875 59 38
37480.76317499995 38568.79302916662 59 34
40043.184174999944 41256.09461249995 59 43
45258.06259999994 46629.55848958327 59 36
46854.49184999994 47052.91784999993 59 30
47166.847599999935 47841.03521249993 59 38
48150.86559999993 48349.29159999993 59 30
48463.22134999993 49269.15684999993 59 38
64422.36001874983 66187.78039791647 59 47
99705.25379166643 100793.2836458331 59 34
102267.67479166642 103508.13241666644 59 43
131871.7266354166 133637.14701458334 59 47
167154.6204083332 168242.65026249987 59 34
169717.0414083332 170957.49903333315 59 43
1261.778 1970.1573500000002 60 34
5194.0740000000005 5893.423458333334 60 40
7752.225749999999 8382.410166666667 60 34
9030.872250000002 11588.961750000002 60 34
12912.17475 14151.38275 60 34
15474.595749999999 17391.408750000002 60 48
20675.269675000003 21089.564425000004 60 40
21089.564425000004 21302.707175000003 60 30
21971.643425000002 22385.938175000003 60 40
22385.938175000003 22599.080925000002 60 30
23265.963425 23889.09468125 60 29
24529.818424999998 25864.140424999998 60 23
27125.918425 27834.29777499999 60 34
31058.214424999987 31757.563883333318 60 40
33616.36617499997 34246.55059166662 60 34
34895.012674999954 37453.10217499995 60 34
38776.31517499995 40015.523174999944 60 34
41338.73617499994 43255.549174999935 60 48
46539.41009999994 46953.70484999994 60 40
46953.70484999994 47166.847599999935 60 30
47835.783849999934 48250.07859999993 60 40
48250.07859999993 48463.22134999993 60 30
49130.10384999993 49753.23510624992 60 29
50393.958849999915 51728.28084999992 60 23
52771.99459999991 53303.90984999991 60 34
63036.23372291651 63240.76363749985 60 53
67904.75635416649 68109.28626874983 60 53
89350.40904166634 90058.78839166636 60 30
93282.7050416664 93982.05449999975 60 40
95840.85679166642 96471.0412083331 60 34
97119.50329166645 99677.59279166644 60 34
101000.80579166644 102240.01379166642 60 34
117205.20896666643 117422.34583124975 60 26
120221.36121666642 120753.27646666642 60 34
130485.60033958327 130690.13025416661 60 53
135354.12297083338 135558.6528854167 60 53
156799.7756583333 157508.1550083333 60 30
160732.07165833324 161431.42111666655 60 40
163290.22340833326 163920.40782499986 60 34
164568.8699083332 167126.9594083332 60 34
168450.1724083332 169689.3804083332 60 34
184729.88658333325 184997.5878749999 60 23
16107.729249999999 16529.818249999997 61 47
41971.869674999936 42393.958674999936 61 47
68107.57651458315 68521.88546874984 61 63
69319.24446249983 71056.30302916649 61 57
86123.39854166633 86747.57554166633 61 35
114616.21421666644 115290.40182916643 61 30
115912.58796666644 116741.98866041642 61 30
135556.94313125004 135971.2520854167 61 63
136768.6110791667 138505.66964583346 61 57
153572.76515833332 154196.94215833332 61 35
182065.58083333325 182739.76844583324 61 30
183361.95458333325 184054.46802083324 61 30
5819.31975 6461.978589583334 62 36
7083.289499999999 7723.983562499999 62 36
8367.41475 9044.645843750002 62 33
16318.773749999998 16752.20525 62 43
21188.777425 21318.4595875 62 30
22485.151175000003 22614.77514791667 62 30
31683.460174999986 32326.119014583313 62 36
32947.429924999975 33588.12398749997 62 36
34231.555174999965 34908.78626874996 62 33
42182.91417499994 42616.34567499993 62 43
47052.91784999993 47182.600012499934 62 30
48349.29159999993 48478.915572916594 62 30
51728.28084999992 52876.61159999991 62 34
52990.058849999914 54138.38959999991 62 37
63239.053883333174 63653.36283749983 62 63
64450.72183124982 66187.78039791647 62 53
86539.51654166634 87163.69354166633 62 26
93907.95079166642 94550.60963124974 62 36
95171.92054166642 95812.61460416642 62 36
96456.04579166645 97133.27688541645 62 33
103508.13241666644 104774.77379166645 62 40
106070.55341666646 107337.19479166646 62 40
108660.52160416644 110604.88179166644 62 46
119177.64746666641 120325.97821666642 62 34
120439.42546666642 121587.75621666643 62 37
130688.42049999995 131102.7294541666 62 63
131900.0884479166 133637.14701458334 62 53
153988.8831583333 154613.06015833333 62 26
161357.3174083332 161999.97624791655 62 36
162621.28715833323 163261.98122083323 62 36
163905.4124083332 164582.6435020832 62 33
170957.49903333315 172224.14040833316 62 40
173519.92003333312 174786.56140833316 62 40
176109.8882208332 178054.24840833328 62 46
54033.77259999991 54223.475037499906 63 37
56873.26506458321 58021.5958145832 63 30
59368.459252083194 59640.58448958318 63 41
121483.13921666643 121672.84165416643 63 37
124322.6316812498 125470.96243124982 63 30
126817.82586874982 127089.95110624982 63 41
3592.649500000001 3846.88790625 64 42
6455.852 7198.189449999999 64 40
16529.818249999997 16962.42175 64 44
19393.922175000003 20765.418064583337 64 40
21302.707175000003 21976.894787500005 64 34
22599.080925000002 23393.71836875 64 34
23889.09468125 24529.818424999998 64 22
29456.789924999986 29711.02833124999 64 42
32319.992424999982 33062.329874999974 64 40
42393.958674999936 42826.56217499993 64 44
45258.06259999994 46629.55848958327 64 40
47166.847599999935 47841.03521249993 64 34
48463.22134999993 49269.15684999993 64 34
49753.23510624992 50393.958849999915 64 22
52771.99459999991 53303.90984999991 64 36
54251.836849999905 54495.600274999895 64 47
73029.05454166644 76577.2452916664 64 66
80591.66966666635 80799.72866666634 64 29
80799.72866666634 81007.78766666634 64 32
81007.78766666634 81223.18391666633 64 35
81223.18391666633 81431.42391666632 64 34
81431.42391666632 81639.48291666631 64 37
81639.48291666631 81916.2721791663 64 38
86747.57554166633 87327.69979166634 64 39
91681.28054166638 91935.5189479164 64 42
94544.4830416664 95286.82049166643 64 40
104830.09579166643 106054.94334374978 64 54
107392.51679166645 108632.97441666643 64 57
112707.42921666642 114078.92510624975 64 36
114303.85846666642 114502.28446666643 64 30
114616.21421666644 115290.40182916643 64 38
115600.23221666642 115798.65821666644 64 30
115912.58796666644 116741.98866041642 64 38
120221.36121666642 120753.27646666642 64 36
121701.20346666643 121944.96689166644 64 47
140478.4211583334 144026.6119083333 64 66
148041.0362833333 148249.09528333327 64 29
148249.09528333327 148457.15428333328 64 32
148457.15428333328 148672.55053333327 64 35
148672.55053333327 148880.7905333333 64 34
148880.7905333333 149088.84953333327 64 37
149088.84953333327 149365.63879583328 64 38
154196.94215833332 154777.06640833334 64 39
159130.64715833328 159384.88556458327 64 42
161993.8496583332 162736.18710833322 64 40
172279.46240833317 173504.30996041646 64 57
174841.88340833317 176082.34103333318 64 57
180156.79583333325 181528.29172291662 64 36
181753.22508333327 181951.65108333324 64 30
182065.58083333325 182739.76844583324 64 38
183049.59883333324 183248.02483333324 64 30
183361.95458333325 184054.46802083324 64 38
413.06399999999996 625.2457499999999 65 31
1043.71375 1267.9045895833335 65 36
1676.07275 1889.2155000000002 65 32
2554.0605000000005 3184.244916666667 65 36
3169.2495000000004 3609.653572916667 65 38
3832.707 5194.0740000000005 65 40
11616.622750000002 12704.652604166666 65 42
14179.043750000003 15419.501375 65 42
16752.20525 17172.638250000004 65 46
17615.657750000006 17696.93221666667 65 25
26277.204424999996 26489.386174999996 65 31
26907.854174999997 27132.04501458333 65 36
27540.213174999993 27753.355924999993 65 32
28418.20092499999 29048.385341666653 65 36
29033.389924999985 29473.79399791665 65 38
29696.847424999985 31058.214424999987 65 39
37480.76317499995 38568.79302916662 65 42
40043.184174999944 41283.64179999994 65 42
42616.34567499993 43036.778674999936 65 46
43479.79817499994 43561.07264166661 65 25
52990.058849999914 54138.38959999991 65 34
57916.978814583206 58448.8940645832 65 40
63651.6472166665 63958.925012499836 65 65
68520.1698479165 68827.44764374985 65 70
71552.42559166647 71894.60096458315 65 76
71833.01554166648 73141.00329166643 65 69
87163.69354166633 87382.36854166634 65 25
88501.69504166633 88713.87679166633 65 27
89132.34479166634 89356.53563124967 65 32
89764.70379166635 89977.84654166635 65 28
90642.69154166635 91272.87595833304 65 36
91257.88054166638 91698.28461458304 65 38
91921.33804166639 93282.7050416664 65 40
99705.25379166643 100793.2836458331 65 42
102267.67479166642 103508.13241666644 65 42
103535.67960416645 104774.77379166645 65 44
106098.10060416647 107337.19479166646 65 44
108688.06879166643 110604.88179166644 65 48
113988.77671666643 114403.07146666643 65 40
114403.07146666643 114616.21421666644 65 30
115285.15046666643 115699.44521666643 65 40
115699.44521666643 115912.58796666644 65 30
116579.47046666642 117205.20896666643 65 29
117843.32546666643 119177.64746666641 65 23
120439.42546666642 121587.75621666643 65 34
125366.3454312498 125898.26068124981 65 40
131101.01383333327 131408.2916291666 65 68
135969.53646458336 136276.8142604167 65 70
139001.79220833347 139343.96758125012 65 76
139282.38215833346 140590.3699083334 65 69
154613.06015833333 154831.73515833332 65 25
155951.06165833332 156163.2434083333 65 27
156581.7114083333 156805.90224791665 65 32
157214.0704083333 157427.2131583333 65 28
158092.05815833333 158722.24257499995 65 36
158707.24715833328 159147.65123124997 65 38
159370.70465833327 160732.07165833324 65 40
167154.6204083332 168242.65026249987 65 44
169717.0414083332 170957.49903333315 65 44
170985.04622083317 172224.14040833316 65 44
173547.46722083315 174786.56140833316 65 44
176137.4354083332 178054.24840833328 65 48
181438.14333333328 181852.43808333325 65 40
181852.43808333325 182065.58083333325 65 30
182734.51708333325 183148.81183333325 65 40
183148.81183333325 183361.95458333325 65 30
184054.46802083324 184286.58369583322 65 29
10349.753750000002 11721.239750000002 66 70
12912.17475 14283.660750000001 66 64
36213.89417499996 37585.38017499995 66 70
38776.31517499995 40147.80117499994 66 64
52042.13184999992 52240.55784999992 66 31
54033.77259999991 54305.90259999991 66 42
71155.16927916647 71562.47786666646 66 80
84875.04454166633 85499.22154166632 66 51
98438.38479166645 99809.87079166644 66 70
101000.80579166644 102372.29179166643 66 64
109321.20229166644 109743.29129166644 66 47
119491.49846666641 119689.92446666643 66 31
121483.13921666643 121755.26921666643 66 42
138604.53589583343 139011.84448333347 66 80
152324.4111583333 152948.5881583333 66 51
165887.7514083332 167259.23740833317 66 70
168450.1724083332 169821.65840833317 66 64
176770.56890833325 177192.65790833326 66 47
313.851 512.2769999999999 67 31
512.2769999999999 699.3494583333332 67 31
1576.85975 1775.28575 67 32
1775.28575 1970.1573500000002 67 32
10126.622250000002 10400.032500000001 67 61
24529.818424999998 25864.140424999998 67 28
26177.991424999997 26376.417424999996 67 31
26376.417424999996 26563.489883333328 67 31
27441.000174999997 27639.426174999993 67 32
27639.426174999993 27834.29777499999 67 32
35990.762674999954 36264.172924999955 67 61
50393.958849999915 51728.28084999992 67 28
51728.28084999992 52141.34484999992 67 42
52141.34484999992 52353.52659999992 67 31
54467.76660208323 54598.48454583322 67 48
54682.28143333322 54804.04360624989 67 46
56873.26506458321 58021.5958145832 67 37
58135.0430645832 59283.373814583196 67 44
70552.97633749981 71056.30302916649 67 62
76153.1872916664 76365.2162916664 67 34
76365.2162916664 76577.2452916664 67 31
76577.2452916664 77902.4265416664 67 30
78067.6335416664 78275.69254166639 67 29
78275.69254166639 78483.75154166638 67 30
78483.75154166638 78699.14779166637 67 31
78699.14779166637 78907.38779166636 67 29
78907.38779166636 79115.44679166636 67 31
79115.44679166636 79392.23605416637 67 30
85291.16254166633 85915.33954166633 67 37
87382.36854166634 88088.63104166633 67 34
88402.48204166633 88600.90804166635 67 27
88600.90804166635 88787.98049999967 67 27
89665.49079166635 89863.91679166636 67 28
89863.91679166636 90058.78839166636 67 28
98215.25329166645 98488.66354166645 67 61
109532.24679166643 109965.67829166644 67 43
114502.28446666643 114631.96662916645 67 30
115798.65821666644 115928.2821895831 67 30
119177.64746666641 119590.71146666641 67 42
119590.71146666641 119802.89321666642 67 31
121917.13321874978 122047.85116249978 67 48
122131.64804999979 122253.41022291644 67 46
124322.6316812498 125470.96243124982 67 37
125584.4096812498 126732.74043124983 67 44
138002.34295416682 138505.66964583346 67 62
143602.55390833333 143814.5829083333 67 34
143814.5829083333 144026.6119083333 67 31
144026.6119083333 145351.79315833325 67 30
145517.00015833328 145725.05915833326 67 29
145725.05915833326 145933.11815833327 67 30
145933.11815833327 146148.51440833326 67 31
146148.51440833326 146356.75440833328 67 29
146356.75440833328 146564.81340833326 67 31
146564.81340833326 146841.6026708333 67 30
152740.52915833332 153364.7061583333 67 37
154831.73515833332 155537.99765833333 67 34
155851.84865833333 156050.2746583333 67 27
156050.2746583333 156237.3471166666 67 27
157114.8574083333 157313.2834083333 67 28
157313.2834083333 157508.1550083333 67 28
165664.6199083332 165938.0301583332 67 61
176981.61340833327 177415.04490833328 67 43
181951.65108333324 182081.33324583326 67 30
183248.02483333324 183377.6488062499 67 30
3592.649500000001 3846.88790625 68 42
8790.814750000001 9044.645843750002 68 45
9912.382250000002 10349.753750000002 68 57
16962.42175 17391.408750000002 68 42
29456.789924999986 29711.02833124999 68 42
34654.95517499995 34908.78626874996 68 45
35776.52267499995 36213.89417499996 68 57
42826.56217499993 43255.549174999935 68 42
59178.7568145832 59368.459252083194 68 37
65684.4537062498 66187.78039791647 68 52
69132.61552499986 69281.42871249985 68 62
69347.60627499984 70658.07733749982 68 86
87837.98354166633 88402.48204166633 68 27
91681.28054166638 91935.5189479164 68 42
96879.44579166644 97133.27688541645 68 45
98001.01329166644 98410.49335416645 68 57
126628.12343124981 126817.82586874982 68 37
133133.8203229167 133637.14701458334 68 52
136581.9821416667 136730.7953291667 68 62
136796.97289166672 138107.4439541668 68 81
155287.3501583333 155851.84865833333 68 27
159130.64715833328 159384.88556458327 68 42
164328.8124083332 164582.6435020832 68 45
165450.3799083332 165859.8599708332 68 57
625.2457499999999 1148.3307499999999 69 36
1261.778 1676.07275 69 42
1889.2155000000002 2525.8183125 69 36
5607.138 5819.31975 69 37
6237.7877499999995 6461.978589583334 69 43
6870.14675 7083.289499999999 69 38
7752.225749999999 8382.410166666667 69 40
8367.41475 8807.818822916668 69 41
9030.872250000002 9919.523583333335 69 42
14813.46325 15199.123875 69 56
15896.684749999999 16318.773749999998 69 53
17172.638250000004 17615.657750000006 69 39
17615.657750000006 17696.93221666667 69 25
17844.437443750005 17917.81940208334 69 26
25864.140424999998 26277.204424999996 69 42
26489.386174999996 27012.471175 69 36
27125.918425 27540.213174999993 69 42
27753.355924999993 28389.95873749999 69 36
31471.278424999986 31683.460174999986 69 37
32101.928174999983 32326.119014583313 69 43
32734.287174999976 32947.429924999975 69 38
33616.36617499997 34246.55059166662 69 40
34231.555174999965 34671.959247916624 69 41
34895.012674999954 35783.66400833329 69 42
40677.60367499994 41063.264299999944 69 56
41760.82517499994 42182.91417499994 69 53
43036.778674999936 43479.79817499994 69 39
43479.79817499994 43561.07264166661 69 25
43708.57786874994 43781.95982708327 69 26
52240.55784999992 52771.99459999991 69 31
53303.90984999991 53502.33584999991 69 36
57916.978814583206 58448.8940645832 69 42
59396.82106458319 59640.58448958318 69 47
64264.09289374983 64412.90608124983 69 58
64479.083643749815 65789.55470624981 69 81
83418.63154166631 84042.80854166632 69 43
85499.22154166632 86123.39854166633 69 48
88088.63104166633 88501.69504166633 69 37
88713.87679166633 89236.96179166634 69 32
89350.40904166634 89764.70379166635 69 37
89977.84654166635 90614.44935416635 69 32
93695.76904166641 93907.95079166642 69 37
94326.41879166641 94550.60963124974 69 43
94958.77779166642 95171.92054166642 69 38
95840.85679166642 96471.0412083331 69 40
96456.04579166645 96896.4498645831 69 41
97119.50329166645 98008.15462499978 69 42
109743.29129166644 110175.89479166643 69 44
112707.42921666642 114078.92510624975 69 40
114616.21421666644 115290.40182916643 69 34
115912.58796666644 116741.98866041642 69 34
117205.20896666643 117843.32546666643 69 22
119689.92446666643 120221.36121666642 69 31
120753.27646666642 120951.70246666644 69 36
125366.3454312498 125898.26068124981 69 42
126846.18768124982 127089.95110624982 69 47
131713.45951041658 131862.27269791657 69 58
131928.4502604166 133238.9213229167 69 81
150867.9981583333 151492.17515833332 69 43
152948.5881583333 153572.76515833332 69 48
155537.99765833333 155951.06165833332 69 37
156163.2434083333 156686.32840833327 69 32
156799.7756583333 157214.0704083333 69 37
157427.2131583333 158063.8159708333 69 32
161145.13565833322 161357.3174083332 69 37
161775.7854083332 161999.97624791655 69 43
162408.1444083332 162621.28715833323 69 38
163290.22340833326 163920.40782499986 69 40
163905.4124083332 164345.8164812499 69 41
164568.8699083332 165457.52124166655 69 42
177192.65790833326 177625.26140833326 69 44
180156.79583333325 181528.29172291662 69 40
182065.58083333325 182739.76844583324 69 34
183361.95458333325 184054.46802083324 69 34
184729.88658333325 185516.60058333323 69 19
15033.84075 15391.9541875 70 58
40897.98117499994 41256.09461249995 70 58
52353.52659999992 53403.12284999991 70 36
53403.12284999991 53615.30459999991 70 38
54575.22375416656 54701.002014583224 70 42
54788.942683333225 54905.83513749989 70 42
54895.21341249989 55001.093387499895 70 47
55106.64448749989 55211.81014999989 70 45
58135.0430645832 59283.373814583196 70 41
63856.689512499834 64365.63639374984 70 74
68725.21214374984 69234.15902499986 70 76
75534.58666666641 75738.6821666664 70 38
75738.6821666664 75942.7776666664 70 35
75942.7776666664 76100.1800416664 70 33
76153.1872916664 76365.2162916664 70 34
76365.2162916664 76577.2452916664 70 31
76577.2452916664 77902.4265416664 70 30
78067.6335416664 78275.69254166639 70 29
78275.69254166639 78483.75154166638 70 30
78483.75154166638 78699.14779166637 70 31
78699.14779166637 78907.38779166636 70 29
78907.38779166636 79115.44679166636 70 31
79115.44679166636 79392.23605416637 70 30
80591.66966666635 80799.72866666634 70 29
80799.72866666634 81007.78766666634 70 32
81007.78766666634 81223.18391666633 70 35
81223.18391666633 81431.42391666632 70 34
81431.42391666632 81639.48291666631 70 37
81639.48291666631 81916.2721791663 70 38
83626.69054166632 84250.86754166632 70 50
85915.33954166633 86539.51654166634 70 39
103563.22679166646 104774.77379166645 70 57
104830.09579166643 106172.39820833314 70 60
106125.64779166647 107337.19479166646 70 57
107392.51679166645 108899.11329166644 70 59
109965.67829166644 110386.11129166644 70 46
110829.13079166644 110910.4052583331 70 25
119802.89321666642 120852.48946666643 70 36
120852.48946666643 121064.67121666642 70 38
122024.59037083312 122150.36863124977 70 42
122238.30929999978 122355.20175416642 70 42
122344.58002916643 122450.46000416642 70 47
122556.01110416643 122661.17676666642 70 45
125584.4096812498 126732.74043124983 70 41
131306.0561291666 131815.00301041658 70 73
136174.57876041668 136683.52564166667 70 77
142983.95328333334 143188.04878333333 70 38
143188.04878333333 143392.14428333333 70 35
143392.14428333333 143549.54665833333 70 33
143602.55390833333 143814.5829083333 70 34
143814.5829083333 144026.6119083333 70 31
144026.6119083333 145351.79315833325 70 30
145517.00015833328 145725.05915833326 70 29
145725.05915833326 145933.11815833327 70 30
145933.11815833327 146148.51440833326 70 31
146148.51440833326 146356.75440833328 70 29
146356.75440833328 146564.81340833326 70 31
146564.81340833326 146841.6026708333 70 30
148041.0362833333 148249.09528333327 70 29
148249.09528333327 148457.15428333328 70 32
148457.15428333328 148672.55053333327 70 35
148672.55053333327 148880.7905333333 70 34
148880.7905333333 149088.84953333327 70 37
149088.84953333327 149365.63879583328 70 38
151076.0571583333 151700.2341583333 70 50
153364.7061583333 153988.8831583333 70 39
171012.59340833317 172224.14040833316 70 57
172279.46240833317 173621.76482499982 70 60
173575.01440833314 174786.56140833316 70 57
174841.88340833317 176348.47990833322 70 59
177415.04490833328 177835.47790833327 70 46
178278.49740833326 178359.77187499995 70 25
5507.925 5706.351 71 37
5706.351 5893.423458333334 71 37
6770.93375 6969.35975 71 38
6969.35975 7198.189449999999 71 38
12251.04225 12704.652604166666 71 41
15254.21825 15896.684749999999 71 63
31372.06542499999 31570.491424999986 71 37
31570.491424999986 31757.563883333318 71 37
32635.07417499998 32833.50017499998 71 38
32833.50017499998 33062.329874999974 71 38
38115.18267499995 38568.79302916662 71 46
41118.358674999945 41760.82517499994 71 63
57187.116064583206 57385.542064583206 71 34
59178.7568145832 59450.886814583195 71 42
93596.55604166641 93794.98204166642 71 37
93794.98204166642 93982.05449999975 71 37
94859.56479166642 95057.99079166642 71 38
95057.99079166642 95286.82049166643 71 38
100339.67329166645 100793.2836458331 71 49
102902.09429166644 103508.13241666644 71 56
124636.4826812498 124834.90868124981 71 34
126628.12343124981 126900.25343124982 71 42
161045.92265833323 161244.3486583332 71 37
161244.3486583332 161431.42111666655 71 37
162308.9314083332 162507.35740833322 71 38
162507.35740833322 162736.18710833322 71 38
167789.03990833316 168242.65026249987 71 47
170351.46090833316 170957.49903333315 71 56
2554.0605000000005 2970.823500000001 72 45
3169.2495000000004 3609.653572916667 72 47
3832.707 4938.8176875 72 48
5194.0740000000005 5607.138 72 50
5819.31975 6342.40475 72 43
6455.852 6870.14675 72 50
7083.289499999999 7723.983562499999 72 43
8790.814750000001 9044.645843750002 72 45
15685.640249999999 16107.729249999999 72 58
23891.701925 24106.17997083333 72 27
28418.20092499999 28834.963924999985 72 45
29033.389924999985 29473.79399791665 72 47
29696.847424999985 30802.958112499986 72 48
31058.214424999987 31471.278424999986 72 50
31683.460174999986 32206.54517499998 72 43
32319.992424999982 32734.287174999976 72 50
32947.429924999975 33588.12398749997 72 43
34654.95517499995 34908.78626874996 72 45
41549.780674999936 41971.869674999936 72 58
49755.842349999926 49970.32039583325 72 27
53502.33584999991 54033.77259999991 72 40
56873.26506458321 57286.32906458321 72 46
57286.32906458321 57498.510814583206 72 35
59612.75081666652 59743.468760416516 72 48
59827.26564791651 59949.02782083318 72 46
78171.6630416664 78379.72204166638 72 35
78803.35829166637 79011.41729166637 72 35
84042.80854166632 84666.98554166632 72 43
90642.69154166635 91059.45454166638 72 45
91257.88054166638 91698.28461458304 72 47
91921.33804166639 93027.4487291664 72 48
93282.7050416664 93695.76904166641 72 50
93907.95079166642 94431.03579166642 72 43
94544.4830416664 94958.77779166642 72 50
95171.92054166642 95812.61460416642 72 43
96879.44579166644 97133.27688541645 72 45
117843.32546666643 119177.64746666641 72 28
120951.70246666644 121483.13921666643 72 40
124322.6316812498 124735.69568124981 72 46
124735.69568124981 124947.87743124981 72 35
127062.11743333316 127192.83537708317 72 48
127276.63226458317 127398.39443749982 72 46
145621.02965833328 145829.08865833326 72 35
146252.72490833327 146460.78390833328 72 35
151492.17515833332 152116.35215833332 72 43
158092.05815833333 158508.8211583333 72 45
158707.24715833328 159147.65123124997 72 47
159370.70465833327 160476.81534583325 72 48
160732.07165833324 161145.13565833322 72 50
161357.3174083332 161880.4024083332 72 43
161993.8496583332 162408.1444083332 72 50
162621.28715833323 163261.98122083323 72 43
164328.8124083332 164582.6435020832 72 45
17391.408750000002 17641.820133333338 73 31
43255.549174999935 43505.960558333274 73 31
54575.22375416656 54701.002014583224 73 42
74925.45416666639 75125.4676666664 73 41
75125.4676666664 75325.4811666664 73 38
75325.4811666664 75534.58666666641 73 36
75534.58666666641 75738.6821666664 73 38
75738.6821666664 75942.7776666664 73 35
75942.7776666664 76100.1800416664 73 33
78379.72204166638 78587.78104166637 73 35
79011.41729166637 79167.46154166636 73 35
80695.69916666634 80903.75816666633 73 37
81327.39441666633 81535.4534166663 73 42
84250.86754166632 84875.04454166633 73 52
108026.93629166644 108467.69129166644 73 56
110175.89479166643 110604.88179166644 73 42
122024.59037083312 122150.36863124977 73 42
142374.82078333333 142574.83428333333 73 41
142574.83428333333 142774.84778333333 73 38
142774.84778333333 142983.95328333334 73 36
142983.95328333334 143188.04878333333 73 38
143188.04878333333 143392.14428333333 73 35
143392.14428333333 143549.54665833333 73 33
145829.08865833326 146037.14765833324 73 35
146460.78390833328 146616.8281583333 73 35
148145.06578333327 148353.12478333327 73 37
148776.76103333329 148984.82003333326 73 42
151700.2341583333 152324.4111583333 73 52
175476.30290833316 175917.0579083332 73 56
177625.26140833326 178054.24840833328 73 42
2871.6105000000007 3070.0365000000006 74 38
3070.0365000000006 3184.244916666667 74 38
10984.853750000002 11395.334750000004 74 53
12035.090750000001 12636.702875 74 49
13547.274750000002 13957.755750000002 74 49
14597.511750000001 14819.890927083334 74 53
17615.657750000006 17696.93221666667 74 32
17844.437443750005 17917.81940208334 74 26
18077.677006250004 18549.744175000003 74 32
28735.750924999986 28934.176924999985 74 38
28934.176924999985 29048.385341666653 74 38
36848.99417499995 37259.47517499995 74 53
37899.23117499995 38500.84329999995 74 50
39411.415174999944 39821.89617499994 74 49
40461.65217499994 40684.03135208327 74 53
43479.79817499994 43561.07264166661 74 32
43708.57786874994 43781.95982708327 74 26
43941.81743124995 44413.88459999994 74 32
53615.30459999991 54598.48454583322 74 44
54788.942683333225 54905.83513749989 74 42
55001.093387499895 55106.64448749989 74 41
55211.81014999989 55316.59614166656 74 39
55316.59614166656 55421.00209166656 74 43
55525.03094374989 55628.68543124988 74 43
57385.542064583206 57916.978814583206 74 35
58448.8940645832 58647.3200645832 74 44
80903.75816666633 81111.81716666633 74 38
81535.4534166663 81691.49766666631 74 43
84666.98554166632 85291.16254166633 74 43
90960.24154166636 91158.66754166638 74 38
91158.66754166638 91272.87595833304 74 38
99073.48479166644 99483.96579166644 74 53
100123.72179166644 100725.33391666644 74 50
101635.90579166643 102046.38679166643 74 49
102686.14279166643 102908.52196874977 74 53
103563.22679166646 104934.71279166645 74 57
106125.64779166647 107457.03060833311 74 68
108247.31379166644 108513.6032708331 74 58
109110.15779166644 109532.24679166643 74 53
110386.11129166644 110829.13079166644 74 39
110829.13079166644 110910.4052583331 74 25
111057.91048541643 111131.29244374977 74 26
121064.67121666642 122047.85116249978 74 44
122238.30929999978 122355.20175416642 74 42
122450.46000416642 122556.01110416643 74 41
122661.17676666642 122765.9627583331 74 39
122765.9627583331 122870.3687083331 74 43
122974.39756041643 123078.05204791644 74 43
124834.90868124981 125366.3454312498 74 35
125898.26068124981 126096.68668124982 74 44
148353.12478333327 148561.18378333325 74 38
148984.82003333326 149140.8642833333 74 43
152116.35215833332 152740.52915833332 74 43
158409.60815833329 158608.0341583333 74 38
158608.0341583333 158722.24257499995 74 38
166522.8514083332 166933.3324083332 74 53
167573.0884083332 168174.70053333318 74 50
169085.2724083332 169495.7534083332 74 49
170135.50940833316 170357.8885854165 74 53
171012.59340833317 172384.07940833314 74 57
173575.01440833314 174906.39722499985 74 68
175696.68040833317 175962.96988749987 74 58
176559.52440833324 176981.61340833327 74 53
177835.47790833327 178278.49740833326 74 39
178278.49740833326 178359.77187499995 74 25
178507.27710208326 178580.6590604166 74 26
11190.094250000004 11561.300750000002 75 53
13752.515250000002 14123.72175 75 53
37054.23467499995 37425.44117499995 75 53
39616.65567499994 39987.86217499994 75 53
57498.510814583206 58548.1070645832 75 41
58548.1070645832 58760.2888145832 75 47
59720.20796874985 59845.98622916651 75 42
59933.92689791651 60050.819352083185 75 42
60040.19762708318 60146.07760208318 75 47
60251.62870208318 60356.794364583184 75 45
76259.2017916664 76471.2307916664 75 37
99278.72529166644 99649.93179166644 75 53
101841.14629166643 102212.35279166643 75 53
124947.87743124981 125997.47368124982 75 41
125997.47368124982 126209.65543124982 75 47
127169.5745854165 127295.35284583317 75 42
127383.29351458316 127500.18596874982 75 42
127489.56424374983 127595.44421874982 75 47
127700.99531874982 127806.16098124982 75 45
143708.56840833332 143920.5974083333 75 37
166728.0919083332 167099.2984083332 75 53
169290.51290833318 169661.71940833319 75 53
2970.823500000001 3169.2495000000004 76 42
7752.225749999999 8168.988749999999 76 50
8367.41475 8807.818822916668 76 51
9030.872250000002 9912.382250000002 76 51
11395.334750000004 11721.239750000002 76 53
13957.755750000002 14597.511750000001 76 54
24529.818424999998 25864.140424999998 76 23
28834.963924999985 29033.389924999985 76 42
33616.36617499997 34033.129174999965 76 50
34231.555174999965 34671.959247916624 76 51
34895.012674999954 35776.52267499995 76 51
37259.47517499995 37585.38017499995 76 53
39821.89617499994 40461.65217499994 76 54
50393.958849999915 51728.28084999992 76 23
74330.9805416664 74527.7145416664 76 45
74527.7145416664 74724.4485416664 76 42
74724.4485416664 74875.45079166639 76 39
74925.45416666639 75125.4676666664 76 41
75125.4676666664 75325.4811666664 76 38
75325.4811666664 75534.58666666641 76 36
76471.2307916664 76683.2597916664 76 35
91059.45454166638 91257.88054166638 76 42
95840.85679166642 96257.61979166642 76 50
96456.04579166645 96896.4498645831 76 51
97119.50329166645 98001.01329166644 76 51
99483.96579166644 99809.87079166644 76 53
102046.38679166643 102686.14279166643 76 54
105464.51529166644 106172.39820833314 76 53
108467.69129166644 109110.15779166644 76 63
141780.34715833334 141977.08115833334 76 45
141977.08115833334 142173.81515833334 76 42
142173.81515833334 142324.81740833333 76 39
142374.82078333333 142574.83428333333 76 41
142574.83428333333 142774.84778333333 76 38
142774.84778333333 142983.95328333334 76 36
143920.5974083333 144132.62640833328 76 35
158508.8211583333 158707.24715833328 76 42
163290.22340833326 163706.98640833324 76 50
163905.4124083332 164345.8164812499 76 51
164568.8699083332 165450.3799083332 76 51
166933.3324083332 167259.23740833317 76 53
169495.7534083332 170135.50940833316 76 54
172913.88190833313 173621.76482499982 76 50
175917.0579083332 176559.52440833324 76 63
4513.3904999999995 5194.0740000000005 77 52
8069.775749999998 8268.20175 77 42
8268.20175 8382.410166666667 77 42
11616.622750000002 12251.04225 77 53
14388.277750000001 14813.46325 77 62
17844.437443750005 17917.81940208334 77 33
18077.677006250004 18549.744175000003 77 32
30377.53092499999 31058.214424999987 77 51
33933.91617499996 34132.34217499996 77 42
34132.34217499996 34246.55059166662 77 42
37480.76317499995 38115.18267499995 77 53
40252.41817499994 40677.60367499994 77 60
43708.57786874994 43781.95982708327 77 33
43941.81743124995 44413.88459999994 77 32
58647.3200645832 59178.7568145832 77 50
92602.02154166639 93282.7050416664 77 52
96158.40679166642 96356.83279166643 77 42
96356.83279166643 96471.0412083331 77 42
99705.25379166643 100339.67329166645 77 53
102476.90879166643 102902.09429166644 77 62
108899.11329166644 109321.20229166644 77 58
117205.20896666643 117422.34583124975 77 27
126096.68668124982 126628.12343124981 77 50
160051.38815833325 160732.07165833324 77 48
163607.77340833322 163806.19940833322 77 42
163806.19940833322 163920.40782499986 77 42
167154.6204083332 167789.03990833316 77 53
169926.27540833317 170351.46090833316 77 62
176348.47990833322 176770.56890833325 77 58
184729.88658333325 184997.5878749999 77 24
10773.153750000003 11002.812293750003 78 53
13335.574750000002 13565.233293750001 78 47
36637.29417499995 36866.95271874995 78 53
39199.71517499995 39429.37371874994 78 47
55001.093387499895 55106.64448749989 78 41
59720.20796874985 59845.98622916651 78 42
75636.6344166664 75840.7299166664 78 42
79230.12341666636 80591.66966666635 78 47
98861.78479166645 99091.44333541644 78 53
101424.20579166643 101653.86433541642 78 47
104198.32679166645 104608.80779166645 78 53
106760.74779166646 107171.22879166646 78 53
110604.88179166644 110855.29317499977 78 31
122450.46000416642 122556.01110416643 78 41
127169.5745854165 127295.35284583317 78 42
143086.00103333333 143290.09653333333 78 42
146679.49003333328 148041.0362833333 78 47
166311.1514083332 166540.80995208322 78 53
168873.5724083332 169103.23095208322 78 47
171647.69340833317 172058.17440833317 78 53
174210.11440833317 174620.59540833317 78 53
178054.24840833328 178304.6597916666 78 31
8168.988749999999 8367.41475 79 46
34033.129174999965 34231.555174999965 79 46
55211.81014999989 55316.59614166656 79 39
55421.00209166656 55525.03094374989 79 37
55628.68543124988 55726.287768749884 79 36
55732.31310624988 55824.65219999989 79 41
55938.37149583321 56024.131808333215 79 38
58760.2888145832 59743.468760416516 79 55
59933.92689791651 60050.819352083185 79 42
60146.07760208318 60251.62870208318 79 41
60356.794364583184 60461.58035624985 79 39
60461.58035624985 60565.98630624985 79 43
60670.015158333175 60773.66964583317 79 43
73735.19879166644 73930.65129166642 79 51
73930.65129166642 74126.1037916664 79 49
74126.1037916664 74330.9805416664 79 48
74330.9805416664 74527.7145416664 79 45
74527.7145416664 74724.4485416664 79 42
74724.4485416664 74875.45079166639 79 39
75840.7299166664 76044.8254166664 79 40
81754.15954166632 83626.69054166632 79 62
96257.61979166642 96456.04579166645 79 46
104403.56729166645 104747.11279166646 79 60
105248.56379166644 105951.18227083312 79 57
106965.98829166646 107309.53379166647 79 60
107810.98479166644 108033.36396874978 79 57
110829.13079166644 110910.4052583331 79 32
111057.91048541643 111131.29244374977 79 26
111291.15004791644 112707.42921666642 79 32
122661.17676666642 122765.9627583331 79 39
122870.3687083331 122974.39756041643 79 37
123078.05204791644 123175.65438541645 79 36
123181.67972291645 123274.01881666644 79 41
123387.73811249976 123473.49842499977 79 38
126209.65543124982 127192.83537708317 79 55
127383.29351458316 127500.18596874982 79 42
127595.44421874982 127700.99531874982 79 41
127806.16098124982 127910.94697291648 79 39
127910.94697291648 128015.35292291649 79 43
128119.38177499986 128223.03626249985 79 43
141184.56540833338 141380.01790833336 79 51
141380.01790833336 141575.47040833335 79 49
141575.47040833335 141780.34715833334 79 48
141780.34715833334 141977.08115833334 79 45
141977.08115833334 142173.81515833334 79 42
142173.81515833334 142324.81740833333 79 39
143290.09653333333 143494.19203333333 79 40
149203.5261583333 151076.0571583333 79 62
163706.98640833324 163905.4124083332 79 46
171852.93390833316 172196.47940833317 79 60
172697.93040833314 173400.5488874998 79 55
174415.35490833316 174758.90040833317 79 60
175260.35140833317 175482.73058541652 79 57
178278.49740833326 178359.77187499995 79 32
178507.27710208326 178580.6590604166 79 26
178740.51666458327 180156.79583333325 79 32
9692.004750000002 10984.853750000002 81 53
13123.87475 13547.274750000002 81 53
18077.677006250004 18549.744175000003 81 40
35556.145174999954 36848.99417499995 81 53
38988.01517499994 39411.415174999944 81 53
43941.81743124995 44413.88459999994 81 40
55421.00209166656 55525.03094374989 81 37
75025.46091666639 75225.4744166664 81 44
97780.63579166644 99073.48479166644 81 53
101212.50579166645 101635.90579166643 81 53
104608.80779166645 104934.71279166645 81 63
107171.22879166646 107810.98479166644 81 63
117843.32546666643 119177.64746666641 81 23
122870.3687083331 122974.39756041643 81 37
142474.82753333333 142674.84103333333 81 44
165230.0024083332 166522.8514083332 81 53
168661.87240833318 169085.2724083332 81 53
172058.17440833317 172384.07940833314 81 63
174620.59540833317 175260.35140833317 81 63
55628.68543124988 55726.287768749884 82 36
55834.910724999885 55923.58581666655 82 34
56043.54563541655 56127.02066874987 82 33
62121.5421541665 62267.0325916665 82 31
62326.6699666665 62446.4638979165 82 30
62530.228722916494 62732.6307229165 82 31
62732.6307229165 62935.03272291651 82 30
62935.03272291651 63078.40080624985 82 32
63137.160418749845 63240.76363749985 82 31
63342.277522916505 63504.9616354165 82 34
63548.7099666665 63653.36283749983 82 34
63754.23833333316 63958.925012499836 82 37
63958.925012499836 64111.77764374983 82 37
64162.549393749825 64365.63639374984 82 41
64365.63639374984 64498.144074999815 82 42
66990.06478541647 67135.55522291646 82 31
67195.19259791647 67314.98652916646 82 30
67398.75135416647 67601.15335416647 82 31
67601.15335416647 67803.55535416647 82 30
67803.55535416647 67946.92343749982 82 32
68005.68304999982 68109.28626874983 82 32
68210.8001541665 68373.4842666665 82 35
68417.2325979165 68521.88546874984 82 36
68622.76096458318 68827.44764374985 82 40
68827.44764374985 68980.30027499984 82 40
69031.07202499984 69234.15902499986 82 46
69234.15902499986 69366.66670624983 82 49
69451.29953749984 69580.38597708316 82 46
69655.19103333316 69773.37849791648 82 43
69856.02443541649 70029.67094791649 82 44
70055.29587083314 70253.68237083315 82 43
70253.68237083315 70452.06887083314 82 46
70452.06887083314 70658.07733749982 82 46
70658.07733749982 70784.98312708315 82 43
70858.55145416649 71056.30302916649 82 45
71056.30302916649 71157.64093541646 82 44
71254.03552916647 71354.39258749981 82 45
71452.2099374998 71562.47786666646 82 43
71653.25254166647 71894.60096458315 82 42
71943.31779166649 72138.77029166647 82 56
72138.77029166647 72334.22279166646 82 53
72334.22279166646 72537.21954166646 82 52
72537.21954166646 72733.95354166646 82 56
72733.95354166646 72930.68754166644 82 53
72930.68754166644 73141.00329166643 82 52
73141.00329166643 73335.82129166643 82 51
73335.82129166643 73530.63929166643 82 49
73530.63929166643 73735.19879166644 82 48
73735.19879166644 73930.65129166642 82 51
73930.65129166642 74126.1037916664 82 49
74126.1037916664 74330.9805416664 82 48
75225.4744166664 75425.48791666642 82 43
103986.62679166645 104216.28533541644 82 62
104830.09579166643 105464.51529166644 82 71
106549.04779166647 106776.14082916647 82 62
107601.75079166645 108026.93629166644 82 62
111057.91048541643 111131.29244374977 82 33
111291.15004791644 112707.42921666642 82 32
123078.05204791644 123175.65438541645 82 36
123284.27734166644 123372.95243333309 82 34
123492.9122520831 123576.38728541647 82 33
129570.90877083325 129716.39920833326 82 31
129776.03658333325 129895.83051458326 82 30
129979.59533958326 130181.99733958326 82 31
130181.99733958326 130384.39933958327 82 30
130384.39933958327 130527.76742291662 82 32
130586.52703541663 130690.13025416661 82 31
130791.64413958327 130954.32825208329 82 34
130998.07658333327 131102.7294541666 82 34
131203.60494999992 131408.2916291666 82 37
131408.2916291666 131561.1442604166 82 37
131611.91601041658 131815.00301041658 82 41
131815.00301041658 131947.51069166663 82 42
134439.43140208337 134584.92183958334 82 31
134644.55921458337 134764.35314583336 82 30
134848.11797083335 135050.51997083335 82 31
135050.51997083335 135252.92197083338 82 30
135252.92197083338 135396.29005416672 82 32
135455.04966666672 135558.6528854167 82 32
135660.16677083337 135822.8508833334 82 35
135866.59921458337 135971.2520854167 82 36
136072.12758125 136276.8142604167 82 40
136276.8142604167 136429.6668916667 82 40
136480.4386416667 136683.52564166667 82 46
136683.52564166667 136816.03332291672 82 49
136900.6661541667 137029.75259375005 82 46
137104.55765000006 137222.7451145834 82 43
137305.3910520834 137479.0375645834 82 44
137504.66248750009 137703.04898750014 82 43
137703.04898750014 137901.43548750016 82 46
137901.43548750016 138107.4439541668 82 46
138107.4439541668 138234.3497437501 82 43
138307.91807083343 138505.66964583346 82 45
138505.66964583346 138607.00755208344 82 44
138703.40214583345 138803.7592041668 82 45
138901.57655416682 139011.84448333347 82 43
139102.6191583335 139343.96758125012 82 42
139392.68440833344 139588.13690833343 82 56
139588.13690833343 139783.5894083334 82 53
139783.5894083334 139986.5861583334 82 52
139986.5861583334 140183.3201583334 82 56
140183.3201583334 140380.0541583334 82 53
140380.0541583334 140590.3699083334 82 52
140590.3699083334 140785.1879083334 82 51
140785.1879083334 140980.0059083334 82 49
140980.0059083334 141184.56540833338 82 48
141184.56540833338 141380.01790833336 82 51
141380.01790833336 141575.47040833335 82 49
141575.47040833335 141780.34715833334 82 48
142674.84103333333 142874.85453333336 82 43
171435.99340833316 171665.6519520832 82 62
172279.46240833317 172913.88190833313 82 71
173998.41440833316 174225.50744583315 82 62
175051.11740833317 175476.30290833316 82 62
178507.27710208326 178580.6590604166 82 33
178740.51666458327 180156.79583333325 82 32
60146.07760208318 60251.62870208318 83 41
64582.77690624982 64711.86334583315 83 42
64786.66840208315 64904.85586666647 83 39
64987.50180416647 65161.14831666647 83 39
65186.77323958313 65385.159739583134 83 36
65385.159739583134 65583.54623958313 83 37
65583.54623958313 65789.55470624981 83 35
65789.55470624981 65916.46049583313 83 31
65990.02882291647 66187.78039791647 83 30
66187.78039791647 66385.51289791647 83 31
66385.51289791647 66485.8699562498 83 30
66583.6873062498 66693.95523541646 83 32
66784.90876666646 66938.59616041646 83 31
127595.44421874982 127700.99531874982 83 41
132032.14352291662 132161.22996249996 83 42
132236.03501874997 132354.22248333332 83 39
132436.86842083329 132610.51493333332 83 39
132636.13985625 132834.52635625002 83 36
132834.52635625002 133032.91285625004 83 37
133032.91285625004 133238.9213229167 83 35
133238.9213229167 133365.8271125 83 31
133439.39543958334 133637.14701458334 83 30
133637.14701458334 133834.87951458333 83 31
133834.87951458333 133935.23657291668 83 30
134033.05392291668 134143.32185208335 83 32
134234.27538333333 134387.96277708333 83 31
24529.818424999998 25864.140424999998 84 28
50393.958849999915 51728.28084999992 84 28
60356.794364583184 60461.58035624985 84 39
60565.98630624985 60670.015158333175 84 37
60773.66964583317 60871.27198333317 84 36
60877.297320833175 60969.636414583176 84 41
61083.35571041651 61169.1160229165 84 38
74429.3475416664 74626.0815416664 84 50
127806.16098124982 127910.94697291648 84 39
128015.35292291649 128119.38177499986 84 37
128223.03626249985 128320.63859999986 84 36
128326.66393749986 128419.00303124987 84 41
128532.7223270832 128618.48263958322 84 38
141878.71415833334 142075.44815833334 84 50
55834.910724999885 55923.58581666655 85 34
66990.06478541647 67135.55522291646 85 31
67195.19259791647 67314.98652916646 85 30
67398.75135416647 67601.15335416647 85 31
67601.15335416647 67803.55535416647 85 30
67803.55535416647 67946.92343749982 85 32
68005.68304999982 68109.28626874983 85 32
68210.8001541665 68373.4842666665 85 35
68417.2325979165 68521.88546874984 85 36
68622.76096458318 68827.44764374985 85 40
68827.44764374985 68980.30027499984 85 40
69031.07202499984 69234.15902499986 85 46
69234.15902499986 69366.66670624983 85 49
69451.29953749984 69580.38597708316 85 46
69655.19103333316 69773.37849791648 85 43
69856.02443541649 70029.67094791649 85 44
70055.29587083314 70253.68237083315 85 43
70253.68237083315 70452.06887083314 85 46
70452.06887083314 70658.07733749982 85 46
70658.07733749982 70784.98312708315 85 43
70858.55145416649 71056.30302916649 85 45
71056.30302916649 71157.64093541646 85 44
71254.03552916647 71354.39258749981 85 45
71452.2099374998 71562.47786666646 85 43
71653.25254166647 71894.60096458315 85 42
71943.31779166649 72138.77029166647 85 56
72138.77029166647 72334.22279166646 85 53
72334.22279166646 72537.21954166646 85 52
72537.21954166646 72733.95354166646 85 56
72733.95354166646 72930.68754166644 85 53
72930.68754166644 73141.00329166643 85 52
73141.00329166643 73335.82129166643 85 51
73335.82129166643 73530.63929166643 85 49
73530.63929166643 73735.19879166644 85 48
74626.0815416664 74822.81554166638 85 48
123284.27734166644 123372.95243333309 85 34
134439.43140208337 134584.92183958334 85 31
134644.55921458337 134764.35314583336 85 30
134848.11797083335 135050.51997083335 85 31
135050.51997083335 135252.92197083338 85 30
135252.92197083338 135396.29005416672 85 32
135455.04966666672 135558.6528854167 85 32
135660.16677083337 135822.8508833334 85 35
135866.59921458337 135971.2520854167 85 36
136072.12758125 136276.8142604167 85 40
136276.8142604167 136429.6668916667 85 40
136480.4386416667 136683.52564166667 85 46
136683.52564166667 136816.03332291672 85 49
136900.6661541667 137029.75259375005 85 46
137104.55765000006 137222.7451145834 85 43
137305.3910520834 137479.0375645834 85 44
137504.66248750009 137703.04898750014 85 43
137703.04898750014 137901.43548750016 85 46
137901.43548750016 138107.4439541668 85 46
138107.4439541668 138234.3497437501 85 43
138307.91807083343 138505.66964583346 85 45
138505.66964583346 138607.00755208344 85 44
138703.40214583345 138803.7592041668 85 45
138901.57655416682 139011.84448333347 85 43
139102.6191583335 139343.96758125012 85 42
139392.68440833344 139588.13690833343 85 56
139588.13690833343 139783.5894083334 85 53
139783.5894083334 139986.5861583334 85 52
139986.5861583334 140183.3201583334 85 56
140183.3201583334 140380.0541583334 85 53
140380.0541583334 140590.3699083334 85 52
140590.3699083334 140785.1879083334 85 51
140785.1879083334 140980.0059083334 85 49
140980.0059083334 141184.56540833338 85 48
142075.44815833334 142272.18215833334 85 48
56043.54563541655 56127.02066874987 86 33
60565.98630624985 60670.015158333175 86 37
62121.5421541665 62267.0325916665 86 31
62326.6699666665 62446.4638979165 86 30
62530.228722916494 62732.6307229165 86 31
62732.6307229165 62935.03272291651 86 30
62935.03272291651 63078.40080624985 86 32
63137.160418749845 63240.76363749985 86 31
63342.277522916505 63504.9616354165 86 34
63548.7099666665 63653.36283749983 86 34
63754.23833333316 63958.925012499836 86 37
63958.925012499836 64111.77764374983 86 37
64162.549393749825 64365.63639374984 86 41
64365.63639374984 64498.144074999815 86 42
64582.77690624982 64711.86334583315 86 42
64786.66840208315 64904.85586666647 86 39
64987.50180416647 65161.14831666647 86 39
65186.77323958313 65385.159739583134 86 36
65385.159739583134 65583.54623958313 86 37
65583.54623958313 65789.55470624981 86 35
65789.55470624981 65916.46049583313 86 31
65990.02882291647 66187.78039791647 86 30
66187.78039791647 66385.51289791647 86 31
66385.51289791647 66485.8699562498 86 30
66583.6873062498 66693.95523541646 86 32
66784.90876666646 66938.59616041646 86 31
103563.22679166646 104198.32679166645 86 80
106337.34779166647 106760.74779166646 86 70
111291.15004791644 112707.42921666642 86 40
123492.9122520831 123576.38728541647 86 33
128015.35292291649 128119.38177499986 86 37
129570.90877083325 129716.39920833326 86 31
129776.03658333325 129895.83051458326 86 30
129979.59533958326 130181.99733958326 86 31
130181.99733958326 130384.39933958327 86 30
130384.39933958327 130527.76742291662 86 32
130586.52703541663 130690.13025416661 86 31
130791.64413958327 130954.32825208329 86 34
130998.07658333327 131102.7294541666 86 34
131203.60494999992 131408.2916291666 86 37
131408.2916291666 131561.1442604166 86 37
131611.91601041658 131815.00301041658 86 41
131815.00301041658 131947.51069166663 86 42
132032.14352291662 132161.22996249996 86 42
132236.03501874997 132354.22248333332 86 39
132436.86842083329 132610.51493333332 86 39
132636.13985625 132834.52635625002 86 36
132834.52635625002 133032.91285625004 86 37
133032.91285625004 133238.9213229167 86 35
133238.9213229167 133365.8271125 86 31
133439.39543958334 133637.14701458334 86 30
133637.14701458334 133834.87951458333 86 31
133834.87951458333 133935.23657291668 86 30
134033.05392291668 134143.32185208335 86 32
134234.27538333333 134387.96277708333 86 31
171012.59340833317 171647.69340833317 86 80
173786.71440833315 174210.11440833317 86 70
178740.51666458327 180156.79583333325 86 40
60773.66964583317 60871.27198333317 87 36
60979.89493958317 61068.570031249845 87 34
61188.52984999984 61272.00488333316 87 33
73832.92504166643 74028.37754166641 87 56
128223.03626249985 128320.63859999986 87 36
128429.26155624988 128517.93664791655 87 34
128637.89646666654 128721.37149999986 87 33
141282.2916583334 141477.74415833337 87 56
62224.28873749983 62348.8209916665 88 35
62833.831722916504 63036.23372291651 88 35
63445.569022916505 63651.6472166665 88 39
64060.83351874983 64264.09289374983 88 45
64685.36215624982 64808.52156458315 88 47
65285.96648958313 65484.35298958313 88 42
65890.7505812498 65995.81509583314 88 35
66484.22218541647 66613.6433562498 88 35
67092.8113687498 67217.34362291647 88 35
67702.35435416647 67904.75635416649 88 36
68314.0916541665 68520.1698479165 88 40
68929.35614999985 69132.61552499986 88 50
69553.88478749985 69677.04419583316 88 52
70154.48912083315 70352.87562083315 88 53
70759.27321249981 70864.33772708316 88 53
74028.37754166641 74223.8300416664 88 56
129673.65535416658 129798.18760833325 88 35
130283.19833958326 130485.60033958327 88 35
130894.93563958329 131101.01383333327 88 39
131510.20013541658 131713.45951041658 88 45
132134.72877291663 132257.88818124996 88 47
132735.33310625 132933.71960625003 88 42
133340.11719791667 133445.18171250002 88 35
133933.58880208334 134063.00997291668 88 35
134542.1779854167 134666.71023958336 88 35
135151.72097083335 135354.12297083338 88 36
135763.4582708334 135969.53646458336 88 40
136378.7227666667 136581.9821416667 88 50
137003.25140416672 137126.41081250008 88 52
137603.85573750013 137802.24223750015 88 53
138208.63982916676 138313.7043437501 88 53
141477.74415833337 141673.19665833336 88 56
62428.6334541665 62631.4297229165 89 35
63036.23372291651 63159.08730208318 89 35
63651.6472166665 63817.49923749983 89 41
64264.09289374983 64393.99820624983 89 46
64887.26438541647 65081.53051666648 89 45
65484.35298958313 65652.98151458314 89 40
66088.91414791647 66286.64664791647 89 35
66683.90296041647 66822.98757916647 89 35
67297.15608541646 67499.95235416647 89 35
67904.75635416649 68027.60993333315 89 36
68520.1698479165 68686.02186874984 89 44
69132.61552499986 69262.52083749985 89 53
69755.7870166665 69950.0531479165 89 50
70352.87562083315 70521.50414583315 89 53
70957.43677916648 71105.73615416647 89 53
71352.74481666647 71482.1659874998 89 49
117843.32546666643 119177.64746666641 89 28
129878.00007083325 130080.79633958326 89 35
130485.60033958327 130608.45391874995 89 35
131101.01383333327 131266.8658541666 89 41
131713.45951041658 131843.36482291657 89 46
132336.6310020833 132530.8971333333 89 45
132933.71960625003 133102.34813125004 89 40
133538.28076458335 133736.01326458334 89 35
134133.26957708335 134272.35419583335 89 35
134746.52270208334 134949.31897083335 89 35
135354.12297083338 135476.97655000005 89 36
135969.53646458336 136135.38848541668 89 44
136581.9821416667 136711.8874541667 89 53
137205.1536333334 137399.4197645834 89 50
137802.24223750015 137970.87076250016 89 53
138406.80339583347 138555.10277083344 89 53
138802.11143333346 138931.53260416683 89 49
60979.89493958317 61068.570031249845 90 34
71552.42559166647 71703.68291666648 90 49
72041.04404166648 72236.49654166646 90 63
72635.58654166646 72832.32054166644 90 61
73238.41229166643 73433.23029166643 90 58
128429.26155624988 128517.93664791655 90 34
139001.79220833347 139153.04953333348 90 49
139490.41065833345 139685.86315833344 90 63
140084.9531583334 140281.6871583334 90 61
140687.7789083334 140882.5969083334 90 58
56151.86828541653 56272.85832708321 91 48
61188.52984999984 61272.00488333316 91 33
72236.49654166646 72431.94904166646 91 62
72832.32054166644 73029.05454166644 91 61
73433.23029166643 73628.04829166643 91 57
123601.23490208313 123722.22494374981 91 48
128637.89646666654 128721.37149999986 91 33
139685.86315833344 139881.31565833342 91 62
140281.6871583334 140478.4211583334 91 61
140882.5969083334 141077.4149083334 91 57
61296.85249999982 61417.8425416665 96 48
128746.21911666651 128867.2091583332 96 48
