284587.41461875086 285918.9507854175 29 50
381967.75679166825 383299.2929583349 29 50
281161.60986875073 281717.1653687508 34 59
290296.9361187508 290871.21711875073 34 59
378541.9520416681 379097.50754166814 34 59
387677.2782916681 388293.45704166807 34 59
87675.96622291638 89007.50238958305 36 63
99561.1639416664 100811.16434791639 36 49
187207.07244583353 188538.6086125002 36 63
199092.27016458346 200342.27057083347 36 49
282297.97336875077 282853.5288687508 36 53
283422.5688687509 283988.60636875086 36 53
291471.7576187507 292071.75761875074 36 53
379678.31554166815 380233.8710416682 36 53
380802.91104166827 381368.94854166824 36 53
388965.5472916681 389603.845291668 36 53
99601.48653541639 100327.2932229164 40 53
199132.59275833346 199858.39944583346 40 53
2598.4846562499997 3612.120999999999 41 45
22036.801593750002 23076.136874999997 41 45
29381.64 29981.640000000003 41 42
84250.16147291638 84805.71697291639 41 59
93385.4877229164 93959.7687229164 41 59
102129.59087916638 103143.22722291638 41 45
121567.9078166664 122607.2430979164 41 45
128912.74622291638 129512.74622291638 41 42
183781.26769583355 184336.82319583354 41 59
192916.59394583342 193490.8749458334 41 59
284587.41461875086 285918.9507854175 41 50
296472.6123375007 297722.61274375056 41 49
381967.75679166825 383299.2929583349 41 50
394524.93938541797 395942.622666668 41 49
85386.52497291638 85942.08047291638 43 53
86511.12047291639 87077.15797291638 43 53
94560.3092229164 95160.3092229164 43 53
95775.3092229164 96380.30922291639 43 53
99641.80912916639 100811.16434791639 43 56
184917.63119583356 185473.18669583357 43 53
186042.22669583352 186608.26419583353 43 53
194091.4154458334 194691.41544583344 43 53
195306.4154458334 195911.41544583344 43 53
199172.91535208345 200342.27057083347 43 56
2636.3634374999997 3612.120999999999 45 48
22077.1241875 23076.136874999997 45 48
102167.46966041639 103143.22722291638 45 48
121608.23041041639 122607.2430979164 45 48
296512.93493125064 297238.74161875056 45 53
394570.67110416794 395393.842041668 45 53
17262.847375000012 19737.35566041667 46 43
31806.640000000007 33306.63999999999 46 44
116793.95359791639 119268.46188333308 46 43
131337.74622291638 132837.7462229164 46 44
281161.60986875073 281717.1653687508 46 70
290296.9361187508 290871.21711875073 46 70
378541.9520416681 379097.50754166814 46 70
387677.2782916681 388293.45704166807 46 70
2674.2422187499997 3612.120999999999 48 51
5111.342249999999 5711.342249999999 48 42
19694.426375000003 22036.801593750002 48 37
22117.44678125 23076.136874999997 48 51
24589.138125 29681.640000000003 48 42
69398.05007083315 69964.08757083316 48 47
87675.96622291638 89007.50238958305 48 63
97101.48572291639 99601.48653541639 48 56
99682.1317229164 100811.16434791639 48 60
102205.34844166639 103143.22722291638 48 51
104642.44847291637 105242.44847291637 48 42
119225.53259791642 121567.9078166664 48 37
121648.5530041664 122607.2430979164 48 51
124120.24434791638 128925.24622291636 48 42
168929.15629375 169495.19379375002 48 47
187207.07244583353 188538.6086125002 48 63
196632.59194583344 199132.59275833346 48 56
199213.23794583348 200342.27057083347 48 60
201670.47235208345 202684.10869583342 48 45
282297.97336875077 282853.5288687508 48 63
283422.5688687509 283988.60636875086 48 63
291471.7576187507 292071.75761875074 48 63
292671.7576187507 293291.7576187507 48 53
296553.2575250006 297722.61274375056 48 56
299050.8145250006 300064.4508687507 48 45
379678.31554166815 380233.8710416682 48 63
380802.91104166827 381368.94854166824 48 63
388965.5472916681 389603.845291668 48 63
390242.14329166804 390901.717891668 48 53
394616.40282291797 395942.622666668 48 56
67126.83757083316 67698.26607083315 50 51
166657.94379375002 167229.37229375003 50 51
7424.500187499998 8452.011999999999 52 45
26998.5 29681.640000000003 52 48
62492.5295708332 63069.45257083319 52 65
63646.37557083319 64223.298570833176 52 63
65972.66507083317 66544.09357083317 52 51
69964.08757083316 70474.37900833316 52 41
73968.9259895831 74534.96348958311 52 47
99682.1317229164 100811.16434791639 52 52
106955.60641041635 107983.11822291637 52 45
126529.60622291637 128925.24622291636 52 48
162023.6357937499 162600.55879374992 52 65
163177.48179374993 163754.40479374994 52 63
165503.77129375 166075.19979374998 52 51
169495.19379375002 170005.48523125003 52 41
173500.03221250008 174066.0697125001 52 47
199213.23794583348 200342.27057083347 52 52
201708.35113333346 202684.10869583342 52 48
224878.07769583346 225368.73175833348 52 50
227134.81169583346 227620.92275833347 52 40
229357.03369583355 229847.68775833357 52 53
284271.6251187509 284654.08127708425 52 45
299088.6933062506 300064.4508687507 52 48
322258.4198687511 322749.0739312511 52 50
324515.15386875125 325001.26493125124 52 40
326737.37586875114 327228.02993125125 52 53
381651.96729166823 382034.42345000163 52 45
2712.120999999999 3612.120999999999 53 53
9963.086875 10569.147375000002 53 42
22157.769374999996 23076.136874999997 53 53
26388.032000000003 27268.30202291667 53 50
29381.64 29981.640000000003 53 50
64824.260070833174 65401.23657083318 53 58
70550.13657083316 71121.56507083315 53 47
75117.9822395831 75684.01973958309 53 47
84250.16147291638 84805.71697291639 53 70
93385.4877229164 93959.7687229164 53 70
95760.3092229164 96375.3092229164 53 63
96660.3092229164 97101.48572291639 53 47
97101.48572291639 99601.48653541639 53 59
102243.2272229164 103143.22722291638 53 53
109494.19309791637 110100.2535979164 53 42
121688.87559791641 122607.2430979164 53 53
125919.13822291637 126799.40824583304 53 50
128912.74622291638 129512.74622291638 53 50
164355.36629374998 164932.34279374997 53 58
170081.24279375002 170652.67129375003 53 47
174649.08846250008 175215.1259625001 53 47
183781.26769583355 184336.82319583354 53 70
192916.59394583342 193490.8749458334 53 70
195291.4154458334 195906.41544583344 53 63
196191.41544583344 196632.59194583344 53 47
196632.59194583344 199132.59275833346 53 59
225999.57269583346 226560.32019583348 53 48
228245.92269583352 228801.47819583354 53 34
230478.52869583352 231039.27619583355 53 48
238480.70396666703 239074.76346666703 53 37
239668.82296666704 240257.05846666708 53 40
243206.92721666707 243789.45171666707 53 40
244371.97621666704 244948.89921666702 53 40
247887.492966667 248464.41596666703 53 40
249041.338966667 249612.76746666702 53 40
252484.15421666703 252764.52796666705 53 40
253608.2942166671 253886.07196666708 53 46
257055.58671666717 257391.78172916718 53 48
258203.93821666716 258789.42946666718 53 52
266309.4984666672 266875.5359666672 53 47
275448.7473687506 276877.31861875067 53 39
283988.60636875086 284587.41461875086 53 45
294012.9341187506 296512.93493125064 53 56
296593.5801187506 297722.61274375056 53 60
323379.9148687512 323940.66236875125 53 48
325626.2648687512 326181.8203687512 53 34
327858.8708687514 328419.6183687514 53 48
335861.0461395846 336455.10563958465 53 37
337049.1651395846 337637.4006395846 53 40
340587.2693895846 341169.79388958466 53 40
341752.3183895846 342329.2413895846 53 40
345267.8351395846 345844.7581395846 53 40
346421.68113958463 346993.1096395847 53 40
349864.4963895846 350144.8701395846 53 40
350988.6363895845 351266.4141395846 53 46
354435.92888958455 354772.12390208454 53 48
355584.28038958454 356169.77163958456 53 52
363689.8406395846 364255.87813958456 53 47
372829.089541668 374257.66079166805 53 39
381368.94854166824 381967.75679166825 53 45
391735.304541668 394570.67110416794 53 56
394662.13454166794 395942.622666668 53 60
5111.342249999999 5711.342249999999 55 42
7463.973874999998 8452.011999999999 55 48
20906.547375000002 22036.801593750002 55 33
25788.960625 26422.345737500003 55 50
26998.5 29681.640000000003 55 53
63069.45257083319 63646.37557083319 55 55
64223.298570833176 64824.260070833174 55 51
66544.09357083317 67126.83757083316 55 44
68262.25557083316 68828.29307083316 55 51
71692.99357083315 72264.42207083316 55 47
72836.72900416647 73184.2278874998 55 47
74534.96348958311 75117.9822395831 55 41
76250.05723958308 76816.09473958307 55 47
77382.13223958306 77732.61487499974 55 47
85386.52497291638 85942.08047291638 55 63
86511.12047291639 87077.15797291638 55 63
94560.3092229164 95160.3092229164 55 63
99682.1317229164 100811.16434791639 55 52
104642.44847291637 105242.44847291637 55 42
106995.08009791636 107983.11822291637 55 48
120437.6535979164 121567.9078166664 55 33
125320.06684791637 125953.45196041638 55 50
126529.60622291637 128925.24622291636 55 53
162600.55879374992 163177.48179374993 55 55
163754.40479374994 164355.36629374998 55 51
166075.19979374998 166657.94379375002 55 44
167793.36179375002 168359.39929375003 55 51
171224.09979375004 171795.52829375005 55 47
172367.8352270834 172715.33411041673 55 47
174066.0697125001 174649.08846250008 55 41
175781.16346250012 176347.2009625001 55 47
176913.2384625001 177263.72109791674 55 47
184917.63119583356 185473.18669583357 55 63
186042.22669583352 186608.26419583353 55 63
194091.4154458334 194691.41544583344 55 63
199213.23794583348 200342.27057083347 55 52
201746.22991458344 202684.10869583342 55 51
225438.82519583346 225929.47925833345 55 38
227690.36719583347 228176.4782583335 55 31
229917.78119583355 230408.4352583335 55 40
237868.9632520837 238239.63425000032 55 34
240870.3252166671 241458.56071666707 55 40
242046.79621666708 242373.5935916671 55 40
245546.63896666706 246106.73504583372 55 47
246689.59946666704 247255.63696666702 55 44
250210.981716667 250787.90471666702 55 40
251364.82771666703 251750.66395625038 55 40
254749.46446666712 255320.8929666671 55 49
255892.3214666671 256463.74996666715 55 50
264038.28596666723 264609.71446666727 55 51
283705.58761875087 284028.70069166756 55 45
284271.6251187509 284654.08127708425 55 53
299126.5720875006 300064.4508687507 55 51
322819.16736875114 323309.8214312512 55 38
325070.7093687512 325556.8204312512 55 31
327298.12336875126 327788.7774312513 55 40
335249.30542500137 335619.97642291803 55 34
338250.6673895846 338838.9028895846 55 40
339427.13838958455 339753.9357645846 55 40
342926.9811395847 343487.0772187513 55 47
344069.94163958466 344635.97913958464 55 44
347591.3238895847 348168.24688958476 55 40
348745.1698895847 349131.006129168 55 40
352129.8066395845 352701.2351395845 55 49
353272.66363958456 353844.09213958454 55 50
361418.6281395846 361990.0566395846 55 51
381085.92979166826 381409.04286458495 55 45
381651.96729166823 382034.42345000163 55 53
2712.120999999999 3612.120999999999 57 51
14806.268375000009 16031.26837500001 57 44
19694.426375000003 21512.607875000005 57 37
22157.769374999996 23076.136874999997 57 51
25188.2095 25813.4704375 57 50
65401.23657083318 65972.66507083317 57 45
67698.26607083315 68262.25557083316 57 43
71121.56507083315 71692.99357083315 57 41
75684.01973958309 76250.05723958308 57 41
102243.2272229164 103143.22722291638 57 51
114337.3745979164 115562.3745979164 57 44
119225.53259791642 121043.71409791641 57 37
121688.87559791641 122607.2430979164 57 51
124719.31572291638 125344.57666041638 57 50
164932.34279374997 165503.77129375 57 45
167229.37229375003 167793.36179375002 57 43
170652.67129375003 171224.09979375004 57 41
175215.1259625001 175781.16346250012 57 41
211195.2131958333 211766.64169583333 57 44
212338.07019583337 212909.49869583338 57 44
213480.9271958334 214052.35569583342 57 44
214623.78419583346 215195.21269583344 57 49
222609.33894583347 223170.08644583344 57 55
223730.83394583344 224291.58144583344 57 55
226560.32019583348 227134.81169583346 57 40
228801.47819583354 229357.03369583355 57 27
231039.27619583355 231540.23825833356 57 40
237275.97069583368 237706.261235417 57 34
238173.30770833368 238587.1396270837 57 28
239074.76346666703 239668.82296666704 57 28
240257.05846666708 240790.53796666706 57 31
243789.45171666707 244371.97621666704 57 32
244948.89921666702 245469.31940416704 57 35
248464.41596666703 248897.10821666702 57 32
249612.76746666702 250132.856716667 57 31
253044.90171666708 253327.92046666707 57 32
254166.4457166671 254449.46446666712 57 36
257629.76246666716 258203.93821666716 57 32
258789.42946666718 259403.97796666712 57 42
259403.97796666712 259980.90096666716 57 65
260557.8239666671 261134.74696666707 57 63
262884.1134666671 263455.5419666672 57 51
266875.5359666672 267385.82740416715 57 41
270880.37438541726 271446.41188541724 57 47
283131.30661875085 283422.5688687509 57 50
283422.5688687509 283988.60636875086 57 53
283988.60636875086 284587.41461875086 57 53
296593.5801187506 297722.61274375056 57 52
308575.55536875065 309146.9838687507 57 44
309718.4123687507 310289.8408687507 57 44
310861.2693687508 311432.6978687508 57 44
312004.1263687508 312575.55486875086 57 49
319989.68111875106 320550.428618751 57 55
321111.17611875106 321671.9236187511 57 55
323940.66236875125 324515.15386875125 57 40
326181.8203687512 326737.37586875114 57 27
328419.6183687514 328920.58043125144 57 40
334656.3128687514 335086.6034083347 57 34
335553.64988125133 335992.23427916795 57 28
336455.10563958465 337049.1651395846 57 28
337637.4006395846 338170.8801395846 57 31
341169.79388958466 341752.3183895846 57 32
342329.2413895846 342849.6615770846 57 35
345844.7581395846 346277.4503895846 57 32
346993.1096395847 347513.1988895847 57 31
350425.24388958456 350708.2626395846 57 32
351546.78788958455 351829.80663958454 57 36
355010.10463958455 355584.28038958454 57 32
356169.77163958456 356784.3201395845 57 42
356784.3201395845 357361.24313958455 57 65
357938.1661395845 358515.08913958445 57 63
360264.4556395845 360835.8841395846 57 51
364255.87813958456 364766.16957708454 57 41
368260.71655833465 368826.7540583346 57 47
380511.64879166824 380802.91104166827 57 50
380802.91104166827 381368.94854166824 57 53
381368.94854166824 381967.75679166825 57 53
394662.13454166794 395942.622666668 57 52
5111.342249999999 5711.342249999999 58 50
7503.447562499998 8452.011999999999 58 51
12406.268375000005 14811.476708333343 58 44
17262.847375000012 19737.35566041667 58 43
24589.138125 25212.719312499998 58 50
31806.640000000007 33306.63999999999 58 44
35395.804070833314 37222.27082083331 58 30
104642.44847291637 105242.44847291637 58 50
107034.55378541637 107983.11822291637 58 51
111937.37459791642 114342.58293124972 58 44
116793.95359791639 119268.46188333308 58 43
124120.24434791638 124743.82553541637 58 50
131337.74622291638 132837.7462229164 58 44
134926.9102937498 136171.74429374974 58 30
215796.71644583344 216347.17494583345 58 55
216918.60344583346 217469.06194583347 58 55
218061.93569583347 218622.68319583344 58 55
219183.43069583343 219744.17819583343 58 55
220304.92569583343 220876.35419583344 58 55
221447.78269583348 222013.82019583345 58 52
231613.76769583355 232099.87875833357 58 46
236693.44619583368 237033.252154167 58 38
237570.12260000032 238043.2056458337 58 27
241458.56071666707 242046.79621666708 58 30
242618.6917166671 243206.92721666707 58 33
246123.56196666704 246406.58071666703 58 35
247255.63696666702 247538.655716667 58 33
250787.90471666702 251364.82771666703 58 30
251918.11671666705 252484.15421666703 58 33
255320.8929666671 255820.89290416712 58 39
256463.74996666715 257055.58671666717 58 40
261735.70846666707 262312.68496666715 58 58
267461.5849666672 268033.0134666672 58 47
272029.4306354173 272595.46813541726 58 47
280040.1148687508 281717.1653687508 58 60
281439.3876187508 281784.29499166744 58 49
282853.5288687508 283393.44264375087 58 50
283705.58761875087 284028.70069166756 58 53
289164.86111875076 290871.21711875073 58 80
292671.7576187507 293291.7576187507 58 63
293571.7576187507 294012.9341187506 58 47
294012.9341187506 296512.93493125064 58 59
313177.05861875083 313727.51711875084 58 55
314298.9456187509 314849.4041187508 58 55
315442.27786875085 316003.02536875085 58 55
316563.7728687509 317124.52036875096 58 55
317685.267868751 318256.696368751 58 55
318828.12486875104 319394.162368751 58 52
328994.10986875143 329480.22093125136 58 46
334073.7883687514 334413.5943270848 58 38
334950.464772918 335423.5478187513 58 27
338838.9028895846 339427.13838958455 58 30
339999.0338895846 340587.2693895846 58 33
343503.9041395847 343786.9228895847 58 35
344635.97913958464 344918.9978895847 58 33
348168.24688958476 348745.1698895847 58 30
349298.45888958464 349864.4963895846 58 33
352701.2351395845 353201.23507708457 58 39
353844.09213958454 354435.92888958455 58 40
359116.0506395844 359693.0271395845 58 58
364841.9271395845 365413.3556395846 58 47
369409.7728083347 369975.81030833465 58 47
377420.4570416682 379097.50754166814 58 60
378819.7297916682 379164.6371645848 58 49
380233.8710416682 380773.78481666825 58 50
381085.92979166826 381409.04286458495 58 53
386545.20329166815 388293.45704166807 58 80
390242.14329166804 390901.717891668 58 63
391199.590291668 391735.304541668 58 47
391735.304541668 394570.67110416794 58 59
68828.29307083316 69398.05007083315 59 43
87360.1767229164 87675.96622291638 59 45
96660.3092229164 97101.48572291639 59 56
97101.48572291639 99601.48653541639 59 59
168359.39929375003 168929.15629375 59 43
186891.28294583352 187207.07244583353 59 45
196191.41544583344 196632.59194583344 59 56
196632.59194583344 199132.59275833346 59 59
232724.8786958336 233280.43419583363 59 45
330105.22086875135 330660.7763687513 59 45
2712.120999999999 3612.120999999999 60 51
3612.120999999999 3936.8734791666657 60 56
7542.9212499999985 8452.011999999999 60 53
9963.086875 10569.147375000002 60 50
22157.769374999996 23076.136874999997 60 51
23076.136874999997 23399.586110416665 60 56
25030.314749999998 25212.719312499998 60 53
25629.386125 25813.4704375 60 53
26230.137250000003 26422.345737500003 60 53
26833.664875 27268.30202291667 60 53
36610.02582083332 41598.94382083332 60 34
41598.94382083332 42193.00332083332 60 40
42787.06282083332 43375.29832083332 60 40
46325.167070833304 46907.6915708333 60 40
47490.2160708333 48067.1390708333 60 40
50976.044570833285 51552.96757083327 60 40
52129.89057083327 52701.31907083326 60 40
55572.70582083324 55853.07957083323 60 40
56696.845820833216 56974.62357083322 60 46
60144.1383208332 60480.3333333332 60 48
61292.489820833194 61877.9810708332 60 52
62780.991070833195 63357.91407083319 60 55
63357.91407083319 63934.837070833186 60 55
63934.837070833186 64511.760070833174 60 51
64511.760070833174 64986.88149374985 60 51
65115.52232083318 65686.95082083317 60 45
65686.95082083317 65994.09363958317 60 45
67412.55182083316 67834.62969583315 60 43
67970.99332083316 68276.40650833317 60 43
69681.06882083316 70247.10632083315 60 41
70247.10632083315 70571.56513958315 60 41
72264.42207083316 72790.61248124982 60 40
74251.94473958311 74817.9822395831 60 41
74817.9822395831 75143.92562499977 60 41
75401.0009895831 75967.0384895831 60 41
75967.0384895831 76280.7176041664 60 41
76816.09473958307 77382.13223958306 60 40
78537.2989729164 79965.87022291639 60 39
87077.15797291638 87644.38727291638 60 45
95460.3092229164 95760.3092229164 60 51
96360.3092229164 97057.36807291639 60 56
99682.1317229164 100811.16434791639 60 52
102243.2272229164 103143.22722291638 60 51
103143.22722291638 103467.97970208304 60 56
107074.02747291636 107983.11822291637 60 53
109494.19309791637 110100.2535979164 60 50
121688.87559791641 122607.2430979164 60 51
122607.2430979164 122930.69233333306 60 56
124561.42097291638 124743.82553541637 60 53
125160.49234791637 125344.57666041638 60 53
125761.24347291638 125953.45196041638 60 53
126364.77109791637 126799.40824583304 60 53
136141.13204374976 141130.05004374977 60 34
141130.05004374977 141724.1095437498 60 40
142318.1690437498 142906.40454374984 60 40
145856.27329374984 146438.7977937498 60 40
147021.32229374978 147598.2452937498 60 40
150507.15079374975 151084.0737937498 60 40
151660.99679374977 152232.42529374978 60 40
155103.8120437498 155384.1857937498 60 40
156227.95204374986 156505.72979374984 60 46
159675.24454374987 160011.43955624988 60 48
160823.59604374992 161409.0872937499 60 52
162312.0972937499 162889.02029374993 60 55
162889.02029374993 163465.94329374994 60 55
163465.94329374994 164042.86629374998 60 51
164042.86629374998 164517.98771666663 60 51
164646.62854374995 165218.05704374998 60 45
165218.05704374998 165525.19986249998 60 45
166943.65804375 167365.73591875003 60 43
167502.09954375002 167807.51273125003 60 43
169212.17504375003 169778.21254375 60 41
169778.21254375 170102.67136250003 60 41
171795.52829375005 172321.71870416673 60 40
173783.05096250007 174349.08846250008 60 41
174349.08846250008 174675.03184791675 60 41
174932.10721250012 175498.1447125001 60 41
175498.1447125001 175811.82382708343 60 41
176347.2009625001 176913.2384625001 60 40
178068.40519583342 179496.97644583345 60 39
186608.26419583353 187175.49349583354 60 45
194991.4154458334 195291.4154458334 60 51
195891.41544583344 196588.47429583344 60 56
199213.23794583348 200342.27057083347 60 52
201784.10869583342 202684.10869583342 60 53
204183.32994583342 204765.85444583342 60 44
205348.3789458334 205930.90344583336 60 44
206528.28819583333 207105.21119583337 60 44
207682.13419583338 208112.1050708334 60 44
208859.40419583337 209300.58082083336 60 44
210030.16419583335 210612.68869583332 60 44
211766.64169583333 212338.07019583337 60 39
212909.49869583338 213290.45102916672 60 39
214052.35569583342 214623.78419583346 60 41
215195.21269583344 215796.71644583344 60 46
223170.08644583344 223730.83394583344 60 46
224291.58144583344 224725.01644583346 60 48
225158.45144583346 225719.19894583346 60 38
225719.19894583346 226020.60072708345 60 38
226279.94644583348 226840.69394583345 60 40
226840.69394583345 227151.0153979168 60 34
227412.58944583347 227968.1449458335 60 31
227968.1449458335 228280.6449145835 60 31
228523.70044583353 229079.25594583355 60 27
229079.25594583355 229427.12713333356 60 27
229637.40744583355 229987.87463333356 60 40
230198.15494583352 230499.55672708352 60 40
230758.90244583355 231319.64994583355 60 40
231319.64994583355 231629.9713979169 60 34
233835.98969583365 234407.41819583368 60 43
234978.8466958337 235544.8841958337 60 42
236110.9216958337 236547.8150708337 60 37
236984.70844583365 237326.94158958367 60 32
238777.73371666702 239371.79321666705 60 31
239371.79321666705 239703.13670416706 60 28
239962.94071666707 240551.17621666708 60 31
240551.17621666708 240897.28601041707 60 31
241164.4429666671 241752.67846666707 60 30
241752.67846666707 242062.99991875043 60 30
242324.57396666709 242912.8094666671 60 33
242912.8094666671 243328.28648750042 60 33
243498.18946666707 244080.71396666704 60 32
244080.71396666704 244388.80313750036 60 32
244660.43771666702 245237.36071666706 60 33
245237.36071666706 245556.25435000038 60 37
245835.10046666706 246265.07134166703 60 35
246406.58071666703 246689.59946666704 60 35
246972.61821666703 247269.78790416702 60 33
247538.655716667 247887.492966667 60 33
248175.954466667 248752.87746666704 60 32
248752.87746666704 249062.76753541702 60 32
249327.053216667 249898.481716667 60 31
249898.481716667 250227.80863750033 60 31
250499.44321666702 251076.36621666703 60 30
251076.36621666703 251389.6024895837 60 30
251635.09796666706 252201.13546666704 60 33
252201.13546666704 252624.34109166704 60 33
252764.52796666705 253044.90171666708 60 32
253327.92046666707 253608.2942166671 60 32
253886.07196666708 254166.4457166671 60 35
254449.46446666712 254749.46446666712 60 38
255035.1787166671 255606.60721666712 60 39
255606.60721666712 255916.13098750045 60 39
256178.03571666713 256749.46421666714 60 40
256749.46421666714 257341.3009666672 60 40
257341.3009666672 257918.22396666714 60 32
257918.22396666714 258247.20744166718 60 32
258492.3997166672 259077.89096666715 60 39
259077.89096666715 259420.80488750048 60 45
259980.90096666716 260557.8239666671 60 55
261134.74696666707 261735.70846666707 60 51
263455.5419666672 264038.28596666723 60 44
265173.70396666724 265739.7414666672 60 51
268604.44196666725 269175.8704666673 60 47
269748.1774000007 270095.6762833339 60 47
271446.41188541724 272029.4306354173 60 41
273161.50563541724 273727.5431354173 60 47
274293.58063541725 274644.0632708339 60 47
274864.3506250006 275172.4090520839 60 42
281717.1653687508 282267.67034375074 60 49
282575.75111875084 282865.1029416675 60 50
283131.30661875085 283422.5688687509 60 59
283422.5688687509 283988.60636875086 60 63
296593.5801187506 297722.61274375056 60 52
299164.45086875063 300064.4508687507 60 53
301563.67211875075 302146.19661875075 60 44
302728.72111875075 303311.2456187507 60 44
303908.6303687507 304485.55336875067 60 44
305062.4763687507 305492.4472437506 60 44
306239.7463687507 306680.9229937507 60 44
307410.5063687507 307993.0308687507 60 44
309146.9838687507 309718.4123687507 60 39
310289.8408687507 310670.7932020841 60 39
311432.6978687508 312004.1263687508 60 41
312575.55486875086 313177.05861875083 60 46
320550.428618751 321111.17611875106 60 46
321671.9236187511 322105.3586187511 60 48
322538.7936187511 323099.54111875116 60 38
323099.54111875116 323400.9429000012 60 38
323660.2886187512 324221.0361187513 60 40
324221.0361187513 324531.3575708346 60 34
324792.93161875126 325348.4871187512 60 31
325348.4871187512 325660.9870875012 60 31
325904.0426187512 326459.59811875114 60 27
326459.59811875114 326807.46930625115 60 27
327017.74961875123 327368.21680625126 60 40
327578.49711875134 327879.89890000137 60 40
328139.2446187514 328699.9921187514 60 40
328699.9921187514 329010.31357083475 60 34
331216.3318687513 331787.7603687513 60 43
332359.18886875134 332925.2263687513 60 42
333491.26386875135 333928.1572437514 60 37
334365.05061875144 334707.2837625014 60 32
336158.07588958467 336752.13538958464 60 31
336752.13538958464 337083.47887708456 60 28
337343.2828895846 337931.5183895846 60 31
337931.5183895846 338277.62818333454 60 31
338544.78513958456 339133.0206395846 60 30
339133.0206395846 339443.3420916679 60 30
339704.91613958456 340293.1516395846 60 33
340293.1516395846 340708.628660418 60 33
340878.53163958463 341461.05613958463 60 32
341461.05613958463 341769.145310418 60 32
342040.77988958464 342617.70288958465 60 33
342617.70288958465 342936.596522918 60 37
343215.44263958465 343645.41351458465 60 35
343786.9228895847 344069.94163958466 60 35
344352.96038958465 344650.13007708464 60 33
344918.9978895847 345267.8351395846 60 33
345556.2966395846 346133.2196395846 60 32
346133.2196395846 346443.10970833467 60 32
346707.3953895847 347278.8238895847 60 31
347278.8238895847 347608.15081041807 60 31
347879.7853895848 348456.70838958473 60 30
348456.70838958473 348769.94466250134 60 30
349015.44013958465 349581.4776395846 60 33
349581.4776395846 350004.68326458463 60 33
350144.8701395846 350425.24388958456 60 32
350708.2626395846 350988.6363895845 60 32
351266.4141395846 351546.78788958455 60 35
351829.80663958454 352129.8066395845 60 38
352415.5208895845 352986.94938958454 60 39
352986.94938958454 353296.47316041787 60 39
353558.3778895845 354129.80638958456 60 40
354129.80638958456 354721.6431395846 60 40
354721.6431395846 355298.5661395845 60 32
355298.5661395845 355627.54961458454 60 32
355872.7418895846 356458.23313958454 60 39
356458.23313958454 356801.14706041786 60 45
357361.24313958455 357938.1661395845 60 55
358515.08913958445 359116.0506395844 60 51
360835.8841395846 361418.6281395846 60 44
362554.0461395846 363120.0836395846 60 51
365984.78413958463 366556.2126395847 60 47
367128.519572918 367476.0184562513 60 47
368826.7540583346 369409.7728083347 60 41
370541.8478083346 371107.8853083346 60 47
371673.92280833464 372024.4054437513 60 47
372244.692797918 372552.7512250013 60 42
379097.50754166814 379648.0125166681 60 49
379956.0932916682 380245.4451145849 60 50
380511.64879166824 380802.91104166827 60 59
380802.91104166827 381368.94854166824 60 63
394662.13454166794 395942.622666668 60 52
66258.37932083318 66829.80782083317 61 44
66829.80782083317 67153.02804374983 61 44
165789.48554374996 166360.91404375 61 44
166360.91404375 166684.13426666666 61 44
43988.56507083332 44576.800570833315 62 40
45165.03607083331 45491.833445833305 62 40
48664.87882083329 49224.974899999965 62 47
49807.839320833285 50373.87682083329 62 44
53299.53332083326 53876.456320833255 62 40
54453.37932083325 54839.215560416575 62 40
57838.016070833204 58409.4445708332 62 49
58980.87307083321 59552.3015708332 62 50
68545.27432083315 68964.65669583315 62 43
69101.02032083315 69508.89908124982 62 43
70835.85082083316 71407.27932083316 62 41
71407.27932083316 71707.27928333315 62 41
73401.90699166644 73744.68151249978 62 42
77952.9022291664 78260.96065624972 62 42
86794.13922291639 87117.25229583305 62 45
87360.1767229164 87675.96622291638 62 53
95160.3092229164 95730.3092229164 62 53
96060.3092229164 96375.3092229164 62 56
143519.67129374982 144107.90679374983 62 40
144696.14229374984 145022.93966874984 62 40
148195.9850437498 148756.08112291648 62 47
149338.94554374978 149904.9830437498 62 44
152830.63954374977 153407.56254374978 62 40
153984.4855437498 154370.32178333314 62 40
157369.12229374988 157940.5507937499 62 49
158511.97929374987 159083.40779374988 62 50
168076.38054375 168495.76291875003 62 43
168632.12654375003 169040.0053041667 62 43
170366.95704375 170938.38554375002 62 41
170938.38554375002 171238.38550625005 62 41
172933.01321458342 173275.78773541673 62 42
177484.0084520834 177792.06687916676 62 42
186325.24544583354 186648.3585187502 62 45
186891.28294583352 187207.07244583353 62 53
194691.41544583344 195261.4154458334 62 53
195591.41544583344 195906.41544583344 62 56
216347.17494583345 216918.60344583346 62 48
217469.06194583347 218061.93569583347 62 48
218622.68319583344 219183.43069583343 62 48
219744.17819583343 220304.92569583343 62 48
232169.3231958336 232724.8786958336 62 35
233280.43419583363 233835.98969583365 62 36
236402.18394583368 236984.70844583365 62 29
262312.68496666715 262884.1134666671 62 45
264609.71446666727 265173.70396666724 62 43
268033.0134666672 268604.44196666725 62 41
272595.46813541726 273161.50563541724 62 41
279401.8168687507 280147.59147291747 62 55
280040.1148687508 281717.1653687508 62 72
281439.3876187508 281784.29499166744 62 58
281994.94311875076 282297.97336875077 62 49
282297.97336875077 282853.5288687508 62 53
282853.5288687508 283393.44264375087 62 59
288523.9161187507 288890.8884520841 62 76
313727.51711875084 314298.9456187509 62 48
314849.4041187508 315442.27786875085 62 48
316003.02536875085 316563.7728687509 62 48
317124.52036875096 317685.267868751 62 48
329549.6653687514 330035.7764312514 62 35
330660.7763687513 331216.3318687513 62 36
333782.5261187514 334365.05061875144 62 29
359693.0271395845 360264.4556395845 62 45
361990.0566395846 362554.0461395846 62 43
365413.3556395846 365984.78413958463 62 41
369975.81030833465 370541.8478083346 62 41
376782.1590416681 377527.9336458348 62 55
377420.4570416682 379097.50754166814 62 72
378819.7297916682 379164.6371645848 62 58
379375.28529166814 379678.31554166815 62 49
379678.31554166815 380233.8710416682 62 53
380233.8710416682 380773.78481666825 62 59
385904.2582916681 386271.2306250015 62 76
211480.9274458333 212052.35594583335 63 39
212052.35594583335 212623.78444583336 63 39
212623.78444583336 213195.2129458334 63 39
213195.2129458334 213483.30814791674 63 39
213766.6414458334 214338.06994583344 63 40
214338.06994583344 214642.8318125001 63 42
214909.49844583342 215480.92694583346 63 45
215480.92694583346 215828.82652500013 63 47
308861.26961875067 309432.6981187507 63 39
309432.6981187507 310004.12661875074 63 39
310004.12661875074 310575.5551187507 63 39
310575.5551187507 310863.65032083413 63 39
311146.98361875076 311718.4121187508 63 40
311718.4121187508 312023.17398541747 63 42
312289.84061875084 312861.2691187508 63 45
312861.2691187508 313209.1686979175 63 47
5111.342249999999 5711.342249999999 64 60
7542.9212499999985 8452.011999999999 64 51
21512.607875000005 21835.188625000003 64 42
21835.188625000003 22321.03470833333 64 42
24589.138125 25188.2095 64 60
42193.00332083332 42787.06282083332 64 32
43375.29832083332 43908.77782083332 64 31
46907.6915708333 47490.2160708333 64 32
48067.1390708333 48587.55925833329 64 35
51552.96757083327 51985.65982083327 64 32
52701.31907083326 53221.40832083326 64 31
56133.45332083323 56416.472070833224 64 32
57254.99732083321 57538.01607083321 64 36
60718.3140708332 61292.489820833194 64 32
61877.9810708332 62492.5295708332 64 42
71978.70782083315 72550.13632083315 64 40
72550.13632083315 72856.1464874998 64 40
76533.07598958309 77099.11348958308 64 40
77099.11348958308 77408.07562499974 64 40
78537.2989729164 79965.87022291639 64 47
86219.85822291639 86511.12047291639 64 50
86511.12047291639 87077.15797291638 64 53
87077.15797291638 87644.38727291638 64 53
94860.3092229164 95170.3092229164 64 55
95460.3092229164 95760.3092229164 64 61
95760.3092229164 96360.3092229164 64 63
104642.44847291637 105242.44847291637 64 60
107074.02747291636 107983.11822291637 64 51
121043.71409791641 121366.29484791639 64 42
121366.29484791639 121824.07970208307 64 42
124120.24434791638 124719.31572291638 64 60
141724.1095437498 142318.1690437498 64 32
142906.40454374984 143439.88404374983 64 31
146438.7977937498 147021.32229374978 64 32
147598.2452937498 148118.6654812498 64 35
151084.0737937498 151516.76604374978 64 32
152232.42529374978 152752.51454374977 64 31
155664.55954374984 155947.57829374983 64 32
156786.10354374986 157069.12229374988 64 36
160249.4202937499 160823.59604374992 64 32
161409.0872937499 162023.6357937499 64 42
171509.81404375003 172081.24254375006 64 40
172081.24254375006 172387.25271041674 64 40
176064.1822125001 176630.21971250008 64 40
176630.21971250008 176939.18184791677 64 40
178068.40519583342 179496.97644583345 64 47
185750.96444583355 186042.22669583352 64 50
186042.22669583352 186608.26419583353 64 53
186608.26419583353 187175.49349583354 64 53
194391.4154458334 194701.4154458334 64 55
194991.4154458334 195291.4154458334 64 61
195291.4154458334 195891.41544583344 64 63
201784.10869583342 202684.10869583342 64 51
209447.63969583338 210030.16419583335 64 37
210612.68869583332 211001.03836249997 64 39
220876.35419583344 221447.78269583348 64 45
222013.82019583345 222453.08894583347 64 42
234407.41819583368 234907.4181333337 64 34
235544.8841958337 236110.9216958337 64 32
242046.79621666708 242324.57396666709 64 55
242324.57396666709 243206.92721666707 64 57
242912.8094666671 243328.28648750042 64 51
265739.7414666672 266309.4984666672 64 43
270313.3553875006 270656.12990833394 64 42
274582.15851666726 274943.78985416726 64 42
275146.46566666727 275455.8902250006 64 42
281717.1653687508 282267.67034375074 64 58
282575.75111875084 282865.1029416675 64 59
293571.7576187507 294012.9341187506 64 56
294012.9341187506 296512.93493125064 64 59
299164.45086875063 300064.4508687507 64 51
306827.9818687507 307410.5063687507 64 37
307993.0308687507 308381.38053541735 64 39
318256.696368751 318828.12486875104 64 45
319394.162368751 319833.43111875106 64 42
331787.7603687513 332287.76030625135 64 34
332925.2263687513 333491.26386875135 64 32
339427.13838958455 339704.91613958456 64 55
339704.91613958456 340587.2693895846 64 57
340293.1516395846 340708.628660418 64 51
363120.0836395846 363689.8406395846 64 43
367693.697560418 368036.4720812513 64 42
371962.50068958465 372324.13202708465 64 42
372526.80783958465 372836.232397918 64 42
379097.50754166814 379648.0125166681 64 58
379956.0932916682 380245.4451145849 64 59
391199.590291668 391735.304541668 64 56
391735.304541668 394570.67110416794 64 59
2712.120999999999 3912.120999999999 65 60
4798.842249999999 5411.342249999999 65 54
5711.342249999999 6311.342249999998 65 57
12406.268375000005 16031.26837500001 65 44
19694.426375000003 21550.242295833337 65 44
21673.898250000006 21996.479000000003 65 38
22157.769374999996 23382.259374999998 65 60
24273.348625000002 24623.451862500002 65 54
25188.2095 25788.960625 65 57
44576.800570833315 45165.03607083331 65 30
45736.93157083331 46325.167070833304 65 33
49241.801820833294 49524.82057083329 65 35
50373.87682083329 50656.89557083329 65 33
53876.456320833255 54453.37932083325 65 30
55006.66832083324 55572.70582083324 65 33
58409.4445708332 58909.4445083332 65 39
59552.3015708332 60144.1383208332 65 40
73123.48024166648 73567.79479374978 65 42
73683.36078333312 73987.79390624978 65 42
77670.71012083307 78032.34145833306 65 42
78235.01727083305 78544.4418291664 65 42
83128.66647291639 84805.71697291639 65 60
84527.9392229164 84872.84659583305 65 49
85942.08047291638 86481.99424791639 65 50
86794.13922291639 87117.25229583305 65 53
92253.41272291639 93959.7687229164 65 81
94251.0309729164 94560.3092229164 65 53
94560.3092229164 95160.3092229164 65 56
95160.3092229164 95730.3092229164 65 63
102243.2272229164 103443.22722291638 65 60
104329.94847291637 104942.44847291637 65 54
105242.44847291637 105842.44847291635 65 57
111937.37459791642 115562.3745979164 65 44
119225.53259791642 121081.34851874973 65 44
121205.0044729164 121527.58522291639 65 38
121688.87559791641 122913.3655979164 65 60
123804.4548479164 124154.55808541639 65 54
124719.31572291638 125320.06684791637 65 57
144107.90679374983 144696.14229374984 65 30
145268.03779374983 145856.27329374984 65 33
148772.9080437498 149055.9267937498 65 35
149904.9830437498 150188.00179374978 65 33
153407.56254374978 153984.4855437498 65 30
154537.7745437498 155103.8120437498 65 33
157940.5507937499 158440.55073124988 65 39
159083.40779374988 159675.24454374987 65 40
172654.58646458338 173098.90101666676 65 42
173214.46700625008 173518.90012916675 65 42
177201.81634375008 177563.44768125008 65 42
177766.12349375008 178075.5480520834 65 42
182659.77269583353 184336.82319583354 65 60
184059.04544583353 184403.9528187502 65 49
185473.18669583357 186013.10047083354 65 50
186325.24544583354 186648.3585187502 65 53
191784.51894583344 193490.8749458334 65 81
193782.1371958334 194091.4154458334 65 53
194091.4154458334 194691.41544583344 65 56
194691.41544583344 195261.4154458334 65 63
207105.21119583337 207682.13419583338 65 37
208259.1639458334 208859.40419583337 65 39
222889.71269583344 223450.46019583344 65 46
223450.46019583344 224011.20769583344 65 46
224011.20769583344 224431.76832083345 65 48
224571.95519583346 225109.38603958345 65 43
240551.17621666708 240870.3252166671 65 49
240870.3252166671 242062.99991875043 65 55
242185.6850916671 242373.5935916671 65 51
243206.92721666707 243789.45171666707 65 55
259692.43946666716 260269.36246666714 65 55
260269.36246666714 260846.2854666671 65 55
260846.2854666671 261423.20846666707 65 51
261423.20846666707 261898.32988958375 65 51
262026.9707166671 262598.3992166671 65 45
262598.3992166671 262905.54203541717 65 45
264324.00021666725 264746.07809166727 65 43
264882.44171666726 265187.85490416724 65 43
266592.5172166672 267158.5547166672 65 41
267158.5547166672 267483.01353541715 65 41
269175.8704666673 269702.060877084 65 40
271163.39313541725 271729.4306354173 65 41
271729.4306354173 272055.37402083393 65 41
272312.4493854173 272878.48688541725 65 41
272878.48688541725 273192.1660000006 65 41
273727.5431354173 274293.58063541725 65 38
275448.7473687506 276020.17586875067 65 47
276020.17586875067 276591.60436875065 65 40
276591.60436875065 277163.0328687507 65 40
277163.0328687507 277734.4613687507 65 40
277734.4613687507 278303.6863479174 65 44
278841.0693687508 280040.1148687508 65 51
279401.8168687507 280147.59147291747 65 66
281994.94311875076 282297.97336875077 65 58
282297.97336875077 282853.5288687508 65 63
285158.8431187509 285539.7954520842 65 50
285730.2716187509 286107.62995208416 65 52
286296.3091187508 286673.6674520841 65 54
286862.3466187507 287232.71695208404 65 60
287973.4576187507 288340.429952084 65 69
288707.4022854174 289164.86111875076 65 66
292371.75761875074 292671.7576187507 65 51
293271.75761875074 293968.81646875065 65 56
296593.5801187506 297722.61274375056 65 52
304485.55336875067 305062.4763687507 65 37
305639.50611875067 306239.7463687507 65 39
320270.05486875103 320830.802368751 65 46
320830.802368751 321391.5498687511 65 46
321391.5498687511 321812.1104937511 65 48
321952.2973687511 322489.7282125011 65 43
337931.5183895846 338250.6673895846 65 49
338250.6673895846 339443.3420916679 65 55
339566.02726458455 339753.9357645846 65 51
340587.2693895846 341169.79388958466 65 55
357072.7816395846 357649.7046395845 65 55
357649.7046395845 358226.6276395845 65 55
358226.6276395845 358803.5506395844 65 51
358803.5506395844 359278.67206250114 65 51
359407.3128895845 359978.7413895845 65 45
359978.7413895845 360285.88420833455 65 45
361704.34238958464 362126.42026458465 65 43
362262.78388958465 362568.1970770846 65 43
363972.85938958457 364538.8968895846 65 41
364538.8968895846 364863.35570833454 65 41
366556.2126395847 367082.40305000136 65 40
368543.73530833464 369109.7728083346 65 41
369109.7728083346 369435.7161937513 65 41
369692.79155833466 370258.82905833464 65 41
370258.82905833464 370572.508172918 65 41
371107.8853083346 371673.92280833464 65 38
372829.089541668 373400.518041668 65 47
373400.518041668 373971.94654166803 65 40
373971.94654166803 374543.37504166807 65 40
374543.37504166807 375114.8035416681 65 40
375114.8035416681 375684.02852083475 65 44
376221.4115416682 377420.4570416682 65 51
376782.1590416681 377527.9336458348 65 66
379375.28529166814 379678.31554166815 65 58
379678.31554166815 380233.8710416682 65 63
382539.1852916683 382920.1376250016 65 50
383110.61379166826 383487.97212500154 65 52
383676.6512916682 384054.00962500146 65 54
384242.6887916681 384613.0591250014 65 60
385353.7997916681 385720.7721250014 65 69
386087.74445833475 386545.20329166815 65 66
389922.99429166806 390242.14329166804 65 51
390880.441291668 391681.733116668 65 56
394662.13454166794 395942.622666668 65 52
18162.847375000005 18462.847375 66 44
117693.9535979164 117993.95359791642 66 44
215480.92694583346 215828.82652500013 66 73
263169.8277166672 263741.25621666724 66 44
263741.25621666724 264064.4764395839 66 44
312861.2691187508 313209.1686979175 66 73
360550.1698895846 361121.59838958463 66 44
361121.59838958463 361444.81861250126 66 44
4504.724499999999 5111.342249999999 67 54
6311.342249999998 6911.342249999998 67 60
7542.9212499999985 8452.011999999999 67 51
8452.011999999999 8782.269977083333 67 56
17262.847375000012 17862.84737500001 67 54
18012.84737500001 18312.847375000005 67 43
18312.847375000005 18512.847375000005 67 44
23976.318874999997 24589.138125 67 54
25788.960625 26388.032000000003 67 60
27889.58925 28213.84672708333 67 56
39135.78582083332 41598.94382083332 67 32
41895.97357083332 42490.03307083332 67 32
42490.03307083332 42821.37655833332 67 32
43081.18057083332 43669.416070833315 67 31
43669.416070833315 44015.52586458332 67 31
44282.68282083332 44870.91832083331 67 30
44870.91832083331 45181.23977291664 67 30
45442.81382083331 46031.04932083331 67 33
46031.04932083331 46446.526341666635 67 33
46616.4293208333 47198.9538208333 67 32
47198.9538208333 47507.04299166664 67 32
47778.6775708333 48355.600570833296 67 33
48355.600570833296 48674.49420416663 67 37
48953.3403208333 49383.311195833296 67 35
49524.82057083329 49807.839320833285 67 35
50090.85807083329 50388.027758333286 67 33
50656.89557083329 50976.044570833285 67 33
51264.506070833275 51841.42907083327 67 32
51841.42907083327 52151.31913958326 67 32
52415.604820833265 52987.03332083326 67 31
52987.03332083326 53316.360241666596 67 31
53587.99482083326 54164.91782083325 67 30
54164.91782083325 54478.154093749916 67 30
54723.649570833244 55289.687070833235 67 33
55289.687070833235 55712.89269583323 67 33
55853.07957083323 56133.45332083323 67 32
56416.472070833224 56696.845820833216 67 32
56974.62357083322 57254.99732083321 67 35
57538.01607083321 57838.016070833204 67 38
58123.7303208332 58695.1588208332 67 39
58695.1588208332 59004.68259166654 67 39
59266.587320833205 59838.0158208332 67 40
59838.0158208332 60429.852570833194 67 40
60429.852570833194 61006.7755708332 67 32
61006.7755708332 61335.7590458332 67 32
61580.9513208332 62166.4425708332 67 39
62166.4425708332 62509.35649166653 67 45
84805.71697291639 85356.22194791638 67 49
85664.30272291637 85953.65454583305 67 50
86219.85822291639 86511.12047291639 67 59
86511.12047291639 87077.15797291638 67 63
93959.7687229164 94529.3813979164 67 57
94860.3092229164 95170.3092229164 67 65
104035.83072291638 104642.44847291637 67 54
105842.44847291635 106442.44847291635 67 60
107074.02747291636 107983.11822291637 67 51
107983.11822291637 108313.37619999971 67 56
116793.95359791639 117393.95359791639 67 54
117543.95359791639 117843.9535979164 67 43
117843.9535979164 118043.9535979164 67 44
123507.42509791639 124120.24434791638 67 54
125320.06684791637 125919.13822291637 67 60
127420.69547291637 127744.95294999969 67 56
138666.89204374977 141130.05004374977 67 32
141427.07979374978 142021.1392937498 67 32
142021.1392937498 142352.48278124983 67 32
142612.28679374984 143200.52229374982 67 31
143200.52229374982 143546.63208749983 67 31
143813.78904374983 144402.02454374984 67 30
144402.02454374984 144712.34599583317 67 30
144973.92004374985 145562.15554374983 67 33
145562.15554374983 145977.63256458315 67 33
146147.53554374984 146730.0600437498 67 32
146730.0600437498 147038.14921458313 67 32
147309.78379374978 147886.7067937498 67 33
147886.7067937498 148205.60042708315 67 37
148484.4465437498 148914.4174187498 67 35
149055.9267937498 149338.94554374978 67 35
149621.96429374977 149919.1339812498 67 33
150188.00179374978 150507.15079374975 67 33
150795.61229374976 151372.5352937498 67 32
151372.5352937498 151682.42536249978 67 32
151946.71104374976 152518.13954374977 67 31
152518.13954374977 152847.4664645831 67 31
153119.10104374978 153696.02404374979 67 30
153696.02404374979 154009.26031666645 67 30
154254.75579374982 154820.7932937498 67 33
154820.7932937498 155243.9989187498 67 33
155384.1857937498 155664.55954374984 67 32
155947.57829374983 156227.95204374986 67 32
156505.72979374984 156786.10354374986 67 35
157069.12229374988 157369.12229374988 67 38
157654.83654374987 158226.26504374988 67 39
158226.26504374988 158535.7888145832 67 39
158797.69354374986 159369.12204374987 67 40
159369.12204374987 159960.9587937499 67 40
159960.9587937499 160537.8817937499 67 32
160537.8817937499 160866.8652687499 67 32
161112.0575437499 161697.5487937499 67 39
161697.5487937499 162040.46271458323 67 45
184336.82319583354 184887.32817083356 67 49
185195.40894583354 185484.76076875022 67 50
185750.96444583355 186042.22669583352 67 59
186042.22669583352 186608.26419583353 67 63
193490.8749458334 194060.48762083342 67 57
194391.4154458334 194701.4154458334 67 65
201784.10869583342 202684.10869583342 67 51
202684.10869583342 203008.86117500011 67 56
204765.85444583342 205348.3789458334 67 37
205930.90344583336 206528.28819583333 67 39
209153.52194583337 209738.90194583335 67 37
209738.90194583335 210321.42644583335 67 37
210321.42644583335 210903.95094583332 67 39
210903.95094583332 211197.59414791665 67 39
215195.21269583344 215796.71644583344 67 71
215796.71644583344 216071.94569583345 67 74
216071.94569583345 216632.88919583344 67 48
216632.88919583344 217193.83269583347 67 48
217193.83269583347 217749.43569583347 67 48
217749.43569583347 218127.35623750012 67 48
218342.30944583344 218903.05694583344 67 48
218903.05694583344 219463.80444583343 67 48
219463.80444583343 220024.55194583343 67 48
220024.55194583343 220338.2590250001 67 48
220590.63994583342 221162.06844583346 67 45
221162.06844583346 221730.80144583347 67 45
221730.80144583347 222155.32957083345 67 42
222296.83894583347 222674.75948750012 67 42
231891.54544583356 232447.1009458336 67 35
232447.1009458336 232759.60091458363 67 35
233002.65644583362 233558.21194583364 67 36
233558.21194583364 233852.656360417 67 36
234121.70394583367 234693.1324458337 67 34
234693.1324458337 235014.2240395837 67 34
235261.8654458337 235827.9029458337 67 32
235827.9029458337 236249.2712645837 67 32
240257.05846666708 240790.53796666706 67 55
243498.18946666707 244080.71396666704 67 52
247538.655716667 247887.492966667 67 50
265456.7227166672 265876.1050916672 67 43
266012.4687166672 266420.34747708385 67 43
267747.2992166672 268318.7277166672 67 41
268318.7277166672 268618.72767916723 67 41
270034.9286375006 270479.24318958394 67 42
270594.80917916726 270899.24230208393 67 42
277999.94811875076 278280.32186875073 67 47
292071.75761875074 292641.75761875074 67 53
292971.7576187507 293291.7576187507 67 56
299164.45086875063 300064.4508687507 67 51
300064.4508687507 300389.20334791736 67 56
302146.19661875075 302728.72111875075 67 37
303311.2456187507 303908.6303687507 67 39
306533.8641187507 307119.24411875074 67 37
307119.24411875074 307701.7686187507 67 37
307701.7686187507 308284.2931187507 67 39
308284.2931187507 308577.936320834 67 39
312575.55486875086 313177.05861875083 67 71
313177.05861875083 313452.2878687508 67 74
313452.2878687508 314013.23136875086 67 48
314013.23136875086 314574.17486875085 67 48
314574.17486875085 315129.77786875085 67 48
315129.77786875085 315507.6984104175 67 48
315722.6516187508 316283.3991187509 67 48
316283.3991187509 316844.14661875094 67 48
316844.14661875094 317404.894118751 67 48
317404.894118751 317718.60119791765 67 48
317970.98211875104 318542.410618751 67 45
318542.410618751 319111.143618751 67 45
319111.143618751 319535.67174375104 67 42
319677.18111875106 320055.1016604177 67 42
329271.8876187514 329827.4431187514 67 35
329827.4431187514 330139.9430875014 67 35
330382.99861875136 330938.5541187513 67 36
330938.5541187513 331232.99853333464 67 36
331502.0461187513 332073.4746187513 67 34
332073.4746187513 332394.5662125013 67 34
332642.20761875133 333208.2451187513 67 32
333208.2451187513 333629.61343750136 67 32
337637.4006395846 338170.8801395846 67 55
340878.53163958463 341461.05613958463 67 52
344918.9978895847 345267.8351395846 67 50
362837.0648895846 363256.4472645846 67 43
363392.8108895846 363800.68965000124 67 43
365127.6413895846 365699.0698895846 67 41
365699.0698895846 365999.0698520846 67 41
367415.270810418 367859.5853625013 67 42
367975.15135208465 368279.5844750013 67 42
375380.29029166815 375660.6640416681 67 47
389603.845291668 390210.228391668 67 53
390561.292291668 390901.717891668 67 56
4209.150749999999 4798.842249999999 69 54
6911.342249999998 7424.500187499998 69 55
9963.086875 10569.147375000002 69 60
16631.26837500001 17712.84737500001 69 49
17862.84737500001 18162.847375000005 69 49
23679.289124999996 24015.922841666666 69 54
26388.032000000003 26998.5 69 55
29381.64 30581.640000000003 69 60
36610.02582083332 39154.20687499999 69 40
70835.85082083316 71407.27932083316 69 66
82490.3684729164 83236.14307708306 69 55
83128.66647291639 84805.71697291639 69 72
84527.9392229164 84872.84659583305 69 58
85083.49472291638 85386.52497291638 69 49
85386.52497291638 85942.08047291638 69 53
85942.08047291638 86481.99424791639 69 59
91612.46772291638 91979.44005624972 69 80
93668.50647291639 94153.94355624972 69 56
94251.0309729164 94560.3092229164 69 63
94560.3092229164 95160.3092229164 69 67
103740.25697291637 104329.94847291637 69 54
106442.44847291635 106955.60641041635 69 55
109494.19309791637 110100.2535979164 69 60
116162.37459791638 117243.95359791639 69 49
117393.95359791639 117693.9535979164 69 49
123210.3953479164 123547.02906458305 69 54
125919.13822291637 126529.60622291637 69 55
128912.74622291638 130112.74622291636 69 60
136141.13204374976 138685.31309791646 69 40
170366.95704375 170938.38554375002 69 66
182021.47469583355 182767.2493000002 69 55
182659.77269583353 184336.82319583354 69 72
184059.04544583353 184403.9528187502 69 58
184614.60094583355 184917.63119583356 69 49
184917.63119583356 185473.18669583357 69 53
185473.18669583357 186013.10047083354 69 59
191143.57394583346 191510.54627916677 69 80
193199.61269583344 193685.04977916676 69 56
193782.1371958334 194091.4154458334 69 63
194091.4154458334 194691.41544583344 69 67
206816.74969583336 207393.67269583337 69 37
207393.67269583337 207970.59569583338 69 37
207970.59569583338 208553.2816958334 69 39
208553.2816958334 208881.46302708337 69 39
214909.49844583342 215480.92694583346 69 70
239962.94071666707 240551.17621666708 69 50
243789.45171666707 244371.97621666704 69 54
247255.63696666702 247538.655716667 69 52
268890.15621666727 269461.5847166673 69 40
269461.5847166673 269767.59488333395 69 40
273444.52438541723 274010.56188541726 69 38
274010.56188541726 274319.5240208339 69 38
276020.17586875067 276591.60436875065 69 48
276591.60436875065 277163.0328687507 69 48
277163.0328687507 277734.4613687507 69 48
277867.20474375074 278140.1349937507 69 47
278140.1349937507 278303.6863479174 69 48
278280.32186875073 278876.11608750076 69 44
278841.0693687508 280040.1148687508 69 60
285349.31928541756 285730.2716187509 69 46
285918.9507854175 286296.3091187508 69 46
286484.98828541744 286862.3466187507 69 47
287047.5317854174 287417.90211875073 69 52
287417.90211875073 287788.272452084 69 65
288156.94378541736 288523.9161187507 69 62
291771.75761875074 292081.75761875074 69 55
292371.75761875074 292671.7576187507 69 61
292671.7576187507 293271.75761875074 69 63
304197.0918687507 304774.01486875064 69 37
304774.01486875064 305350.93786875065 69 37
305350.93786875065 305933.62386875064 69 39
305933.62386875064 306261.80520000064 69 39
312289.84061875084 312861.2691187508 69 70
337343.2828895846 337931.5183895846 69 50
341169.79388958466 341752.3183895846 69 54
344635.97913958464 344918.9978895847 69 52
366270.49838958465 366841.9268895847 69 40
366841.9268895847 367147.93705625134 69 40
370824.8665583346 371390.90405833465 69 38
371390.90405833465 371699.8661937513 69 38
373400.518041668 373971.94654166803 69 48
373971.94654166803 374543.37504166807 69 48
374543.37504166807 375114.8035416681 69 48
375247.5469166681 375520.4771666681 69 47
375520.4771666681 375684.02852083475 69 48
375660.6640416681 376256.45826041815 69 44
376221.4115416682 377420.4570416682 69 60
382729.66145833494 383110.61379166826 69 46
383299.2929583349 383676.6512916682 69 46
383865.3304583348 384242.6887916681 69 47
384427.8739583348 384798.24429166806 69 52
384798.24429166806 385168.6146250014 69 65
385537.28595833475 385904.2582916681 69 62
389284.69629166805 389614.483591668 69 55
389922.99429166806 390242.14329166804 69 61
390242.14329166804 390880.441291668 69 63
3912.120999999999 4357.665625 70 60
7542.9212499999985 8755.042249999999 70 60
9650.586875 10266.117125 70 54
10569.147375000002 11175.207875000004 70 57
16031.26837500001 16133.768375000009 70 49
16181.268375000009 16331.268375000007 70 49
16331.268375000007 16531.26837500001 70 49
16531.26837500001 16644.426270833344 70 45
18462.847375 19694.426375000003 70 49
23382.259374999998 23976.318874999997 70 60
26998.5 28186.619 70 60
29069.14 29681.640000000003 70 54
29981.640000000003 31181.640000000007 70 57
35395.804070833314 37222.27082083331 70 36
62492.5295708332 64986.88149374985 70 75
103443.22722291638 103888.77184791637 70 60
107074.02747291636 108286.14847291638 70 60
109181.69309791637 109797.22334791638 70 54
110100.2535979164 110706.3140979164 70 57
115562.3745979164 115664.8745979164 70 49
115712.3745979164 115862.3745979164 70 49
115862.3745979164 116062.3745979164 70 49
116062.3745979164 116175.53249374972 70 45
117993.95359791642 119225.53259791642 70 49
122913.3655979164 123507.42509791639 70 60
126529.60622291637 127717.72522291636 70 60
128600.24622291638 128925.24622291636 70 54
129512.74622291638 130712.74622291636 70 57
134926.9102937498 136171.74429374974 70 36
162023.6357937499 164517.98771666663 70 75
204474.59219583342 205057.1166958334 70 37
205057.1166958334 205639.64119583336 70 37
205639.64119583336 206222.16569583336 70 39
206222.16569583336 206732.61509166667 70 39
214623.78419583346 215195.21269583344 70 68
216347.17494583345 216918.60344583346 70 77
239668.82296666704 240257.05846666708 70 55
244080.71396666704 244388.80313750036 70 55
246972.61821666703 247269.78790416702 70 55
277734.4613687507 277999.94811875076 70 52
291162.4793687507 291471.7576187507 70 53
291471.7576187507 292071.75761875074 70 56
292071.75761875074 292641.75761875074 70 63
301854.9343687508 302437.4588687508 70 37
302437.4588687508 303019.9833687507 70 37
303019.9833687507 303602.5078687507 70 39
303602.5078687507 304112.9572645841 70 39
312004.1263687508 312575.55486875086 70 68
313727.51711875084 314298.9456187509 70 77
337049.1651395846 337637.4006395846 70 55
341461.05613958463 341769.145310418 70 55
344352.96038958465 344650.13007708464 70 55
375114.8035416681 375380.29029166815 70 52
388612.6060416681 388965.5472916681 70 53
388965.5472916681 389603.845291668 70 56
389603.845291668 390210.228391668 70 63
45165.03607083331 45442.81382083331 71 55
45442.81382083331 46325.167070833304 71 57
46031.04932083331 46446.526341666635 71 51
54453.37932083325 54723.649570833244 71 55
54723.649570833244 55572.70582083324 71 55
72836.72900416647 72971.9511999998 71 68
73029.09404999981 73184.2278874998 71 68
73216.63529166646 73392.5611999998 71 68
73401.90699166644 73987.79390624978 71 68
84805.71697291639 85356.22194791638 71 58
85664.30272291637 85953.65454583305 71 59
93959.7687229164 94529.3813979164 71 68
144696.14229374984 144973.92004374985 71 55
144973.92004374985 145856.27329374984 71 57
145562.15554374983 145977.63256458315 71 51
153984.4855437498 154254.75579374982 71 55
154254.75579374982 155103.8120437498 71 55
172367.8352270834 172503.05742291673 71 68
172560.20027291673 172715.33411041673 71 68
172747.7415145834 172923.66742291674 71 68
172933.01321458342 173518.90012916675 71 68
184336.82319583354 184887.32817083356 71 58
185195.40894583354 185484.76076875022 71 59
193490.8749458334 194060.48762083342 71 68
236402.18394583368 236693.44619583368 71 54
333782.5261187514 334073.7883687514 71 54
9350.586874999999 9963.086875 72 54
11175.207875000004 11781.268375000005 72 60
14806.268375000009 15431.268375000009 72 55
15431.268375000009 16106.26837500001 72 49
16106.26837500001 16256.268375000009 72 44
16256.268375000009 16431.26837500001 72 42
16431.26837500001 16631.26837500001 72 45
28780.6785 29381.64 72 54
30581.640000000003 31806.640000000007 72 60
43669.416070833315 43988.56507083332 72 49
43988.56507083332 45181.23977291664 72 55
45303.92494583331 45491.833445833305 72 51
46325.167070833304 46907.6915708333 72 55
52987.03332083326 53299.53332083326 72 55
53299.53332083326 54478.154093749916 72 61
54588.51444583325 54839.215560416575 72 51
71692.99357083315 72856.1464874998 72 72
72933.48966666647 73043.37976249981 72 60
73123.48024166648 73309.2278749998 72 61
73309.2278749998 73567.79479374978 72 61
78227.94180208305 78408.09021874973 72 63
78537.2989729164 79108.7274729164 72 68
79108.7274729164 79680.1559729164 72 40
79680.1559729164 80251.5844729164 72 40
80251.5844729164 80823.01297291639 72 40
80823.01297291639 81392.23795208304 72 44
81929.62097291638 83128.66647291639 72 51
82490.3684729164 83236.14307708306 72 66
85083.49472291638 85386.52497291638 72 58
85386.52497291638 85942.08047291638 72 63
88247.39472291639 88628.34705624972 72 63
88818.8232229164 89196.1815562497 72 63
89384.86072291638 89762.2190562497 72 63
89950.89822291635 90321.26855624969 72 69
91062.00922291637 91428.98155624971 72 75
91795.95388958305 92253.41272291639 72 69
93668.50647291639 94153.94355624972 72 66
108881.69309791639 109494.19309791637 72 54
110706.3140979164 111312.37459791642 72 60
114337.3745979164 114962.3745979164 72 55
114962.3745979164 115637.3745979164 72 49
115637.3745979164 115787.3745979164 72 44
115787.3745979164 115962.3745979164 72 42
115962.3745979164 116162.37459791638 72 45
128311.78472291637 128912.74622291638 72 54
130112.74622291636 131337.74622291638 72 60
143200.52229374982 143519.67129374982 72 49
143519.67129374982 144712.34599583317 72 55
144835.03116874985 145022.93966874984 72 51
145856.27329374984 146438.7977937498 72 55
152518.13954374977 152830.63954374977 72 55
152830.63954374977 154009.26031666645 72 61
154119.6206687498 154370.32178333314 72 51
171224.09979375004 172387.25271041674 72 72
172464.5958895834 172574.48598541672 72 60
172654.58646458338 172840.33409791673 72 61
172840.33409791673 173098.90101666676 72 61
177759.04802500008 177939.19644166675 72 63
178068.40519583342 178639.83369583343 72 68
178639.83369583343 179211.26219583346 72 40
179211.26219583346 179782.69069583347 72 40
179782.69069583347 180354.1191958335 72 40
180354.1191958335 180923.34417500018 72 44
181460.72719583352 182659.77269583353 72 51
182021.47469583355 182767.2493000002 72 66
184614.60094583355 184917.63119583356 72 58
184917.63119583356 185473.18669583357 72 63
187778.50094583354 188159.45327916686 72 63
188349.92944583352 188727.28777916686 72 63
188915.96694583353 189293.3252791669 72 63
189482.00444583356 189852.37477916686 72 69
190593.11544583348 190960.0877791668 72 75
191327.0601125001 191784.51894583344 72 69
193199.61269583344 193685.04977916676 72 66
201784.10869583342 202984.10869583345 72 60
203870.82994583342 204270.70862083344 72 54
207393.67269583337 207970.59569583338 72 56
214338.06994583344 214642.8318125001 72 64
234693.1324458337 234978.8466958337 72 54
234978.8466958337 235827.9029458337 72 60
235544.8841958337 236249.2712645837 72 54
236256.5528208337 236547.8150708337 72 54
236547.8150708337 237140.04831250035 72 60
238480.70396666703 239703.13670416706 72 60
244371.97621666704 244948.89921666702 72 59
246406.58071666703 246689.59946666704 72 59
246689.59946666704 247255.63696666702 72 57
278280.32186875073 278876.11608750076 72 52
287603.08728541736 287973.4576187507 72 58
290871.21711875073 291440.8297937507 72 57
291771.75761875074 292081.75761875074 72 65
299164.45086875063 300364.4508687507 72 60
301251.17211875075 301651.05079375074 72 54
304774.01486875064 305350.93786875065 72 56
311718.4121187508 312023.17398541747 72 64
332073.4746187513 332359.18886875134 72 54
332359.18886875134 333208.2451187513 72 60
332925.2263687513 333629.61343750136 72 54
333636.89499375137 333928.1572437514 72 54
333928.1572437514 334520.3904854181 72 60
335861.0461395846 337083.47887708456 72 60
341752.3183895846 342329.2413895846 72 59
343786.9228895847 344069.94163958466 72 59
344069.94163958466 344635.97913958464 72 57
375660.6640416681 376256.45826041815 72 52
384983.42945833475 385353.7997916681 72 58
388293.45704166807 388930.25316666806 72 57
389284.69629166805 389614.483591668 72 65
11781.268375000005 12406.268375000005 73 61
31181.640000000007 32106.640000000007 73 61
32106.640000000007 32706.64 73 55
111312.37459791642 111937.37459791642 73 61
130712.74622291636 131637.74622291638 73 61
131637.74622291638 132237.7462229164 73 55
9052.071999999998 9650.586875 74 54
12406.268375000005 13606.268375000007 74 55
14506.268375000009 14811.476708333343 74 51
19062.847375000005 19737.35566041667 74 44
28483.64875 29069.14 74 54
32406.640000000003 33006.64 74 58
43375.29832083332 43908.77782083332 74 55
46616.4293208333 47198.9538208333 74 52
50656.89557083329 50976.044570833285 74 50
52701.31907083326 53221.40832083326 74 57
59838.0158208332 60429.852570833194 74 61
71407.27932083316 71707.27928333315 74 65
77382.13223958306 77517.29896874975 74 68
77574.99126874974 77732.61487499974 74 68
77765.63372916641 77938.8835416664 74 68
77938.8835416664 78034.67790624972 74 68
78126.52674999973 78227.94180208305 74 68
78372.73668958305 78537.2989729164 74 62
81088.49972291639 81368.87347291637 74 47
108583.17822291638 109181.69309791637 74 54
111937.37459791642 113137.37459791641 74 55
114037.3745979164 114342.58293124972 74 51
118593.9535979164 119268.46188333308 74 44
128014.75497291636 128600.24622291638 74 54
131937.74622291638 132537.7462229164 74 58
142906.40454374984 143439.88404374983 74 55
146147.53554374984 146730.0600437498 74 52
150188.00179374978 150507.15079374975 74 50
152232.42529374978 152752.51454374977 74 57
159369.12204374987 159960.9587937499 74 61
170938.38554375002 171238.38550625005 74 65
176913.2384625001 177048.40519166674 74 68
177106.09749166673 177263.72109791674 74 68
177296.73995208342 177469.9897645834 74 68
177469.9897645834 177565.78412916674 74 68
177657.63297291673 177759.04802500008 74 68
177903.84291250008 178068.40519583342 74 62
180619.6059458335 180899.97969583352 74 47
203576.71219583345 204183.32994583342 74 54
214052.35569583342 214623.78419583346 74 63
216918.60344583346 217469.06194583347 74 82
234407.41819583368 234907.4181333337 74 61
236110.9216958337 236402.18394583368 74 54
244660.43771666702 245237.36071666706 74 61
246123.56196666704 246406.58071666703 74 61
267747.2992166672 268318.7277166672 74 66
272312.4493854173 272878.48688541725 74 69
288890.8884520841 289179.01205625077 74 69
290579.95486875076 291065.391952084 74 56
291162.4793687507 291471.7576187507 74 63
291471.7576187507 292071.75761875074 74 67
300957.0543687507 301563.67211875075 74 54
311432.6978687508 312004.1263687508 74 63
314298.9456187509 314849.4041187508 74 82
331787.7603687513 332287.76030625135 74 61
333491.26386875135 333782.5261187514 74 54
342040.77988958464 342617.70288958465 74 61
343503.9041395847 343786.9228895847 74 61
365127.6413895846 365699.0698895846 74 66
369692.79155833466 370258.82905833464 74 69
386271.2306250015 386559.35422916815 74 69
387974.3080416681 388506.22304166807 74 56
388612.6060416681 388965.5472916681 74 63
388965.5472916681 389603.845291668 74 67
213766.6414458334 214338.06994583344 75 63
259403.97796666712 261898.32988958375 75 82
272029.4306354173 272595.46813541726 75 77
311146.98361875076 311718.4121187508 75 63
356784.3201395845 359278.67206250114 75 82
369409.7728083347 369975.81030833465 75 77
8755.042249999999 9200.586874999999 76 60
13306.268375000005 13621.268375000007 76 48
14206.268375000007 14806.268375000009 76 51
28186.619 28780.6785 76 60
32706.64 33306.63999999999 76 55
39135.78582083332 41598.94382083332 76 39
43081.18057083332 43669.416070833315 76 50
46907.6915708333 47490.2160708333 76 54
50373.87682083329 50656.89557083329 76 52
52415.604820833265 52987.03332083326 76 55
55572.70582083324 55853.07957083323 76 60
59552.3015708332 60144.1383208332 76 62
60144.1383208332 60480.3333333332 76 62
60718.3140708332 61292.489820833194 76 69
69681.06882083316 70247.10632083315 76 67
76250.05723958308 77408.07562499974 76 75
77478.46400208307 77625.47203124974 76 60
77670.71012083307 77803.36956249973 76 61
77859.44431249973 78032.34145833306 76 61
78034.67790624972 78220.86633333305 76 60
79108.7274729164 79680.1559729164 76 48
79680.1559729164 80251.5844729164 76 48
80251.5844729164 80823.01297291639 76 48
80955.75634791638 81228.68659791638 76 47
81228.68659791638 81392.23795208304 76 48
81368.87347291637 81964.66769166637 76 44
81929.62097291638 83128.66647291639 76 60
88437.87088958305 88818.8232229164 76 57
89007.50238958305 89384.86072291638 76 55
89573.53988958303 89950.89822291635 76 55
90136.08338958301 90506.45372291637 76 59
90506.45372291637 90876.82405624971 76 72
91245.49538958304 91612.46772291638 76 66
108286.14847291638 108731.69309791637 76 60
112837.37459791641 113152.37459791641 76 48
113737.3745979164 114337.3745979164 76 51
127717.72522291636 128311.78472291637 76 60
132237.7462229164 132837.7462229164 76 55
138666.89204374977 141130.05004374977 76 39
142612.28679374984 143200.52229374982 76 50
146438.7977937498 147021.32229374978 76 54
149904.9830437498 150188.00179374978 76 52
151946.71104374976 152518.13954374977 76 55
155103.8120437498 155384.1857937498 76 60
159083.40779374988 159675.24454374987 76 62
159675.24454374987 160011.43955624988 76 62
160249.4202937499 160823.59604374992 76 69
169212.17504375003 169778.21254375 76 67
175781.16346250012 176939.18184791677 76 75
177009.5702250001 177156.57825416673 76 60
177201.81634375008 177334.47578541675 76 61
177390.55053541673 177563.44768125008 76 61
177565.78412916674 177751.97255625008 76 60
178639.83369583343 179211.26219583346 76 48
179211.26219583346 179782.69069583347 76 48
179782.69069583347 180354.1191958335 76 48
180486.8625708335 180759.7928208335 76 47
180759.7928208335 180923.34417500018 76 48
180899.97969583352 181495.77391458355 76 44
181460.72719583352 182659.77269583353 76 60
187968.9771125002 188349.92944583352 76 57
188538.6086125002 188915.96694583353 76 55
189104.6461125002 189482.00444583356 76 55
189667.1896125002 190037.55994583352 76 59
190037.55994583352 190407.93027916685 76 72
190776.60161250015 191143.57394583346 76 66
203281.13844583344 203870.82994583342 76 54
234121.70394583367 234693.1324458337 76 57
244948.89921666702 245469.31940416704 76 64
245835.10046666706 246265.07134166703 76 64
251364.82771666703 251635.09796666706 76 60
251635.09796666706 252484.15421666703 76 60
269748.1774000007 269883.39959583397 76 68
269940.54244583397 270095.6762833339 76 68
270128.0836875006 270304.00959583395 76 68
270313.3553875006 270899.24230208393 76 68
290871.21711875073 291440.8297937507 76 68
300661.48061875073 301251.17211875075 76 54
331502.0461187513 332073.4746187513 76 57
342329.2413895846 342849.6615770846 76 64
343215.44263958465 343645.41351458465 76 64
348745.1698895847 349015.44013958465 76 60
349015.44013958465 349864.4963895846 76 60
367128.519572918 367263.74176875135 76 68
367320.88461875136 367476.0184562513 76 68
367508.425860418 367684.35176875134 76 68
367693.697560418 368279.5844750013 76 68
388293.45704166807 388930.25316666806 76 68
13906.268375000007 14506.268375000009 77 51
33006.64 33606.63999999999 77 57
36610.02582083332 38475.111327083316 77 71
38756.039070833314 39154.20687499999 77 35
42787.06282083332 43375.29832083332 77 55
47198.9538208333 47507.04299166664 77 55
50090.85807083329 50388.027758333286 77 55
52129.89057083327 52701.31907083326 77 62
55289.687070833235 55712.89269583323 77 52
55853.07957083323 56133.45332083323 77 55
59266.587320833205 59838.0158208332 77 64
60429.852570833194 61006.7755708332 77 62
61006.7755708332 61335.7590458332 77 68
68545.27432083315 69101.02032083315 77 72
69101.02032083315 69508.89908124982 77 75
69964.08757083316 70474.37900833316 77 70
71121.56507083315 71692.99357083315 77 72
75967.0384895831 76280.7176041664 77 67
80823.01297291639 81088.49972291639 77 52
113437.37459791641 114037.3745979164 77 51
132537.7462229164 133137.74622291644 77 57
136141.13204374976 138006.21754999977 77 71
138287.14529374978 138685.31309791646 77 35
142318.1690437498 142906.40454374984 77 55
146730.0600437498 147038.14921458313 77 55
149621.96429374977 149919.1339812498 77 55
151660.99679374977 152232.42529374978 77 62
154820.7932937498 155243.9989187498 77 52
155384.1857937498 155664.55954374984 77 55
158797.69354374986 159369.12204374987 77 64
159960.9587937499 160537.8817937499 77 62
160537.8817937499 160866.8652687499 77 68
168076.38054375 168632.12654375003 77 72
168632.12654375003 169040.0053041667 77 75
169495.19379375002 170005.48523125003 77 70
170652.67129375003 171224.09979375004 77 72
175498.1447125001 175811.82382708343 77 67
180354.1191958335 180619.6059458335 77 52
202984.10869583345 203429.65332083343 77 60
206528.28819583333 207682.13419583338 77 60
208553.2816958334 208881.46302708337 77 54
224725.01644583346 225109.38603958345 77 75
232447.1009458336 232759.60091458363 77 62
232724.8786958336 233558.21194583364 77 69
233835.98969583365 234407.41819583368 77 65
245237.36071666706 245546.63896666706 77 66
245546.63896666706 246106.73504583372 77 66
249898.481716667 250210.981716667 77 60
250210.981716667 251389.6024895837 77 70
251499.96284166703 251750.66395625038 77 56
268604.44196666725 269767.59488333395 77 72
269844.9380625006 269954.82815833396 77 60
270034.9286375006 270220.67627083394 77 61
270220.67627083394 270479.24318958394 77 61
271729.4306354173 272055.37402083393 77 67
273161.50563541724 274319.5240208339 77 75
275139.3901979173 275319.53861458396 77 63
275448.7473687506 276015.41396458395 77 68
285539.7954520842 285918.9507854175 77 46
286107.62995208416 286484.98828541744 77 46
286673.6674520841 287047.5317854174 77 47
287232.71695208404 287603.08728541736 77 54
288340.429952084 288707.4022854174 77 65
290579.95486875076 291065.391952084 77 66
300364.4508687507 300809.9954937507 77 60
303908.6303687507 305062.4763687507 77 60
305933.62386875064 306261.80520000064 77 54
322105.3586187511 322489.7282125011 77 75
329827.4431187514 330105.22086875135 77 62
330105.22086875135 330938.5541187513 77 69
331216.3318687513 331787.7603687513 77 65
342617.70288958465 342926.9811395847 77 66
342926.9811395847 343487.0772187513 77 66
347278.8238895847 347591.3238895847 77 60
347591.3238895847 348769.94466250134 77 70
348880.3050145847 349131.006129168 77 56
365984.78413958463 367147.93705625134 77 72
367225.280235418 367335.17033125134 77 60
367415.270810418 367601.0184437513 77 61
367601.0184437513 367859.5853625013 77 61
369109.7728083346 369435.7161937513 77 67
370541.8478083346 371699.8661937513 77 75
372519.7323708347 372699.88078750134 77 63
372829.089541668 373395.75613750133 77 68
382920.1376250016 383299.2929583349 77 46
383487.97212500154 383865.3304583348 77 46
384054.00962500146 384427.8739583348 77 47
384613.0591250014 384983.42945833475 77 54
385720.7721250014 386087.74445833475 77 65
387974.3080416681 388506.22304166807 77 66
33306.63999999999 33906.63999999999 78 59
66544.09357083317 67126.83757083316 78 76
67412.55182083316 67834.62969583315 78 70
67698.26607083315 67970.99332083316 78 69
67970.99332083316 68276.40650833317 78 68
132837.7462229164 133437.74622291644 78 59
166075.19979374998 166657.94379375002 78 76
166943.65804375 167365.73591875003 78 70
167229.37229375003 167502.09954375002 78 69
167502.09954375002 167807.51273125003 78 68
213480.9271958334 214052.35569583342 78 68
310861.2693687508 311432.6978687508 78 68
13606.268375000007 14206.268375000007 79 55
33606.63999999999 34206.639999999985 79 61
36261.188570833314 37222.27082083331 79 61
38446.76082083332 39135.78582083332 79 41
41598.94382083332 42821.37655833332 79 60
47490.2160708333 48067.1390708333 79 59
49524.82057083329 49807.839320833285 79 59
49807.839320833285 50373.87682083329 79 57
50976.044570833285 51985.65982083327 79 64
51985.65982083327 52151.31913958326 79 55
56133.45332083323 56416.472070833224 79 60
58695.1588208332 58980.87307083321 79 64
58980.87307083321 59552.3015708332 79 69
61292.489820833194 61877.9810708332 79 76
61877.9810708332 62492.5295708332 79 83
66258.37932083318 66829.80782083317 79 67
66829.80782083317 67153.02804374983 79 67
67834.62969583315 68262.25557083316 79 63
68964.65669583315 69398.05007083315 79 65
70247.10632083315 70550.13657083316 79 72
70550.13657083316 71121.56507083315 79 72
75684.01973958309 76250.05723958308 79 76
81368.87347291637 81964.66769166637 79 52
90691.63888958303 91062.00922291637 79 64
113137.37459791641 113737.3745979164 79 55
133137.74622291644 133737.74622291647 79 61
135792.29479374975 136171.74429374974 79 61
137977.86704374978 138666.89204374977 79 41
141130.05004374977 142352.48278124983 79 60
147021.32229374978 147598.2452937498 79 59
149055.9267937498 149338.94554374978 79 59
149338.94554374978 149904.9830437498 79 57
150507.15079374975 151516.76604374978 79 64
151516.76604374978 151682.42536249978 79 55
155664.55954374984 155947.57829374983 79 60
158226.26504374988 158511.97929374987 79 64
158511.97929374987 159083.40779374988 79 69
160823.59604374992 161409.0872937499 79 76
161409.0872937499 162023.6357937499 79 83
165789.48554374996 166360.91404375 79 67
166360.91404375 166684.13426666666 79 67
167365.73591875003 167793.36179375002 79 63
168495.76291875003 168929.15629375 79 65
169778.21254375 170081.24279375002 79 72
170081.24279375002 170652.67129375003 79 72
175215.1259625001 175781.16346250012 79 76
180899.97969583352 181495.77391458355 79 52
190222.74511250018 190593.11544583348 79 64
204183.32994583342 204765.85444583342 79 60
208259.1639458334 208859.40419583337 79 54
213388.0700645834 213511.87957291675 79 60
217469.06194583347 218061.93569583347 79 84
222453.08894583347 222674.75948750012 79 74
224571.95519583346 224878.07769583346 79 73
231891.54544583356 232169.3231958336 79 65
232169.3231958336 232724.8786958336 79 70
249612.76746666702 250132.856716667 79 62
256749.46421666714 257341.3009666672 79 67
268318.7277166672 268618.72767916723 79 65
274293.58063541725 274428.7473645839 79 68
274486.43966458394 274644.0632708339 79 68
274677.0821250006 274850.33193750057 79 68
274850.33193750057 274946.12630208395 79 68
275037.975145834 275139.3901979173 79 68
275284.1850854173 275448.7473687506 79 62
301563.67211875075 302146.19661875075 79 60
305639.50611875067 306239.7463687507 79 54
310768.4122375008 310892.22174583416 79 60
314849.4041187508 315442.27786875085 79 84
319833.43111875106 320055.1016604177 79 74
321952.2973687511 322258.4198687511 79 73
329271.8876187514 329549.6653687514 79 65
329549.6653687514 330035.7764312514 79 70
346993.1096395847 347513.1988895847 79 62
354129.80638958456 354721.6431395846 79 67
365699.0698895846 365999.0698520846 79 65
371673.92280833464 371809.0895375013 79 68
371866.78183750133 372024.4054437513 79 68
372057.424297918 372230.67411041795 79 68
372230.67411041795 372326.46847500134 79 68
372418.31731875136 372519.7323708347 79 68
372664.5272583347 372829.089541668 79 62
65401.23657083318 65972.66507083317 80 75
164932.34279374997 165503.77129375 80 75
33906.63999999999 34444.263799999986 81 63
35684.26557083332 36018.40014166664 81 63
47778.6775708333 48355.600570833296 81 61
49241.801820833294 49524.82057083329 81 61
51841.42907083327 52129.89057083327 81 59
56416.472070833224 56696.845820833216 81 61
58409.4445708332 58909.4445083332 81 67
61580.9513208332 62166.4425708332 81 74
62166.4425708332 62509.35649166653 81 78
65115.52232083318 65686.95082083317 81 70
65686.95082083317 65994.09363958317 81 68
75401.0009895831 75967.0384895831 81 69
91979.44005624972 92267.56366041639 81 71
133437.74622291644 133975.37002291644 81 63
135215.37179374977 135532.67944374977 81 63
147309.78379374978 147886.7067937498 81 61
148772.9080437498 149055.9267937498 81 61
151372.5352937498 151660.99679374977 81 59
155947.57829374983 156227.95204374986 81 61
157940.5507937499 158440.55073124988 81 67
161112.0575437499 161697.5487937499 81 74
161697.5487937499 162040.46271458323 81 78
164646.62854374995 165218.05704374998 81 70
165218.05704374998 165525.19986249998 81 68
174932.10721250012 175498.1447125001 81 69
191510.54627916677 191798.66988333344 81 71
207970.59569583338 208553.2816958334 81 54
213290.45102916672 213388.0700645834 81 60
222296.83894583347 222609.33894583347 81 74
224431.76832083345 224725.01644583346 81 72
225719.19894583346 225999.57269583346 81 67
225999.57269583346 226840.69394583345 81 72
227968.1449458335 228245.92269583352 81 54
228245.92269583352 229079.25594583355 81 60
230198.15494583352 230478.52869583352 81 67
230478.52869583352 231319.64994583355 81 72
231613.76769583355 232099.87875833357 81 70
232099.87875833357 232447.1009458336 81 62
249327.053216667 249898.481716667 81 60
252484.15421666703 252764.52796666705 81 66
256463.74996666715 257055.58671666717 81 68
257055.58671666717 257391.78172916718 81 68
257629.76246666716 258203.93821666716 81 75
266592.5172166672 267158.5547166672 81 67
271446.41188541724 272029.4306354173 81 75
274389.91239791724 274536.92042708397 81 60
274582.15851666726 274714.81795833394 81 61
274770.8927083339 274943.78985416726 81 61
274946.12630208395 275132.3147291673 81 60
287788.272452084 288156.94378541736 81 61
305350.93786875065 305933.62386875064 81 54
310670.7932020841 310768.4122375008 81 60
319677.18111875106 319989.68111875106 81 74
321812.1104937511 322105.3586187511 81 72
323099.54111875116 323379.9148687512 81 67
323379.9148687512 324221.0361187513 81 72
325348.4871187512 325626.2648687512 81 54
325626.2648687512 326459.59811875114 81 60
327578.49711875134 327858.8708687514 81 67
327858.8708687514 328699.9921187514 81 72
328994.10986875143 329480.22093125136 81 70
329480.22093125136 329827.4431187514 81 62
346707.3953895847 347278.8238895847 81 60
349864.4963895846 350144.8701395846 81 66
353844.09213958454 354435.92888958455 81 68
354435.92888958455 354772.12390208454 81 68
355010.10463958455 355584.28038958454 81 75
363972.85938958457 364538.8968895846 81 67
368826.7540583346 369409.7728083347 81 75
371770.2545708346 371917.2626000013 81 60
371962.50068958465 372095.1601312513 81 61
372151.2348812513 372324.13202708465 81 61
372326.46847500134 372512.6569020847 81 60
385168.6146250014 385537.28595833475 81 61
34206.639999999985 34632.989356249986 82 65
35972.727070833316 36610.02582083332 82 66
62492.5295708332 64986.88149374985 82 89
133737.74622291647 134164.09557916646 82 65
135503.83329374978 136141.13204374976 82 66
162023.6357937499 164517.98771666663 82 89
207682.13419583338 208112.1050708334 82 60
213195.2129458334 213385.68911250005 82 60
218061.93569583347 218622.68319583344 82 86
222155.32957083345 222453.08894583347 82 73
224291.58144583344 224571.95519583346 82 70
225158.45144583346 225438.82519583346 82 68
225438.82519583346 225929.47925833345 82 72
227412.58944583347 227690.36719583347 82 57
227690.36719583347 228176.4782583335 82 61
229637.40744583355 229917.78119583355 82 68
229917.78119583355 230057.96807083354 82 68
230057.96807083354 230198.15494583352 82 68
231540.23825833356 231629.9713979169 82 62
249041.338966667 249612.76746666702 82 68
252201.13546666704 252624.34109166704 82 57
252764.52796666705 253044.90171666708 82 60
256178.03571666713 256749.46421666714 82 70
257341.3009666672 257918.22396666714 82 68
257918.22396666714 258247.20744166718 82 74
265456.7227166672 266012.4687166672 82 72
266012.4687166672 266420.34747708385 82 75
266875.5359666672 267385.82740416715 82 70
268033.0134666672 268604.44196666725 82 72
305062.4763687507 305492.4472437506 82 60
310575.5551187507 310766.03128541744 82 60
315442.27786875085 316003.02536875085 82 86
319535.67174375104 319833.43111875106 82 73
321671.9236187511 321952.2973687511 82 70
322538.7936187511 322819.16736875114 82 68
322819.16736875114 323309.8214312512 82 72
324792.93161875126 325070.7093687512 82 57
325070.7093687512 325556.8204312512 82 61
327017.74961875123 327298.12336875126 82 68
327298.12336875126 327438.3102437513 82 68
327438.3102437513 327578.49711875134 82 68
328920.58043125144 329010.31357083475 82 62
346421.68113958463 346993.1096395847 82 68
349581.4776395846 350004.68326458463 82 57
350144.8701395846 350425.24388958456 82 60
353558.3778895845 354129.80638958456 82 70
354721.6431395846 355298.5661395845 82 68
355298.5661395845 355627.54961458454 82 74
362837.0648895846 363392.8108895846 82 72
363392.8108895846 363800.68965000124 82 75
364255.87813958456 364766.16957708454 82 70
365413.3556395846 365984.78413958463 82 72
34503.08734999999 34819.88263333331 83 68
48067.1390708333 48587.55925833329 83 64
48953.3403208333 49383.311195833296 83 64
56696.845820833216 56974.62357083322 83 70
57254.99732083321 57538.01607083321 83 68
58123.7303208332 58695.1588208332 83 66
75117.9822395831 75684.01973958309 83 77
134034.19357291644 134350.98885624978 83 68
147598.2452937498 148118.6654812498 83 64
148484.4465437498 148914.4174187498 83 64
156227.95204374986 156505.72979374984 83 70
156786.10354374986 157069.12229374988 83 68
157654.83654374987 158226.26504374988 83 66
174649.08846250008 175215.1259625001 83 77
210903.95094583332 211098.1257791666 83 60
263455.5419666672 264038.28596666723 83 76
264324.00021666725 264746.07809166727 83 70
264609.71446666727 264882.44171666726 83 69
264882.44171666726 265187.85490416724 83 68
308284.2931187507 308478.467952084 83 60
360835.8841395846 361418.6281395846 83 76
361704.34238958464 362126.42026458465 83 70
361990.0566395846 362262.78388958465 83 69
362262.78388958465 362568.1970770846 83 68
34795.61077916665 35096.32490416665 84 70
48355.600570833296 48664.87882083329 84 66
48664.87882083329 49224.974899999965 84 66
56974.62357083322 57254.99732083321 84 65
57538.01607083321 57838.016070833204 84 66
57838.016070833204 58409.4445708332 84 73
74251.94473958311 74817.9822395831 84 72
74817.9822395831 75143.92562499977 84 72
88628.34705624972 89007.50238958305 84 57
89196.1815562497 89573.53988958303 84 55
89762.2190562497 90136.08338958301 84 55
90321.26855624969 90691.63888958303 84 61
91428.98155624971 91795.95388958305 84 69
134326.7170020831 134627.43112708314 84 70
147886.7067937498 148195.9850437498 84 66
148195.9850437498 148756.08112291648 84 66
156505.72979374984 156786.10354374986 84 65
157069.12229374988 157369.12229374988 84 66
157369.12229374988 157940.5507937499 84 73
173783.05096250007 174349.08846250008 84 72
174349.08846250008 174675.03184791675 84 72
188159.45327916686 188538.6086125002 84 57
188727.28777916686 189104.6461125002 84 55
189293.3252791669 189667.1896125002 84 55
189852.37477916686 190222.74511250018 84 61
190960.0877791668 191327.0601125001 84 69
208859.40419583337 209300.58082083336 84 60
211001.03836249997 211100.5529645833 84 62
211195.2131958333 213290.45102916672 84 67
222013.82019583345 222296.83894583347 84 72
222609.33894583347 223170.08644583344 84 84
223170.08644583344 224431.76832083345 84 84
224878.07769583346 225368.73175833348 84 77
227134.81169583346 227620.92275833347 84 61
229357.03369583355 229497.22057083354 84 69
229497.22057083354 229588.34203958354 84 69
229987.87463333356 230128.06150833354 84 61
230128.06150833354 230408.4352583335 84 62
247887.492966667 248897.10821666702 84 72
248897.10821666702 249062.76753541702 84 60
253044.90171666708 253327.92046666707 84 66
255606.60721666712 255892.3214666671 84 70
255892.3214666671 256463.74996666715 84 75
258203.93821666716 258789.42946666718 84 83
258789.42946666718 259403.97796666712 84 91
263169.8277166672 263741.25621666724 84 67
263741.25621666724 264064.4764395839 84 67
264746.07809166727 265173.70396666724 84 63
265876.1050916672 266309.4984666672 84 65
267158.5547166672 267461.5849666672 84 72
267461.5849666672 268033.0134666672 84 72
271163.39313541725 271729.4306354173 84 72
306239.7463687507 306680.9229937507 84 60
308381.38053541735 308480.89513750066 84 62
308575.55536875065 310670.7932020841 84 67
319394.162368751 319677.18111875106 84 72
319989.68111875106 320550.428618751 84 84
320550.428618751 321812.1104937511 84 84
322258.4198687511 322749.0739312511 84 77
324515.15386875125 325001.26493125124 84 61
326737.37586875114 326877.56274375116 84 69
326877.56274375116 326968.6842125012 84 69
327368.21680625126 327508.40368125134 84 61
327508.40368125134 327788.7774312513 84 62
345267.8351395846 346277.4503895846 84 72
346277.4503895846 346443.10970833467 84 60
350425.24388958456 350708.2626395846 84 66
352986.94938958454 353272.66363958456 84 70
353272.66363958456 353844.09213958454 84 75
355584.28038958454 356169.77163958456 84 83
356169.77163958456 356784.3201395845 84 91
360550.1698895846 361121.59838958463 84 67
361121.59838958463 361444.81861250126 84 67
362126.42026458465 362554.0461395846 84 63
363256.4472645846 363689.8406395846 84 65
364538.8968895846 364841.9271395845 84 72
364841.9271395845 365413.3556395846 84 72
368543.73530833464 369109.7728083346 84 72
35084.30567499998 35602.53481249998 85 68
134615.41189791646 135133.64103541645 85 68
262312.68496666715 262884.1134666671 85 75
272595.46813541726 273161.50563541724 85 82
359693.0271395845 360264.4556395845 85 75
369975.81030833465 370541.8478083346 85 82
35395.804070833314 35972.727070833316 86 75
134926.9102937498 135503.83329374978 86 75
211100.5529645833 211330.9274645833 86 64
220304.92569583343 220876.35419583344 86 90
220876.35419583344 222155.32957083345 86 90
229427.12713333356 229567.31400833355 86 63
229567.31400833355 229847.68775833357 86 61
248752.87746666704 249041.338966667 86 64
253327.92046666707 253608.2942166671 86 67
255320.8929666671 255820.89290416712 86 73
258492.3997166672 259077.89096666715 86 81
259077.89096666715 259420.80488750048 86 85
262026.9707166671 262598.3992166671 86 70
262598.3992166671 262905.54203541717 86 68
272878.48688541725 273192.1660000006 86 76
308480.89513750066 308711.26963750063 86 64
317685.267868751 318256.696368751 86 90
318256.696368751 319535.67174375104 86 90
326807.46930625115 326947.6561812512 86 63
326947.6561812512 327228.02993125125 86 61
346133.2196395846 346421.68113958463 86 64
350708.2626395846 350988.6363895845 86 67
352701.2351395845 353201.23507708457 86 73
355872.7418895846 356458.23313958454 86 81
356458.23313958454 356801.14706041786 86 85
359407.3128895845 359978.7413895845 86 70
359978.7413895845 360285.88420833455 86 68
370258.82905833464 370572.508172918 86 76
259403.97796666712 261898.32988958375 87 97
356784.3201395845 359278.67206250114 87 97
74534.96348958311 75117.9822395831 88 78
90876.82405624971 91245.49538958304 88 66
174066.0697125001 174649.08846250008 88 78
190407.93027916685 190776.60161250015 88 66
253608.2942166671 253886.07196666708 88 77
254166.4457166671 254449.46446666712 88 74
255035.1787166671 255606.60721666712 88 72
350988.6363895845 351266.4141395846 88 77
351546.78788958455 351829.80663958454 88 74
352415.5208895845 352986.94938958454 88 72
253886.07196666708 254166.4457166671 89 71
254449.46446666712 254749.46446666712 89 72
254749.46446666712 255320.8929666671 89 80
351266.4141395846 351546.78788958455 89 71
351829.80663958454 352129.8066395845 89 72
352129.8066395845 352701.2351395845 89 80
