38126.93724999998 38755.97349999998 44 58
45073.15050000001 46147.16850000001 44 50
59317.972750000015 59947.00900000001 44 58
66264.18600000003 67347.90400000002 44 50
101603.75558124986 102517.37158124984 44 32
115180.90983124972 116094.52583124972 44 32
141202.19683124963 141831.23308124964 44 58
97567.45308124989 98012.00158124988 48 34
98460.66658124988 98919.86958124988 48 32
98919.86958124988 99374.52458124989 48 34
99826.57058124988 100151.19145624987 48 28
111139.24483124979 111586.33833124978 48 34
112036.68733124976 112496.73233124978 48 32
112496.73233124978 112951.38733124977 48 34
113403.43333124978 113728.05420624977 48 28
100273.62058124987 100927.60658124986 49 40
113850.48333124976 114501.02483124974 49 40
9981.691749999996 10359.113499999996 51 37
11993.062249999995 12924.894124999995 51 60
21963.03149999999 22340.453249999988 51 37
23974.40199999999 24968.355999999992 51 60
44545.58550000001 45073.15050000001 51 47
65736.62100000003 66264.18600000003 51 47
77241.10658124999 78154.72258124998 51 40
88057.86608124993 88971.48208124992 51 40
93470.43058124988 94641.65708124985 51 40
98012.00158124988 98460.66658124988 51 32
99374.52458124989 99826.57058124988 51 28
101150.27408124985 101828.93008124985 51 36
107037.15083124979 108208.37733124978 51 40
111586.33833124978 112036.68733124976 51 32
112951.38733124977 113403.43333124978 51 28
114723.69233124974 115406.08433124972 51 36
125069.75958124967 125447.18133124967 51 37
127081.13008124966 128075.08408124966 51 60
147651.68408124958 148211.22908124956 51 47
9478.462749999997 9981.691749999996 53 37
10964.369249999996 11465.497249999995 53 46
21459.802499999987 21963.03149999999 53 37
22945.708999999995 23446.836999999992 53 46
92108.24408124988 93943.87758124986 53 40
105653.3095812498 107510.59783124978 53 40
124566.53058124968 125069.75958124967 53 37
126052.43708124968 126553.56508124968 53 46
8985.568749999997 9604.269999999997 55 40
9981.691749999996 10359.113499999996 55 45
20966.908499999987 21585.60974999999 55 40
21963.03149999999 22340.453249999988 55 45
74554.36558125004 75009.02058125004 55 34
75467.98158125003 75792.60245625002 55 28
85368.76808124996 85823.42308124996 55 34
86282.38408124994 86607.00495624993 55 28
124073.63658124967 124692.33783124968 55 40
125069.75958124967 125447.18133124967 55 45
2001.4119999999994 2630.4482499999995 56 46
8471.561749999997 8985.568749999997 56 38
9478.462749999997 9981.691749999996 56 45
10477.475249999996 10964.369249999996 56 52
13982.751749999994 14611.787999999991 56 46
20452.901499999985 20966.908499999987 56 38
21459.802499999987 21963.03149999999 56 45
22458.81499999999 22945.708999999995 56 52
38126.93724999998 38755.97349999998 56 69
45073.15050000001 46147.16850000001 56 60
59317.972750000015 59947.00900000001 56 69
66264.18600000003 67347.90400000002 56 60
67804.38050000004 68251.43050000005 56 34
68703.47650000003 69155.46827083337 56 32
69165.29300000003 69613.13500000002 56 34
70058.47000000003 70503.10400000004 56 28
70503.10400000004 70949.39200000004 56 34
71401.43800000002 71862.33150000003 56 32
71862.33150000003 72316.98650000003 56 34
72769.03250000002 73214.33608125002 56 28
73214.33608125002 73656.41408125003 56 34
74098.46808125003 74554.36558125004 56 32
75915.03158125002 76564.95758125 56 40
78611.19908124999 79058.24908125 56 34
79510.29508124999 79962.28685208333 56 32
79972.11158124999 80419.95358124998 56 34
80865.28858124999 81308.34108124998 56 28
81308.34108124998 81754.58008124997 56 34
82206.62608124997 82667.51958124996 56 32
82667.51958124996 83122.17458124997 56 34
83574.22058124996 84021.27058124995 56 28
84021.27058124995 84468.36408124995 56 34
84912.05308124995 85368.76808124996 56 32
86729.43408124993 87381.71708124992 56 40
94873.80108124987 95320.85108124987 56 34
95769.51608124988 96219.8173520832 56 32
96229.64208124988 96677.48408124987 56 34
97122.81908124988 97567.45308124989 56 28
97787.66908124987 98236.33408124988 56 28
98236.33408124988 98619.56876874989 56 28
98684.99908124989 99092.50336458323 56 28
99145.04408124989 99600.54758124988 56 24
99600.54758124988 99839.46382291654 56 24
100047.59758124988 100486.79458124987 56 24
101603.75558124986 102517.37158124984 56 40
108440.52133124978 108887.57133124978 56 34
109339.61733124978 109791.60910208311 56 32
109801.43383124979 110249.27583124978 56 34
110694.61083124978 111139.24483124979 56 28
111359.46083124977 111811.51283124977 56 28
111811.51283124977 112196.18593541643 56 28
112261.86183124977 112669.36611458311 56 28
112721.90683124978 113177.41033124978 56 24
113177.41033124978 113416.32657291643 56 24
113624.46033124976 114063.65733124976 56 24
115180.90983124972 116094.52583124972 56 40
117089.4798312497 117718.5160812497 56 46
123559.62958124968 124073.63658124967 56 38
124566.53058124968 125069.75958124967 56 45
125565.54308124968 126052.43708124968 56 52
141202.19683124963 141831.23308124964 56 69
5466.404999999999 5982.622999999999 58 44
7970.433749999998 8471.561749999997 58 38
8985.568749999997 9604.269999999997 58 48
11465.497249999995 11993.062249999995 58 56
17447.74474999999 17963.962749999988 58 44
19951.77349999999 20452.901499999985 58 38
20966.908499999987 21585.60974999999 58 48
23446.836999999992 23974.40199999999 58 56
32493.80674999998 33006.10430624999 58 38
33994.83324999998 34511.28949791665 58 38
35510.82374999999 36094.70636249999 58 30
44545.58550000001 45073.15050000001 58 56
53684.842250000016 54197.13980625002 58 38
55185.868750000016 55702.32499791669 58 38
56701.85925000002 57285.74186250002 58 30
65736.62100000003 66264.18600000003 58 56
73656.41408125003 74098.46808125003 58 32
75009.02058125004 75467.98158125003 58 28
76787.62508124998 77466.28108125 58 36
84468.36408124995 84912.05308124995 58 32
85823.42308124996 86282.38408124994 58 28
87604.38458124992 88283.04058124992 58 36
120554.4728312497 121070.6908312497 58 44
123058.50158124969 123559.62958124968 58 38
124073.63658124967 124692.33783124968 58 48
126553.56508124968 127081.13008124966 58 56
135569.0663312496 136081.36388749964 58 38
137070.09283124964 137586.54907916632 58 38
138586.08333124963 139169.96594374962 58 30
147651.68408124958 148211.22908124956 58 56
2001.4119999999994 2630.4482499999995 60 56
3499.160999999999 4128.197249999999 60 48
7479.555749999999 7970.433749999998 60 44
8471.561749999997 8985.568749999997 60 46
13982.751749999994 14611.787999999991 60 56
15480.500749999992 16109.536999999993 60 48
19460.895499999988 19951.77349999999 60 44
20452.901499999985 20966.908499999987 60 46
37131.98324999998 37509.404999999984 60 69
37509.404999999984 37623.70824999999 60 63
37623.70824999999 38630.16624999998 60 70
42592.6925 43081.5705 60 40
45073.15050000001 46147.16850000001 60 70
58323.01875000002 58700.44050000002 60 69
58700.44050000002 58814.743750000016 60 63
58814.743750000016 59821.201750000015 60 70
63783.72800000003 64272.606000000036 60 40
66264.18600000003 67347.90400000002 60 70
68251.43050000005 68590.46500000004 60 32
69613.13500000002 70058.47000000003 60 28
70949.39200000004 71401.43800000002 60 32
72316.98650000003 72769.03250000002 60 28
79058.24908125 79387.86595625 60 32
80419.95358124998 80865.28858124999 60 28
81754.58008124997 82206.62608124997 60 32
83122.17458124997 83574.22058124996 60 28
95320.85108124987 95648.00264374987 60 32
96677.48408124987 97122.81908124988 60 28
108887.57133124978 109217.18820624979 60 32
110249.27583124978 110694.61083124978 60 28
117089.4798312497 117718.5160812497 60 56
118587.2288312497 119216.2650812497 60 48
122567.62358124967 123058.50158124969 60 44
123559.62958124968 124073.63658124967 60 46
140207.24283124963 140584.6645812496 60 69
140584.6645812496 140698.96783124964 60 63
140698.96783124964 141705.42583124965 60 70
145667.95208124962 146156.83008124962 60 40
4977.526999999999 5466.404999999999 61 48
6984.878999999998 7602.275249999998 61 46
7970.433749999998 8471.561749999997 61 46
16958.86674999999 17447.74474999999 61 48
18966.21874999999 19583.614999999987 61 46
19951.77349999999 20452.901499999985 61 46
41128.67749999999 41617.55549999999 61 40
41617.55549999999 41994.97724999999 61 42
41994.97724999999 42109.71749999999 61 36
42109.71749999999 42714.912 61 42
44545.58550000001 45073.15050000001 61 62
62319.71300000002 62808.59100000002 61 40
62808.59100000002 63186.01275000002 61 42
63186.01275000002 63300.753000000026 61 36
63300.753000000026 63905.94750000003 61 42
65736.62100000003 66264.18600000003 61 62
120065.59483124969 120554.4728312497 61 48
122072.94683124969 122690.34308124968 61 46
123058.50158124969 123559.62958124968 61 46
144203.93708124963 144692.81508124963 61 40
144692.81508124963 145070.2368312496 61 42
145070.2368312496 145184.97708124958 61 36
145184.97708124958 145790.1715812496 61 42
147651.68408124958 148211.22908124956 61 62
32493.80674999998 33006.10430624999 62 38
33994.83324999998 34511.28949791665 62 38
35510.82374999999 36094.70636249999 62 30
53684.842250000016 54197.13980625002 62 38
55185.868750000016 55702.32499791669 62 38
56701.85925000002 57285.74186250002 62 30
73433.74658125002 73877.44108125003 62 28
73877.44108125003 74319.49508125005 62 28
74319.49508125005 74726.99936458337 62 28
84241.48658124995 84690.20858124994 62 28
84690.20858124994 85133.89758124996 62 28
85133.89758124996 85541.4018645833 62 28
92552.93908124988 94417.32458124986 62 36
106099.59758124979 107984.04483124978 62 36
135569.0663312496 136081.36388749964 62 38
137070.09283124964 137586.54907916632 62 38
138586.08333124963 139169.96594374962 62 30
3499.160999999999 4128.197249999999 63 57
5982.622999999999 6984.878999999998 63 46
6984.878999999998 7360.7249999999985 63 72
7360.7249999999985 7479.555749999999 63 51
7479.555749999999 7970.433749999998 63 52
15480.500749999992 16109.536999999993 63 57
17963.962749999988 18966.21874999999 63 46
18966.21874999999 19342.064749999987 63 72
19342.064749999987 19460.895499999988 63 51
19460.895499999988 19951.77349999999 63 52
31495.720749999986 31994.763749999987 63 38
32996.747249999986 33495.790249999984 63 38
34497.773749999986 34996.81674999998 63 38
36075.99224999998 37107.61677499998 63 30
37131.98324999998 37509.404999999984 63 82
37509.404999999984 37623.70824999999 63 75
37623.70824999999 38630.16624999998 63 83
40155.116249999985 40530.96224999998 63 42
40530.96224999998 40645.702499999985 63 36
40645.702499999985 41250.89699999999 63 42
41617.55549999999 41994.97724999999 63 51
41994.97724999999 42109.71749999999 63 42
42109.71749999999 43081.5705 63 51
52686.75625000001 53185.79925000002 63 38
54187.78275000002 54686.82575000002 63 38
55688.80925000002 56187.85225000002 63 38
57267.027750000016 58298.652275000015 63 30
58323.01875000002 58700.44050000002 63 82
58700.44050000002 58814.743750000016 63 75
58814.743750000016 59821.201750000015 63 83
61346.15175000002 61721.99775000002 63 42
61721.99775000002 61836.73800000002 63 36
61836.73800000002 62441.932500000024 63 42
62808.59100000002 63186.01275000002 63 51
63186.01275000002 63300.753000000026 63 42
63300.753000000026 64272.606000000036 63 51
68025.40750000004 68477.45350000003 63 28
68477.45350000003 68863.57612500004 63 28
68929.49950000003 69336.00475000002 63 28
69387.96050000003 69835.80250000003 63 24
69835.80250000003 70074.86582500003 63 24
70277.08100000003 70722.51450000003 63 24
70722.51450000003 71175.41500000002 63 28
71175.41500000002 71561.53762500003 63 28
71627.46100000002 72034.96528333337 63 28
72087.50600000004 72543.00950000003 63 24
72543.00950000003 72781.78480833335 63 24
72988.31308125003 73433.74658125002 63 24
74779.54008125004 75238.50108125004 63 24
75238.50108125004 75480.8748229167 63 24
75689.00858125002 76128.20558125002 63 24
78832.22608125 79284.27208124999 63 28
79284.27208124999 79670.39470625 63 28
79736.31808124999 80142.82333124998 63 28
80194.77908124999 80642.62108124998 63 24
80642.62108124998 80881.56579374998 63 24
81082.31808124998 81528.55708124996 63 24
81528.55708124996 81980.60308124997 63 28
81980.60308124997 82366.72570624997 63 28
82432.64908124997 82840.1533645833 63 28
82892.69408124997 83348.19758124996 63 24
83348.19758124996 83587.11382291662 63 24
83795.24758124995 84241.48658124995 63 24
85593.94258124997 86052.90358124995 63 24
86052.90358124995 86295.2773229166 63 24
86503.41108124994 86942.60808124993 63 24
89418.53208124991 90071.42908124991 63 40
91202.23308124988 91674.08732291654 63 37
93943.87758124986 94641.65708124985 63 37
95094.82808124987 95545.18358124988 63 28
95545.18358124988 95928.41826874988 63 28
95993.84858124988 96400.35383124987 63 28
96452.30958124988 96900.15158124987 63 24
96900.15158124987 97139.21490624988 63 24
97341.43008124988 97787.66908124987 63 24
102964.42158124984 103616.49458124982 63 40
104747.29858124981 105219.15282291647 63 37
107510.59783124978 108208.37733124978 63 37
108661.5483312498 109113.59433124978 63 28
109113.59433124978 109499.71695624979 63 28
109565.64033124979 109972.14558124977 63 28
110024.10133124978 110471.94333124977 63 24
110471.94333124977 110711.00665624978 63 24
110913.22183124979 111359.46083124977 63 24
118587.2288312497 119216.2650812497 63 57
121070.6908312497 122072.94683124969 63 46
122072.94683124969 122448.7928312497 63 72
122448.7928312497 122567.62358124967 63 51
122567.62358124967 123058.50158124969 63 52
134570.98033124965 135070.02333124963 63 38
136072.00683124963 136571.04983124963 63 38
137573.03333124964 138072.07633124964 63 38
139151.25183124962 140182.87635624965 63 30
140207.24283124963 140584.6645812496 63 82
140584.6645812496 140698.96783124964 63 75
140698.96783124964 141705.42583124965 63 83
143230.37583124964 143606.22183124963 63 42
143606.22183124963 143720.9620812496 63 36
143720.9620812496 144326.1565812496 63 42
144692.81508124963 145070.2368312496 63 51
145070.2368312496 145184.97708124958 63 42
145184.97708124958 146156.83008124962 63 51
4002.3899999999994 4379.811749999999 65 51
4379.811749999999 4494.552 65 42
4494.552 5099.746499999999 65 51
15983.729749999991 16361.15149999999 65 51
16361.15149999999 16475.89174999999 65 42
16475.89174999999 17081.086249999993 65 51
29995.85874999999 31504.03813333332 65 38
41128.67749999999 41617.55549999999 65 48
51170.33225000001 52695.07363333335 65 38
62319.71300000002 62808.59100000002 65 48
119090.4578312497 119467.8795812497 65 51
119467.8795812497 119582.6198312497 65 42
119582.6198312497 120187.8143312497 65 51
133083.04033124962 134579.29771458296 65 38
144203.93708124963 144692.81508124963 65 48
40155.116249999985 40530.96224999998 66 51
40530.96224999998 40645.702499999985 66 42
40645.702499999985 41250.89699999999 66 51
61346.15175000002 61721.99775000002 66 51
61721.99775000002 61836.73800000002 66 42
61836.73800000002 62441.932500000024 66 51
143230.37583124964 143606.22183124963 66 51
143606.22183124963 143720.9620812496 66 42
143720.9620812496 144326.1565812496 66 51
5982.622999999999 6984.878999999998 67 55
11993.062249999995 12924.894124999995 67 70
17963.962749999988 18966.21874999999 67 55
23974.40199999999 24968.355999999992 67 70
27979.412999999993 28576.535024999994 67 38
31495.720749999986 31994.763749999987 67 46
32996.747249999986 33495.790249999984 67 46
34497.773749999986 34996.81674999998 67 46
36075.99224999998 37107.61677499998 67 36
41617.55549999999 41994.97724999999 67 61
41994.97724999999 42109.71749999999 67 51
42109.71749999999 42714.912 67 61
44545.58550000001 45073.15050000001 67 74
49150.62725000001 49753.92477500001 67 38
52686.75625000001 53185.79925000002 67 46
54187.78275000002 54686.82575000002 67 46
55688.80925000002 56187.85225000002 67 46
57267.027750000016 58298.652275000015 67 36
62808.59100000002 63186.01275000002 67 61
63186.01275000002 63300.753000000026 67 51
63300.753000000026 63905.94750000003 67 61
65736.62100000003 66264.18600000003 67 74
89856.72908124991 90512.7075812499 67 36
90747.5780812499 91661.1940812499 67 40
92552.93908124988 92991.07758124986 67 58
92991.07758124986 93470.43058124988 67 55
93943.87758124986 94641.65708124985 67 49
101150.27408124985 101456.96151874986 67 55
103402.56008124983 104057.77308124982 67 36
104292.64358124982 105206.2595812498 67 40
106099.59758124979 106540.0825812498 67 58
106540.0825812498 107037.15083124979 67 55
107510.59783124978 108208.37733124978 67 45
114723.69233124974 115031.78076874973 67 55
121070.6908312497 122072.94683124969 67 55
127081.13008124966 128075.08408124966 67 70
131058.76308124965 131660.49685624964 67 38
134570.98033124965 135070.02333124963 67 46
136072.00683124963 136571.04983124963 67 46
137573.03333124964 138072.07633124964 67 46
139151.25183124962 140182.87635624965 67 36
144692.81508124963 145070.2368312496 67 61
145070.2368312496 145184.97708124958 67 51
145184.97708124958 145790.1715812496 67 61
147651.68408124958 148211.22908124956 67 74
4002.3899999999994 4379.811749999999 68 61
4379.811749999999 4494.552 68 51
4494.552 5099.746499999999 68 61
7479.555749999999 7970.433749999998 68 72
7970.433749999998 8471.561749999997 68 64
8471.561749999997 8985.568749999997 68 64
11465.497249999995 11993.062249999995 68 62
15983.729749999991 16361.15149999999 68 61
16361.15149999999 16475.89174999999 68 51
16475.89174999999 17081.086249999993 68 61
19460.895499999988 19951.77349999999 68 72
19951.77349999999 20452.901499999985 68 64
20452.901499999985 20966.908499999987 68 64
23446.836999999992 23974.40199999999 68 62
28472.306999999993 29623.11374999999 68 50
29995.85874999999 31504.03813333332 68 46
32493.80674999998 33006.10430624999 68 46
33994.83324999998 34511.28949791665 68 46
35510.82374999999 36094.70636249999 68 36
42592.6925 43081.5705 68 57
45073.15050000001 46147.16850000001 68 83
49649.69675000001 50796.54475000001 68 50
51170.33225000001 52695.07363333335 68 46
53684.842250000016 54197.13980625002 68 46
55185.868750000016 55702.32499791669 68 46
56701.85925000002 57285.74186250002 68 36
63783.72800000003 64272.606000000036 68 57
66264.18600000003 67347.90400000002 68 83
90294.0965812499 90972.7525812499 68 36
92326.06158124987 92768.41008124987 68 55
92768.41008124987 93218.81608124987 68 51
93218.81608124987 93943.87758124986 68 47
93470.43058124988 94417.32458124986 68 51
100713.67208124987 101011.10689374985 68 58
101603.75558124986 102517.37158124984 68 60
103839.16208124983 104517.81808124982 68 36
105872.72008124979 106317.4150812498 68 55
106317.4150812498 106655.70733124978 68 51
106777.92683124979 107510.59783124978 68 47
107037.15083124979 107984.04483124978 68 51
114286.32483124975 114584.52514374975 68 58
115180.90983124972 116094.52583124972 68 60
119090.4578312497 119467.8795812497 68 61
119467.8795812497 119582.6198312497 68 51
119582.6198312497 120187.8143312497 68 61
122567.62358124967 123058.50158124969 68 72
123058.50158124969 123559.62958124968 68 64
123559.62958124968 124073.63658124967 68 64
126553.56508124968 127081.13008124966 68 62
131556.26883124965 132710.29533124965 68 50
133083.04033124962 134579.29771458296 68 46
135569.0663312496 136081.36388749964 68 46
137070.09283124964 137586.54907916632 68 46
138586.08333124963 139169.96594374962 68 36
145667.95208124962 146156.83008124962 68 57
26466.538999999997 26980.123468749993 69 38
40155.116249999985 40530.96224999998 69 61
40530.96224999998 40645.702499999985 69 51
40645.702499999985 41250.89699999999 69 61
47645.35150000002 48161.60338125002 69 38
61346.15175000002 61721.99775000002 69 61
61721.99775000002 61836.73800000002 69 51
61836.73800000002 62441.932500000024 69 61
129560.7630812497 130073.88782499968 69 38
143230.37583124964 143606.22183124963 69 61
143606.22183124963 143720.9620812496 69 51
143720.9620812496 144326.1565812496 69 61
4977.526999999999 5466.404999999999 70 57
5982.622999999999 6984.878999999998 70 64
8985.568749999997 9604.269999999997 70 72
9981.691749999996 10359.113499999996 70 72
10359.113499999996 10477.475249999996 70 63
16958.86674999999 17447.74474999999 70 57
17963.962749999988 18966.21874999999 70 64
20966.908499999987 21585.60974999999 70 72
21963.03149999999 22340.453249999988 70 72
22340.453249999988 22458.81499999999 70 63
26957.920999999995 28102.636499999997 70 50
41128.67749999999 41617.55549999999 70 57
41617.55549999999 41994.97724999999 70 72
41994.97724999999 42109.71749999999 70 61
42109.71749999999 42714.912 70 72
48139.770250000016 49275.90925000001 70 50
62319.71300000002 62808.59100000002 70 57
62808.59100000002 63186.01275000002 70 72
63186.01275000002 63300.753000000026 70 61
63300.753000000026 63905.94750000003 70 72
90747.5780812499 91674.08732291654 70 60
91882.22108124988 92108.24408124988 70 54
92108.24408124988 92552.93908124988 70 60
93943.87758124986 94641.65708124985 70 49
100486.79458124987 100713.67208124987 70 55
100927.60658124986 101150.27408124985 70 51
101368.88508124984 101603.75558124986 70 47
104292.64358124982 105219.15282291647 70 60
105427.2865812498 105653.3095812498 70 54
105653.3095812498 106099.59758124979 70 60
107510.59783124978 108208.37733124978 70 54
114063.65733124976 114286.32483124975 70 55
114501.02483124974 114723.69233124974 70 51
114942.30333124973 115180.90983124972 70 47
120065.59483124969 120554.4728312497 70 57
121070.6908312497 122072.94683124969 70 64
124073.63658124967 124692.33783124968 70 72
125069.75958124967 125447.18133124967 70 72
125447.18133124967 125565.54308124968 70 63
130052.14508124968 131183.52383124965 70 50
144203.93708124963 144692.81508124963 70 57
144692.81508124963 145070.2368312496 70 72
145070.2368312496 145184.97708124958 70 61
145184.97708124958 145790.1715812496 70 72
4002.3899999999994 4379.811749999999 72 72
4379.811749999999 4494.552 72 61
4494.552 5099.746499999999 72 72
10477.475249999996 10964.369249999996 72 72
10964.369249999996 11465.497249999995 72 69
15983.729749999991 16361.15149999999 72 72
16361.15149999999 16475.89174999999 72 61
16475.89174999999 17081.086249999993 72 72
22458.81499999999 22945.708999999995 72 72
22945.708999999995 23446.836999999992 72 69
28977.65499999999 29498.352999999992 72 46
29498.352999999992 29872.635249999992 72 67
29872.635249999992 29995.85874999999 72 50
29995.85874999999 30501.30264999999 72 61
40155.116249999985 40530.96224999998 72 72
40530.96224999998 40645.702499999985 72 61
40645.702499999985 41250.89699999999 72 72
42592.6925 43081.5705 72 68
43081.5705 43458.99225 72 61
43458.99225 43573.732500000006 72 51
43573.732500000006 44178.92700000001 72 61
50155.04475000001 50671.26275000001 72 46
50671.26275000001 51047.10875000001 72 67
51047.10875000001 51170.33225000001 72 50
51170.33225000001 51684.08355000001 72 61
61346.15175000002 61721.99775000002 72 72
61721.99775000002 61836.73800000002 72 61
61836.73800000002 62441.932500000024 72 72
63783.72800000003 64272.606000000036 72 68
64272.606000000036 64650.02775000004 72 61
64650.02775000004 64764.76800000003 72 51
64764.76800000003 65369.96250000003 72 61
67347.90400000002 67804.38050000004 72 60
68477.45350000003 68703.47650000003 72 53
68703.47650000003 69165.29300000003 72 55
69165.29300000003 70074.86582500003 72 60
78154.72258124998 78611.19908124999 72 60
79284.27208124999 79510.29508124999 72 53
79510.29508124999 79972.11158124999 72 55
79972.11158124999 80881.56579374998 72 60
90294.0965812499 90630.1428312499 72 55
91661.1940812499 92051.73833124989 72 60
93470.43058124988 94417.32458124986 72 60
94417.32458124986 94873.80108124987 72 57
95545.18358124988 95769.51608124988 72 49
95769.51608124988 96229.64208124988 72 55
96229.64208124988 97139.21490624988 72 60
100047.59758124988 100273.62058124987 72 54
100273.62058124987 100571.87364374987 72 60
103839.16208124983 104175.20833124981 72 55
105206.2595812498 105596.8038312498 72 60
107037.15083124979 107984.04483124978 72 60
107984.04483124978 108440.52133124978 72 50
109113.59433124978 109339.61733124978 72 47
109339.61733124978 109801.43383124979 72 55
109801.43383124979 110711.00665624978 72 60
113624.46033124976 113850.48333124976 72 54
113850.48333124976 114147.15764374976 72 60
119090.4578312497 119467.8795812497 72 72
119467.8795812497 119582.6198312497 72 61
119582.6198312497 120187.8143312497 72 72
125565.54308124968 126052.43708124968 72 72
126052.43708124968 126553.56508124968 72 69
132064.83658124963 132585.53458124964 72 46
132585.53458124964 132959.81683124963 72 67
132959.81683124963 133083.04033124962 72 50
133083.04033124962 133580.50913124965 72 61
143230.37583124964 143606.22183124963 72 72
143606.22183124963 143720.9620812496 72 61
143720.9620812496 144326.1565812496 72 72
145667.95208124962 146156.83008124962 72 68
146156.83008124962 146534.2518312496 72 61
146534.2518312496 146648.9920812496 72 51
146648.9920812496 147267.8235812496 72 61
4977.526999999999 5466.404999999999 73 68
5466.404999999999 5982.622999999999 73 52
16958.86674999999 17447.74474999999 73 68
17447.74474999999 17963.962749999988 73 52
27979.412999999993 28997.18117499999 73 46
30484.73674999999 30999.91816458332 73 57
41128.67749999999 41617.55549999999 73 68
44056.70750000001 44545.58550000001 73 68
49150.62725000001 50174.40292500001 73 46
51667.30925000001 52188.820970833345 73 57
62319.71300000002 62808.59100000002 73 68
65247.74300000003 65736.62100000003 73 68
67572.23650000003 68025.40750000004 73 54
68251.43050000005 68590.46500000004 73 58
78379.05508124999 78832.22608125 73 54
79058.24908125 79387.86595625 73 58
89633.2320812499 89856.72908124991 73 55
89856.72908124991 90182.7628312499 73 58
90512.7075812499 90747.5780812499 73 47
94641.65708124985 95094.82808124987 73 48
95320.85108124987 95648.00264374987 73 56
99826.57058124988 100151.19145624987 73 60
103179.89258124983 103402.56008124983 73 55
103402.56008124983 103727.82833124982 73 58
104057.77308124982 104292.64358124982 73 47
108208.37733124978 108661.5483312498 73 45
108887.57133124978 109217.18820624979 73 54
113403.43333124978 113728.05420624977 73 60
120065.59483124969 120554.4728312497 73 68
120554.4728312497 121070.6908312497 73 52
131058.76308124965 132084.36275624964 73 46
133564.07933124964 134075.17774583297 73 57
144203.93708124963 144692.81508124963 73 68
147139.8700812496 147651.68408124958 73 68
11465.497249999995 11993.062249999995 74 74
23446.836999999992 23974.40199999999 74 74
27465.405999999995 27979.412999999993 74 46
30981.713749999988 31504.03813333332 74 59
48638.81325000002 49150.62725000001 74 46
52170.53825000001 52695.07363333335 74 59
74319.49508125005 74726.99936458337 74 52
76787.62508124998 77094.31251874998 74 55
85133.89758124996 85541.4018645833 74 52
87604.38458124992 87911.07201874992 74 55
126553.56508124968 127081.13008124966 74 74
130549.12208124966 131058.76308124965 74 46
134056.97333124964 134579.29771458296 74 59
1006.4579999999999 1383.8797499999998 75 72
1383.8797499999998 1498.1829999999995 75 61
1498.1829999999995 2504.6409999999996 75 72
11993.062249999995 12924.894124999995 75 83
12987.797749999994 13365.219499999996 75 72
13365.219499999996 13479.522749999995 75 61
13479.522749999995 14485.980749999992 75 72
23974.40199999999 24968.355999999992 75 83
24968.355999999992 25345.777749999994 75 72
25345.777749999994 25460.080999999995 75 61
25460.080999999995 25963.309999999998 75 72
25963.309999999998 26466.538999999997 75 60
26466.538999999997 27490.035502083327 75 46
27979.412999999993 28349.083499999997 75 67
28349.083499999997 28472.306999999993 75 50
28472.306999999993 28997.18117499999 75 61
31495.720749999986 31994.763749999987 75 72
31994.763749999987 32493.80674999998 75 60
32996.747249999986 33495.790249999984 75 72
33495.790249999984 33994.83324999998 75 60
34497.773749999986 34996.81674999998 75 72
34996.81674999998 35510.82374999999 75 60
36075.99224999998 37107.61677499998 75 57
43081.5705 43458.99225 75 72
43458.99225 43573.732500000006 75 61
43573.732500000006 44178.92700000001 75 72
46147.16850000001 46524.59025000001 75 72
46524.59025000001 46638.893500000006 75 61
46638.893500000006 47142.12250000001 75 72
47142.12250000001 47645.35150000002 75 60
47645.35150000002 48663.33767083335 75 46
49150.62725000001 49526.47325000001 75 67
49526.47325000001 49649.69675000001 75 50
49649.69675000001 50174.40292500001 75 61
52686.75625000001 53185.79925000002 75 72
53185.79925000002 53684.842250000016 75 60
54187.78275000002 54686.82575000002 75 72
54686.82575000002 55185.868750000016 75 60
55688.80925000002 56187.85225000002 75 72
56187.85225000002 56701.85925000002 75 60
57267.027750000016 58298.652275000015 75 57
64272.606000000036 64650.02775000004 75 72
64650.02775000004 64764.76800000003 75 61
64764.76800000003 65369.96250000003 75 72
68025.40750000004 68477.45350000003 75 55
71401.43800000002 71627.46100000002 75 55
71862.33150000003 72781.78480833335 75 60
74098.46808125003 74554.36558125004 75 55
76352.53808125001 76648.45789374999 75 58
77241.10658124999 78154.72258124998 75 60
78832.22608125 79284.27208124999 75 55
82206.62608124997 82432.64908124997 75 55
82667.51958124996 83587.11382291662 75 60
84912.05308124995 85368.76808124996 75 55
87167.78258124994 87465.21739374992 75 58
88057.86608124993 88971.48208124992 75 60
89192.50908124991 89418.53208124991 75 54
89418.53208124991 89744.98058124991 75 60
90071.42908124991 90294.0965812499 75 51
95094.82808124987 95545.18358124988 75 47
98460.66658124988 98684.99908124989 75 55
98919.86958124988 99839.46382291654 75 60
102738.39858124984 102964.42158124984 75 54
102964.42158124984 103291.22633124983 75 60
103616.49458124982 103839.16208124983 75 51
108661.5483312498 109113.59433124978 75 48
112036.68733124976 112261.86183124977 75 55
112496.73233124978 113416.32657291643 75 60
116094.52583124972 116471.94758124971 75 72
116471.94758124971 116586.2508312497 75 61
116586.2508312497 117592.7088312497 75 72
127081.13008124966 128075.08408124966 75 83
128075.08408124966 128452.50583124965 75 72
128452.50583124965 128566.80908124965 75 61
128566.80908124965 129063.78608124968 75 72
129063.78608124968 129560.7630812497 75 60
129560.7630812497 130573.54237916632 75 46
131058.76308124965 131433.04533124965 75 67
131433.04533124965 131556.26883124965 75 50
131556.26883124965 132084.36275624964 75 61
134570.98033124965 135070.02333124963 75 72
135070.02333124963 135569.0663312496 75 60
136072.00683124963 136571.04983124963 75 72
136571.04983124963 137070.09283124964 75 60
137573.03333124964 138072.07633124964 75 72
138072.07633124964 138586.08333124963 75 60
139151.25183124962 140182.87635624965 75 57
146156.83008124962 146534.2518312496 75 72
146534.2518312496 146648.9920812496 75 61
146648.9920812496 147267.8235812496 75 72
5466.404999999999 5982.622999999999 77 62
17447.74474999999 17963.962749999988 77 62
26466.538999999997 26834.6975 77 67
26834.6975 26957.920999999995 77 50
26957.920999999995 27490.035502083327 77 61
32493.80674999998 32996.747249999986 77 67
44056.70750000001 44545.58550000001 77 57
47645.35150000002 48016.546750000016 77 67
48016.546750000016 48139.770250000016 77 50
48139.770250000016 48663.33767083335 77 61
53684.842250000016 54187.78275000002 77 67
65247.74300000003 65736.62100000003 77 57
67804.38050000004 68251.43050000005 77 60
71175.41500000002 71561.53762500003 77 53
73877.44108125003 74319.49508125005 77 53
76128.20558125002 76352.53808125001 77 55
76564.95758125 76787.62508124998 77 51
77006.23608124998 77241.10658124999 77 47
78611.19908124999 79058.24908125 77 60
81980.60308124997 82366.72570624997 77 53
84690.20858124994 85133.89758124996 77 53
86942.60808124993 87167.78258124994 77 55
87381.71708124992 87604.38458124992 77 51
87822.99558124991 88057.86608124993 77 47
88971.48208124992 89362.0263312499 77 60
94873.80108124987 95320.85108124987 77 57
98236.33408124988 98619.56876874989 77 53
102517.37158124984 102907.91583124983 77 60
108440.52133124978 108887.57133124978 77 55
111811.51283124977 112196.18593541643 77 53
120554.4728312497 121070.6908312497 77 62
129560.7630812497 129928.92158124968 77 67
129928.92158124968 130052.14508124968 77 50
130052.14508124968 130573.54237916632 77 61
135569.0663312496 136072.00683124963 77 67
147139.8700812496 147651.68408124958 77 57
32879.31199999998 33006.10430624999 79 50
54070.34750000002 54197.13980625002 79 50
70058.47000000003 70503.10400000004 79 60
70949.39200000004 71401.43800000002 79 58
72769.03250000002 73214.33608125002 79 60
73656.41408125003 74098.46808125003 79 58
75689.00858125002 75915.03158125002 79 54
75915.03158125002 76212.33026875001 79 60
80865.28858124999 81308.34108124998 79 60
81754.58008124997 82206.62608124997 79 58
83574.22058124996 84021.27058124995 79 60
84468.36408124995 84912.05308124995 79 58
86503.41108124994 86729.43408124993 79 54
86729.43408124993 87027.04851874993 79 60
97122.81908124988 97567.45308124989 79 60
98012.00158124988 98460.66658124988 79 58
110694.61083124978 111139.24483124979 79 60
111586.33833124978 112036.68733124976 79 58
135954.57158124965 136081.36388749964 79 50
2504.6409999999996 2882.062749999999 80 72
2882.062749999999 2995.9319999999993 80 64
2995.9319999999993 4002.3899999999994 80 72
14485.980749999992 14863.402499999993 80 72
14863.402499999993 14977.271749999993 80 64
14977.271749999993 15983.729749999991 80 72
28977.65499999999 29498.352999999992 80 59
38630.16624999998 39007.58799999998 80 78
39007.58799999998 39121.457249999985 80 73
39121.457249999985 39646.11726666665 80 79
50155.04475000001 50671.26275000001 80 59
59821.201750000015 59961.68651250002 80 78
60198.623500000016 60312.49275000002 80 73
60312.49275000002 60837.15276666668 80 79
70277.08100000003 70722.51450000003 80 54
70722.51450000003 71175.41500000002 80 55
72988.31308125003 73433.74658125002 80 54
73433.74658125002 73877.44108125003 80 55
75467.98158125003 75792.60245625002 80 60
81082.31808124998 81528.55708124996 80 54
81528.55708124996 81980.60308124997 80 55
83795.24758124995 84241.48658124995 80 54
84241.48658124995 84690.20858124994 80 55
86282.38408124994 86607.00495624993 80 60
97341.43008124988 97787.66908124987 80 54
97787.66908124987 98236.33408124988 80 55
110913.22183124979 111359.46083124977 80 54
111359.46083124977 111811.51283124977 80 55
117592.7088312497 117970.1305812497 80 72
117970.1305812497 118083.9998312497 80 64
118083.9998312497 119090.4578312497 80 72
132064.83658124963 132585.53458124964 80 59
141705.42583124965 142082.84758124963 80 78
142082.84758124963 142196.71683124962 80 73
142196.71683124962 142721.3768479163 80 79
27465.405999999995 27979.412999999993 82 59
33994.83324999998 34497.773749999986 82 67
34380.33849999998 34511.28949791665 82 50
35510.82374999999 36075.99224999998 82 52
35920.92149999998 36094.70636249999 82 39
48638.81325000002 49150.62725000001 82 59
55185.868750000016 55688.80925000002 82 67
55571.37400000002 55702.32499791669 82 50
56701.85925000002 57267.027750000016 82 52
57111.95700000002 57285.74186250002 82 39
74554.36558125004 75480.8748229167 82 60
85368.76808124996 86295.2773229166 82 60
130549.12208124966 131058.76308124965 82 59
137070.09283124964 137573.03333124964 82 67
137455.59808124963 137586.54907916632 82 50
138586.08333124963 139151.25183124962 82 52
138996.18108124964 139169.96594374962 82 39
38630.16624999998 39007.58799999998 84 92
39007.58799999998 39121.457249999985 84 86
39121.457249999985 39646.11726666665 84 93
59821.201750000015 59961.68651250002 84 92
60198.623500000016 60312.49275000002 84 86
60312.49275000002 60837.15276666668 84 93
70503.10400000004 70949.39200000004 84 60
73214.33608125002 73656.41408125003 84 60
81308.34108124998 81754.58008124997 84 60
84021.27058124995 84468.36408124995 84 60
97567.45308124989 98012.00158124988 84 60
111139.24483124979 111586.33833124978 84 60
141705.42583124965 142082.84758124963 84 92
142082.84758124963 142196.71683124962 84 86
142196.71683124962 142721.3768479163 84 93
