161132.03935416735 161733.5198541674 31 55
247667.18104583473 248011.96529583473 32 39
303871.94462916884 304463.70337916893 32 25
159201.8236041672 159808.75510416727 34 43
301140.66729583556 301735.6846291689 36 25
302051.0499625022 302655.28329583554 37 25
23802.181749999996 24668.459249999993 39 26
40548.098999999966 41404.24199999997 39 26
99689.51131041665 100571.70081041666 39 26
116495.91472916666 117362.19222916666 39 26
235225.41201458473 235564.9580145847 39 48
237081.7680145848 237426.33151458483 39 47
239115.65104583473 239967.33732083475 39 38
242897.16754583476 243126.87654583473 39 39
243356.58554583474 243593.25304583472 39 38
243812.47104583474 244038.83504583474 39 38
246962.49454583472 247199.1620458347 39 38
247433.17154583472 247901.19054583475 39 35
264906.09579583496 265466.33104583493 39 33
286321.5392958354 286874.3307958354 39 33
302961.56196250225 303556.5792958356 39 25
131477.17791041668 132118.51124375002 41 45
139050.5046604167 139691.83799375003 41 45
52651.06699999998 53099.020499999984 43 51
161132.03935416735 161733.5198541674 43 63
242667.45854583473 243069.44929583475 43 45
7667.658 8012.442249999999 44 47
14911.459499999995 15375.031999999996 44 47
31667.748749999984 32124.095749999982 44 47
48404.264499999976 48749.04874999997 44 47
52871.83399999999 53264.01262499999 44 51
83527.92567499999 83872.70992499999 44 47
90783.00731041665 91245.84481041665 44 47
107585.74722916665 108048.58472916663 44 47
124384.85116041664 124861.29316041664 44 47
171829.639077084 172293.21157708397 44 47
193214.00407708407 193670.35107708408 44 47
214367.83407708412 214713.01232708414 44 42
242459.9035458347 242897.16754583476 44 40
243126.87654583473 243534.08617083475 44 41
244038.83504583474 244393.66304583472 44 41
246068.38804583473 246504.79354583472 44 40
247199.1620458347 247667.18104583473 44 42
254901.1600458347 255357.50704583473 44 49
276281.8205458352 276738.1675458352 44 49
297713.73779583577 298080.1390458357 44 44
303871.94462916884 304463.70337916893 44 30
53099.020499999984 53541.34749999999 45 48
53319.00999999999 53986.02249999999 46 45
159201.8236041672 159808.75510416727 46 49
242236.77204583472 242563.68104583473 46 43
243593.25304583472 243869.06204583473 46 41
245845.25654583474 246172.16554583472 46 43
246504.79354583472 246733.64404583472 46 39
130976.46641041666 131664.56749375002 48 39
138549.79316041668 139237.89424375002 48 39
242016.00504583473 242459.9035458347 48 43
245623.70704583472 246068.38804583473 48 43
301140.66729583556 301735.6846291689 48 30
246275.94304583475 246676.4314208347 49 45
302051.0499625022 302655.28329583554 49 30
52212.60899999998 52651.06699999998 50 48
217760.3855770841 218448.63057708414 50 44
218679.18707708412 219367.43207708417 50 44
2897.644500000001 3127.3535000000006 51 47
3357.062500000001 3593.730000000001 51 45
3812.948000000001 4039.312000000001 51 45
6962.9715 7199.639 51 45
7433.6485 7901.6675000000005 51 42
10137.410500000002 10367.1195 51 47
10596.828500000001 10833.496000000003 51 45
11052.714000000002 11279.077999999998 51 45
14206.772999999997 14443.440499999997 51 45
14677.449999999997 15152.694499999996 51 42
26894.15424999999 27123.863249999988 51 47
27356.818749999988 27593.486249999987 51 45
27812.704249999988 28039.068249999993 51 45
30963.062249999984 31199.729749999984 51 45
31433.739249999984 31901.75824999998 51 42
43629.936999999976 43859.645999999986 51 47
44092.60149999999 44329.26899999999 51 45
44548.48699999999 44774.85099999997 51 45
47699.57799999997 47936.245499999975 51 45
48170.254999999976 48638.273999999976 51 42
51325.606999999975 51767.93399999997 51 48
52430.29999999998 52871.83399999999 51 45
55538.80299999997 55984.271999999975 51 59
57313.82699999996 57653.14499999996 51 59
78757.91217500003 78987.62117500004 51 47
79217.33017500002 79453.99767500002 51 45
79673.21567500003 79899.57967500002 51 45
82823.239175 83059.90667499999 51 45
83293.91617499999 83761.93517499999 51 42
85998.23415416665 86227.94315416667 51 47
86457.65215416669 86664.73621666669 51 45
86913.53765416668 87139.90165416666 51 45
90065.33981041666 90302.00731041665 51 45
90542.50731041665 91023.50731041665 51 42
102804.09016666666 103033.79916666666 51 47
103263.50816666668 103470.59222916668 51 45
103719.39366666667 103945.75766666667 51 45
106868.07972916665 107104.74722916665 51 45
107345.24722916665 107826.24722916663 51 42
119597.68137916665 119827.39037916665 51 47
120057.09937916667 120264.18344166667 51 45
120512.98487916666 120739.34887916666 51 45
123667.18366041666 123903.85116041666 51 45
124144.35116041664 124625.35116041664 51 42
167055.590077084 167285.29907708397 51 47
167515.008077084 167751.67557708398 51 45
167970.89357708397 168197.25757708398 51 45
171124.95257708398 171361.62007708396 51 45
171595.62957708398 172070.87407708398 51 42
183391.61907708395 183857.89207708396 51 36
188440.40957708406 188670.11857708407 51 47
188903.07407708405 189139.74157708403 51 45
189358.95957708405 189585.32357708403 51 45
192509.31757708406 192745.98507708404 51 45
192979.99457708406 193448.0135770841 51 42
204754.80632708405 205221.07932708407 51 36
209828.24907708413 210057.95807708413 51 47
210290.91357708414 210527.58107708412 51 45
210746.7990770841 210973.16307708411 51 45
213897.15707708412 214133.8245770841 51 45
219597.98857708415 219870.0704333342 51 48
235225.41201458473 235564.9580145847 51 54
237081.7680145848 237426.33151458483 51 53
239115.65104583473 239967.33732083475 51 43
246733.64404583472 247139.9951708347 51 41
250134.18654583473 250362.37554583474 51 49
250590.56454583473 250827.2320458347 51 47
251046.4500458347 251272.8140458347 51 47
254196.47354583468 254433.14104583467 51 47
254667.15054583468 255135.1695458347 51 44
264406.428795835 264906.09579583496 51 33
271511.8070458351 271741.51604583516 51 49
271971.2250458352 272207.8925458352 51 47
272427.1105458352 272653.4745458353 51 47
275577.1340458352 275813.8015458352 51 47
276047.8110458352 276515.83004583523 51 44
285799.6187958354 286321.5392958354 51 33
293177.7337958357 293407.4427958357 51 49
293637.15179583576 293873.81929583574 51 47
294093.03729583573 294319.40129583585 51 47
297243.06079583574 297479.7282958357 51 47
302961.56196250225 303556.5792958356 51 30
129560.16616041672 130520.8806291667 52 42
137133.4929104167 138094.2073791667 52 42
51545.59649999997 51990.27149999998 53 45
55315.67149999998 55538.80299999997 53 58
57093.05999999997 57313.82699999996 53 58
130514.1761604167 130988.30821041668 53 45
131477.17791041668 132118.51124375002 53 53
138087.5029104167 138561.63496041668 53 45
139050.5046604167 139691.83799375003 53 53
219822.48520208418 220115.11808333418 53 48
231541.4317645845 231882.47026458447 53 63
233382.40451458454 233717.10176458457 53 62
2667.9355000000005 3069.926250000001 55 53
9907.701500000001 10309.692250000002 55 53
26664.44524999999 27066.43599999999 55 53
43400.227999999974 43802.21874999998 55 53
50656.88649999997 51325.606999999975 55 45
55092.539999999986 55315.67149999998 55 60
56872.29299999997 57093.05999999997 55 60
62864.45187499995 63292.18478124995 55 49
64671.829412499945 65123.388481249945 55 49
78528.20317500003 78930.19392500003 55 53
85768.52515416664 86113.08865416666 55 53
102574.38116666664 102918.94466666666 55 53
119367.97237916663 119712.53587916665 55 53
129560.16616041672 130520.8806291667 55 42
137133.4929104167 138094.2073791667 55 42
166825.881077084 167227.871827084 55 53
183624.75557708397 184091.02857708395 55 38
188210.70057708406 188612.69132708406 55 53
204987.94282708404 205454.21582708406 55 38
209598.54007708412 210000.53082708412 55 53
220045.6376145842 220377.7483958342 55 48
221179.86187708424 221413.83573958426 55 51
230612.1272645845 230953.1657645845 55 67
235687.94926458472 236027.4952645847 55 56
236615.50101458476 236958.7767645848 55 55
237554.89926458482 237902.0142645848 55 52
238523.36930833478 238783.49337708473 55 47
246733.64404583472 247139.9951708347 55 50
249904.4775458347 250305.32829583474 55 55
271282.09804583516 271684.08879583515 55 55
292948.0247958357 293350.0155458357 55 55
2460.3805 2897.644500000001 56 48
3127.3535000000006 3534.563125000001 56 49
4039.312000000001 4394.140000000001 56 49
6068.865000000001 6505.2705 56 48
7199.639 7667.658 56 50
9700.146500000003 10137.410500000002 56 48
10367.1195 10774.329125000002 56 49
11279.077999999998 11633.905999999997 56 49
13312.666499999998 13749.071999999996 56 48
14443.440499999997 14911.459499999995 56 50
26456.89024999999 26836.726999999988 56 48
27123.863249999988 27534.31937499999 56 49
28039.068249999993 28393.896249999994 56 49
30065.71574999999 30327.622743749987 56 48
31199.729749999984 31667.748749999984 56 50
43192.67299999997 43572.509749999976 56 48
43859.645999999986 44270.10212499999 56 49
44774.85099999997 45129.678999999975 56 49
46802.23149999999 47064.13849374999 56 48
47936.245499999975 48404.264499999976 56 50
50439.195499999965 50877.65349999997 56 48
51767.93399999997 52212.60899999998 56 51
54867.80399999999 55092.539999999986 56 56
56648.362499999974 56872.29299999997 56 56
63088.82884374995 63578.17908124995 56 52
64897.30781874995 65410.39303124995 56 52
78320.64817500001 78700.48492500003 56 48
78987.62117500004 79394.83080000003 56 49
79899.57967500002 80254.40767500001 56 49
81929.13267499999 82365.538175 56 48
83059.90667499999 83527.92567499999 56 50
85560.97015416663 85883.37965416665 56 48
86227.94315416667 86575.98590416668 56 49
87139.90165416666 87494.72965416666 56 49
89171.23331041665 89493.21356041667 56 48
90302.00731041665 90783.00731041665 56 50
102366.82616666662 102689.23566666665 56 48
103033.79916666666 103381.84191666669 56 49
103945.75766666667 104300.58566666667 56 49
105973.97322916664 106295.95347916665 56 48
107104.74722916665 107585.74722916665 56 50
119160.41737916661 119482.82687916663 56 48
119827.39037916665 120175.43312916667 56 49
120739.34887916666 121094.17687916665 56 49
122773.07716041665 123095.05741041666 56 48
123903.85116041666 124384.85116041664 56 50
166618.32607708397 167055.590077084 56 48
167285.29907708397 167692.508702084 56 49
168197.25757708398 168552.08557708398 56 49
170230.846077084 170667.25157708398 56 48
171361.62007708396 171829.639077084 56 50
188003.14557708404 188440.40957708406 56 48
188670.11857708407 189080.57470208406 56 49
189585.32357708403 189940.15157708403 56 49
191611.97107708408 192048.37657708407 56 48
192745.98507708404 193214.00407708407 56 50
209390.9850770841 209828.24907708413 56 48
210057.95807708413 210468.41420208412 56 49
210973.16307708411 211327.9910770841 56 49
212999.81057708414 213436.21607708413 56 48
214133.8245770841 214601.84357708413 56 50
214601.84357708413 214719.49717083413 56 44
214824.18107708413 215046.5185770841 56 37
215046.5185770841 215276.2275770841 56 43
215276.2275770841 215505.9365770841 56 36
215505.9365770841 215728.27407708412 56 44
215728.27407708412 215950.61157708408 56 37
215950.61157708408 216180.32057708412 56 43
216180.32057708412 216410.02957708412 56 36
216410.02957708412 216527.68317083412 56 44
216632.36707708408 216854.70457708408 56 37
216854.70457708408 217314.1225770841 56 43
220267.36489583418 220611.89562708422 56 56
220725.48887708422 221066.26862708424 56 51
221410.89962708426 221646.45139375093 56 53
231076.15701458452 231418.44051458448 56 68
232005.4615145845 232344.03626458446 56 65
232924.7160145845 233259.41326458452 56 65
233840.0930145846 234174.79026458462 56 64
234755.4700145847 235090.1672645847 56 64
247199.1620458347 247901.19054583475 56 51
249696.9225458347 250134.18654583473 56 50
250362.37554583474 250768.0651708347 56 51
251272.8140458347 251627.6420458347 56 51
253302.3670458347 253738.7725458347 56 50
254433.14104583467 254901.1600458347 56 52
271074.54304583516 271511.8070458351 56 50
271741.51604583516 272148.7256708352 56 51
272653.4745458353 273008.3025458353 56 51
274683.02754583524 275119.4330458352 56 50
275813.8015458352 276281.8205458352 56 52
292740.4697958357 293177.7337958357 56 50
293407.4427958357 293814.65242083574 56 51
294319.40129583585 294674.22929583583 56 51
296348.95429583575 296785.35979583574 56 50
297479.7282958357 297968.97029583575 56 52
297968.97029583575 298086.6238895857 56 48
298191.3077958357 298413.6452958357 56 40
298413.6452958357 298643.3542958357 56 47
298643.3542958357 298873.0632958357 56 39
298873.0632958357 299095.40079583565 56 48
299095.40079583565 299317.7382958356 56 40
299317.7382958356 299547.4472958356 56 47
299547.4472958356 299777.15629583556 56 39
299777.15629583556 299894.80988958554 56 48
299999.49379583553 300221.8312958355 56 40
300221.8312958355 300834.38862916885 56 47
303871.94462916884 304110.2291291689 56 43
304110.2291291689 304348.5136291689 56 38
304348.5136291689 304578.89312916895 56 43
304820.46262916893 305057.842129169 56 43
305057.842129169 305295.221629169 56 38
305295.221629169 305524.75512916903 56 43
305767.45362916903 306356.439629169 56 49
229682.8227645845 230023.86126458447 57 71
2237.2490000000003 2564.1580000000004 58 51
3593.730000000001 3869.539000000001 58 49
5845.7335 6172.6425 58 51
6505.2705 6734.121 58 47
9477.015000000003 9803.924000000003 58 51
10833.496000000003 11109.305 58 49
13089.534999999998 13416.443999999996 58 51
13749.071999999996 13977.922499999997 58 47
20715.46674999999 21382.479249999986 58 38
22512.628749999993 23219.953749999993 58 38
26233.75874999999 26560.66774999999 58 51
27593.486249999987 27869.29524999999 58 49
29842.58424999999 30169.49324999999 58 51
30502.12124999999 30730.971749999982 58 47
37461.38399999999 38128.396499999995 58 38
39258.54599999998 39965.87099999997 58 38
42969.54149999997 43296.45049999997 58 51
44329.26899999999 44605.07799999999 58 49
46579.09999999999 46906.00899999999 58 51
47238.63699999998 47467.487499999974 58 47
50216.06399999997 50656.88649999997 58 51
54980.17199999999 55204.10574999998 58 48
55204.10574999998 55427.23724999998 58 48
55427.23724999998 55761.934499999974 58 53
56760.327749999975 56982.676499999965 58 48
56982.676499999965 57203.443499999965 58 48
57203.443499999965 57543.535999999964 58 53
63765.273331249955 64228.15447499995 58 49
65575.68424374994 66034.16217499995 58 37
78097.51667500002 78424.42567500002 58 51
79453.99767500002 79729.80667500001 58 49
81706.001175 82032.910175 58 51
82365.538175 82594.38867500001 58 47
85337.83865416663 85664.74765416663 58 51
86694.31965416667 86970.12865416668 58 49
88948.10181041666 89275.01081041666 58 51
89607.63881041665 89836.48931041667 58 47
96585.77156041664 97256.75256041666 58 38
98399.95831041665 99107.28331041665 58 38
102143.69466666663 102470.60366666663 58 51
103500.17566666668 103775.98466666667 58 49
105750.84172916666 106077.75072916666 58 51
106410.37872916665 106639.22922916665 58 47
113392.17497916665 114063.15597916667 58 38
115206.36172916666 115913.68672916666 58 38
118937.28587916662 119264.19487916662 58 51
120293.76687916667 120569.57587916666 58 49
122549.94566041665 122876.85466041665 58 51
123209.48266041666 123438.33316041666 58 47
166395.19457708398 166722.10357708397 58 51
167751.67557708398 168027.484577084 58 49
170007.714577084 170334.62357708398 58 51
170667.25157708398 170896.10207708398 58 47
177737.29707708381 178295.12582708386 58 38
179546.00057708396 180101.8443270839 58 38
181353.49107708395 181909.33482708392 58 38
183857.89207708396 184154.01670208396 58 35
187780.01407708405 188106.92307708404 58 51
189139.74157708403 189415.55057708404 58 49
191388.83957708406 191715.74857708407 58 51
192048.37657708407 192277.22707708407 58 47
199106.9353270839 199664.76407708396 58 38
200909.18782708407 201465.031577084 58 38
202716.67832708405 203272.522077084 58 38
205221.07932708407 205506.70593125073 58 35
209167.8535770841 209494.76257708413 58 51
210527.58107708412 210803.39007708413 58 49
212776.67907708415 213103.58807708413 58 51
213436.21607708413 213665.06657708413 58 47
217760.3855770841 218448.63057708414 58 51
218679.18707708412 219367.43207708417 58 51
220498.3023770842 220839.08212708423 58 61
220952.67537708423 221293.45512708425 58 58
221637.05360208428 221874.7118708343 58 58
228757.23526458445 229097.03776458447 58 71
230146.8525145845 230489.13601458448 58 72
236150.4865145847 236492.50976458474 58 54
238033.8360145848 238394.29726458478 58 47
242667.45854583473 243356.58554583474 58 51
246275.94304583475 246676.4314208347 58 51
246962.49454583472 247199.1620458347 58 42
249473.7910458347 249800.7000458347 58 53
250827.2320458347 251103.04104583472 58 51
253079.2355458347 253406.14454583472 58 53
253738.7725458347 253967.6230458347 58 49
260716.60629583482 261284.5835458349 58 38
262569.87129583495 263218.28010833496 58 38
270851.41154583514 271178.3205458352 58 53
272207.8925458352 272483.70154583524 58 51
274459.8960458352 274786.8050458352 58 53
275119.4330458352 275348.2835458352 58 49
282093.89729583525 282661.8745458353 58 38
283947.1622958354 284595.5711083354 58 38
292517.3382958357 292844.2472958357 58 53
293873.81929583574 294149.6282958358 58 51
296125.82279583573 296452.7317958358 58 53
296785.35979583574 297014.2102958357 58 49
303705.33362916886 303961.30131666886 58 46
155400.70441041706 156002.1849104171 59 58
232467.02751458445 232801.7247645845 59 62
234297.78151458464 234632.47876458467 59 61
2016.4820000000004 2460.3805 60 51
5624.184 6068.865000000001 60 51
9256.248000000003 9700.146500000003 60 51
12867.985499999997 13312.666499999998 60 51
19826.75674999999 20438.68062499999 60 38
26012.99174999999 26456.89024999999 60 51
29621.034749999988 30065.71574999999 60 51
36572.67399999999 37184.59787499999 60 38
42748.77449999997 43192.67299999997 60 51
46357.55049999999 46802.23149999999 60 51
48638.273999999976 48859.82349999997 60 57
49995.29699999996 50439.195499999965 60 51
63991.486974999956 64462.69206874996 60 52
77876.74967500003 78320.64817500001 60 51
81484.451675 81929.13267499999 60 51
85117.07165416663 85560.97015416663 60 51
88726.55231041666 89171.23331041665 60 51
95694.54856041665 96025.69906041663 60 38
101922.92766666664 102366.82616666662 60 51
105529.29222916666 105973.97322916664 60 51
112500.95197916665 112832.10247916666 60 38
118716.51887916663 119160.41737916661 60 51
122328.39616041665 122773.07716041665 60 51
127638.67666041674 127887.25326041672 60 53
129560.16616041672 130988.30821041668 60 53
130976.46641041666 131664.56749375002 60 46
135212.00341041674 135460.58001041674 60 53
137133.4929104167 138561.63496041668 60 53
138549.79316041668 139237.89424375002 60 46
140938.29916041673 141170.80316041675 60 48
142822.80866041675 143081.20666041673 60 48
143339.60466041675 143814.35166041675 60 44
144740.1461604168 144972.65016041682 60 48
146649.33066041683 147412.1721604168 60 48
150542.34566041685 151149.27716041688 60 58
151514.01741041688 152120.94891041692 60 58
152485.68916041695 153092.62066041696 60 58
153457.360910417 154064.29241041702 60 58
154429.03266041703 155035.96416041706 60 58
166174.427577084 166618.32607708397 60 51
169786.16507708398 170230.846077084 60 51
176835.81957708384 177285.31507708383 60 45
187559.24707708406 188003.14557708404 60 51
191167.29007708406 191611.97107708408 60 51
198205.45782708394 198654.9533270839 60 45
208947.08657708412 209390.9850770841 60 51
212555.12957708412 212999.81057708414 60 51
215046.5185770841 215276.2275770841 60 51
215276.2275770841 215505.9365770841 60 44
216854.70457708408 217314.1225770841 60 51
221861.6492583343 222091.2865145843 60 59
222999.12951458426 223240.3157666676 60 57
227831.64776458437 228171.4502645844 60 71
229220.02901458446 229559.83151458448 60 74
240664.17154583478 240885.72104583474 60 51
242563.68104583473 242897.16754583476 60 45
243126.87654583473 243812.47104583474 60 50
244038.83504583474 244393.66304583472 60 50
244284.81754583473 244502.50854583472 60 51
246172.16554583472 246504.79354583472 60 45
249253.0240458347 249696.9225458347 60 53
252857.6860458347 253302.3670458347 60 53
259827.89629583477 260383.02354583482 60 38
270630.64454583515 271074.54304583516 60 53
274238.3465458352 274683.02754583524 60 53
281205.1872958352 281760.31454583525 60 38
292296.5712958357 292740.4697958357 60 53
295904.27329583577 296348.95429583575 60 53
298413.6452958357 298643.3542958357 60 56
298643.3542958357 298873.0632958357 60 48
300221.8312958355 300834.38862916885 60 56
303556.5792958356 303871.94462916884 60 46
304463.70337916893 304694.082879169 60 39
304694.082879169 304909.479941669 60 39
305409.988379169 305639.52187916904 60 39
305639.52187916904 305914.70012916904 60 39
6276.42 6676.908375 61 53
13520.221499999996 13920.709874999997 61 53
19609.06574999999 20047.52374999999 61 34
30273.27074999999 30512.610231249986 61 53
36354.98299999999 36793.44099999999 61 34
47009.78649999999 47249.125981249985 61 53
48749.04874999997 48945.08312499997 61 52
82136.68767500001 82537.17605 61 53
89378.78831041667 89722.06406041665 61 53
95475.93756041666 95915.31556041664 61 34
106181.52822916667 106524.80397916665 61 53
112276.85397916666 112720.79911666666 61 34
122980.63216041666 123323.90791041664 61 53
170438.40107708398 170838.88945208397 61 53
176597.98457708384 177058.95107708382 61 41
191819.52607708407 192220.01445208405 61 53
197974.04782708394 198428.58932708393 61 41
213207.36557708416 213607.85395208412 61 53
214601.84357708413 214719.49717083413 61 52
214824.18107708413 215046.5185770841 61 45
216410.02957708412 216527.68317083412 61 52
216632.36707708408 216854.70457708408 61 45
222084.80167083428 222328.92933958428 61 59
222544.75651458427 222788.0353916676 61 56
223233.80776458426 223806.7745145843 61 71
228294.4415145844 228634.24401458443 61 74
235338.59401458473 235564.9580145847 61 51
235564.9580145847 235801.13126458472 61 49
235801.13126458472 236027.4952645847 61 50
236027.4952645847 236264.49426458473 61 49
236264.49426458473 236492.50976458474 61 50
236492.50976458474 236729.92626458476 61 49
236729.92626458476 236958.7767645848 61 50
236958.7767645848 237196.62251458483 61 49
237196.62251458483 237426.33151458483 61 49
237426.33151458483 237670.60426458484 61 47
237670.60426458484 237902.0142645848 61 46
237902.0142645848 238153.98976458478 61 44
238153.98976458478 238394.29726458478 61 44
238394.29726458478 238526.46617708475 61 42
238649.45543333478 238783.49337708473 61 42
238915.57104583472 239631.82454583474 61 40
240774.94629583476 240968.80210833476 61 46
242459.9035458347 242667.45854583473 61 48
243812.47104583474 243925.65304583474 61 43
243925.65304583474 244284.81754583473 61 43
244393.66304583472 244586.24510833473 61 46
246068.38804583473 246275.94304583475 61 48
246504.79354583472 246733.64404583472 61 43
253509.9220458347 253910.4104208347 61 55
259601.36129583474 260048.6632958348 61 34
274890.5825458352 275291.0709208352 61 55
280978.8232958352 281425.9542958352 61 34
296556.50929583574 296956.99767083576 61 55
297968.97029583575 298086.6238895857 61 57
298191.3077958357 298413.6452958357 61 49
299777.15629583556 299894.80988958554 61 57
299999.49379583553 300221.8312958355 61 49
303407.8249625022 303705.33362916886 61 51
51990.27149999998 52430.29999999998 62 48
53541.34749999999 53986.02249999999 62 62
54640.61749999999 54980.17199999999 62 51
56421.17599999998 56760.327749999975 62 51
127879.23466041673 128129.21318541674 62 47
135452.56141041673 135702.53993541675 62 47
141170.80316041675 141403.3071604167 62 44
144972.65016041682 145205.15416041677 62 44
155400.70441041706 156002.1849104171 62 66
231655.1112645845 231882.47026458447 62 59
231882.47026458447 232118.31976458448 62 58
232118.31976458448 232344.03626458446 62 59
232344.03626458446 232578.59326458446 62 58
232578.59326458446 232801.7247645845 62 59
232801.7247645845 233036.2817645845 62 57
233036.2817645845 233259.41326458452 62 58
233259.41326458452 233493.97026458455 62 57
233493.97026458455 233717.10176458457 62 58
233717.10176458457 233951.6587645846 62 57
233951.6587645846 234174.79026458462 62 58
234174.79026458462 234409.34726458465 62 57
234409.34726458465 234632.47876458467 62 58
234632.47876458467 234867.0357645847 62 56
234867.0357645847 235090.1672645847 62 57
235090.1672645847 235233.9006645847 62 56
6734.121 7140.472125 63 49
13977.922499999997 14384.273624999996 63 49
18051.46374999999 18718.544749999994 63 38
21610.494749999987 22140.035062499996 63 38
30730.971749999982 31140.562874999985 63 49
34797.38099999999 35464.46199999999 63 38
38356.41199999999 38885.95231249998 63 38
47467.487499999974 47877.07862499997 63 49
48859.82349999997 49087.182499999966 63 57
49087.182499999966 49308.111999999965 63 57
49308.111999999965 49536.962499999965 63 59
49774.52999999996 50656.88649999997 63 57
53099.020499999984 53319.00999999999 63 66
53319.00999999999 53763.68499999999 63 72
54422.16549999999 54867.80399999999 63 51
56202.72399999997 56648.362499999974 63 51
57543.535999999964 57762.75399999996 63 51
57989.11799999996 58207.56999999996 63 48
58431.50049999996 58649.19149999996 63 49
61082.75499999996 61301.97299999996 63 51
61528.33699999996 61746.78899999996 63 48
61970.719499999956 62188.41049999996 63 49
65802.75217499996 66265.57217499995 63 44
66737.28967499995 69994.20717499999 63 44
70465.92467499999 73395.47411875003 63 44
73260.02217500003 74196.70967500003 63 54
74196.70967500003 76524.91617500005 63 60
82594.38867500001 83000.7398 63 49
89836.48931041667 90242.84043541666 63 49
93918.33556041667 94249.48606041666 63 38
97488.32356041665 98162.20281041664 63 38
106639.22922916665 107045.58035416664 63 49
110719.25197916667 111050.40247916666 63 38
114294.72697916666 114968.60622916665 63 38
123438.33316041666 123844.68428541665 63 49
161259.69885416733 161496.60935416736 63 57
161733.5198541674 161970.43035416742 63 57
162223.1941041674 162464.7011041674 63 57
162707.27172083408 162852.05525833406 63 65
170896.10207708398 171302.45320208397 63 49
175025.51232708388 175470.1873270839 63 45
178634.7070770839 179198.90432708393 63 38
180449.9365770839 181007.3683270839 63 38
182256.3485770839 182813.78032708395 63 38
184091.02857708395 184612.7802125007 63 36
192277.22707708407 192686.81820208405 63 49
196401.57557708398 196846.250577084 63 45
200004.34532708398 200561.77707708403 63 38
201813.123827084 202370.55557708401 63 38
203619.535827084 204176.96757708405 63 38
205454.21582708406 205972.81805625075 63 36
213665.06657708413 214074.65770208414 63 49
215950.61157708408 216180.32057708412 63 51
216180.32057708412 216410.02957708412 63 44
222317.5700145843 222553.27600833424 63 64
222771.94301458425 223010.48883958426 63 67
227367.61801458435 227708.65651458435 63 74
230725.80676458453 230953.1657645845 63 63
230953.1657645845 231089.46803958452 63 62
231190.2515145845 231418.44051458448 63 62
231418.44051458448 231549.9577270845 63 59
240885.72104583474 241107.27054583476 63 51
241107.27054583476 241328.82004583476 63 51
241328.82004583476 241557.67054583476 63 53
241795.23804583473 242563.68104583473 63 51
243593.25304583472 243869.06204583473 63 50
243869.06204583473 243982.24404583473 63 39
244502.50854583472 244725.80604583473 63 51
244725.80604583473 244945.95704583472 63 50
244945.95704583472 245169.8875458347 63 54
245402.15754583472 246172.16554583472 63 51
253967.6230458347 254373.9741708347 63 51
258043.75929583472 258598.06679583478 63 38
261639.32129583493 262329.92879583495 63 38
263990.051295835 264406.428795835 63 35
275348.2835458352 275754.63467083516 63 51
279421.22129583516 279975.5287958352 63 38
283016.61229583534 283707.2197958354 63 38
285367.3422958354 285799.6187958354 63 35
297014.2102958357 297420.56142083573 63 51
299317.7382958356 299547.4472958356 63 56
299547.4472958356 299777.15629583556 63 48
303259.0706291689 303556.5792958356 63 47
304578.89312916895 304820.46262916893 63 42
305524.75512916903 305767.45362916903 63 42
125787.08766041667 126361.3601604167 64 53
128119.79266041674 128386.86079375006 64 49
131213.30241041668 131411.2090354167 64 71
133360.4144104167 133934.6869104167 64 53
135693.11941041675 135960.18754375007 64 49
138786.6291604167 138984.5357854167 64 71
140012.5046604167 140242.2136604167 64 48
140242.2136604167 140471.92266041672 64 44
141403.3071604167 141878.05416041674 64 44
141878.05416041674 142107.76316041674 64 48
142107.76316041674 142337.47216041674 64 44
142952.00766041674 143210.40566041673 64 40
143814.35166041675 144044.06066041676 64 48
144044.06066041676 144273.7696604168 64 44
145205.15416041677 145679.9011604168 64 44
145679.9011604168 145909.6101604168 64 48
145909.6101604168 146139.3191604168 64 44
150542.34566041685 151149.27716041688 64 66
152485.68916041695 153092.62066041696 64 66
154429.03266041703 155035.96416041706 64 66
159329.48310416722 159569.11910416724 64 44
159808.75510416727 160048.39110416727 64 44
160288.0271041673 160527.66310416732 64 44
160767.29910416732 161006.93510416735 64 44
17828.961249999993 18272.23074999999 65 34
34577.22999999999 35018.14799999999 65 34
52212.60899999998 52651.06699999998 65 59
54203.71349999999 54531.39149999999 65 45
54640.61749999999 54980.17199999999 65 70
55984.271999999975 56311.949999999975 65 45
56421.17599999998 56760.327749999975 65 70
57653.14499999996 57875.93599999996 65 49
58098.34399999996 58319.53524999996 65 46
58540.345999999954 58872.32299999996 65 46
61192.363999999965 61415.15499999996 65 49
61637.562999999966 61858.75424999996 65 46
62079.56499999996 62424.185499999956 65 46
67669.26667499996 68130.37967499997 65 44
68599.41017499997 69762.79717499999 65 44
71397.901675 71859.01467500001 65 44
72328.04517500002 73395.47411875003 65 53
93697.40606041667 94138.18269791667 65 34
110501.71897916668 110939.09911666666 65 34
125550.42016041667 125757.50422291669 65 45
126712.88216041672 126950.2481270834 65 53
130744.89541041669 130976.46641041666 65 72
131411.2090354167 131664.56749375002 65 60
133123.74691041667 133330.83097291668 65 45
134286.20891041672 134523.5748770834 65 53
138318.22216041668 138549.79316041668 65 72
138984.5357854167 139237.89424375002 65 60
140471.92266041672 140701.63166041672 65 44
140701.63166041672 140908.71572291674 65 43
142337.47216041674 142572.60016041674 65 44
142572.60016041674 142791.53259791672 65 43
144273.7696604168 144503.4786604168 65 44
144503.4786604168 144710.5627229168 65 43
146139.3191604168 146380.82616041682 65 44
146380.82616041682 146615.76759791683 65 43
150296.08066041686 150542.34566041685 65 59
151514.01741041688 152120.94891041692 65 66
153457.360910417 154064.29241041702 65 66
155528.36391041704 155765.27441041707 65 65
174777.3733270839 175247.84982708388 65 41
196147.20182708398 196623.91307708397 65 41
215505.9365770841 215728.27407708412 65 52
215728.27407708412 215950.61157708408 65 45
225986.7877645843 226321.48501458435 65 71
226444.47626458434 226781.83301458432 65 74
229796.5022645845 230023.86126458447 65 68
230023.86126458447 230156.36038958447 65 66
230260.9470145845 230489.13601458448 65 66
230489.13601458448 230622.54788541785 65 63
257813.04329583474 258264.52629583474 65 34
260716.60629583482 261284.5835458349 65 45
262569.87129583495 263218.28010833496 65 45
279203.68829583516 279641.98829583515 65 34
282093.89729583525 282661.8745458353 65 45
283947.1622958354 284595.5711083354 65 45
298873.0632958357 299095.40079583565 65 57
299095.40079583565 299317.7382958356 65 49
303110.31629583554 303407.8249625022 65 47
226904.82426458434 227244.62676458436 66 71
228870.50276458444 229097.03776458447 66 68
229097.03776458447 229230.41186875114 66 67
229333.29651458448 229559.83151458448 66 68
229559.83151458448 229689.45406875116 66 67
6734.121 7140.472125 67 59
13977.922499999997 14384.273624999996 67 59
16271.854999999996 16829.71199999999 67 38
19377.83424999999 19609.06574999999 67 53
19609.06574999999 20047.52374999999 67 41
21610.494749999987 22140.035062499996 67 45
30730.971749999982 30963.062249999984 67 59
33020.123749999984 33577.98074999999 67 38
36123.75149999999 36354.98299999999 67 53
36354.98299999999 36793.44099999999 67 41
38356.41199999999 38885.95231249998 67 45
47467.487499999974 47699.57799999997 67 59
51325.606999999975 51767.93399999997 67 63
52430.29999999998 52871.83399999999 67 70
53986.02249999999 54312.93949999999 67 48
54422.16549999999 54640.61749999999 67 70
55761.934499999974 56093.49799999998 67 55
56202.72399999997 56421.17599999998 67 70
57762.75399999996 57989.11799999996 67 54
58207.56999999996 58431.50049999996 67 54
58649.19149999996 59307.704999999965 67 52
59307.704999999965 59526.92299999996 67 40
59753.28699999997 59971.738999999965 67 38
60195.66949999996 60413.36049999996 67 39
61301.97299999996 61528.33699999996 67 54
61746.78899999996 61970.719499999956 67 54
62188.41049999996 62700.99869374995 67 52
66034.16217499995 66496.98217499994 67 39
66496.98217499994 66967.84617499996 67 38
69762.79717499999 70225.61717499998 67 39
70225.61717499998 70696.481175 67 38
73490.57867500004 73951.69167500004 67 46
73951.69167500004 76524.91617500005 67 51
82594.38867500001 83000.7398 67 59
89836.48931041667 90065.33981041666 67 56
92140.29981041666 92473.80606041668 67 38
95244.70606041666 95475.93756041666 67 53
95475.93756041666 95915.31556041664 67 41
97488.32356041665 98162.20281041664 67 45
106639.22922916665 106868.07972916665 67 56
108944.61272916666 109278.11897916668 67 38
112045.62247916666 112276.85397916666 67 53
112276.85397916666 112720.79911666666 67 41
114294.72697916666 114968.60622916665 67 45
123438.33316041666 123667.18366041666 67 56
125091.00216041665 125320.71116041667 67 47
126942.59116041672 127180.91424791675 67 47
129560.16616041672 129796.10816041671 67 74
130976.46641041666 131213.30241041668 67 74
132664.32891041666 132894.03791041666 67 47
134515.9179104167 134754.24099791673 67 47
137133.4929104167 137369.43491041672 67 74
138549.79316041668 138786.6291604167 67 74
143081.20666041673 143339.60466041675 67 44
150053.63666041687 150296.08066041686 67 66
150670.00516041685 150909.64116041688 67 59
150909.64116041688 151149.27716041688 67 59
151388.9131604169 151641.6769104169 67 59
152613.34866041693 152852.98466041696 67 59
152852.98466041696 153092.62066041696 67 59
153332.25666041698 153585.02041041697 67 59
154556.692160417 154796.32816041703 67 59
154796.32816041703 155035.96416041706 67 59
155275.60016041706 155485.8107437504 67 59
159449.30110416724 159688.93710416724 67 51
159928.57310416727 160168.2091041673 67 48
160407.8451041673 160647.48110416732 67 48
160887.11710416735 161132.03935416735 67 48
161378.15410416736 161615.06460416736 67 66
161851.9751041674 162095.5346041674 67 62
162343.9476041674 162580.42320833408 67 67
162832.00630000074 163125.23357708406 67 73
171124.95257708398 171595.62957708398 67 59
173202.58957708394 173651.29107708394 67 45
176153.30957708388 176375.64707708388 67 56
176375.64707708388 176597.98457708384 67 56
178634.7070770839 179198.90432708393 67 45
180449.9365770839 181007.3683270839 67 45
182256.3485770839 182813.78032708395 67 45
192509.31757708406 192745.98507708404 67 50
194572.41807708403 195021.11957708403 67 45
197529.37282708398 197751.71032708397 67 56
197751.71032708397 197974.04782708394 67 56
200004.34532708398 200561.77707708403 67 45
201813.123827084 202370.55557708401 67 45
203619.535827084 204176.96757708405 67 45
213897.15707708412 214133.8245770841 67 50
218902.31857708414 219136.87557708417 67 66
219597.98857708415 219735.71213333416 67 68
253967.6230458347 254373.9741708347 67 61
256255.9370458347 256700.6120458347 67 38
259370.12979583477 259601.36129583474 67 53
259601.36129583474 260048.6632958348 67 41
261639.32129583493 262329.92879583495 67 45
275348.2835458352 275754.63467083516 67 61
277646.58204583515 278204.4390458351 67 38
280747.5917958352 280978.8232958352 67 53
280978.8232958352 281425.9542958352 67 41
283016.61229583534 283707.2197958354 67 45
297014.2102958357 297420.56142083573 67 61
302961.56196250225 303259.0706291689 67 51
7199.639 7901.6675000000005 68 60
14443.440499999997 15152.694499999996 68 60
16048.557499999994 16494.192499999994 68 34
18718.544749999994 18934.72974999999 68 59
19155.49674999999 19551.257874999992 68 53
19826.75674999999 20268.29074999999 68 45
20268.29074999999 20495.47724999999 68 53
20715.46674999999 21382.479249999986 68 45
22512.628749999993 23219.953749999993 68 45
31199.729749999984 31901.75824999998 68 60
32797.62124999998 33242.461249999986 68 34
35464.46199999999 35680.64699999998 68 59
35901.41399999999 36297.17512499999 68 53
36572.67399999999 37014.208 68 45
37014.208 37241.394499999995 68 53
37461.38399999999 38128.396499999995 68 45
39258.54599999998 39965.87099999997 68 45
47936.245499999975 48638.273999999976 68 60
49536.962499999965 49774.52999999996 68 65
51767.93399999997 52212.60899999998 68 59
54203.71349999999 54422.16549999999 68 70
55984.271999999975 56202.72399999997 68 70
59417.31399999996 59640.10499999996 68 39
59862.51299999996 60083.70424999996 68 36
60304.51499999996 60859.623499999965 68 36
67899.82317499997 68360.93617499998 68 39
68360.93617499998 68829.96667499997 68 38
71628.458175 72089.57117500002 68 39
72089.57117500002 72558.60167500001 68 38
83059.90667499999 83761.93517499999 68 60
90302.00731041665 91023.50731041665 68 60
91919.37031041666 92361.71090416667 68 34
94585.41656041666 94911.98506041666 68 59
95133.53731041665 95418.12968541666 68 51
95694.54856041665 96025.69906041663 68 45
96136.08256041665 96585.77156041664 68 53
96585.77156041664 97256.75256041666 68 45
98399.95831041665 99107.28331041665 68 45
107104.74722916665 107826.24722916663 68 60
108722.11022916666 109166.02382291667 68 34
111386.33297916666 111712.90147916666 68 59
111934.45372916666 112219.04610416667 68 51
112500.95197916665 112721.71897916665 68 45
112942.48597916665 113392.17497916665 68 53
113392.17497916665 114063.15597916667 68 45
115206.36172916666 115913.68672916666 68 45
123903.85116041666 124625.35116041664 68 60
124861.29316041664 125098.65912708332 68 53
125320.71116041667 125668.75391041668 68 49
127172.30016041674 127417.78699375008 68 49
129313.98216041671 129560.16616041672 68 69
130514.1761604167 130744.89541041669 68 75
132434.61991041666 132671.98587708332 68 53
132894.03791041666 133242.08066041666 68 49
134745.62691041673 134991.1137437501 68 49
136887.30891041673 137133.4929104167 68 69
138087.5029104167 138318.22216041668 68 75
149333.67316041683 149578.01266041683 68 63
149815.82466041687 150053.63666041687 68 60
150419.21316041687 150670.00516041685 68 50
150789.82316041685 151029.45916041688 68 69
151269.0951604169 151514.01741041688 68 65
151641.6769104169 151881.31291041692 68 59
151881.31291041692 152120.94891041692 68 59
152360.58491041695 152613.34866041693 68 59
152733.16666041693 152972.80266041696 68 69
153212.43866041698 153457.360910417 68 65
153585.02041041697 153824.656410417 68 59
153824.656410417 154064.29241041702 68 59
154303.92841041702 154556.692160417 68 59
154676.51016041703 154916.14616041703 68 69
155155.78216041706 155400.70441041706 68 65
155400.70441041706 155646.81916041707 68 73
155646.81916041707 155883.7296604171 68 75
171595.62957708398 172070.87407708398 68 60
172960.22407708393 173424.92707708394 68 41
175696.9625770839 176042.1408270839 68 51
176042.1408270839 176264.47832708387 68 51
176264.47832708387 176486.81582708386 68 50
177058.95107708382 177282.48552708383 68 50
177285.31507708383 177737.29707708381 68 56
177737.29707708381 178295.12582708386 68 45
179546.00057708396 180101.8443270839 68 45
181353.49107708395 181909.33482708392 68 45
192979.99457708406 193448.0135770841 68 60
194337.36357708403 194794.75557708403 68 41
197073.025827084 197418.204077084 68 51
197418.204077084 197640.541577084 68 51
197640.541577084 197862.87907708396 68 50
198428.58932708393 198652.1237770839 68 50
198654.9533270839 199106.9353270839 68 56
199106.9353270839 199664.76407708396 68 45
200909.18782708407 201465.031577084 68 45
202716.67832708405 203272.522077084 68 45
214367.83407708412 214713.01232708414 68 60
218790.75282708413 219013.88432708415 68 59
219013.88432708415 219367.43207708417 68 58
219367.43207708417 219597.98857708415 68 63
219822.48520208418 220003.9493333342 68 65
224152.60926458426 224487.3065145843 68 71
227944.9152645844 228171.4502645844 68 68
228171.4502645844 228313.31943125106 68 67
228407.70901458443 228634.24401458443 68 68
228634.24401458443 228822.36407708444 68 67
241557.67054583476 241795.23804583473 68 58
245169.8875458347 245402.15754583472 68 56
254433.14104583467 255135.1695458347 68 63
256031.0325458347 256477.3481395847 68 34
258710.84029583476 259147.79229583478 68 59
259147.79229583478 259543.55342083477 68 53
259827.89629583477 260269.4302958348 68 45
275813.8015458352 276515.83004583523 68 63
277411.6930458351 277868.9195458351 68 34
280088.3022958352 280525.2542958352 68 59
280525.2542958352 280921.01542083523 68 53
281205.1872958352 281646.7212958352 68 45
297479.7282958357 298080.1390458357 68 63
302808.4226291689 303110.31629583554 68 47
217983.5170770841 218218.07407708414 69 66
224610.2977645843 224944.99501458433 69 74
2667.9355000000005 3357.062500000001 70 60
6276.42 6676.908375 70 60
6962.9715 7199.639 70 50
9907.701500000001 10596.828500000001 70 60
13520.221499999996 13920.709874999997 70 60
14206.772999999997 14443.440499999997 70 50
18934.72974999999 19377.83424999999 70 61
26664.44524999999 26894.15424999999 70 60
26894.15424999999 27298.57987499999 70 53
30273.27074999999 30502.12124999999 70 62
30502.12124999999 30673.759124999986 70 55
30963.062249999984 31199.729749999984 70 50
35680.64699999998 36123.75149999999 70 61
43400.227999999974 43629.936999999976 70 60
43629.936999999976 44034.36262499999 70 53
47009.78649999999 47238.63699999998 70 62
47238.63699999998 47410.27487499998 70 55
47699.57799999997 47936.245499999975 70 50
50656.88649999997 51098.42049999998 70 70
51545.59649999997 51990.27149999998 70 68
52651.06699999998 53099.020499999984 70 62
53986.02249999999 54312.93949999999 70 59
54312.93949999999 54531.39149999999 70 63
54531.39149999999 54867.80399999999 70 62
55761.934499999974 56093.49799999998 70 75
56093.49799999998 56311.949999999975 70 63
56311.949999999975 56648.362499999974 70 62
59526.92299999996 59753.28699999997 70 43
59971.738999999965 60195.66949999996 70 43
60413.36049999996 61082.75499999996 70 41
66265.57217499995 66737.28967499995 70 43
68130.37967499997 68599.41017499997 70 43
69994.20717499999 70465.92467499999 70 43
71859.01467500001 72328.04517500002 70 43
73721.13517500005 76524.91617500005 70 55
78528.20317500003 78757.91217500003 70 60
78757.91217500003 79159.90292500003 70 53
82136.68767500001 82537.17605 70 60
82823.239175 83059.90667499999 70 50
85768.52515416664 85998.23415416665 70 60
85998.23415416665 86170.51590416666 70 56
89378.78831041667 89607.63881041665 70 60
89607.63881041665 89779.27668541665 70 56
90065.33981041666 90302.00731041665 70 54
94801.60156041666 95022.36856041665 70 59
95022.36856041665 95244.70606041666 70 55
102574.38116666664 102804.09016666666 70 60
102804.09016666666 102976.37191666667 70 56
106181.52822916667 106410.37872916665 70 60
106410.37872916665 106582.01660416665 70 56
106868.07972916665 107104.74722916665 70 54
111602.51797916666 111823.28497916665 70 59
111823.28497916665 112045.62247916666 70 55
119367.97237916663 119597.68137916665 70 60
119597.68137916665 119769.96312916666 70 56
122980.63216041666 123209.48266041666 70 60
123209.48266041666 123381.12053541666 70 56
123667.18366041666 123903.85116041666 70 54
129078.92766041672 129313.98216041671 70 70
130267.9921604167 130514.1761604167 70 75
136652.25441041673 136887.30891041673 70 70
137841.3189104167 138087.5029104167 70 75
149578.01266041683 149815.82466041687 70 66
150174.85866041688 150419.21316041687 70 56
151149.27716041688 151388.9131604169 70 59
151761.4949104169 152001.13091041692 70 69
152240.76691041695 152485.68916041695 70 65
153092.62066041696 153332.25666041698 70 59
153704.838410417 153944.474410417 70 69
154184.11041041702 154429.03266041703 70 65
155035.96416041706 155275.60016041706 70 59
159569.11910416724 159808.75510416727 70 44
160048.39110416727 160288.0271041673 70 44
160527.66310416732 160767.29910416732 70 44
161006.93510416735 161138.42232916734 70 44
161496.60935416736 161733.5198541674 70 57
161970.43035416742 162223.1941041674 70 57
162464.7011041674 162604.5739083341 70 58
162959.65232708407 163577.6409666674 70 65
167055.590077084 167515.008077084 70 60
170667.25157708398 171124.95257708398 70 60
175930.97207708392 176153.30957708388 70 59
176486.81582708386 176713.68957708383 70 55
188440.40957708406 188903.07407708405 70 53
192048.37657708407 192277.22707708407 70 43
197307.035327084 197529.37282708398 70 59
197862.87907708396 198089.75282708395 70 55
209828.24907708413 210290.91357708414 70 53
213436.21607708413 213665.06657708413 70 43
217871.9513270841 218095.08282708412 70 59
218095.08282708412 218448.63057708414 70 58
218448.63057708414 218679.18707708412 70 63
220045.6376145842 220248.0477833342 70 67
221179.86187708424 221410.89962708426 70 65
225067.98626458432 225640.95301458435 70 80
227018.09176458433 227244.62676458436 70 68
227244.62676458436 227378.0386354177 70 67
227481.29751458438 227708.65651458435 70 68
227708.65651458435 227844.86230625105 70 67
235451.7760145847 235687.94926458472 70 57
235914.3132645847 236150.4865145847 70 57
236378.50201458475 236615.50101458476 70 57
236844.3515145848 237081.7680145848 70 56
237311.47701458482 237554.89926458482 70 54
237786.30926458482 238033.8360145848 70 52
238274.14351458478 238501.69122708475 70 49
238780.17243958474 239115.65104583473 70 47
249904.4775458347 250305.32829583474 70 68
253509.9220458347 253910.4104208347 70 63
254196.47354583468 254433.14104583467 70 52
258927.02529583476 259370.12979583477 70 61
271282.09804583516 271684.08879583515 70 68
274890.5825458352 275291.0709208352 70 63
275577.1340458352 275813.8015458352 70 52
280304.4872958352 280747.5917958352 70 61
292948.0247958357 293350.0155458357 70 68
296556.50929583574 296956.99767083576 70 63
297243.06079583574 297479.7282958357 70 52
302051.0499625022 302502.1439625022 70 61
302655.28329583554 302961.56196250225 70 47
17601.77474999999 17828.961249999993 71 55
17828.961249999993 18272.23074999999 71 41
34350.04349999999 34577.22999999999 71 55
34577.22999999999 35018.14799999999 71 41
93470.21956041666 93697.40606041667 71 55
93697.40606041667 94138.18269791667 71 41
110274.53247916666 110501.71897916668 71 55
110501.71897916668 110939.09911666666 71 41
129796.10816041671 130032.05016041671 71 75
137369.43491041672 137605.3769104167 71 75
155765.27441041707 156002.1849104171 71 66
156002.1849104171 156239.09541041713 71 67
174329.40657708392 174551.7440770839 71 56
174551.7440770839 174777.3733270839 71 56
195699.235077084 195921.57257708398 71 56
195921.57257708398 196147.20182708398 71 56
226556.92851458435 226781.83301458432 71 68
226781.83301458432 226915.207118751 71 67
231768.79076458447 232005.4615145845 71 66
232231.17801458447 232467.02751458445 71 66
232690.15901458447 232924.7160145845 71 66
233147.84751458452 233382.40451458454 71 66
233605.53601458456 233840.0930145846 71 65
234063.2245145846 234297.78151458464 71 65
234520.91301458466 234755.4700145847 71 65
234978.6015145847 235225.41201458473 71 65
257585.85679583473 257813.04329583474 71 55
257813.04329583474 258264.52629583474 71 41
278976.50179583515 279203.68829583516 71 55
279203.68829583516 279641.98829583515 71 41
664.6485 886.1980000000001 72 60
2564.1580000000004 2897.644500000001 72 54
3127.3535000000006 3812.948000000001 72 59
4039.312000000001 4285.294500000001 72 59
4285.294500000001 4502.985500000002 72 60
6172.6425 6505.2705 72 54
7901.6675000000005 8123.216999999999 72 60
9803.924000000003 10137.410500000002 72 54
10367.1195 11052.714000000002 72 59
11279.077999999998 11633.905999999997 72 59
11525.060499999998 11742.751499999997 72 60
13416.443999999996 13749.071999999996 72 54
16943.30524999999 17160.240749999994 72 59
17381.00774999999 17772.16462499999 72 55
18051.46374999999 18492.997749999995 72 45
18492.997749999995 18880.683499999992 72 53
18880.683499999992 19155.49674999999 72 53
20047.52374999999 20438.68062499999 72 53
24668.459249999993 24890.008749999997 72 60
26560.66774999999 26836.726999999988 72 54
27123.863249999988 27356.818749999988 72 59
27356.818749999988 27593.486249999987 72 53
28039.068249999993 28393.896249999994 72 59
28285.05074999999 28502.741749999994 72 60
30169.49324999999 30327.622743749987 72 54
33691.573999999986 33908.509499999986 72 59
34129.276499999985 34520.433374999986 72 55
34797.38099999999 35238.91499999999 72 45
35238.91499999999 35626.60074999999 72 53
35626.60074999999 35901.41399999999 72 53
36793.44099999999 37184.59787499999 72 53
41404.24199999997 41625.79149999996 72 60
43296.45049999997 43572.509749999976 72 54
43859.645999999986 44092.60149999999 72 59
44092.60149999999 44329.26899999999 72 53
44774.85099999997 45129.678999999975 72 59
45020.83349999997 45238.52449999998 72 60
46906.00899999999 47064.13849374999 72 54
50439.195499999965 50877.65349999997 72 59
52871.83399999999 53264.01262499999 72 70
76524.91617500005 76746.46567500006 72 60
78424.42567500002 78700.48492500003 72 54
78987.62117500004 79217.33017500002 72 59
79217.33017500002 79453.99767500002 72 53
79899.57967500002 80254.40767500001 72 59
80145.56217500001 80363.253175 72 60
82032.910175 82365.538175 72 54
83761.93517499999 83983.484675 72 60
85664.74765416663 85883.37965416665 72 54
86227.94315416667 86457.65215416669 72 56
86457.65215416669 86635.15277916669 72 54
87139.90165416666 87494.72965416666 72 59
87385.88415416666 87603.57515416667 72 60
89275.01081041666 89493.21356041667 72 54
92811.75006041667 93139.06906041667 72 59
93359.83606041667 93640.60943541667 72 51
93918.33556041667 94139.10256041666 72 45
94359.86956041666 94801.60156041666 72 53
96025.69906041663 96363.26906041664 72 53
100571.70081041666 100793.25031041667 72 60
102470.60366666663 102689.23566666665 72 54
103033.79916666666 103263.50816666668 72 56
103263.50816666668 103441.0087916667 72 54
103945.75766666667 104300.58566666667 72 59
104191.74016666666 104409.43116666666 72 60
106077.75072916666 106295.95347916665 72 54
109616.06297916667 109943.38197916668 72 59
110164.14897916667 110444.92235416666 72 51
110719.25197916667 110940.01897916666 72 45
111160.78597916666 111602.51797916666 72 53
112832.10247916666 113169.67247916665 72 53
117362.19222916666 117583.74172916666 72 60
119264.19487916662 119482.82687916663 72 54
119827.39037916665 120057.09937916667 72 56
120057.09937916667 120234.60000416668 72 54
120739.34887916666 121094.17687916665 72 59
120985.33137916666 121203.02237916665 72 60
122876.85466041665 123095.05741041666 72 54
124625.35116041664 124918.72041041664 72 53
124976.14766041664 125098.65912708332 72 50
125205.85666041666 125378.13841041666 72 50
125435.56566041667 125668.75391041668 72 47
125668.75391041668 125787.08766041667 72 48
125901.94216041669 126024.45362708336 72 50
126131.65116041669 126361.3601604167 72 50
126361.3601604167 126594.54841041673 72 47
126594.54841041673 126712.88216041672 72 48
126827.73666041672 126950.2481270834 72 50
127057.44566041674 127180.91424791675 72 50
127287.15466041675 127417.78699375008 72 47
127520.34291041674 127638.67666041674 72 48
127758.95566041673 127887.25326041672 72 50
127999.51366041673 128129.21318541674 72 52
128371.00666041672 128579.09216041674 72 68
128843.87316041674 129078.92766041672 72 69
130032.05016041671 130267.9921604167 72 75
132198.67791041668 132492.04716041667 72 53
132549.47441041665 132671.98587708332 72 50
132779.18341041668 132951.46516041667 72 50
133008.89241041665 133242.08066041666 72 47
133242.08066041666 133360.4144104167 72 48
133475.26891041666 133597.78037708334 72 50
133704.9779104167 133934.6869104167 72 50
133934.6869104167 134167.8751604167 72 47
134167.8751604167 134286.20891041672 72 48
134401.0634104167 134523.5748770834 72 50
134630.7724104167 134754.24099791673 72 50
134860.48141041672 134991.1137437501 72 47
135093.66966041672 135212.00341041674 72 48
135332.28241041672 135460.58001041674 72 50
135572.84041041674 135702.53993541675 72 52
135944.33341041673 136152.41891041675 72 68
136417.19991041673 136652.25441041673 72 69
137605.3769104167 137841.3189104167 72 75
140127.3591604167 140357.0681604167 72 40
140357.0681604167 140586.7771604167 72 40
140586.7771604167 140819.96541041674 72 37
140819.96541041674 140938.29916041673 72 38
141054.55116041674 141228.92916041674 72 40
141287.05516041673 141637.55416041674 72 40
141992.90866041672 142222.61766041676 72 40
142222.61766041676 142455.03616041673 72 40
142455.03616041673 142697.7044104167 72 37
142697.7044104167 142822.80866041675 72 38
143210.40566041673 143573.85166041675 72 40
143929.20616041677 144158.91516041677 72 40
144158.91516041677 144388.62416041677 72 40
144388.62416041677 144621.81241041678 72 37
144621.81241041678 144740.1461604168 72 38
144856.3981604168 145030.7761604168 72 40
145088.9021604168 145439.4011604168 72 40
145794.7556604168 146024.46466041682 72 40
146024.46466041682 146260.07266041683 72 40
146260.07266041683 146515.07841041684 72 37
146515.07841041684 146649.33066041683 72 38
149455.84291041683 149696.91866041685 72 53
149934.73066041688 150174.85866041688 72 51
151029.45916041688 151269.0951604169 72 67
152120.94891041692 152360.58491041695 72 59
152972.80266041696 153212.43866041698 72 67
154064.29241041702 154303.92841041702 72 59
154916.14616041703 155155.78216041706 72 67
164819.84707708404 165041.39657708403 72 60
166722.10357708397 167055.590077084 72 54
167515.008077084 167970.89357708397 72 59
168197.25757708398 168552.08557708398 72 59
168443.24007708396 168660.93107708398 72 60
170334.62357708398 170667.25157708398 72 54
173875.65907708392 174218.2378270839 72 51
174218.2378270839 174440.5753270839 72 51
174440.5753270839 174662.5188270839 72 50
175247.84982708388 175467.4081083339 72 50
175470.1873270839 175930.97207708392 72 56
184342.98107708397 184594.933577084 72 44
184846.88607708403 185111.64657708403 72 43
186221.205077084 186442.754577084 72 60
188106.92307708404 188440.40957708406 72 54
188903.07407708405 189139.74157708403 72 53
189585.32357708403 189940.15157708403 72 59
189831.30607708404 190048.99707708403 72 60
191715.74857708407 192048.37657708407 72 54
195245.48757708402 195588.06632708403 72 51
195588.06632708403 195810.403827084 72 51
195810.403827084 196032.347327084 72 50
196623.91307708397 196843.471358334 72 50
196846.250577084 197307.035327084 72 56
205706.16832708407 205958.1208270841 72 44
206210.0733270841 206474.8338270841 72 43
207600.4963270841 207822.04582708408 72 60
209494.76257708413 209828.24907708413 72 54
210290.91357708414 210527.58107708412 72 53
210973.16307708411 211327.9910770841 72 59
211219.1455770841 211436.83657708412 72 60
213103.58807708413 213436.21607708413 72 54
215950.61157708408 216295.1750770841 72 63
220267.36489583418 220478.4235583342 72 67
220725.48887708422 220952.67537708423 72 65
221410.89962708426 221549.65413958428 72 69
226098.3535145843 226321.48501458435 72 68
226321.48501458435 226455.72148958436 72 67
231304.3460145845 231541.4317645845 72 68
247901.19054583475 248122.7400458347 72 63
249800.7000458347 250134.18654583473 72 56
250362.37554583474 250768.0651708347 72 66
251272.8140458347 251627.6420458347 72 61
251518.79654583472 251736.4875458347 72 63
253406.14454583472 253738.7725458347 72 56
256927.38729583472 257365.0897958347 72 59
257365.0897958347 257756.24667083475 72 55
258043.75929583472 258485.29329583477 72 45
269278.81104583497 269500.360545835 72 63
271178.3205458352 271511.8070458351 72 56
271741.51604583516 272148.7256708352 72 66
272653.4745458353 273008.3025458353 72 61
272899.4570458353 273117.14804583526 72 63
274786.8050458352 275119.4330458352 72 56
278318.0322958351 278755.7347958351 72 59
278755.7347958351 279146.89167083515 72 55
279421.22129583516 279862.7552958352 72 45
290944.73779583554 291166.28729583556 72 63
292844.2472958357 293177.7337958357 72 56
293407.4427958357 293814.65242083574 72 66
294319.40129583585 294674.22929583583 72 61
294565.3837958359 294783.0747958358 72 63
296452.7317958358 296785.35979583574 72 56
299317.7382958356 299662.30179583555 72 69
301884.43896250223 302276.59696250217 72 55
775.42325 969.2790625 73 55
2460.3805 2667.9355000000005 73 57
3812.948000000001 3926.130000000001 73 51
3926.130000000001 4162.303250000001 73 51
4394.140000000001 4586.722062500002 73 55
6068.865000000001 6276.42 73 57
6505.2705 6734.121 73 51
8012.442249999999 8208.476625 73 55
9700.146500000003 9907.701500000001 73 57
11052.714000000002 11165.896 73 51
11165.896 11525.060499999998 73 51
11633.905999999997 11827.395187499997 73 55
13312.666499999998 13520.221499999996 73 57
13749.071999999996 13977.922499999997 73 51
17160.240749999994 17601.77474999999 73 61
24779.233999999997 24973.089812499995 73 55
26456.89024999999 26664.44524999999 73 57
27812.704249999988 27925.886249999992 73 51
27925.886249999992 28285.05074999999 73 51
28393.896249999994 28587.385437499997 73 55
30065.71574999999 30273.27074999999 73 57
30387.69599999999 30512.610231249986 73 43
30616.54649999999 30736.774012499987 73 43
33908.509499999986 34350.04349999999 73 61
41515.016749999966 41708.872562499964 73 55
43192.67299999997 43400.227999999974 73 57
44548.48699999999 44661.66899999998 73 51
44661.66899999998 45020.83349999997 73 51
45129.678999999975 45322.86368749997 73 55
46802.23149999999 47009.78649999999 73 57
47124.21174999999 47249.125981249985 73 43
47353.06224999998 47473.289762499975 73 43
73260.02217500003 76524.91617500005 73 81
76635.69092500005 76829.54673750006 73 55
78320.64817500001 78528.20317500003 73 57
79673.21567500003 79786.39767500001 73 51
79786.39767500001 80145.56217500001 73 51
80254.40767500001 80446.9897375 73 55
81929.13267499999 82136.68767500001 73 57
82365.538175 82594.38867500001 73 51
83872.70992499999 84070.64667500001 73 55
85560.97015416663 85768.52515416664 73 57
86913.53765416668 87026.71965416666 73 51
87026.71965416666 87385.88415416666 73 51
87494.72965416666 87688.52577916667 73 55
89171.23331041665 89378.78831041667 73 57
89493.21356041667 89722.06406041665 73 50
89722.06406041665 89950.91456041667 73 50
93028.68556041668 93249.45256041667 73 59
93249.45256041667 93470.21956041666 73 55
94911.98506041666 95133.53731041665 73 53
100682.47556041666 100878.82118541667 73 55
102366.82616666662 102574.38116666664 73 57
103719.39366666667 103832.57566666667 73 51
103832.57566666667 104191.74016666666 73 51
104300.58566666667 104493.16772916666 73 55
105973.97322916664 106181.52822916667 73 57
106295.95347916665 106524.80397916665 73 50
106524.80397916665 106753.65447916665 73 50
109832.99847916668 110053.76547916667 73 59
110053.76547916667 110274.53247916666 73 55
111712.90147916666 111934.45372916666 73 53
117472.96697916665 117670.58085416666 73 55
119160.41737916661 119367.97237916663 73 57
120512.98487916666 120626.16687916666 73 51
120626.16687916666 120985.33137916666 73 51
121094.17687916665 121288.90675416666 73 55
122773.07716041665 122980.63216041666 73 57
123095.05741041666 123323.90791041664 73 50
123323.90791041664 123552.75841041666 73 50
128608.81866041674 128843.87316041674 73 70
136182.14541041676 136417.19991041673 73 70
149696.91866041685 149934.73066041688 73 56
152001.13091041692 152240.76691041695 73 67
153944.474410417 154184.11041041702 73 67
159688.93710416724 159928.57310416727 73 50
160168.2091041673 160407.8451041673 73 50
160647.48110416732 160887.11710416735 73 50
161132.03935416735 161378.15410416736 73 65
161615.06460416736 161851.9751041674 73 65
162095.5346041674 162343.9476041674 73 65
162585.4546041674 162726.84480833408 73 74
163125.23357708406 164819.84707708404 73 84
164930.62182708402 165126.656202084 73 55
166618.32607708397 166825.881077084 73 57
167970.89357708397 168084.07557708398 73 51
168084.07557708398 168443.24007708396 73 51
168552.08557708398 168745.574764584 73 55
170230.846077084 170438.40107708398 73 57
174107.06907708393 174329.40657708392 73 59
176597.98457708384 176835.81957708384 73 55
184091.02857708395 184342.98107708397 73 47
184594.933577084 184846.88607708403 73 44
185111.64657708403 186331.97982708403 73 47
186331.97982708403 186525.83563958402 73 55
188003.14557708404 188210.70057708406 73 57
189358.95957708405 189472.14157708405 73 51
189472.14157708405 189831.30607708404 73 51
189940.15157708403 190133.64076458404 73 55
191611.97107708408 191819.52607708407 73 57
195476.89757708402 195699.235077084 73 59
197974.04782708394 198205.45782708394 73 55
205454.21582708406 205706.16832708407 73 47
205958.1208270841 206210.0733270841 73 44
206474.8338270841 207711.2710770841 73 47
207711.2710770841 207905.48426458408 73 55
209390.9850770841 209598.54007708412 73 57
210746.7990770841 210859.9810770841 73 51
210859.9810770841 211219.1455770841 73 51
211327.9910770841 211521.48026458413 73 55
212999.81057708414 213207.36557708416 73 57
215505.9365770841 215728.27407708412 73 63
215728.27407708412 215950.61157708408 73 63
220498.3023770842 220725.48887708422 73 72
220952.67537708423 221179.86187708424 73 67
221637.05360208428 221797.2692395843 73 69
225179.5520145843 225402.68351458435 73 68
225402.68351458435 225640.95301458435 73 67
225640.95301458435 225871.50951458432 73 66
225871.50951458432 225992.36605208428 73 66
230375.0415145845 230612.1272645845 73 72
230839.4862645845 231076.15701458452 73 69
248011.96529583473 248205.82110833473 73 57
249696.9225458347 249904.4775458347 73 59
251046.4500458347 251159.6320458347 73 53
251159.6320458347 251518.79654583472 73 53
251627.6420458347 251820.22410833472 73 57
253302.3670458347 253509.9220458347 73 59
257144.32279583468 257585.85679583473 73 61
269389.585795835 269583.441608335 73 57
271074.54304583516 271282.09804583516 73 59
272427.1105458352 272540.29254583525 73 53
272540.29254583525 272899.4570458353 73 53
273008.3025458353 273200.88460833527 73 57
274683.02754583524 274890.5825458352 73 59
278534.9677958351 278976.50179583515 73 61
291055.5125458355 291249.3683583356 73 57
292740.4697958357 292948.0247958357 73 59
294093.03729583573 294206.2192958358 73 53
294206.2192958358 294565.3837958359 73 53
294674.22929583583 294866.81135833584 73 57
296348.95429583575 296556.50929583574 73 59
298873.0632958357 299095.40079583565 73 69
299095.40079583565 299317.7382958356 73 69
301735.6846291689 302051.0499625022 73 55
15819.706999999995 16048.557499999994 74 56
16048.557499999994 16494.192499999994 74 41
20715.46674999999 21160.141749999988 74 59
21382.479249999986 21721.663499999988 74 50
21981.983583333324 22140.035062499996 74 47
22512.628749999993 22984.178749999995 74 59
23219.953749999993 23802.181749999996 74 43
32568.770749999985 32797.62124999998 74 56
32797.62124999998 33242.461249999986 74 41
37461.38399999999 37906.058999999994 74 59
38128.396499999995 38467.58074999999 74 50
38727.90083333332 38885.95231249998 74 47
39258.54599999998 39730.095999999976 74 59
39965.87099999997 40548.098999999966 74 43
54867.80399999999 55204.10574999998 74 75
56648.362499999974 56982.676499999965 74 75
63878.02738124996 64228.15447499995 74 61
65688.76432499995 66034.16217499995 74 55
67669.26667499996 69060.52317499998 74 69
69291.07967499999 69762.79717499999 74 56
71397.901675 72789.15817500002 74 69
73019.71467500002 73395.47411875003 74 70
91690.51981041666 91919.37031041666 74 56
91919.37031041666 92361.71090416667 74 41
96815.63906041664 97034.25006041666 74 59
97256.75256041666 97602.41806041665 74 50
98635.73331041666 98871.50831041664 74 59
99107.28331041665 99689.51131041665 74 43
108493.25972916665 108722.11022916666 74 56
108722.11022916666 109166.02382291667 74 41
113622.04247916664 113840.65347916666 74 59
114063.15597916667 114408.82147916667 74 50
115442.13672916667 115677.91172916665 74 59
115913.68672916666 116495.91472916666 74 43
155883.7296604171 156120.6401604171 74 75
156120.6401604171 156357.55066041712 74 74
156476.00591041715 156712.91641041718 74 69
172515.54907708397 172737.88657708393 74 56
172737.88657708393 172960.22407708393 74 56
174662.5188270839 174901.44282708387 74 55
177737.29707708381 177960.42857708383 74 59
178976.40182708393 179198.90432708393 74 56
179546.00057708396 179768.33807708393 74 59
180784.2368270839 181007.3683270839 74 56
181353.49107708395 181575.82857708394 74 59
182479.08307708392 182702.21457708394 74 56
182925.34607708396 183158.48257708395 74 54
193892.68857708407 194115.02607708404 74 56
194115.02607708404 194337.36357708403 74 56
196032.347327084 196265.61982708398 74 55
199106.9353270839 199330.06682708394 74 59
200338.645577084 200561.77707708403 74 56
200909.18782708407 201131.52532708403 74 59
202147.424077084 202370.55557708401 74 56
202716.67832708405 202939.01582708405 74 59
203842.270327084 204065.40182708402 74 56
204288.53332708406 204521.66982708406 74 54
255802.18204583475 256031.0325458347 74 56
256031.0325458347 256477.3481395847 74 41
260048.6632958348 260383.02354583482 74 56
260941.83129583485 261284.5835458349 74 57
262831.97179583495 263218.28010833496 74 48
266637.6870458349 267471.01054583496 74 45
277182.8425458352 277411.6930458351 74 56
277411.6930458351 277868.9195458351 74 41
281425.9542958352 281760.31454583525 74 56
282319.12229583523 282661.8745458353 74 57
284209.2627958353 284595.5711083354 74 48
288045.68679583544 288879.01029583544 74 45
886.1980000000001 1107.7475000000002 75 60
1107.7475000000002 1329.2970000000003 75 61
1329.2970000000003 1558.1475000000003 75 63
1795.7150000000004 2564.1580000000004 75 61
3593.730000000001 3869.539000000001 75 59
3869.539000000001 3982.721000000001 75 46
4502.985500000002 4726.283000000001 75 60
4726.283000000001 4946.434000000001 75 59
4946.434000000001 5170.364500000001 75 64
5402.6345 6172.6425 75 61
8123.216999999999 8350.576000000001 75 60
8350.576000000001 8570.727 75 58
8570.727 8797.913500000002 75 64
9035.481000000003 9803.924000000003 75 61
10833.496000000003 11109.305 75 59
11109.305 11222.487 75 46
11742.751499999997 11968.467999999995 75 60
11968.467999999995 12188.618999999997 75 61
12188.618999999997 12414.165999999997 75 61
12646.435999999998 13416.443999999996 75 61
15152.694499999996 15597.369499999995 75 53
15597.369499999995 15991.344874999995 75 56
16271.854999999996 16716.52999999999 75 45
16716.52999999999 17106.006874999992 75 53
17106.006874999992 17381.00774999999 75 53
18272.23074999999 18718.544749999994 75 53
19826.75674999999 20266.451024999988 75 59
20495.47724999999 20937.80424999999 75 59
21610.494749999987 21907.606416666655 75 59
21907.606416666655 22056.360749999993 75 47
22056.360749999993 22279.492249999992 75 59
22279.492249999992 22512.628749999993 75 56
23802.181749999996 24370.040749999993 75 47
24890.008749999997 25111.558249999995 75 60
25111.558249999995 25333.107749999992 75 61
25333.107749999992 25554.65724999999 75 63
25792.22474999999 26560.66774999999 75 61
27593.486249999987 27869.29524999999 75 59
27869.29524999999 27982.477249999993 75 46
28502.741749999994 28728.458249999996 75 60
28728.458249999996 28947.836749999995 75 57
28947.836749999995 29167.21524999999 75 59
29399.48524999999 30169.49324999999 75 61
31901.75824999998 32346.433249999984 75 53
32346.433249999984 32740.408624999985 75 56
33020.123749999984 33464.79874999999 75 45
33464.79874999999 33854.27562499999 75 53
33854.27562499999 34129.276499999985 75 53
35018.14799999999 35464.46199999999 75 53
36572.67399999999 37012.36827499999 75 59
37241.394499999995 37683.72149999999 75 59
38356.41199999999 38653.52366666665 75 59
38653.52366666665 38802.27799999998 75 47
38802.27799999998 39025.40949999998 75 59
39025.40949999998 39258.54599999998 75 56
40548.098999999966 41105.82349999997 75 47
41625.79149999996 41847.340999999964 75 60
41847.340999999964 42068.890499999965 75 61
42068.890499999965 42290.439999999966 75 63
42528.00749999996 43296.45049999997 75 61
44329.26899999999 44605.07799999999 75 59
44605.07799999999 44718.25999999998 75 46
45238.52449999998 45463.428999999975 75 60
45463.428999999975 45683.57999999998 75 57
45683.57999999998 45903.73099999998 75 59
46136.00099999999 46906.00899999999 75 61
50877.65349999997 51325.606999999975 75 62
55092.539999999986 55427.23724999998 75 81
56872.29299999997 57203.443499999965 75 81
59307.704999999965 59526.92299999996 75 60
59753.28699999997 59971.738999999965 75 57
60195.66949999996 60413.36049999996 75 58
62976.23759374995 63292.18478124995 75 61
63765.273331249955 63914.81153124996 75 62
63991.486974999956 64242.00131874996 75 77
64784.258581249946 65123.388481249945 75 65
65575.68424374994 65725.68213124995 75 56
65802.75217499996 67198.40267499996 75 69
67428.95917499997 67899.82317499997 75 56
69531.387175 70927.037675 75 69
71157.594175 71628.458175 75 56
76746.46567500006 76968.01517500005 75 60
76968.01517500005 77189.56467500005 75 61
77189.56467500005 77418.41517500003 75 63
77655.98267500004 78424.42567500002 75 61
79453.99767500002 79729.80667500001 75 59
79729.80667500001 79842.98867500002 75 46
80363.253175 80586.55067499999 75 60
80586.55067499999 80806.701675 75 59
80806.701675 81030.632175 75 64
81262.90217500001 82032.910175 75 61
83983.484675 84214.94820833334 75 60
84896.30465416664 85664.74765416663 75 61
85883.37965416665 86113.08865416666 75 50
86113.08865416666 86342.79765416667 75 50
86342.79765416667 86575.98590416668 75 47
86575.98590416668 86694.31965416667 75 48
86694.31965416667 86970.12865416668 75 59
86970.12865416668 87083.31065416666 75 46
87603.57515416667 87821.61509166667 75 60
88505.00281041667 89275.01081041666 75 61
91023.50731041665 91357.01356041664 75 53
91579.35106041665 91862.15768541666 75 51
92140.29981041666 92362.63731041667 75 45
92584.97481041668 93028.68556041668 75 53
94249.48606041666 94585.41656041666 75 53
95915.31556041664 96136.08256041665 75 59
96363.26906041664 96815.63906041664 75 59
97713.98381041666 97936.48631041664 75 59
98162.20281041664 98635.73331041666 75 56
99689.51131041665 100273.28231041666 75 47
100793.25031041667 101021.43931041667 75 60
101702.16066666665 102470.60366666663 75 61
102689.23566666665 102918.94466666666 75 50
102918.94466666666 103148.65366666668 75 50
103148.65366666668 103381.84191666669 75 47
103381.84191666669 103500.17566666668 75 48
103500.17566666668 103775.98466666667 75 59
103775.98466666667 103889.16666666667 75 46
104409.43116666666 104624.35501041666 75 60
105307.74272916667 106077.75072916666 75 61
107826.24722916663 108159.75347916664 75 53
108382.09097916665 108664.89760416666 75 51
108944.61272916666 109166.95022916667 75 45
109389.28772916668 109832.99847916668 75 53
111050.40247916666 111386.33297916666 75 53
112721.71897916665 112942.48597916665 75 59
113169.67247916665 113622.04247916664 75 59
114520.38722916666 114742.88972916665 75 59
114968.60622916665 115442.13672916667 75 56
116495.91472916666 117063.77372916666 75 47
117583.74172916666 117815.31272916666 75 60
118495.75187916664 119264.19487916662 75 61
119482.82687916663 119712.53587916665 75 50
119712.53587916665 119942.24487916667 75 50
119942.24487916667 120175.43312916667 75 47
120175.43312916667 120293.76687916667 75 48
120293.76687916667 120569.57587916666 75 59
120569.57587916666 120682.75787916666 75 46
121203.02237916665 121423.45894166667 75 60
122106.84666041666 122876.85466041665 75 61
165041.39657708403 165268.755577084 75 60
165268.755577084 165488.90657708398 75 58
165488.90657708398 165716.093077084 75 64
165953.66057708397 166722.10357708397 75 61
167751.67557708398 168027.484577084 75 59
168027.484577084 168140.666577084 75 46
168660.93107708398 168886.647577084 75 60
169564.61557708398 170334.62357708398 75 61
172070.87407708398 172404.38032708396 75 53
172404.38032708396 172626.71782708395 75 51
172626.71782708395 172849.05532708394 75 50
173424.92707708394 173648.4615270839 75 50
173651.29107708394 174107.06907708393 75 56
176835.81957708384 177172.13307708382 75 59
177508.4465770838 177848.86282708382 75 51
178634.7070770839 178865.1505770839 75 59
178865.1505770839 179087.65307708393 75 56
179087.65307708393 179310.15557708393 75 59
179422.52357708395 179657.16932708395 75 50
180449.9365770839 180672.67107708388 75 59
180672.67107708388 180895.8025770839 75 56
180895.8025770839 181118.93407708395 75 59
181230.49982708396 181464.65982708396 75 50
182256.3485770839 182479.08307708392 75 59
182702.21457708394 182925.34607708396 75 56
183158.48257708395 184154.01670208396 75 59
184217.00482708396 184352.42929583398 75 40
184468.957327084 184612.7802125007 75 40
184720.90982708402 184855.71142708402 75 40
184979.266327084 185115.02632708402 75 40
186442.754577084 186664.304077084 75 60
186664.304077084 186775.07882708404 75 61
186897.20882708402 187115.66082708404 75 63
187338.48007708407 188106.92307708404 75 61
189139.74157708403 189415.55057708404 75 59
189415.55057708404 189528.73257708404 75 46
190048.99707708403 190274.71357708404 75 60
190945.74057708404 191715.74857708407 75 61
193448.0135770841 193781.5198270841 75 53
193781.5198270841 194003.85732708406 75 51
194003.85732708406 194226.19482708405 75 50
194794.75557708403 195018.29002708403 75 50
195021.11957708403 195476.89757708402 75 56
198205.45782708394 198541.77132708393 75 59
198878.08482708392 199218.5010770839 75 51
200004.34532708398 200227.079827084 75 59
200227.079827084 200450.21132708402 75 56
200450.21132708402 200673.34282708404 75 59
200785.71082708405 201020.35657708405 75 50
201813.123827084 202035.858327084 75 59
202035.858327084 202258.989827084 75 56
202258.989827084 202482.12132708402 75 59
202593.68707708403 202827.84707708404 75 50
203619.535827084 203842.270327084 75 59
204065.40182708402 204288.53332708406 75 56
204521.66982708406 205506.70593125073 75 59
205580.19207708407 205715.61654583408 75 40
205832.14457708408 205972.81805625075 75 40
206084.0970770841 206227.7240270841 75 40
206342.4535770841 207302.0778270841 75 40
207822.04582708408 208044.5483270841 75 60
208044.5483270841 208285.04832708414 75 61
208285.04832708414 208407.01736041746 75 63
208726.31957708413 209494.76257708413 75 61
210527.58107708412 210803.39007708413 75 59
210803.39007708413 210916.5720770841 75 46
211436.83657708412 211662.5530770841 75 60
212333.58007708413 213103.58807708413 75 61
215046.5185770841 215391.08207708408 75 63
216854.70457708408 217314.1225770841 75 63
219710.42933333415 219870.0704333342 75 59
219934.22073958418 220115.11808333418 75 59
220156.6586145842 220377.7483958342 75 59
220377.7483958342 220611.89562708422 75 59
220611.89562708422 220839.08212708423 75 59
220839.08212708423 221066.26862708424 75 59
221066.26862708424 221293.45512708425 75 59
221293.45512708425 221413.83573958426 75 59
221861.6492583343 222043.11338958426 75 71
222999.12951458426 223233.80776458426 75 67
224264.1750145843 224487.3065145843 75 68
224487.3065145843 224627.0326270843 75 67
224721.86351458429 224944.99501458433 75 68
224944.99501458433 225075.423981251 75 67
229446.5640145845 229682.8227645845 75 75
229910.18176458447 230146.8525145845 75 74
248122.7400458347 248344.28954583473 75 63
248344.28954583473 248565.83904583473 75 64
248565.83904583473 248794.68954583473 75 66
249032.2570458347 249800.7000458347 75 64
250827.2320458347 251103.04104583472 75 61
251103.04104583472 251216.22304583472 75 48
251736.4875458347 251959.7850458347 75 63
251959.7850458347 252179.9360458347 75 61
252179.9360458347 252403.8665458347 75 67
252636.13654583468 253406.14454583472 75 64
255135.1695458347 255579.84454583473 75 53
255579.84454583473 255973.81992083474 75 56
256255.9370458347 256478.27454583472 75 45
260269.4302958348 260496.61679583482 75 61
260496.61679583482 261167.05629583486 75 64
262329.92879583495 263112.923295835 75 56
267471.01054583496 267946.070045835 75 43
267946.070045835 269278.81104583497 75 43
269500.360545835 269721.9100458351 75 63
269721.9100458351 269943.4595458351 75 64
269943.4595458351 270172.3100458351 75 66
270409.8775458351 271178.3205458352 75 64
272207.8925458352 272483.70154583524 75 61
272483.70154583524 272596.88354583527 75 48
273117.14804583526 273340.4455458353 75 63
273340.4455458353 273560.59654583526 75 61
273560.59654583526 273784.5270458353 75 67
274016.79704583524 274786.8050458352 75 64
276515.83004583523 276960.5050458352 75 53
276960.5050458352 277354.48042083514 75 56
277646.58204583515 278091.2570458351 75 45
281646.7212958352 281873.9077958352 75 61
281873.9077958352 282544.34729583526 75 64
283707.2197958354 284490.21429583535 75 56
288879.01029583544 289354.0697958355 75 43
289354.0697958355 290944.73779583554 75 43
291166.28729583556 291387.8367958356 75 63
291387.8367958356 291609.38629583566 75 64
291609.38629583566 291838.23679583566 75 66
292075.80429583567 292844.2472958357 75 64
293873.81929583574 294149.6282958358 75 61
294149.6282958358 294262.81029583584 75 48
294783.0747958358 295006.3722958358 75 63
295006.3722958358 295226.5232958358 75 61
295226.5232958358 295450.45379583584 75 67
295682.7237958358 296452.7317958358 75 64
298413.6452958357 298758.2087958357 75 69
300221.8312958355 300834.38862916885 75 69
301586.93029583554 301884.43896250223 75 61
125091.00216041665 125212.55650625 76 56
127638.67666041674 127879.23466041673 76 60
131345.24016041667 131423.3033291667 76 64
132664.32891041666 132785.88325625 76 56
135212.00341041674 135452.56141041673 76 60
138918.56691041667 138996.6300791667 76 64
140938.29916041673 141228.92916041674 76 68
144740.1461604168 145030.7761604168 76 68
148606.27366041683 149089.33366041683 76 49
15375.031999999996 15819.706999999995 77 59
19609.06574999999 20047.52374999999 77 59
20937.80424999999 21382.479249999986 77 51
21833.22924999999 21981.983583333324 77 49
22748.403749999994 23219.953749999993 77 48
23473.954249999995 24086.111249999994 77 53
32124.095749999982 32568.770749999985 77 59
36354.98299999999 36793.44099999999 77 59
37683.72149999999 38128.396499999995 77 51
38579.14649999999 38727.90083333332 77 49
39494.320999999974 39965.87099999997 77 48
40219.871499999965 40826.96124999997 77 53
55315.67149999998 55761.934499999974 77 77
57093.05999999997 57543.535999999964 77 77
59417.31399999996 59640.10499999996 77 58
59862.51299999996 60083.70424999996 77 55
60304.51499999996 60859.623499999965 77 55
62864.45187499995 63035.23079374995 77 62
63088.82884374995 63357.72038124995 77 78
63653.327162499954 63801.792931249955 77 64
64671.829412499945 64820.90996874995 77 62
64897.30781874995 65189.15388124995 77 73
65463.41672499996 65612.33563124995 77 57
68829.96667499997 69291.07967499999 77 57
72558.60167500001 73019.71467500002 77 62
84778.33365416665 85117.07165416663 77 61
88388.86781041668 88726.55231041666 77 61
91245.84481041665 91468.18231041665 77 59
91468.18231041665 91690.51981041666 77 55
93139.06906041667 93359.83606041667 77 53
95475.93756041666 95915.31556041664 77 59
96924.94456041665 97256.75256041666 77 51
98753.62081041664 99107.28331041665 77 48
99361.28381041666 99981.39681041666 77 53
101584.18966666664 101922.92766666664 77 61
105191.60772916666 105529.29222916666 77 61
108048.58472916663 108270.92222916664 77 59
108270.92222916664 108493.25972916665 77 55
109943.38197916668 110164.14897916667 77 53
112276.85397916666 112720.79911666666 77 59
113731.34797916666 114063.15597916667 77 51
115560.02422916665 115913.68672916666 77 48
116167.68722916667 116779.84422916666 77 53
118377.78087916663 118716.51887916663 77 61
121990.71166041667 122328.39616041665 77 61
124861.29316041664 125091.00216041665 77 60
125320.71116041667 125550.42016041667 77 56
127172.30016041674 127402.00916041675 77 56
127879.23466041673 128119.79266041674 77 58
130860.68091041668 130988.30821041668 77 64
131477.17791041668 132118.51124375002 77 80
132434.61991041666 132664.32891041666 77 60
132894.03791041666 133123.74691041667 77 56
134745.62691041673 134975.33591041673 77 56
135452.56141041673 135693.11941041675 77 58
138434.00766041668 138561.63496041668 77 64
139050.5046604167 139691.83799375003 77 80
140701.63166041672 141054.55116041674 77 57
141170.80316041675 141287.05516041673 77 55
141287.05516041673 141637.55416041674 77 55
142572.60016041674 142952.00766041674 77 57
144503.4786604168 144856.3981604168 77 57
144972.65016041682 145088.9021604168 77 55
145088.9021604168 145439.4011604168 77 55
146380.82616041682 147157.89166041682 77 57
148358.05266041684 148844.99416041683 77 45
156239.09541041713 156476.00591041715 77 69
156594.46116041715 156763.25989166717 77 80
156949.54003541716 157096.68049166718 77 72
168886.647577084 169106.79857708397 77 61
172293.21157708397 172515.54907708397 77 59
172849.05532708394 173081.40682708393 77 55
174777.3733270839 175025.51232708388 77 55
176713.68957708383 177058.95107708382 77 55
177848.86282708382 178071.99432708384 77 55
178520.6993270839 178753.5848270839 77 50
178753.5848270839 178976.40182708393 77 55
179310.15557708393 179546.00057708396 77 54
179657.16932708395 179879.50682708394 77 55
180324.9783270839 180561.10532708387 77 50
180561.10532708387 180784.2368270839 77 55
181118.93407708395 181353.49107708395 77 54
181464.65982708396 181686.99732708393 77 55
182132.8715770839 182367.51732708392 77 50
182367.51732708392 182590.64882708393 77 50
182590.64882708393 182813.78032708395 77 50
182813.78032708395 183041.91432708397 77 51
183041.91432708397 183391.61907708395 77 50
190274.71357708404 190494.09207708406 77 57
193670.35107708408 193892.68857708407 77 59
194226.19482708405 194454.89082708402 77 55
196147.20182708398 196401.57557708398 77 55
198089.75282708395 198428.58932708393 77 55
199218.5010770839 199441.63257708395 77 55
199890.337577084 200115.514077084 77 50
200115.514077084 200338.645577084 77 55
200673.34282708404 200909.18782708407 77 54
201020.35657708405 201242.69407708402 77 55
201688.165577084 201924.29257708398 77 50
201924.29257708398 202147.424077084 77 55
202482.12132708402 202716.67832708405 77 54
202827.84707708404 203050.18457708403 77 55
203496.058827084 203730.704577084 77 50
203730.704577084 203953.836077084 77 50
203953.836077084 204176.96757708405 77 50
204176.96757708405 204405.10157708405 77 51
204405.10157708405 204754.80632708405 77 50
211662.5530770841 211881.93157708412 77 57
214601.84357708413 214719.49717083413 77 63
214824.18107708413 215046.5185770841 77 63
216410.02957708412 216527.68317083412 77 63
216632.36707708408 216854.70457708408 77 63
218218.07407708414 218563.90882708415 77 67
219136.87557708417 219482.71032708418 77 67
222084.80167083428 222297.69119583428 77 71
222544.75651458427 222771.94301458425 77 69
223345.3735145843 223568.5050145843 77 68
223568.5050145843 223806.7745145843 77 67
223806.7745145843 224037.33101458428 77 66
224037.33101458428 224165.62526875094 77 66
225291.11776458434 225525.67476458434 77 75
225756.23126458432 225986.7877645843 77 73
228520.9765145844 228757.23526458445 77 75
228983.77026458445 229220.02901458446 77 75
255357.50704583473 255802.18204583475 77 59
259601.36129583474 260267.5905708348 77 63
267044.6320458349 267906.4817541683 77 50
276738.1675458352 277182.8425458352 77 59
280978.8232958352 281644.8815708352 77 63
288452.63179583545 289314.48150416877 77 50
297968.97029583575 298086.6238895857 77 69
298191.3077958357 298413.6452958357 77 69
299777.15629583556 299894.80988958554 77 69
299999.49379583553 300221.8312958355 77 69
301438.1759625022 301735.6846291689 77 56
222317.5700145843 222544.75651458427 78 73
222771.94301458425 222999.12951458426 78 73
227594.97701458438 227831.64776458437 78 75
228058.18276458437 228294.4415145844 78 75
258264.52629583474 258598.06679583478 78 53
265909.26604583487 266637.6870458349 78 46
279641.98829583515 279975.5287958352 78 53
287317.2657958354 288045.68679583544 78 46
16494.192499999994 16829.71199999999 79 53
18051.46374999999 18490.23816249999 79 59
33242.461249999986 33577.98074999999 79 53
34797.38099999999 35236.15541249999 79 59
51098.42049999998 51545.59649999997 79 68
55538.80299999997 55984.271999999975 79 82
57313.82699999996 57653.14499999996 79 82
57543.535999999964 57762.75399999996 79 75
57989.11799999996 58207.56999999996 79 72
58431.50049999996 58649.19149999996 79 73
59526.92299999996 59753.28699999997 79 64
59971.738999999965 60195.66949999996 79 64
60413.36049999996 61082.75499999996 79 62
61082.75499999996 61301.97299999996 79 75
61528.33699999996 61746.78899999996 79 72
61970.719499999956 62188.41049999996 79 73
62753.46019999995 62923.02389374995 79 64
63542.177287499944 63689.58603124995 79 69
64560.07389999995 64685.825068749946 79 64
65352.02943749995 65499.80543124995 79 62
66967.84617499996 67428.95917499997 79 57
70696.481175 71157.594175 79 57
74446.62617500004 74956.89167500004 79 65
74956.89167500004 76116.69717500004 79 65
84660.36265416665 84896.30465416664 79 59
88272.73281041667 88505.00281041667 79 59
92473.80606041668 92698.15681041668 79 53
94139.10256041666 94359.86956041666 79 59
97825.23506041664 98162.20281041664 79 49
101466.21866666665 101702.16066666665 79 59
104963.28221666667 105191.60772916666 79 63
109278.11897916668 109502.46972916668 79 53
110940.01897916666 111160.78597916666 79 59
114631.63847916665 114968.60622916665 79 49
118259.80987916664 118495.75187916664 79 59
121762.38614791667 121990.71166041667 79 63
125787.08766041667 126016.79666041669 79 60
126942.59116041672 127172.30016041674 79 56
127402.00916041675 127609.09322291674 79 54
128119.79266041674 128386.86079375006 79 56
129678.13716041669 129810.8545354167 79 64
131094.88441041668 131345.24016041667 79 64
133360.4144104167 133590.12341041668 79 60
134515.9179104167 134745.62691041673 79 56
134975.33591041673 135182.41997291674 79 54
135693.11941041675 135960.18754375007 79 56
137251.4639104167 137384.1812854167 79 64
138668.2111604167 138918.56691041667 79 64
140242.2136604167 140586.7771604167 79 60
141228.92916041674 141403.3071604167 79 55
141403.3071604167 141878.05416041674 79 62
142107.76316041674 142455.03616041673 79 60
144044.06066041676 144388.62416041677 79 60
145030.7761604168 145205.15416041677 79 53
145205.15416041677 145679.9011604168 79 62
145909.6101604168 146260.07266041683 79 60
148122.03666041684 148606.27366041683 79 48
148606.27366041683 149089.33366041683 79 58
169106.79857708397 169332.34557708396 79 61
175025.51232708388 175414.6029520839 79 59
178406.69157708387 178634.7070770839 79 56
179198.90432708393 179422.52357708395 79 59
180213.0130770839 180449.9365770839 79 56
181007.3683270839 181230.49982708396 79 59
182020.5035770839 182256.3485770839 79 56
190494.09207708406 190713.47057708405 79 59
196401.57557708398 196790.666202084 79 59
199776.32982708397 200004.34532708398 79 56
200561.77707708403 200785.71082708405 79 59
201576.200327084 201813.123827084 79 56
202370.55557708401 202593.68707708403 79 59
203383.690827084 203619.535827084 79 56
211881.93157708412 212101.3100770841 79 59
258485.29329583477 258710.84029583476 79 53
261869.52379583495 262329.92879583495 79 49
266273.4765458349 267044.6320458349 79 53
279862.7552958352 280088.3022958352 79 53
283246.81479583535 283707.2197958354 79 49
287681.4762958354 288452.63179583545 79 53
301289.4216291689 301586.93029583554 79 56
1558.1475000000003 1795.7150000000004 80 69
5170.364500000001 5402.6345 80 66
8797.913500000002 9035.481000000003 80 66
12414.165999999997 12646.435999999998 80 66
17828.961249999993 18272.23074999999 80 59
21160.141749999988 21610.494749999987 80 53
22984.178749999995 23473.954249999995 80 51
25554.65724999999 25792.22474999999 80 66
29167.21524999999 29399.48524999999 80 66
34577.22999999999 35018.14799999999 80 59
37906.058999999994 38356.41199999999 80 53
39730.095999999976 40219.871499999965 80 51
42290.439999999966 42528.00749999996 80 66
45903.73099999998 46136.00099999999 80 66
57653.14499999996 57875.93599999996 80 73
58098.34399999996 58319.53524999996 80 69
58540.345999999954 58872.32299999996 80 69
61192.363999999965 61415.15499999996 80 73
61637.562999999966 61858.75424999996 80 69
62079.56499999996 62424.185499999956 80 69
62643.25144999995 62811.61694374995 80 69
63431.81253749995 63578.17908124995 80 65
64448.845224999954 64618.64591874995 80 69
65241.43054374994 65410.39303124995 80 58
69060.52317499998 69531.387175 80 63
72789.15817500002 73260.02217500003 80 69
77418.41517500003 77655.98267500004 80 69
81030.632175 81262.90217500001 80 66
84215.86550416668 84339.54594166667 80 61
84547.65541666666 84778.33365416665 80 63
87829.78384791667 87952.77969166667 80 61
88160.54229791668 88388.86781041668 80 63
91357.01356041664 91579.35106041665 80 53
93697.40606041667 94138.18269791667 80 59
97034.25006041666 97488.32356041665 80 53
98871.50831041664 99361.28381041666 80 51
101021.43931041667 101145.40195416668 80 61
101353.51142916665 101584.18966666664 80 63
104741.80845416668 104888.07831041668 80 56
105075.47272916666 105307.74272916667 80 59
108159.75347916664 108382.09097916665 80 53
110501.71897916668 110939.09911666666 80 59
113840.65347916666 114294.72697916666 80 53
115677.91172916665 116167.68722916667 80 51
117815.31272916666 117938.99316666667 80 61
118147.10264166664 118377.78087916663 80 63
121540.91238541667 121687.18224166667 80 56
121874.57666041667 122106.84666041666 80 59
125550.42016041667 125681.57340000002 80 54
126712.88216041672 126942.59116041672 80 60
129437.0741604167 129568.03089375004 80 61
130629.10991041671 130860.68091041668 80 64
133123.74691041667 133254.90015 80 54
134286.20891041672 134515.9179104167 80 60
137010.4009104167 137141.35764375003 80 61
138202.43666041672 138434.00766041668 80 64
140471.92266041672 140819.96541041674 80 66
142337.47216041674 142697.7044104167 80 66
144273.7696604168 144621.81241041678 80 66
146139.3191604168 146515.07841041684 80 66
147412.1721604168 147886.0206604168 80 47
147886.0206604168 148358.05266041684 80 45
148358.05266041684 148844.99416041683 80 53
156357.55066041712 156594.46116041715 80 78
156712.91641041718 156857.48869166715 80 70
157069.5109541672 157218.37599166718 80 86
165716.093077084 165953.66057708397 80 66
169332.34557708396 169564.61557708398 80 66
172960.22407708393 173202.58957708394 80 55
174901.44282708387 175247.84982708388 80 55
177960.42857708383 178183.56007708385 80 62
178295.12582708386 178520.6993270839 80 61
179768.33807708393 179990.67557708392 80 62
180101.8443270839 180324.9783270839 80 61
181575.82857708394 181798.1660770839 80 62
181909.33482708392 182132.8715770839 80 61
187006.43482708404 187224.88682708406 80 58
187224.88682708406 187559.24707708406 80 58
190713.47057708405 190945.74057708404 80 66
194337.36357708403 194572.41807708403 80 55
196265.61982708398 196623.91307708397 80 55
199330.06682708394 199553.19832708396 80 62
199664.76407708396 199890.337577084 80 61
201131.52532708403 201353.86282708403 80 62
201465.031577084 201688.165577084 80 61
202939.01582708405 203161.353327084 80 62
203272.522077084 203496.058827084 80 61
208394.27432708413 208612.72632708412 80 58
208612.72632708412 208738.27778958413 80 58
212101.3100770841 212333.58007708413 80 66
214713.01232708414 214935.3498270841 80 57
214935.3498270841 215068.53235625077 80 56
215617.1053270841 215839.4428270841 80 57
215839.4428270841 215958.26854375078 80 56
216521.1983270841 216743.5358270841 80 57
216743.5358270841 216862.36154375074 80 56
221524.18818958427 221646.45139375093 80 59
221749.5128395843 221874.7118708343 80 60
221973.38479583428 222091.2865145843 80 61
222195.8226708343 222328.92933958428 80 64
222431.16326458426 222553.27600833424 80 64
222658.34976458424 222788.0353916676 80 59
222885.53626458425 223010.48883958426 80 64
223112.72276458426 223240.3157666676 80 59
223456.9392645843 223691.4962645843 80 75
223922.05276458428 224152.60926458426 80 73
226669.38076458432 226904.82426458434 80 75
227131.35926458435 227367.61801458435 80 75
257813.04329583474 258482.53370833475 80 63
261167.05629583486 261402.11079583492 80 61
261402.11079583492 262099.72629583496 80 57
263112.923295835 263393.87479583494 80 51
263393.87479583494 266273.4765458349 80 43
279203.68829583516 279859.9957083352 80 63
282544.34729583526 282779.40179583535 80 61
282779.40179583535 283477.01729583537 80 57
284490.21429583535 284771.1657958354 80 51
284771.1657958354 287681.4762958354 80 43
298080.1390458357 298302.4765458357 80 62
298302.4765458357 298435.65907500236 80 61
298984.23204583564 299206.5695458356 80 62
299206.5695458356 299325.3952625023 80 61
299888.3250458355 300110.6625458355 80 62
300110.6625458355 300229.4882625022 80 61
301140.66729583556 301438.1759625022 80 61
256478.27454583472 256813.7940458347 81 53
277868.9195458351 278204.4390458351 81 53
16271.854999999996 16713.750781249993 82 59
33020.123749999984 33462.019531249985 82 59
57762.75399999996 57989.11799999996 82 81
58207.56999999996 58431.50049999996 82 80
58649.19149999996 59307.704999999965 82 78
61301.97299999996 61528.33699999996 82 81
61746.78899999996 61970.719499999956 82 80
62188.41049999996 62460.31534374996 82 78
62533.81459374995 62700.99869374995 82 65
63322.22193124995 63467.560831249946 82 72
64338.27588124995 64462.69206874996 82 65
65131.60915624995 65299.381881249945 82 64
67198.40267499996 67669.26667499996 82 63
70927.037675 71397.901675 82 63
74696.54267500003 75300.25917500004 82 70
84436.15462916666 84561.66154166665 82 63
88049.31002916668 88174.49839166667 82 63
92362.63731041667 92584.97481041668 82 59
97936.48631041664 98399.95831041665 82 59
101242.01064166667 101367.51755416665 82 63
104852.04994791668 104977.23831041667 82 63
109166.95022916667 109389.28772916668 82 59
114742.88972916665 115206.36172916666 82 59
118035.60185416666 118161.10876666664 82 63
121651.15387916667 121776.34224166667 82 63
126476.21466041672 126683.29872291672 82 54
129196.45491041672 129328.34289375003 82 59
130391.08416041668 130520.8806291667 82 64
134049.5414104167 134256.6254729167 82 54
136769.78166041672 136901.66964375004 82 59
137964.4109104167 138094.2073791667 82 64
140012.5046604167 140357.0681604167 82 69
141878.05416041674 142222.61766041676 82 69
143814.35166041675 144158.91516041677 82 69
145679.9011604168 146024.46466041682 82 69
147650.8926604168 148122.03666041684 82 48
148122.03666041684 148606.27366041683 82 57
173202.58957708394 173594.70007708392 82 59
178183.56007708385 178406.69157708387 82 62
179990.67557708392 180213.0130770839 82 62
181798.1660770839 182020.5035770839 82 62
194572.41807708403 194964.528577084 82 59
199553.19832708396 199776.32982708397 82 62
201353.86282708403 201576.200327084 82 62
203161.353327084 203383.690827084 82 62
225525.67476458434 225756.23126458432 82 79
226209.91926458434 226444.47626458434 82 75
256700.6120458347 257144.32279583468 82 53
262099.72629583496 262569.87129583495 82 59
278091.2570458351 278534.9677958351 82 53
283477.01729583537 283947.1622958354 82 59
300987.5279625022 301289.4216291689 82 56
16048.557499999994 16494.192499999994 83 59
32797.62124999998 33242.461249999986 83 59
91919.37031041666 92361.71090416667 83 59
108722.11022916666 109166.02382291667 83 59
126016.79666041669 126246.5056604167 83 56
129914.07916041669 130046.7965354167 83 64
133590.12341041668 133819.83241041668 83 56
137487.4059104167 137620.1232854167 83 64
148844.99416041683 149333.67316041683 83 52
156830.93689166717 156976.39609166718 83 81
157190.88779791718 157785.7276041672 83 78
173081.40682708393 173424.92707708394 83 55
194454.89082708402 194794.75557708403 83 55
256031.0325458347 256700.6120458347 83 62
277411.6930458351 278088.4778270851 83 62
62424.185499999956 62591.15824374995 84 72
64228.15447499995 64396.227218749955 84 72
84325.83478541668 84450.01169166666 84 56
87939.06853541668 88085.33839166668 84 56
101131.69079791667 101255.86770416667 84 56
104632.52376666667 104755.51961041667 84 61
117925.28201041666 118049.45891666666 84 56
121431.62769791667 121554.62354166668 84 61
126246.5056604167 126476.21466041672 84 56
128489.91266041674 128608.81866041674 84 55
128961.40041041673 129097.53614166673 84 60
130150.02116041668 130282.35289375001 84 64
133819.83241041668 134049.5414104167 84 56
136063.23941041675 136182.14541041676 84 55
136534.72716041675 136670.86289166674 84 60
137723.3479104167 137855.67964375002 84 64
139772.0046604167 140127.3591604167 84 63
141637.55416041674 141992.90866041672 84 63
142822.80866041675 143573.85166041675 84 68
143573.85166041675 143929.20616041677 84 63
145439.4011604168 145794.7556604168 84 63
146649.33066041683 147412.1721604168 84 68
147412.1721604168 147886.0206604168 84 56
147886.0206604168 148358.05266041684 84 54
149089.33366041683 149455.84291041683 84 52
178071.99432708384 178295.12582708386 84 59
179879.50682708394 180101.8443270839 84 59
181686.99732708393 181909.33482708392 84 59
187115.66082708404 187338.48007708407 84 66
199441.63257708395 199664.76407708396 84 59
201242.69407708402 201465.031577084 84 59
203050.18457708403 203272.522077084 84 59
208503.5003270841 208726.31957708413 84 66
224833.42926458432 225067.98626458432 84 75
300834.38862916885 301140.66729583556 84 56
75300.25917500004 76524.91617500005 85 74
128726.34591041674 128850.72891666672 85 58
136299.67266041675 136424.05566666674 85 58
147650.8926604168 148122.03666041684 85 57
223691.4962645843 223922.05276458428 85 80
224375.7407645843 224610.2977645843 85 75
253738.7725458347 253967.6230458347 85 69
275119.4330458352 275348.2835458352 85 69
296785.35979583574 297014.2102958357 85 69
157313.69560416718 157808.3458041672 86 101
248794.68954583473 249032.2570458347 87 82
250134.18654583473 250590.56454583473 87 74
250590.56454583473 251046.4500458347 87 71
252403.8665458347 252636.13654583468 87 82
270172.3100458351 270409.8775458351 87 82
271511.8070458351 271971.2250458352 87 74
271971.2250458352 272427.1105458352 87 71
273784.5270458353 274016.79704583524 87 82
291838.23679583566 292075.80429583567 87 82
293177.7337958357 293637.15179583576 87 74
293637.15179583576 294093.03729583573 87 71
295450.45379583584 295682.7237958358 87 82
