65172.63750000012 65833.94050000013 36 38
9383.969333333329 9802.550249999995 38 40
29895.468833333303 30314.04974999997 38 40
9668.297999999995 9936.802499999994 43 62
14609.122833333335 14877.627333333332 43 62
20153.298999999985 20575.814749999987 43 46
30179.79749999997 30448.30199999997 43 62
35128.27999999997 35396.78449999997 43 62
40668.0155 41061.890450000006 43 46
59626.06583333345 59931.34371458344 43 42
64563.27900000013 64873.09027291679 43 42
84449.2094166669 84754.4872979169 43 42
89413.82150000028 89730.87827916697 43 42
9936.802499999994 10205.306999999992 45 57
10482.609499999991 10747.556999999993 45 62
14877.627333333332 15146.131833333331 45 57
15426.421166666663 15691.368666666665 45 62
30448.30199999997 30716.80649999997 45 57
30994.108999999968 31259.056499999966 45 62
35396.78449999997 35665.28899999998 45 57
35945.57833333332 36210.52583333332 45 62
57419.46483333346 58054.808666666795 45 62
62346.0236666668 62984.84533333348 45 62
82242.60841666693 82877.95225000025 45 62
87169.16725000026 87807.98891666693 45 62
10205.306999999992 10384.309999999992 47 60
10747.556999999993 11012.504499999995 47 62
11286.478666666662 11551.426166666664 47 66
15146.131833333331 15325.134833333332 47 60
15691.368666666665 15956.316166666667 47 62
16227.083166666667 16488.566666666662 47 66
30716.80649999997 30895.809499999967 47 60
31259.056499999966 31524.00399999996 47 62
31797.978166666628 32062.92566666663 47 66
35665.28899999998 35844.29199999998 47 60
36210.52583333332 36473.15383333333 47 62
36742.3745 37003.85799999999 47 66
11012.504499999995 11189.136166666662 48 66
11551.426166666664 11816.373666666665 48 66
15956.316166666667 16132.947833333332 48 66
16488.566666666662 16750.05016666666 48 66
31524.00399999996 31700.63566666663 48 66
32062.92566666663 32327.873166666635 48 66
36473.15383333333 36648.239166666666 48 66
37003.85799999999 37264.207 48 66
54982.68750000007 55251.19200000008 48 62
59923.51233333344 60192.016833333444 48 62
64864.09100000012 65503.28900000012 48 50
79805.83108333356 80074.33558333357 48 62
84746.6559166669 85015.1604166669 48 62
89720.78950000029 90397.3420000003 48 50
8849.353333333329 9517.62333333333 50 50
11816.373666666665 11993.005333333333 50 69
14311.676333333333 14616.954214583335 50 42
16750.05016666666 16924.372499999994 50 69
19248.889499999987 19558.26063333332 50 42
19843.157499999987 20509.466499999988 50 38
29360.852833333305 30029.122833333306 50 50
32327.873166666635 32504.504833333307 50 69
34823.1758333333 35136.11138124997 50 42
37264.207 37437.773 50 69
39762.290000000015 40074.75020625 50 42
40361.04750000001 41022.08150000001 50 38
55251.19200000008 55519.696500000086 50 57
55796.99900000009 56061.9465000001 50 62
60192.016833333444 60460.521333333454 50 57
60740.81066666679 61005.7581666668 50 62
80074.33558333357 80342.84008333358 50 57
80620.14258333358 80885.09008333358 50 62
85015.1604166669 85283.66491666691 50 57
85563.95425000026 85828.90175000025 50 62
8577.195333333331 8983.00733333333 52 40
12105.075333333332 12740.419166666661 52 62
17031.63416666666 17670.455833333323 52 62
29088.694833333306 29494.506833333304 52 40
32616.57483333331 33251.91866666664 52 62
37545.03466666667 38183.856333333344 52 62
55519.696500000086 55698.69950000009 52 60
56061.9465000001 56326.8940000001 52 62
56600.868166666776 56865.815666666786 52 66
60460.521333333454 60639.52433333346 52 60
61005.7581666668 61270.7056666668 52 62
61541.47266666681 61802.9561666668 52 66
80342.84008333358 80521.84308333357 52 60
80885.09008333358 81150.03758333359 52 62
81424.01175000025 81688.95925000025 52 66
85283.66491666691 85462.66791666692 52 60
85828.90175000025 86093.84925000026 52 62
86364.61625000025 86626.09975000026 52 66
56326.8940000001 56503.52566666678 53 66
56865.815666666786 57130.76316666679 53 66
59050.415833333456 59626.06583333345 53 50
61270.7056666668 61447.337333333475 53 66
61802.9561666668 62064.4396666668 53 66
63982.053000000145 64563.27900000013 53 50
81150.03758333359 81326.66925000025 53 66
81688.95925000025 81953.90675000026 53 66
83873.5594166669 84449.2094166669 53 50
86093.84925000026 86270.48091666693 53 66
86626.09975000026 86887.58325000024 53 66
88818.16950000028 89413.82150000028 53 50
12928.547666666662 13593.853916666665 54 50
17848.66116666665 18520.602166666653 54 50
33440.04716666664 34105.35341666663 54 50
38362.06166666668 39034.00266666668 54 50
9802.550249999995 10071.054749999992 55 48
13460.792666666664 14023.851333333332 55 46
14743.375083333334 15011.879583333332 55 48
18383.277166666652 18958.276499999985 55 46
19549.70149999999 20153.298999999985 55 50
30314.04974999997 30582.55424999997 55 48
33972.29216666664 34535.350833333294 55 46
35262.532249999975 35531.03674999998 55 48
38896.677666666685 39471.67700000001 55 46
40066.149000000005 40668.0155 55 50
41022.08150000001 41287.47450000001 55 40
41552.867500000015 41729.79616666668 55 40
41829.07150000001 42094.019000000015 55 40
42367.89933333335 42547.70700000002 55 40
45111.02491666669 45383.1829166667 55 40
45655.340916666704 45944.122666666706 55 40
45944.122666666706 46215.05216666671 55 40
46478.83466666671 46654.689666666716 55 40
46753.96500000005 47018.91250000006 55 40
47287.94000000006 47466.943000000065 55 34
50056.82466666671 50335.29866666671 55 34
50613.77266666672 50805.656000000046 55 34
57130.76316666679 57307.39483333346 55 69
59338.24083333345 59644.05489583345 55 42
62064.4396666668 62238.762000000126 55 69
64272.66600000014 64617.174483333474 55 42
65833.94050000013 66099.33350000011 55 40
66364.7265000001 66541.65516666677 55 40
66640.9305000001 66905.87800000011 55 40
67178.03783333345 67361.13783333346 55 40
69929.30800000015 70201.46600000013 55 40
70473.62400000013 70762.40575000012 55 40
70762.40575000012 71033.33525000012 55 40
71297.1177500001 71472.97275000012 55 40
71572.24808333346 71837.19558333345 55 40
72113.58183333346 72295.02050000012 55 34
74873.87875000015 75151.06625000015 55 34
75428.25375000015 75620.1370833335 55 34
81953.90675000026 82130.53841666692 55 69
84161.3844166669 84467.19847916691 55 42
86887.58325000024 87061.90558333359 55 69
89115.99550000028 89468.81993333362 55 42
10071.054749999992 10339.559249999991 57 49
10615.083249999992 10880.030749999994 57 51
15011.879583333332 15280.38408333333 57 49
15558.894916666664 15823.842416666666 57 51
30582.55424999997 30851.058749999967 57 49
31126.582749999965 31391.530249999963 57 51
35531.03674999998 35799.54124999998 57 49
36078.05208333332 36341.839833333324 57 51
57419.46483333346 58054.808666666795 57 71
62346.0236666668 62984.84533333348 57 71
82242.60841666693 82877.95225000025 57 71
87169.16725000026 87807.98891666693 57 71
806.9899999999999 1071.9375 59 40
1345.4401666666665 1610.3876666666663 59 40
2417.194166666666 2956.9151041666655 59 40
3737.271666666665 4539.195666666666 59 40
5631.4243333333325 5898.7323333333325 59 40
6166.0403333333325 6445.812833333332 59 40
7247.736833333331 7791.983156249997 59 40
8042.57933333333 8597.60718333333 59 48
10339.559249999991 10615.083249999992 59 50
10880.030749999994 11144.978249999996 59 52
11418.952416666663 11683.899916666665 59 55
15280.38408333333 15558.894916666664 59 50
15823.842416666666 16088.789916666667 59 52
16357.824916666665 16619.308416666663 59 55
21316.456499999993 21581.40399999999 59 40
21854.90666666666 22119.85416666666 59 40
22925.367666666658 23465.088604166656 59 40
24245.44516666665 25057.069166666643 59 40
26149.297833333312 26416.60583333331 59 40
26683.91383333331 26957.312333333313 59 40
27759.236333333312 28303.482656249977 59 40
28554.078833333308 29109.106683333306 59 48
30851.058749999967 31126.582749999965 59 50
31391.530249999963 31656.47774999996 59 52
31930.451916666625 32195.39941666663 59 55
35799.54124999998 36078.05208333332 59 50
36341.839833333324 36604.46783333333 59 52
36873.11624999999 37134.032499999994 59 55
41287.47450000001 41552.867500000015 59 40
42094.019000000015 42275.50350000001 59 37
42919.922833333345 43206.07028750001 59 45
43735.1615 44035.72993750001 59 45
45383.1829166667 45655.340916666704 59 40
46215.05216666671 46478.83466666671 59 40
47018.91250000006 47195.544166666725 59 37
47840.3873333334 48127.38423750006 59 38
48660.045000000064 48961.702833333395 59 38
50335.29866666671 50613.77266666672 59 34
51756.23750000005 52023.545500000044 59 40
52290.85350000005 52571.93650000005 59 40
53381.071000000054 53925.31732291673 59 40
54710.52950000007 55116.93975000008 59 40
58242.9371666668 58908.24341666679 59 50
63163.050666666815 63834.99166666681 59 50
66099.33350000011 66364.7265000001 59 40
66905.87800000011 67085.64200000012 59 37
67734.58216666678 68021.64079583346 59 45
68559.13383333347 68859.65058333348 59 45
70201.46600000013 70473.62400000013 59 40
71033.33525000012 71297.1177500001 59 40
71837.19558333345 72113.58183333346 59 37
72666.01833333346 72951.38423750013 59 38
73480.48800000013 73782.14583333344 59 38
75151.06625000015 75428.25375000015 59 34
76570.7185833335 76838.0265833335 59 40
77105.33458333352 77387.74058333352 59 40
78204.21458333352 78748.4609062502 59 40
79533.67308333358 79940.08333333356 59 40
83066.08075000026 83731.38700000024 59 50
87986.19425000025 88658.13525000028 59 50
530.786 707.7146666666666 60 40
1610.3876666666663 2215.171697916666 60 40
2152.246666666666 2472.3915624999995 60 36
2945.9241666666658 3227.2921666666657 60 43
3473.4891666666654 3747.2957166666656 60 45
4004.5796666666656 4630.328499999999 60 43
4821.731999999998 5089.039999999998 60 40
5356.347999999998 5534.553333333332 60 40
6445.812833333332 6990.452883333332 60 40
6980.428833333331 7357.027677083332 60 36
7777.631833333331 8160.640366666664 60 43
11144.978249999996 11418.952416666663 60 55
11683.899916666665 11948.847416666666 60 57
13736.026333333333 14311.676333333333 60 50
16088.789916666667 16357.824916666665 60 55
16619.308416666663 16880.791916666658 60 57
18667.663499999984 19248.889499999987 60 50
20509.466499999988 20774.85949999999 60 40
21040.252499999995 21217.181166666658 60 40
22119.85416666666 22720.63298541666 60 40
22656.86316666666 22980.56506249999 60 36
23454.097666666654 23735.465666666652 60 43
23981.662666666653 24255.469216666646 60 45
24512.753166666644 25148.201999999976 60 43
25339.605499999976 25606.913499999977 60 40
25874.221499999978 26052.42683333331 60 40
26957.312333333313 27501.95238333331 60 40
27491.92833333331 27868.527177083313 60 36
28289.13133333331 28672.13986666664 60 43
31656.47774999996 31930.451916666625 60 55
32195.39941666663 32460.346916666636 60 57
34247.5258333333 34823.1758333333 60 50
36604.46783333333 36873.11624999999 60 55
37134.032499999994 37394.3815 60 57
39181.06400000001 39762.290000000015 60 50
42648.993333333354 42922.18057916668 60 40
43469.03900000001 43754.94518750001 60 40
44838.39933333336 45199.476266666694 60 40
47568.2293333334 47842.65531666673 60 34
48391.54050000006 48679.82868750006 60 34
49777.87375000005 50147.328716666714 60 34
50928.763166666715 51213.85316666672 60 40
51481.161166666716 51659.36650000005 60 40
52571.93650000005 53121.473681250056 60 40
53111.35950000006 53490.361843750055 60 36
53910.966000000066 54293.97453333341 60 43
54443.22150000007 54730.941350000074 60 40
55116.93975000008 55385.44425000009 60 48
58775.18216666679 59338.24083333345 60 46
60057.764583333446 60326.26908333345 60 48
63697.66666666681 64272.66600000014 60 46
67462.4241666668 67736.85015000013 60 40
68288.20433333347 68578.91752083348 60 40
69657.52066666681 70017.75935000015 60 40
72396.30683333345 72668.2659291668 60 34
73215.54050000012 73500.27168750012 60 34
74595.81375000015 74963.96468750015 60 34
75743.24425000016 76028.33425000016 60 40
76295.64225000016 76473.84758333351 60 40
77387.74058333352 77942.26250833353 60 40
77932.05658333353 78313.50542708352 60 36
78734.10958333353 79117.11811666687 60 43
79266.36508333356 79554.08493333356 60 40
79940.08333333356 80208.58783333357 60 48
83598.32575000024 84161.3844166669 60 46
84880.9081666669 85149.4126666669 60 48
88520.81025000029 89115.99550000028 60 46
1071.9375 1248.5691666666664 62 37
3209.7066666666656 3483.3810104166655 62 48
5898.7323333333325 6166.0403333333325 62 37
11948.847416666666 12387.481333333331 62 62
14023.851333333332 14329.665395833332 62 42
16880.791916666658 17326.53266666666 62 62
18958.276499999985 19302.78498333332 62 42
21581.40399999999 21758.035666666656 62 37
23717.88016666665 23991.554510416652 62 48
26416.60583333331 26683.91383333331 62 37
32460.346916666636 32898.98083333331 62 62
34535.350833333294 34841.882802083295 62 42
37394.3815 37839.93316666667 62 62
39471.67700000001 39816.73140416668 62 42
41154.778000000006 41420.17100000001 62 32
41420.17100000001 41559.50232500001 62 32
41685.56400000001 41891.99653125001 62 33
41961.54525000002 42228.87475000002 62 32
42228.87475000002 42502.755083333344 62 33
42502.755083333344 42655.76657083335 62 35
43199.32750000001 43524.48118750001 62 36
44566.24133333335 44848.74607083336 62 45
45247.103916666696 45519.2619166667 62 32
45519.2619166667 45791.4199166667 62 32
45791.4199166667 45984.76209166671 62 33
46079.58741666671 46346.94341666671 62 32
46346.94341666671 46485.429229166715 62 32
46610.72591666671 46816.890031250055 62 33
46886.43875000005 47151.38625000006 62 32
47151.38625000006 47422.192250000066 62 33
47422.192250000066 47575.033283333396 62 29
48120.61100000006 48447.47893750006 62 30
49503.223750000056 49788.46397500005 62 38
50196.06166666671 50474.53566666672 62 27
50474.53566666672 50757.68516666672 62 27
50757.68516666672 51008.350791666715 62 28
52023.545500000044 52290.85350000005 62 37
54175.91350000007 54458.814466666736 62 48
55385.44425000009 55653.94875000009 62 49
55929.472750000095 56194.4202500001 62 51
60326.26908333345 60594.77358333346 62 49
60873.28441666679 61138.231916666795 62 51
65966.63700000012 66232.03000000012 62 32
66232.03000000012 66371.3613250001 62 32
66497.42300000011 66703.85553125011 62 33
66773.40425000011 67038.35175000012 62 32
67038.35175000012 67315.36283333345 62 33
67315.36283333345 67469.2281166668 62 35
68014.80583333346 68344.64797916681 62 36
69386.59116666683 69667.82004166681 62 45
70065.38700000015 70337.54500000013 62 32
70337.54500000013 70609.70300000013 62 32
70609.70300000013 70803.04517500012 62 33
70897.87050000012 71165.22650000012 62 32
71165.22650000012 71303.71231250011 62 32
71429.00900000011 71635.17311458345 62 33
71704.72183333345 71969.66933333346 62 32
71969.66933333346 72249.66083333344 62 33
72249.66083333344 72403.04962083345 62 29
72944.61100000012 73270.73789583344 62 30
74322.41525000014 74606.30521875015 62 38
75012.47250000016 75289.66000000015 62 27
75289.66000000015 75572.16625000015 62 27
75572.16625000015 75822.83187500016 62 28
76838.0265833335 77105.33458333352 62 37
78999.05708333354 79281.95805000023 62 48
80208.58783333357 80477.09233333357 62 49
80752.61633333357 81017.56383333358 62 51
85149.4126666669 85417.91716666691 62 49
85696.42800000025 85961.37550000026 62 51
48950.09975000007 49228.57375000006 63 36
49228.57375000006 49513.52312500006 63 40
73770.54275000012 74049.01675000013 63 36
74049.01675000013 74332.66769375013 63 40
265.393 530.786 64 40
5089.039999999998 5356.347999999998 64 40
12105.075333333332 12740.419166666661 64 71
17031.63416666666 17670.455833333323 64 71
20774.85949999999 21040.252499999995 64 40
25606.913499999977 25874.221499999978 64 40
32616.57483333331 33251.91866666664 64 71
37545.03466666667 38183.856333333344 64 71
44024.33833333334 44297.73683333334 64 43
44297.73683333334 44576.447258333355 64 48
51213.85316666672 51481.161166666716 64 40
55653.94875000009 55929.472750000095 64 50
56194.4202500001 56459.36775000011 64 52
56733.34191666678 56998.28941666678 64 55
60594.77358333346 60873.28441666679 64 50
61138.231916666795 61403.179416666804 64 52
61672.21441666681 61933.6979166668 64 55
68848.3106666668 69120.46866666681 64 43
69120.46866666681 69396.75102291681 64 48
76028.33425000016 76295.64225000016 64 40
80477.09233333357 80752.61633333357 64 50
81017.56383333358 81282.51133333359 64 52
81556.48550000024 81821.43300000025 64 55
85417.91716666691 85696.42800000025 64 50
85961.37550000026 86226.32300000027 64 52
86495.35800000025 86756.84150000024 64 55
56459.36775000011 56733.34191666678 65 55
56998.28941666678 57263.23691666679 65 57
61403.179416666804 61672.21441666681 65 55
61933.6979166668 62195.1814166668 65 57
81282.51133333359 81556.48550000024 65 55
81821.43300000025 82086.38050000026 65 57
86226.32300000027 86495.35800000025 65 55
86756.84150000024 87018.32500000024 65 57
9517.62333333333 9802.550249999995 66 53
30029.122833333306 30314.04974999997 66 53
132.6965 398.0895 67 32
398.0895 537.420825 67 32
663.4825 869.91503125 67 33
939.4637499999999 1204.4112499999999 67 32
1204.4112499999999 1353.167802083333 67 33
1477.9139166666664 1641.996108333333 67 35
2284.720416666666 2472.3915624999995 67 40
2549.667916666666 2814.0329166666656 67 35
2814.0329166666656 2956.9151041666655 67 39
3077.815416666666 3227.2921666666657 67 38
3341.5979166666652 3483.3810104166655 67 37
3605.3804166666655 3747.2957166666656 67 38
3870.9256666666656 4539.195666666666 67 38
4539.195666666666 4721.461333333331 67 55
4955.385999999998 5222.693999999998 67 32
5222.693999999998 5367.485833333331 67 32
5490.001999999999 5679.317016666666 67 33
5765.078333333332 6032.386333333332 67 32
6032.386333333332 6176.531802083332 67 33
6305.926583333331 6493.705516666664 67 35
7114.082833333331 7357.027677083332 67 40
7380.210583333331 7645.158083333331 67 35
7645.158083333331 7791.983156249997 67 39
7910.10558333333 8160.640366666664 67 38
8176.233333333331 8443.54133333333 67 37
8443.54133333333 8597.60718333333 67 38
8713.27433333333 8983.00733333333 67 38
9250.31533333333 9517.62333333333 67 50
9668.297999999995 10339.559249999991 67 63
20642.16299999999 20907.555999999993 67 32
20907.555999999993 21046.887324999992 67 32
21172.948999999993 21379.381531249994 67 33
21448.930249999994 21713.877749999992 67 32
21713.877749999992 21862.634302083326 67 33
21987.38041666666 22151.17969166666 67 35
22791.11541666666 22980.56506249999 67 40
23057.84141666666 23322.206416666657 67 35
23322.206416666657 23465.088604166656 67 39
23585.988916666654 23735.465666666652 67 38
23849.771416666652 23991.554510416652 67 37
24113.55391666665 24255.469216666646 67 38
24379.099166666645 25057.069166666643 67 38
25057.069166666643 25239.33483333331 67 55
25473.259499999975 25740.567499999976 67 32
25740.567499999976 25885.35933333331 67 32
26007.875499999976 26197.190516666644 67 33
26282.95183333331 26550.25983333331 67 32
26550.25983333331 26694.166277083314 67 33
26820.61308333331 27005.20501666665 67 35
27625.582333333314 27868.527177083313 67 40
27891.710083333313 28156.657583333308 67 35
28156.657583333308 28303.482656249977 67 39
28421.605083333307 28672.13986666664 67 38
28687.732833333306 28955.040833333307 67 37
28955.040833333307 29109.106683333306 67 38
29224.773833333304 29494.506833333304 67 38
29761.814833333305 30029.122833333306 67 50
30179.79749999997 30851.058749999967 67 63
42784.458083333346 42922.18057916668 67 35
43055.387583333344 43206.07028750001 67 39
43334.18325000001 43524.48118750001 67 40
43602.10025 43754.94518750001 67 35
43869.50133333334 44035.72993750001 67 39
44161.037583333346 44315.637133333345 67 38
44431.98908333335 44576.447258333355 67 37
44702.32033333335 44848.74607083336 67 38
44976.35583333336 45199.476266666694 67 38
47704.30833333339 47842.65531666673 67 29
47976.46633333339 48127.38423750006 67 33
48256.07575000006 48447.47893750006 67 34
48525.79275000006 48679.82868750006 67 29
48794.384833333395 48961.702833333395 67 33
49089.33675000007 49246.88375000006 67 32
49365.89875000006 49513.52312500006 67 31
49640.54875000005 49788.46397500005 67 32
49919.07675000005 50147.328716666714 67 32
51071.30816666672 51347.50716666671 67 32
51347.50716666671 51492.29900000005 67 32
51614.81516666672 51858.705566666715 67 33
51889.89150000005 52157.199500000046 67 32
52157.199500000046 52301.39411250005 67 33
52431.395000000055 52620.25981041672 67 35
53246.21525000005 53490.361843750055 67 40
53513.54475000006 53778.49225000006 67 35
53778.49225000006 53925.31732291673 67 39
54043.43975000007 54293.97453333341 67 38
54309.56750000007 54458.814466666736 67 37
54576.87550000007 54730.941350000074 67 38
54846.608500000075 55116.93975000008 67 38
57263.23691666679 57701.870833333465 67 62
58242.9371666668 58509.05966666679 67 63
62195.1814166668 62640.922166666795 67 62
63163.050666666815 63430.35866666681 67 63
67598.5031666668 67736.85015000013 67 35
67870.66116666679 68021.64079583346 67 39
68151.50508333347 68344.64797916681 67 40
68423.66908333347 68578.91752083348 67 35
68693.4736666668 68859.65058333348 67 39
68984.38966666682 69138.2101666668 67 38
69253.52991666683 69396.75102291681 67 37
69522.05591666681 69667.82004166681 67 38
69794.84566666682 70017.75935000015 67 38
72531.16258333345 72668.2659291668 67 29
72800.87408333346 72951.38423750013 67 33
73080.07575000012 73270.73789583344 67 34
73348.01425000012 73500.27168750012 67 29
73614.82783333345 73782.14583333344 67 33
73909.77975000012 74067.24331666679 67 32
74185.71600000013 74332.66769375013 67 31
74459.11450000014 74606.30521875015 67 32
74735.70000000016 74963.96468750015 67 32
75885.78925000016 76161.98825000017 67 32
76161.98825000017 76306.7800833335 67 32
76429.29625000017 76673.18665000016 67 33
76704.37258333349 76971.68058333351 67 32
76971.68058333351 77115.92480833351 67 33
77246.53758333353 77436.5022250002 67 35
78068.13558333353 78313.50542708352 67 40
78336.68833333353 78601.63583333354 67 35
78601.63583333354 78748.4609062502 67 39
78866.58333333353 79117.11811666687 67 38
79132.71108333355 79281.95805000023 67 37
79400.01908333357 79554.08493333356 67 38
79669.75208333356 79940.08333333356 67 38
82086.38050000026 82525.01441666692 67 62
83066.08075000026 83332.20325000025 67 63
87018.32500000024 87464.06575000026 67 62
87986.19425000025 88253.50225000027 67 63
4630.328499999999 4821.731999999998 69 55
9383.969333333329 9562.174666666662 69 57
25148.201999999976 25339.605499999976 69 55
29895.468833333303 30073.67416666664 69 57
58145.11850000013 58375.99841666679 69 56
63073.94800000014 63296.70466666681 69 56
82968.26208333358 83199.14200000025 69 56
87897.09158333359 88119.84825000026 69 56
4721.461333333331 4896.355483333331 71 55
8849.353333333329 9116.66133333333 71 63
9116.66133333333 9383.969333333329 71 58
14609.122833333335 15280.38408333333 71 63
19549.70149999999 20509.466499999988 71 63
25239.33483333331 25414.22898333331 71 55
29360.852833333305 29628.160833333302 71 63
29628.160833333302 29895.468833333303 71 58
35128.27999999997 35799.54124999998 71 63
40066.149000000005 41022.08150000001 71 63
58054.808666666795 58242.9371666668 71 57
59626.06583333345 59741.19583333344 71 53
59741.19583333344 59817.949166666775 71 53
59860.17443333344 59931.34371458344 71 48
62984.84533333348 63163.050666666815 71 57
64563.27900000013 64683.60380000013 71 53
64683.60380000013 64803.92860000012 71 53
64803.92860000012 64873.09027291679 71 48
82877.95225000025 83066.08075000026 71 57
84449.2094166669 84564.33941666692 71 53
84564.33941666692 84641.09275000024 71 53
84683.3180166669 84754.4872979169 71 48
87807.98891666693 87986.19425000025 71 57
89413.82150000028 89536.60870000029 71 53
89536.60870000029 89659.3959000003 71 53
89659.3959000003 89730.87827916697 71 48
707.7146666666666 869.91503125 72 49
4821.731999999998 5367.485833333331 72 60
5534.553333333332 5679.317016666666 72 49
8577.195333333331 8849.353333333329 72 58
20509.466499999988 21046.887324999992 72 60
21217.181166666658 21379.381531249994 72 49
25339.605499999976 25885.35933333331 72 60
26052.42683333331 26197.190516666644 72 49
29088.694833333306 29360.852833333305 72 58
50928.763166666715 51492.29900000005 72 60
51659.36650000005 51858.705566666715 72 49
57964.498833333455 58145.11850000013 72 63
58908.24341666679 59338.24083333345 72 56
59338.24083333345 59644.05489583345 72 58
59683.630833333445 59798.76083333344 72 48
59798.76083333344 59923.51233333344 72 48
59923.51233333344 60594.77358333346 72 63
62895.7426666668 63073.94800000014 72 63
63834.99166666681 64272.66600000014 72 56
64272.66600000014 64617.174483333474 72 58
64623.441400000134 64743.76620000012 72 48
64743.76620000012 64864.09100000012 72 48
64864.09100000012 65833.94050000013 72 63
75743.24425000016 76306.7800833335 72 60
76473.84758333351 76673.18665000016 72 49
82787.64241666692 82968.26208333358 72 63
83731.38700000024 84161.3844166669 72 56
84161.3844166669 84467.19847916691 72 58
84506.77441666691 84621.9044166669 72 48
84621.9044166669 84746.6559166669 72 48
84746.6559166669 85417.91716666691 72 63
87718.88625000027 87897.09158333359 72 63
88658.13525000028 89115.99550000028 72 56
89115.99550000028 89468.81993333362 72 58
89475.21510000028 89598.00230000028 72 48
89598.00230000028 89720.78950000029 72 48
619.2503333333334 806.9899999999999 74 49
2417.194166666666 2682.141666666666 74 60
2682.141666666666 2945.9241666666658 74 60
3737.271666666665 4004.5796666666656 74 58
5445.450666666665 5631.4243333333325 74 49
7247.736833333331 7512.684333333331 74 60
7512.684333333331 7777.631833333331 74 60
8042.57933333333 8309.88733333333 74 63
8309.88733333333 8577.195333333331 74 60
8983.00733333333 9250.31533333333 74 51
12928.547666666662 13194.670166666663 74 63
14609.122833333335 15280.38408333333 74 63
17848.66116666665 18115.96916666665 74 63
19549.70149999999 20509.466499999988 74 63
21128.716833333325 21316.456499999993 74 49
22925.367666666658 23190.315166666656 74 60
23190.315166666656 23454.097666666654 74 60
24245.44516666665 24512.753166666644 74 58
25963.32416666664 26149.297833333312 74 49
27759.236333333312 28024.18383333331 74 60
28024.18383333331 28289.13133333331 74 60
28554.078833333308 28821.38683333331 74 63
28821.38683333331 29088.694833333306 74 60
29494.506833333304 29761.814833333305 74 51
33440.04716666664 33706.16966666664 74 63
35128.27999999997 35799.54124999998 74 63
38362.06166666668 38629.36966666668 74 63
40066.149000000005 41022.08150000001 74 63
42919.922833333345 43100.54250000001 74 60
43735.1615 43915.913666666675 74 60
45111.02491666669 45791.4199166667 74 60
47840.3873333334 48021.82600000006 74 51
48660.045000000064 48841.6750833334 74 51
50056.82466666671 50757.68516666672 74 51
51570.26383333338 51756.23750000005 74 49
53381.071000000054 53646.018500000064 74 60
53646.018500000064 53910.966000000066 74 60
54710.52950000007 54982.68750000007 74 58
57876.956166666794 58054.808666666795 74 57
58375.99841666679 58642.12091666679 74 55
58642.12091666679 58908.24341666679 74 52
59050.415833333456 59626.06583333345 74 63
62810.802500000136 62984.84533333348 74 57
63296.70466666681 63564.012666666815 74 55
63564.012666666815 63834.99166666681 74 52
63982.053000000145 64563.27900000013 74 63
67734.58216666678 67916.02083333346 74 60
68559.13383333347 68739.88600000014 74 60
69929.30800000015 70609.70300000013 74 60
72666.01833333346 72845.82600000012 74 51
73480.48800000013 73662.11808333345 74 51
74873.87875000015 75572.16625000015 74 51
76384.74491666685 76570.7185833335 74 49
78204.21458333352 78469.16208333353 74 60
78469.16208333353 78734.10958333353 74 60
79533.67308333358 79805.83108333356 74 58
82700.09975000024 82877.95225000025 74 57
83199.14200000025 83465.26450000025 74 55
83465.26450000025 83731.38700000024 74 52
83873.5594166669 84449.2094166669 74 63
87633.94608333359 87807.98891666693 74 57
88119.84825000026 88387.15625000028 74 55
88387.15625000028 88658.13525000028 74 52
88818.16950000028 89413.82150000028 74 63
47568.2293333334 47840.3873333334 75 51
48391.54050000006 48660.045000000064 75 51
49777.87375000005 49965.274666666715 75 49
72396.30683333345 72666.01833333346 75 51
73215.54050000012 73480.48800000013 75 51
74595.81375000015 74782.32875000015 75 49
530.786 663.4825 76 55
1610.3876666666663 2417.194166666666 76 60
2945.9241666666658 3209.7066666666656 76 61
3473.4891666666654 3737.271666666665 76 60
4004.5796666666656 4630.328499999999 76 60
5356.347999999998 5490.001999999999 76 55
6445.812833333332 7247.736833333331 76 60
7777.631833333331 8042.57933333333 76 61
12830.728999999994 13061.608916666662 76 56
17759.55849999999 17982.315166666653 76 56
21040.252499999995 21172.948999999993 76 55
22119.85416666666 22925.367666666658 76 60
23454.097666666654 23717.88016666665 76 61
23981.662666666653 24245.44516666665 76 60
24512.753166666644 25148.201999999976 76 60
25874.221499999978 26007.875499999976 76 55
26957.312333333313 27759.236333333312 76 60
28289.13133333331 28554.078833333308 76 61
33342.228499999976 33573.10841666664 76 56
38272.95900000002 38495.715666666685 76 56
42648.993333333354 42919.922833333345 76 60
43469.03900000001 43735.1615 76 60
44838.39933333336 45021.922250000025 76 58
51481.161166666716 51614.81516666672 76 55
52571.93650000005 53381.071000000054 76 60
53910.966000000066 54175.91350000007 76 61
54443.22150000007 54710.52950000007 76 60
54982.68750000007 55653.94875000009 76 60
57789.41350000013 57964.498833333455 76 57
58775.18216666679 58952.59716666678 76 61
62725.86233333347 62895.7426666668 76 57
63697.66666666681 63880.76666666681 76 61
67462.4241666668 67734.58216666678 76 60
68288.20433333347 68559.13383333347 76 60
69657.52066666681 69840.20533333349 76 58
76295.64225000016 76429.29625000017 76 55
77387.74058333352 78204.21458333352 76 60
78734.10958333353 78999.05708333354 76 61
79266.36508333356 79533.67308333358 76 60
79805.83108333356 80477.09233333357 76 60
82612.55708333358 82787.64241666692 76 57
83598.32575000024 83775.74075000024 76 61
87549.00591666692 87718.88625000027 76 57
88520.81025000029 88818.16950000028 76 61
1345.4401666666665 1641.996108333333 77 52
3209.7066666666656 3473.4891666666654 77 63
6166.0403333333325 6493.705516666664 77 52
21854.90666666666 22151.17969166666 77 52
23717.88016666665 23981.662666666653 77 63
26683.91383333331 27005.20501666665 77 52
42367.89933333335 42655.76657083335 77 52
43199.32750000001 43469.03900000001 77 60
44566.24133333335 44838.39933333336 77 60
47287.94000000006 47575.033283333396 77 44
48120.61100000006 48391.54050000006 77 51
49503.223750000056 49777.87375000005 77 51
52290.85350000005 52620.25981041672 77 52
54175.91350000007 54443.22150000007 77 63
57701.870833333465 57876.956166666794 77 63
58509.05966666679 58775.18216666679 77 59
62640.922166666795 62810.802500000136 77 63
63430.35866666681 63697.66666666681 77 59
67178.03783333345 67469.2281166668 77 52
68014.80583333346 68288.20433333347 77 60
69386.59116666683 69657.52066666681 77 60
72113.58183333346 72403.04962083345 77 44
72944.61100000012 73215.54050000012 77 51
74322.41525000014 74595.81375000015 77 51
77105.33458333352 77436.5022250002 77 52
78999.05708333354 79266.36508333356 77 63
82525.01441666692 82700.09975000024 77 63
83332.20325000025 83598.32575000024 77 59
87464.06575000026 87633.94608333359 77 63
88253.50225000027 88520.81025000029 77 59
12740.419166666661 12928.547666666662 78 57
14311.676333333333 14426.806333333334 78 53
14426.806333333334 14503.559666666668 78 53
14545.784933333334 14616.954214583335 78 48
17670.455833333323 17848.66116666665 78 57
19248.889499999987 19369.21429999999 78 53
19369.21429999999 19489.539099999987 78 53
19489.539099999987 19558.26063333332 78 48
33251.91866666664 33440.04716666664 78 57
34823.1758333333 34942.9004333333 78 53
34942.9004333333 35022.716833333296 78 53
35064.94209999997 35136.11138124997 78 48
38183.856333333344 38362.06166666668 78 57
39762.290000000015 39883.83360000001 78 53
39883.83360000001 40005.3772 78 53
40005.3772 40074.75020625 78 48
806.9899999999999 1353.167802083333 79 60
5631.4243333333325 6176.531802083332 79 60
12650.10933333333 12830.728999999994 79 63
13593.853916666665 14023.851333333332 79 56
14023.851333333332 14329.665395833332 79 58
14369.241333333333 14484.371333333334 79 48
14484.371333333334 14609.122833333335 79 48
14609.122833333335 15280.38408333333 79 63
17581.353166666657 17759.55849999999 79 63
18520.602166666653 18958.276499999985 79 56
18958.276499999985 19302.78498333332 79 58
19309.051899999988 19429.37669999999 79 48
19429.37669999999 19549.70149999999 79 48
19549.70149999999 20509.466499999988 79 63
21316.456499999993 21862.634302083326 79 60
26149.297833333312 26694.166277083314 79 60
33161.6088333333 33342.228499999976 79 63
34105.35341666663 34535.350833333294 79 56
34535.350833333294 34841.882802083295 79 58
34883.0381333333 35002.7627333333 79 48
35002.7627333333 35128.27999999997 79 48
35128.27999999997 35799.54124999998 79 63
38094.75366666668 38272.95900000002 79 63
39034.00266666668 39471.67700000001 79 56
39471.67700000001 39816.73140416668 79 58
39823.06180000001 39944.60540000001 79 48
39944.60540000001 40066.149000000005 79 48
40066.149000000005 41022.08150000001 79 63
41022.08150000001 41559.50232500001 79 69
41729.79616666668 41891.99653125001 79 51
44024.33833333334 44293.18019166668 79 61
44297.73683333334 44566.24133333335 79 63
45944.122666666706 46485.429229166715 79 69
46654.689666666716 46816.890031250055 79 51
48950.09975000007 49222.772208333394 79 51
49228.57375000006 49503.223750000056 79 53
51756.23750000005 52301.39411250005 79 60
65833.94050000013 66371.3613250001 79 69
66541.65516666677 66703.85553125011 79 51
68848.3106666668 69115.93270000015 79 61
69120.46866666681 69386.59116666683 79 63
70762.40575000012 71303.71231250011 79 69
71472.97275000012 71635.17311458345 79 51
73770.54275000012 74043.21520833345 79 51
74049.01675000013 74322.41525000014 79 53
76570.7185833335 77115.92480833351 79 60
12562.566666666664 12740.419166666661 81 57
13061.608916666662 13327.731416666664 81 55
13327.731416666664 13593.853916666665 81 52
13736.026333333333 14311.676333333333 81 63
17496.41299999999 17670.455833333323 81 57
17982.315166666653 18249.62316666665 81 55
18249.62316666665 18520.602166666653 81 52
18667.663499999984 19248.889499999987 81 63
33074.06616666664 33251.91866666664 81 57
33573.10841666664 33839.23091666664 81 55
33839.23091666664 34105.35341666663 81 52
34247.5258333333 34823.1758333333 81 63
38009.813500000004 38183.856333333344 81 57
38495.715666666685 38763.02366666668 81 55
38763.02366666668 39034.00266666668 81 52
39181.06400000001 39762.290000000015 81 63
41641.331833333345 41829.07150000001 81 51
46566.76216666671 46753.96500000005 81 51
66453.19083333346 66640.9305000001 81 51
71385.0452500001 71572.24808333346 81 51
12475.023999999998 12650.10933333333 83 57
13460.792666666664 13638.207666666667 83 61
17411.472833333322 17581.353166666657 83 57
18383.277166666652 18566.37716666665 83 61
32986.523499999974 33161.6088333333 83 57
33972.29216666664 34149.70716666663 83 61
37924.87333333334 38094.75366666668 83 57
38896.677666666685 39079.777666666676 83 61
41552.867500000015 41685.56400000001 83 61
46478.83466666671 46610.72591666671 83 61
66364.7265000001 66497.42300000011 83 61
71297.1177500001 71429.00900000011 83 61
12387.481333333331 12562.566666666664 84 63
13194.670166666663 13460.792666666664 84 59
17326.53266666666 17496.41299999999 84 63
18115.96916666665 18383.277166666652 84 59
32898.98083333331 33074.06616666664 84 63
33706.16966666664 33972.29216666664 84 59
37839.93316666667 38009.813500000004 84 63
38629.36966666668 38896.677666666685 84 59
41829.07150000001 42502.755083333344 86 69
46753.96500000005 47422.192250000066 86 69
66640.9305000001 67315.36283333345 86 69
71572.24808333346 72249.66083333344 86 69
