33517.29106041668 35137.87372708334 29 32
134641.21137916658 136266.94946249994 29 32
29015.041060416683 30609.58793541668 33 32
130138.96137916655 131733.50825416658 33 32
311027.1175770838 311306.3463791671 33 31
27612.873727083348 28624.33722708335 34 28
128736.79404583322 129748.25754583321 34 28
310804.02227500046 311077.3065354171 37 29
311269.1624541671 311547.15506666707 37 28
310583.4664416672 310988.7377854171 40 30
311524.3329520837 311800.30759791704 40 28
33517.29106041668 35137.87372708334 41 32
134641.21137916658 136266.94946249994 41 32
291434.98347291735 292872.64615833416 43 34
304016.19527500065 304505.9959416673 44 38
304724.146108334 305160.4464416674 44 38
305435.6252750007 306206.688608334 44 38
292838.23460833414 295794.5915416675 45 20
299852.5392750006 300119.6290666673 45 38
300560.490108334 300996.79044166737 45 38
301271.9692750007 302050.0477750007 45 38
310362.9106083338 310804.02227500046 45 34
311793.4281270837 312124.1068479171 45 28
312810.114741667 315557.367741667 45 27
24932.342602083343 26938.564727083347 46 26
58240.73917499997 58688.244956249975 46 31
58930.43775833331 59283.232268749976 46 32
59601.34922708331 59940.51651874998 46 42
60258.58389374998 60525.120893749976 46 42
126056.26292083324 128062.48504583322 46 26
159345.34919791683 159792.85497916682 46 31
160035.04778125018 160387.84229166686 46 32
160705.9592500002 161045.12654166683 46 42
161363.19391666685 161629.7309166669 46 42
295688.88327500084 296178.6839416675 46 38
296396.83410833415 296833.1344416674 46 38
297108.3132750007 297889.2109000007 46 38
60917.27832083331 61376.09898749998 47 43
61605.50932083331 62064.32998749998 47 41
162021.88834375024 162480.70901041693 47 43
162710.11934375027 163168.94001041693 47 41
54161.3100708333 54624.9170708333 48 27
54856.7205708333 55262.3766958333 48 27
55544.098570833296 55991.4002583333 48 27
56213.0382583333 56516.1020083333 48 27
56864.27717499997 57323.09784166664 48 27
57552.50817499997 58011.32884166664 48 27
62351.10948749998 62737.30923749998 48 39
63083.409737499984 63429.510237499984 48 35
67910.51487291664 70906.1636208333 48 24
80323.07134999994 83318.7200979166 48 24
155265.92009375006 155729.52709375008 48 27
155961.33059375008 156366.9867187501 48 27
156648.7085937501 157096.01028125014 48 27
157317.64828125015 157620.71203125012 48 27
157968.8871979168 158427.70786458347 48 27
158657.1181979168 159115.93886458347 48 27
163455.71951041694 163841.91926041694 48 39
164188.01976041694 164534.12026041697 48 35
169028.758310417 172024.40705833366 48 24
181441.31478750033 184436.963535417 48 24
310142.35477500054 310583.4664416672 49 31
312079.7805979171 312425.4910354171 49 27
16473.07325416667 17890.360560416673 50 25
24932.342602083343 26938.564727083347 50 26
50538.66697291663 51983.9131395833 50 21
51267.4096395833 52700.4166395833 50 23
51983.9131395833 52935.8041958333 50 21
52700.4166395833 53452.23809166664 50 23
61146.688654166646 61605.50932083331 50 35
61834.919654166646 62315.26204999998 50 34
117614.16912083328 119031.45642708326 50 25
126056.26292083324 128062.48504583322 50 26
151652.71047083332 153097.95663749997 50 21
152381.45313749998 153814.46013749996 50 23
153097.95663749997 154049.84769374997 50 21
153814.46013749996 154541.27987291667 50 23
162251.2986770836 162710.11934375027 50 35
162939.5296770836 163419.87207291694 50 34
235027.03980000064 235713.22285416734 50 48
295953.1539416675 296396.83410833415 50 33
296614.98427500075 297108.3132750007 50 35
300116.8099416673 300350.52057291736 50 33
300778.6402750007 301271.9692750007 50 35
304280.4659416673 304514.1765729173 50 33
304942.2962750007 305435.6252750007 50 35
46509.28597291662 48794.97997291662 51 21
48467.75472291662 49512.854972916626 51 23
49153.917472916626 50308.092806249966 51 21
147623.32947083336 149909.02347083334 51 21
149581.79822083336 150626.89847083334 51 23
150267.96097083334 151422.13630416666 51 21
17853.388254166675 19466.725254166675 52 24
20927.618685416674 22386.13575208334 52 25
38332.03526666665 40617.72926666665 52 21
40290.50401666665 41335.604266666654 52 23
40976.666766666654 41980.01143333332 52 21
54393.1135708333 54856.7205708333 52 25
55088.52407083329 55544.098570833296 52 25
55768.5342583333 56102.833258333296 52 25
56433.4482583333 56703.81504999997 52 25
62608.575987499986 63083.409737499984 52 31
63314.14340416665 63775.610737499985 52 31
63775.610737499985 64043.70621666665 52 35
64456.72776874997 64778.84515416663 52 35
118994.48412083327 120607.82112083325 52 24
122051.53900416658 123510.05607083326 52 25
139446.0787645833 141731.77276458326 52 21
141404.54751458328 142449.64776458326 52 23
142090.71026458326 143094.05493124996 52 21
155497.72359375007 155961.33059375008 52 25
156193.1340937501 156648.7085937501 52 25
156873.14428125013 157207.44328125013 52 25
157538.05828125012 157808.4250729168 52 25
163713.18601041695 164188.01976041694 52 31
164418.75342708363 164880.22076041697 52 31
164880.22076041697 165148.31623958366 52 35
165561.337791667 165883.45517708367 52 35
234798.93763333396 235255.14196666732 52 37
236420.31259583402 239157.53859583405 52 34
309921.7989416672 310362.9106083338 52 31
312392.2716020837 314183.741241667 52 27
16473.07325416667 17890.360560416673 53 30
22342.073185416673 23333.480935416672 53 24
41694.541766666654 43315.12443333331 53 32
50538.66697291663 51983.9131395833 53 27
51267.4096395833 52700.4166395833 53 29
51983.9131395833 52935.8041958333 53 27
52700.4166395833 53452.23809166664 53 29
57093.68750833331 57552.50817499997 53 25
57781.91850833331 58240.73917499997 53 25
58472.08167499998 58930.43775833331 53 25
59156.45742499998 59533.956518749976 53 35
59817.887393749974 60147.15089374998 53 37
60482.86261249998 60917.27832083331 53 35
65129.62371666664 65588.4443833333 53 35
65817.85471666664 66276.6753833333 53 32
70698.55337291663 71060.83863541663 53 40
71402.99188541665 71754.54205208331 53 40
77542.18019374994 78001.0008604166 53 35
78230.41119374994 78689.2318604166 53 32
83111.10984999994 83473.39511249993 53 40
83815.54836249993 84167.09852916661 53 40
89975.77669999994 90434.59736666661 53 35
90664.00769999994 91122.82836666661 53 32
117614.16912083328 119031.45642708326 53 30
123465.99350416659 124457.40125416659 53 24
142808.5852645833 144429.16793125 53 32
151652.71047083332 153097.95663749997 53 27
152381.45313749998 153814.46013749996 53 29
153097.95663749997 154049.84769374997 53 27
153814.46013749996 154541.27987291667 53 29
158198.29753125014 158657.1181979168 53 25
158886.52853125014 159345.34919791683 53 25
159576.69169791683 160035.04778125018 53 25
160261.06744791684 160638.56654166683 53 35
160922.49741666683 161251.76091666686 53 37
161587.47263541687 162021.88834375024 53 35
166234.2337395837 166693.05440625036 53 35
166922.4647395837 167381.28540625036 53 32
171816.79681041697 172179.08207291696 53 40
172521.23532291697 172872.78548958362 53 40
178660.4236312504 179119.24429791706 53 35
179348.6546312504 179807.47529791706 53 32
184229.35328750033 184591.63855000032 53 40
184933.7918000003 185285.34196666698 53 40
191094.02013750034 191552.840804167 53 35
191782.25113750034 192241.071804167 53 32
202259.3393041671 203721.4298604171 53 28
234570.83546666728 235027.03980000064 53 35
290719.1643229174 291464.83778541733 53 30
292838.23460833414 294252.4994166675 53 25
300350.52057291736 300778.6402750007 53 33
300996.79044166737 301892.1767750007 53 33
304514.1765729173 304942.2962750007 53 33
305160.4464416674 306055.83277500066 53 33
17853.388254166675 19466.725254166675 55 28
19466.725254166675 19815.776352083343 55 45
20927.618685416674 22386.13575208334 55 25
54624.9170708333 55088.52407083329 55 25
55318.7210708333 55684.9595083333 55 25
55991.4002583333 56433.4482583333 55 25
56650.327674999964 56918.76212916664 55 25
60036.94589374998 60356.08776874998 55 37
60703.32882083331 60963.16038749998 55 36
61376.09898749998 61834.919654166646 55 35
62064.32998749998 62402.60278749998 55 34
62852.67607083332 63314.14340416665 55 31
63544.87707083332 63813.104958333315 55 31
64001.91884166665 64341.440685416645 55 32
64690.339154166635 65129.62371666664 55 29
71174.88971874997 71639.17521874997 55 37
76187.69916249995 76456.26269374994 55 35
76869.28424583327 77191.40163124993 55 35
83587.44619583327 84051.73169583327 55 37
88600.25563958325 88864.20077291658 55 35
89277.43621874994 89512.9923041666 55 35
118994.48412083327 120607.82112083325 55 28
120607.82112083325 120956.87221874992 55 45
122051.53900416658 123510.05607083326 55 25
155729.52709375008 156193.1340937501 55 25
156423.3310937501 156789.56953125013 55 25
157096.01028125014 157538.05828125012 55 25
157754.93769791682 158023.3721520835 55 25
161141.55591666684 161460.69779166687 55 37
161807.93884375025 162067.77041041694 55 36
162480.70901041693 162939.5296770836 55 35
163168.94001041693 163507.21281041694 55 34
163957.28609375027 164418.75342708363 55 31
164649.48709375027 164917.7149812503 55 31
165106.52886458364 165446.05070833367 55 32
165794.94917708368 166234.2337395837 55 29
172293.1331562503 172757.41865625032 55 37
177305.94260000036 177574.50613125035 55 35
177987.5276833337 178309.64506875037 55 35
184705.68963333365 185169.97513333365 55 37
189718.4990770837 189982.44421041702 55 35
190395.67965625034 190631.23574166698 55 35
203684.4575541671 205297.7945541671 55 27
205297.7945541671 205598.7687104171 55 45
234342.7333000006 234798.93763333396 55 44
236420.31259583402 239157.53859583405 55 34
259132.83957500078 259580.3453562508 55 31
259822.53815833412 260175.3326687508 55 32
260493.44962708408 260791.61078750074 55 42
261157.44287708413 261591.30110833416 55 42
288130.9642312509 288557.9495645842 55 41
291434.98347291735 292872.64615833416 55 34
294212.35260833416 295794.5915416675 55 22
24932.342602083343 26938.564727083347 56 35
28624.33722708335 29015.041060416683 56 34
29015.041060416683 30609.58793541668 56 40
30609.58793541668 32016.54106041668 56 32
126056.26292083324 128062.48504583322 56 35
129748.25754583321 130138.96137916655 56 34
130138.96137916655 131733.50825416658 56 40
131733.50825416658 133140.46137916658 56 32
261805.36969166753 262136.22447500093 56 43
262463.3273458343 262909.35767916753 56 41
296178.6839416675 296614.98427500075 56 33
296833.1344416674 297728.52077500074 56 33
307529.31527500064 308411.7168166673 56 27
22342.073185416673 23333.480935416672 57 28
30515.791060416683 30703.38481041668 57 35
30703.38481041668 33517.29106041668 57 40
41694.541766666654 43315.12443333331 57 32
46509.28597291662 48794.97997291662 57 27
48467.75472291662 49512.854972916626 57 29
49153.917472916626 50308.092806249966 57 27
57323.09784166664 57781.91850833331 57 25
58011.32884166664 58261.02198124998 57 25
58702.49159166664 58987.42429999998 57 29
59380.73614374998 59641.784852083314 57 38
65359.03404999998 65817.85471666664 57 27
66047.26504999997 66477.40942499998 57 27
67910.51487291664 69324.77968124997 57 30
70945.4718020833 71402.99188541665 57 40
74796.87816249997 75260.48516249996 57 39
75492.28866249995 75955.89566249996 57 35
77771.59052708327 78230.41119374994 57 27
78459.82152708327 78889.96590208328 57 27
80323.07134999994 81737.33615833327 57 30
83358.0282791666 83815.54836249993 57 40
87209.43463958327 87673.04163958326 57 39
87904.84513958325 88368.45213958326 57 35
90205.18703333328 90664.00769999994 57 27
90893.41803333328 91363.60984583329 57 27
123465.99350416659 124457.40125416659 57 28
131639.71137916655 131827.30512916658 57 35
131827.30512916658 134641.21137916658 57 40
142808.5852645833 144429.16793125 57 32
147623.32947083336 149909.02347083334 57 27
149581.79822083336 150626.89847083334 57 29
150267.96097083334 151422.13630416666 57 27
158427.70786458347 158886.52853125014 57 25
159115.93886458347 159365.63200416684 57 25
159807.1016145835 160092.03432291685 57 29
160485.34616666686 160746.39487500017 57 38
166463.64407291703 166922.4647395837 57 27
167151.87507291703 167582.01944791703 57 27
169028.758310417 170443.0231187503 57 30
172063.71523958363 172521.23532291697 57 40
175915.12160000028 176378.7286000003 57 39
176610.5321000003 177074.13910000035 57 35
178889.83396458373 179348.6546312504 57 27
179578.06496458373 180008.20933958373 57 27
181441.31478750033 182855.57959583367 57 30
184476.271716667 184933.7918000003 57 40
188327.6780770836 188791.28507708365 57 39
189023.08857708366 189486.69557708368 57 35
191323.43047083367 191782.25113750034 57 27
192011.66147083367 192481.85328333365 57 27
202259.3393041671 203721.4298604171 57 34
208174.59889791705 210818.35289791704 57 24
226849.71054791732 227275.85989166732 57 37
227518.47130833397 227844.491514584 57 37
230884.0962854173 231229.42425833395 57 34
232241.3268000006 233658.4268000006 57 33
233658.4268000006 234114.63113333395 57 46
234114.63113333395 234570.83546666728 57 39
245937.1165041675 246911.14225416753 57 32
251609.32402083412 251960.8741875008 57 40
263137.4598458342 263580.9616416675 57 31
263799.3223041675 264233.1805354176 57 32
268507.3990854176 271378.3305583343 57 24
308308.38660833397 308780.7532750006 57 33
309701.24310833385 310142.35477500054 57 34
19711.086247916675 19985.648931250013 58 41
20927.618685416674 22386.13575208334 58 25
38332.03526666665 40617.72926666665 58 27
40290.50401666665 41335.604266666654 58 29
40976.666766666654 41980.01143333332 58 27
51267.4096395833 53049.46773749997 58 40
66507.26373749998 67199.85436249997 58 32
69284.63287291664 70906.1636208333 58 27
72096.7833020833 72446.92330208332 58 40
74569.90131874997 74843.23886249996 58 40
76414.47531874994 76753.99716249995 58 32
77102.89563124994 77542.18019374994 58 29
78919.82021458328 80357.48289999993 58 32
81697.18934999994 83318.7200979166 58 27
84509.3397791666 84859.47977916662 58 40
86982.45779583327 87255.79533958326 58 40
88835.35906458324 89080.17069583327 58 32
89487.1338041666 89743.86569999994 58 29
91393.46415833329 93027.77719999997 58 26
120852.18211458325 121126.74479791659 58 41
122051.53900416658 123510.05607083326 58 25
139446.0787645833 141731.77276458326 58 27
141404.54751458328 142449.64776458326 58 29
142090.71026458326 143094.05493124996 58 27
152381.45313749998 154163.51123541666 58 40
167611.87376041702 168318.09780000034 58 32
170402.876310417 172024.40705833366 58 27
173215.02673958364 173565.16673958366 58 40
175688.1447562503 175961.4823000003 58 40
177532.71875625034 177872.24060000037 58 32
178221.13906875037 178660.4236312504 58 29
180038.0636520837 181475.72633750032 58 32
182815.43278750032 184436.963535417 58 27
185627.58321666697 185977.723216667 58 40
188100.70123333365 188374.03877708362 58 40
189953.60250208367 190198.41413333366 58 32
190605.37724166698 190862.10913750032 58 29
192511.70759583366 194146.02063750036 58 26
203684.4575541671 205297.7945541671 58 32
205553.0258354171 205828.5422583338 58 41
210818.35289791704 211258.97856458373 58 42
222794.4025604174 223220.5519041674 58 26
223463.16332083405 223789.18352708404 58 27
224151.2758604174 224396.50778958402 58 27
224838.22596458404 225141.289714584 58 27
225489.46488125072 225930.57654791736 58 27
226151.13238125067 226592.2440479173 58 30
233886.52896666728 234342.7333000006 58 39
236420.31259583402 239157.53859583405 58 34
251381.22185416744 251845.50735416746 58 37
259364.18207500083 259822.53815833412 58 25
260048.55782500078 260426.05691875075 58 35
260716.34316875075 261081.0903187508 58 37
261375.50477500082 261610.18328750084 58 35
267104.1479500008 268541.81063541764 58 40
288344.45689791755 288771.4422312508 58 37
37671.09676666665 40290.50401666665 60 40
41335.604266666654 41694.541766666654 60 40
41694.541766666654 42202.53026666665 60 45
45848.34747291662 48467.75472291662 60 40
49512.854972916626 50308.092806249966 60 40
64227.46760208331 64471.138654166636 60 32
64915.674216666644 65192.711558333314 60 29
65588.4443833333 66047.26504999997 60 27
66276.6753833333 66537.11804999999 60 27
71866.04963541664 72330.20996874999 60 38
74347.92859374998 74668.57069374996 60 40
75028.68166249996 75492.28866249995 60 31
75724.09216249996 76187.69916249995 60 31
84278.60611249994 84742.76644583329 60 38
86760.48507083328 87081.12717083326 60 40
87441.23813958326 87904.84513958325 60 31
88136.64863958326 88600.25563958325 60 31
94180.9012 97594.99586666665 60 27
138785.14026458332 141404.54751458328 60 40
142449.64776458326 142808.5852645833 60 40
142808.5852645833 143316.5737645833 60 45
146962.3909708334 149581.79822083336 60 40
150626.89847083334 151422.13630416666 60 40
165332.07762500035 165575.74867708367 60 32
166020.28423958368 166297.32158125035 60 29
166693.05440625036 167151.87507291703 60 27
167381.28540625036 167632.771779167 60 27
172984.29307291695 173448.4534062503 60 38
175466.1720312503 175786.81413125028 60 40
176146.92510000028 176610.5321000003 60 31
176842.3356000003 177305.94260000036 60 31
185396.8495500003 185861.00988333364 60 38
187878.72850833365 188199.37060833361 60 40
188559.48157708364 189023.08857708366 60 31
189254.89207708367 189718.4990770837 60 31
195299.1446375003 198713.23930416707 60 27
205790.8741895838 206033.0567416671 60 41
208174.59889791705 210818.35289791704 60 24
214789.6052312505 215235.63556458382 60 27
215458.6507312505 215848.92727291718 60 27
216130.6491479172 216577.9508354172 60 27
216799.5888354172 217102.65258541718 60 27
217450.8277520839 217909.64841875058 60 27
218139.05875208392 218597.87941875058 60 27
11505.304250000001 12479.330000000004 61 27
17853.388254166675 19466.725254166675 61 45
19947.98086250001 20218.546706250014 61 41
20927.618685416674 22386.13575208334 61 30
112646.40011666664 113620.42586666664 61 27
118994.48412083327 120607.82112083325 61 45
121089.0767291666 121364.04728958325 61 41
122051.53900416658 123510.05607083326 61 30
228185.81634791734 228633.2560875007 61 39
228851.02375625068 229220.57497708403 61 39
231111.02100833395 231354.87028958395 61 27
232008.19275000057 232359.41846666724 61 27
236420.31259583402 239157.53859583405 61 49
245612.4412541675 246586.4670041675 61 35
246911.14225416753 247620.53150416753 61 29
251151.8039375008 251609.32402083412 61 40
252303.1154375008 252653.2554375008 61 40
264448.17058541754 264773.74690208415 61 42
265088.6485854174 265412.5337770841 61 42
288557.9495645842 288982.6800645841 61 37
294900.5836083342 295794.5915416675 61 30
308544.5699416673 309016.93660833396 61 33
309473.14094166725 309921.7989416672 61 38
12804.005250000004 13625.833193750004 62 27
17750.479379166674 17890.360560416673 62 36
22342.073185416673 23333.480935416672 62 45
37378.09943333332 38332.03526666665 62 33
40290.50401666665 41664.63030833332 62 40
45555.35013958329 46509.28597291662 62 33
48467.75472291662 49871.79247291663 62 40
50884.528222916626 51983.9131395833 62 40
52944.7776333333 53108.653362499965 62 41
66507.26373749998 67199.85436249997 62 40
71639.17521874997 72096.7833020833 62 44
74130.95469583331 74452.69261458331 62 43
78919.82021458328 80357.48289999993 62 40
84051.73169583327 84509.3397791666 62 44
86543.51117291661 86865.24909166661 62 43
91393.46415833329 93027.77719999997 62 36
101141.09586666664 102603.18642291665 62 28
113945.10111666663 114766.92906041663 62 27
118891.57524583327 119031.45642708326 62 36
123465.99350416659 124457.40125416659 62 45
138492.14293124995 139446.0787645833 62 33
141404.54751458328 142778.67380624995 62 40
146669.39363750003 147623.32947083336 62 33
149581.79822083336 150985.83597083334 62 40
151998.57172083334 153097.95663749997 62 40
154058.82113124998 154222.69686041668 62 41
167611.87376041702 168318.09780000034 62 40
172757.41865625032 173215.02673958364 62 44
175249.19813333364 175570.93605208362 62 43
180038.0636520837 181475.72633750032 62 40
185169.97513333365 185627.58321666697 62 44
187661.75461041697 187983.49252916698 62 43
192511.70759583366 194146.02063750036 62 36
211038.66573125037 211479.29139791706 62 39
229523.85061875067 229964.96228541734 62 37
230185.51811875065 230516.35186875064 62 33
236175.20681666734 237788.92559583404 62 42
247235.81750416753 248057.64544791752 62 27
252072.38177083412 252536.54210416746 62 38
255707.64881041742 256059.19897708413 62 40
262021.6956375009 262301.6413500009 62 35
262686.34251250094 263137.4598458342 62 34
265728.7312729174 266158.10666041746 62 43
266376.0508666675 266711.43624583416 62 41
271358.0477520843 271805.55353333434 62 31
272047.7463354176 272400.5408458343 62 32
272718.6578041676 273016.81896458426 62 42
273382.65105416765 273816.5092854177 62 39
274030.577868751 274361.43265208445 62 40
274688.5355229178 275134.56585625105 62 38
275362.6680229177 275810.1738041677 62 31
276052.36660625105 276405.16111666773 62 32
276723.278075001 277021.4392354177 62 42
277387.271325001 277821.1295562511 62 39
278035.19813958445 278366.0529229178 62 40
278693.1557937512 279139.1861270845 62 38
279367.28829375113 279814.79407500115 62 31
280056.9868770845 280409.78138750116 62 32
280727.89834583446 281026.0595062512 62 42
281391.8915958345 281825.74982708454 62 39
282039.81841041794 282370.6731937513 62 40
282697.7760645847 283143.806397918 62 38
292838.23460833414 294900.5836083342 62 34
295688.88327500084 297728.52077500074 62 36
306112.21527500066 307765.498608334 62 27
307529.31527500064 308411.7168166673 62 32
48314.693472916624 48794.97997291662 63 40
149428.73697083333 149909.02347083334 63 40
208174.59889791705 210818.35289791704 63 28
259594.59199166746 259879.5247000008 63 29
260272.83654375077 260498.9033812508 63 38
260937.7290270841 261367.41241250082 63 37
261591.30110833416 261848.5289583342 63 36
1425.1182500000002 4651.79225 64 27
4651.79225 6128.840475 64 28
17647.570504166673 17853.388254166675 64 41
20175.971768750012 20468.89720625001 64 45
22237.877560416673 22386.13575208334 64 36
37148.44978333332 37671.09676666665 64 35
40137.44276666665 40617.72926666665 64 40
45325.700489583294 45848.34747291662 64 35
53181.67224791663 53327.75352499997 64 41
69972.86387291663 70906.1636208333 64 36
72781.44605208332 73138.70938541666 64 45
73913.30471874999 74241.55031666665 64 36
76640.02407916661 76883.69513124993 64 32
77328.23069374994 77605.26803541661 64 29
82385.42034999993 83318.7200979166 64 36
85194.00252916662 85551.26586249996 64 46
86325.86119583328 86654.10679374995 64 36
89060.8720604166 89356.65040624994 64 32
89692.67815833328 90038.86454166661 64 29
102566.21411666666 105792.88811666664 64 27
105792.88811666664 107269.93634166666 64 28
118788.66637083326 118994.48412083327 64 41
121314.58587708326 121606.05341458326 64 45
123361.79787916658 123510.05607083326 64 36
138262.49328124995 138785.14026458332 64 35
141251.48626458328 141731.77276458326 64 40
146439.74398750003 146962.3909708334 64 35
154295.71574583335 154416.2520604167 64 41
171091.107310417 172024.40705833366 64 36
173899.68948958363 174256.95282291697 64 45
175031.5481562503 175359.79375416695 64 36
177758.26751666705 178001.93856875037 64 32
178446.47413125038 178723.51147291705 64 29
183503.66378750032 184436.963535417 64 36
186312.245966667 186669.5093000003 64 46
187444.10463333363 187772.3502312503 64 36
190179.115497917 190474.89384375035 64 32
190810.92159583364 191157.107979167 64 29
203684.4575541671 205297.7945541671 64 50
206018.86509583378 206278.6295229171 64 45
227075.1462416673 227518.47130833397 64 31
227736.5933479173 228185.81634791734 64 31
228415.105920834 228815.95685208403 64 33
229066.820089584 229523.85061875067 64 31
231335.3564625006 231560.73925833395 64 27
231779.33402708394 232071.6445083339 64 27
235937.80729166736 236241.72835416734 64 42
239157.53859583405 240734.35087500076 64 32
251845.50735416746 252303.1154375008 64 44
252987.7781875008 253901.4866875008 64 45
255479.54664375074 255943.83214375077 64 37
263360.4058083342 263600.26027708413 64 25
264017.3842020842 264373.4481520842 64 35
264661.66325208417 265088.6485854174 64 37
265301.6339145841 265532.6234020841 64 35
288771.4422312508 289193.91789791745 64 43
291669.65150416736 291922.2912229173 64 34
292566.7167750008 292872.64615833416 64 29
294900.5836083342 295794.5915416675 64 35
308780.7532750006 309245.0387750006 64 38
309245.0387750006 309701.24310833385 64 33
6088.98925 7284.525999999999 65 27
17544.661629166672 17750.479379166674 65 36
22133.681935416676 22342.073185416673 65 41
36921.29554999999 37354.91908333332 65 40
45098.54625624996 45532.16978958329 65 40
49871.79247291663 50999.81530624996 65 40
53409.663154166636 53536.52671666664 65 45
67910.51487291664 69972.86387291663 65 41
72558.43088541666 73023.34255208333 65 40
73695.15455208332 74085.09797499998 65 40
75260.48516249996 75724.09216249996 65 31
75955.89566249996 76225.36723124995 65 31
78001.0008604166 78459.82152708327 65 27
78689.2318604166 78949.67452708329 65 27
80323.07134999994 82385.42034999993 65 41
84970.98736249996 85435.89902916663 65 40
86107.71102916662 86497.65445208328 65 40
87673.04163958326 88136.64863958326 65 31
88368.45213958326 88638.18747291659 65 31
90434.59736666661 90893.41803333328 65 27
91122.82836666661 91641.35699166663 65 27
95821.94586666665 101141.09586666664 65 27
101141.09586666664 102603.18642291665 65 34
107230.08511666665 108425.62186666665 65 27
118685.75749583327 118891.57524583327 65 36
123257.60225416659 123465.99350416659 65 41
138035.33904791664 138468.96258124997 65 40
146212.58975416672 146646.21328750005 65 40
150985.83597083334 152113.85880416667 65 40
154521.83110208335 154705.2549979167 65 45
169028.758310417 171091.107310417 65 41
173676.67432291698 174141.58598958363 65 40
174813.3979895836 175203.3414125003 65 40
176378.7286000003 176842.3356000003 65 31
177074.13910000035 177343.61066875036 65 31
179119.24429791706 179578.06496458373 65 27
179807.47529791706 180067.9179645837 65 27
181441.31478750033 183503.66378750032 65 41
186089.2308000003 186554.14246666696 65 40
187225.95446666697 187615.89788958363 65 40
188791.28507708365 189254.89207708367 65 31
189486.69557708368 189756.43091041702 65 31
191552.840804167 192011.66147083367 65 27
192241.071804167 192759.60042916698 65 27
196940.18930416706 202259.3393041671 65 27
203576.89980416707 203721.4298604171 65 41
218827.28975208392 222924.08231041738 65 23
223019.83825416738 223463.16332083405 65 22
223681.2853604174 224151.2758604174 65 25
224393.72196458405 224728.02096458402 65 25
225058.635964584 225489.46488125072 65 25
225710.02071458404 226151.13238125067 65 25
226371.688214584 226817.5272354173 65 26
229744.40645208402 230185.51811875065 65 30
230406.07395208397 230851.9129729173 65 25
235707.58460416732 235972.82129166735 65 48
240506.24870833408 242457.28037916747 65 32
252764.76302083413 253229.67468750078 65 40
262240.98849583423 262686.34251250094 65 35
262909.35767916753 263157.7426520842 65 34
265942.3103270841 266176.9888395841 65 35
266595.6444333341 267104.1479500008 65 34
268507.3990854176 269921.663893751 65 30
294728.52585833415 295384.37660833413 65 29
306112.21527500066 307765.498608334 65 32
79154.48824583329 79407.12796458328 66 40
91393.46415833329 91713.46126249996 66 40
180272.7316833337 180525.3714020837 66 40
192511.70759583366 192831.70470000032 66 40
208174.59889791705 210818.35289791704 66 45
243015.03925416744 243989.06500416747 66 38
255250.1287270841 255707.64881041742 66 40
256401.4402270841 256751.5802270841 66 40
1425.1182500000002 4651.79225 67 32
4651.79225 6128.840475 67 28
8907.90225 9881.928 67 26
17441.75275416667 17647.570504166673 67 42
20400.04944583334 20927.618685416674 67 41
22029.486310416676 22237.877560416673 67 36
36696.15267499999 37139.846895833325 67 38
44873.40338124996 45317.0976020833 67 38
53633.74083124997 53784.39490416664 67 41
66741.93176874999 66994.57148749998 67 40
67638.99703958331 67944.92642291664 67 35
69972.86387291663 70906.1636208333 67 42
72330.20996874999 72781.44605208332 67 44
73477.00438541666 73913.30471874999 67 44
79379.57671458328 79612.41083958327 67 40
80051.5535166666 80357.48289999993 67 35
82385.42034999993 83318.7200979166 67 42
84742.76644583329 85194.00252916662 67 44
85889.56086249996 86325.86119583328 67 44
91641.35699166663 92023.45188749996 67 35
102566.21411666666 105792.88811666664 67 32
105792.88811666664 107269.93634166666 67 28
110048.99811666665 111023.02386666664 67 26
118582.84862083328 118788.66637083326 67 42
121531.56950624993 122051.53900416658 67 41
123153.40662916658 123361.79787916658 67 36
137810.19617291662 138253.89039374996 67 38
145987.4468791667 146431.14110000004 67 38
154740.20874791668 154889.00492708336 67 41
167860.53876041702 168112.81492500036 67 40
168757.2404770837 169063.169860417 67 35
171091.107310417 172024.40705833366 67 42
173448.4534062503 173899.68948958363 67 44
174595.24782291695 175031.5481562503 67 44
180497.8201520837 180727.8991520837 67 40
181169.79695416702 181475.72633750032 67 35
183503.66378750032 184436.963535417 67 42
185861.00988333364 186312.245966667 67 44
187007.80430000028 187444.10463333363 67 44
192759.60042916698 193141.69532500033 67 35
206238.7274291671 206760.1443979171 67 41
208070.40327291706 208218.6614645837 67 36
211258.97856458373 211699.60423125039 67 39
215012.62039791714 215458.6507312505 67 25
215681.66589791715 216130.6491479172 67 25
216355.0848354172 216689.3838354172 67 25
217019.9988354172 217450.8277520839 67 25
217680.23808541725 218139.05875208392 67 25
218368.46908541725 218798.61346041725 67 25
224616.58796458403 225058.635964584 67 25
225275.5153812507 225710.02071458404 67 25
225930.57654791736 226371.688214584 67 25
226592.2440479173 226849.71054791732 67 29
227297.91547500066 227523.98520416731 67 31
227952.38968125064 228331.708014584 67 31
235483.244133334 235713.22285416734 67 42
239157.53859583405 240734.35087500076 67 32
243339.71450416747 244313.74025416747 67 26
252536.54210416746 252987.7781875008 67 44
256170.70656041746 256634.86689375076 67 38
263580.9616416675 264009.2918395842 67 29
269881.51708541764 271378.3305583343 67 27
275594.0105229177 276052.36660625105 67 25
276278.38627291773 276655.8853666677 67 35
276946.1716166677 277310.9187666677 67 37
277605.33322291775 277840.01173541776 67 34
278251.52408541786 278531.4697979179 67 32
278916.17096041783 279367.28829375113 67 32
288982.6800645841 289405.15573125076 67 46
291894.73997291736 292127.57409791736 67 34
292337.4527854174 292838.23460833414 67 29
6088.98925 7284.525999999999 69 27
10206.60325 11180.629 69 26
11505.304250000001 12479.330000000004 69 32
12804.005250000004 13625.833193750004 69 32
14245.075254166672 16473.07325416667 69 27
16473.07325416667 17532.655593750005 69 45
20618.212685416675 21925.290685416676 69 41
21925.290685416676 22133.681935416676 69 42
36472.98672708333 36884.397270833324 69 38
44650.2374333333 45061.647977083296 69 38
53851.904070833305 54161.3100708333 69 41
56864.27717499997 58261.02198124998 69 48
65129.62371666664 66537.11804999999 69 45
69800.80612291663 70698.55337291663 69 35
70698.55337291663 71060.83863541663 69 50
71402.99188541665 71754.54205208331 69 50
73251.47438541666 73695.15455208332 69 43
77542.18019374994 78949.67452708329 69 45
82213.36259999993 83111.10984999994 69 35
83111.10984999994 83473.39511249993 69 50
83815.54836249993 84167.09852916661 69 50
85664.03086249996 86107.71102916662 69 43
89743.86569999994 89975.77669999994 69 47
89975.77669999994 91641.35699166663 69 55
97594.99586666665 101141.09586666664 69 27
107230.08511666665 108425.62186666665 69 27
111347.69911666664 112321.72486666664 69 26
112646.40011666664 113620.42586666664 69 32
113945.10111666663 114766.92906041663 69 32
115386.1711208333 117614.16912083328 69 27
117614.16912083328 118673.7514604166 69 45
121742.1330041666 123049.21100416657 69 41
123049.21100416657 123257.60225416659 69 42
137587.03022499994 137998.44076874995 69 38
145764.28093125002 146175.69147500003 69 38
154956.51409375004 155265.92009375006 69 41
157968.8871979168 159365.63200416684 69 48
166234.2337395837 167632.771779167 69 45
170919.04956041698 171816.79681041697 69 35
171816.79681041697 172179.08207291696 69 50
172521.23532291697 172872.78548958362 69 50
174369.71782291695 174813.3979895836 69 43
178660.4236312504 180067.9179645837 69 45
183331.60603750034 184229.35328750033 69 35
184229.35328750033 184591.63855000032 69 50
184933.7918000003 185285.34196666698 69 50
186782.2743000003 187225.95446666697 69 43
190862.10913750032 191094.02013750034 69 47
191094.02013750034 192759.60042916698 69 55
198713.23930416707 202259.3393041671 69 27
203469.3420541671 203684.4575541671 69 46
207966.20764791706 208174.59889791705 69 41
220149.16675208395 222924.08231041738 69 27
223242.60748750073 223468.67721666736 69 22
223897.08169375072 224183.05013125073 69 25
228633.2560875007 229066.820089584 69 33
229281.9541187507 229565.2048375007 69 30
229964.96228541734 230406.07395208397 69 30
230626.6297854173 230884.0962854173 69 25
231555.28550416726 231941.85682083393 69 29
235255.14196666732 235503.20307291733 69 41
240506.24870833408 242457.28037916747 69 32
244638.4155041675 245612.4412541675 69 26
246911.14225416753 247620.53150416753 69 37
247235.81750416753 248057.64544791752 69 32
248676.88750833413 250904.88550833412 69 27
250904.88550833412 251267.17077083414 69 50
255943.83214375077 256401.4402270841 69 44
257086.10297708405 257909.82453333406 69 39
264233.1805354176 264661.66325208417 69 38
264875.1559187508 265254.1054020841 69 37
265513.9427937507 265771.42980625073 69 36
266158.10666041746 266463.3109333341 69 35
266817.3684500008 267134.0022625008 69 34
271589.39025208435 272047.7463354176 69 25
272273.7660020843 272651.2650958343 69 35
272941.5513458343 273306.2984958343 69 37
273600.7129520843 273835.39146458433 69 34
274246.9038145844 274526.84952708444 69 32
274911.55068958446 275362.6680229177 69 32
279598.63079375116 280056.9868770845 69 25
280283.0065437511 280660.5056375011 69 35
280950.7918875012 281315.5390375012 69 37
281609.95349375124 281844.63200625125 69 34
282256.1443562513 282536.0900687513 69 32
282920.7912312513 283371.9085645846 69 32
309016.93660833396 309473.14094166725 69 32
4651.79225 6128.840475 70 28
20927.618685416674 22013.856966666677 70 57
36250.46789375 36631.53139583333 70 40
44427.71859999997 44808.7821020833 70 40
54161.3100708333 56650.327674999964 70 48
56703.81504999997 56918.76212916664 70 42
63775.610737499985 65192.711558333314 70 53
66967.02023749998 67199.85436249997 70 40
67409.73304999997 67910.51487291664 70 35
71174.88971874997 71639.17521874997 70 47
73023.34255208333 73477.00438541666 70 52
76187.69916249995 76289.11319374996 70 50
76358.75881874995 77605.26803541661 70 53
79822.28952708327 80323.07134999994 70 35
83587.44619583327 84051.73169583327 70 47
85435.89902916663 85889.56086249996 70 51
88600.25563958325 88697.86915208324 70 42
88777.30536041658 88867.08494374991 70 41
88949.45045833326 89060.8720604166 70 43
89115.62009791659 89236.66437499993 70 43
89277.43621874994 89364.57182499995 70 45
89435.11950624995 89564.7093041666 70 45
89590.30307499993 89692.67815833328 70 45
89859.82119999995 90038.86454166661 70 42
91875.83730416662 92286.05688749997 70 35
94180.9012 99368.04586666665 70 36
105792.88811666664 107269.93634166666 70 28
122051.53900416658 123137.77728541658 70 57
137366.09196249995 137745.57489374996 70 40
145541.76209791668 145922.82560000004 70 40
155265.92009375006 157754.93769791682 70 48
157808.4250729168 158023.3721520835 70 42
164880.22076041697 166297.32158125035 70 53
168085.26367500037 168318.09780000034 70 40
168527.97648750036 169028.758310417 70 35
172293.1331562503 172757.41865625032 70 47
174141.58598958363 174595.24782291695 70 52
177305.94260000036 177407.35663125032 70 50
177477.00225625036 178723.51147291705 70 53
180940.5329645837 181441.31478750033 70 35
184705.68963333365 185169.97513333365 70 47
186554.14246666696 187007.80430000028 70 51
189718.4990770837 189816.1125895837 70 42
189895.548797917 189985.32838125035 70 41
190067.69389583368 190179.115497917 70 43
190233.863535417 190354.90781250034 70 43
190395.67965625034 190482.81526250034 70 45
190553.36294375034 190682.952741667 70 45
190708.5465125003 190810.92159583364 70 45
190978.06463750033 191157.107979167 70 42
192994.080741667 193404.30032500034 70 35
195299.1446375003 200486.2893041671 70 36
206450.7383979171 207757.81639791708 70 41
207862.01202291707 208070.40327291706 70 36
211479.29139791706 211919.91706458371 70 42
215235.63556458382 215681.66589791715 70 25
215905.27164791716 216271.5100854172 70 25
216577.9508354172 217019.9988354172 70 25
217236.87825208387 217505.31270625055 70 25
217909.64841875058 218368.46908541725 70 25
218597.87941875058 218827.28975208392 70 25
218827.28975208392 220377.2689187506 70 36
239157.53859583405 240734.35087500076 70 32
244313.74025416747 245287.76600416747 70 37
256863.08781041743 257327.99947708406 70 40
259132.83957500078 260498.9033812508 70 50
275824.4204395844 276109.3531479177 70 29
276502.6649916677 276728.7318291677 70 38
277167.557475001 277597.2408604177 70 33
277821.1295562511 278078.35740625113 70 34
278470.8169437512 278916.17096041783 70 32
279139.1861270845 279387.57110000117 70 32
289193.91789791745 289616.3935645841 70 46
292113.7984729174 292465.6725041674 70 38
36027.949060416664 36381.19770833333 72 37
44205.199766666636 44558.448414583305 72 37
56543.35292499996 56864.27717499997 72 46
63429.510237499984 63813.104958333315 72 43
70945.4718020833 71402.99188541665 72 50
74796.87816249997 76225.36723124995 72 50
76274.62547499995 76414.47531874994 72 46
83358.0282791666 83815.54836249993 72 50
87209.43463958327 88638.18747291659 72 50
88688.90643958325 88809.40152708323 72 37
88864.20077291658 88974.82258333327 72 38
89033.30258124993 89134.70823749992 72 39
89196.63449999993 89356.65040624994 72 40
89356.65040624994 89463.8611541666 72 42
89512.9923041666 89667.08438749994 72 42
89667.08438749994 89859.82119999995 72 42
137146.26346249995 137495.24120624995 72 37
145319.24326458335 145672.49191250003 72 37
157647.9629479168 157968.8871979168 72 46
164534.12026041697 164917.7149812503 72 43
172063.71523958363 172521.23532291697 72 50
175915.12160000028 177343.61066875036 72 50
177392.86891250036 177532.71875625034 72 46
184476.271716667 184933.7918000003 72 50
188327.6780770836 189756.43091041702 72 50
189807.1498770837 189927.64496458365 72 37
189982.44421041702 190093.06602083368 72 38
190151.54601875035 190252.95167500037 72 39
190314.87793750037 190474.89384375035 72 40
190474.89384375035 190582.10459166698 72 42
190631.23574166698 190785.3278250003 72 42
190785.3278250003 190978.06463750033 72 42
202259.3393041671 203501.6093791671 72 50
207757.81639791708 207966.20764791706 72 42
219047.60258541725 219488.22825208394 72 39
256634.86689375076 257086.10297708405 72 44
258899.2005875008 259153.12238125078 72 46
271819.800168751 272104.7328770843 72 29
272498.0447208343 272724.1115583343 72 38
273162.93720416765 273592.62058958434 72 33
273816.5092854177 274073.7371354177 72 34
274466.19667291775 274911.55068958446 72 32
275134.56585625105 275382.95082916773 72 32
279829.0407104178 280113.97341875115 72 29
280507.2852625011 280733.3521000011 72 38
281172.1777458345 281601.8611312512 72 33
281825.74982708454 282085.6751312513 72 34
282475.4372145847 282920.7912312513 72 32
283143.806397918 283454.5481395846 72 32
1425.1182500000002 4651.79225 73 50
4651.79225 6128.840475 73 34
10206.60325 11180.629 73 50
14245.075254166672 16473.07325416667 73 32
23333.480935416672 23735.242935416674 73 43
23735.242935416674 23872.795935416674 73 42
102566.21411666666 105792.88811666664 73 50
105792.88811666664 107269.93634166666 73 34
111347.69911666664 112321.72486666664 73 50
115386.1711208333 117614.16912083328 73 32
124457.40125416659 124859.16325416657 73 43
124859.16325416657 124996.71625416657 73 42
226849.71054791732 227952.38968125064 73 50
239157.53859583405 240734.35087500076 73 40
244638.4155041675 245612.4412541675 73 50
248676.88750833413 250904.88550833412 73 32
251609.32402083412 251960.8741875008 73 50
263137.4598458342 264661.66325208417 73 50
270569.74808541767 271378.3305583343 73 36
287358.564731251 288344.45689791755 73 62
289405.15573125076 289827.6313979174 73 54
1317.5605 1462.0905562500002 74 41
6088.98925 7284.525999999999 74 32
9881.928 10855.95375 74 41
23663.950185416674 23806.535685416675 74 45
23806.535685416675 24614.47860208334 74 53
35805.430227083336 36250.46789375 74 37
43982.68093333331 44427.71859999997 74 37
58240.73917499997 59641.784852083314 74 50
63083.409737499984 63544.87707083332 74 43
67186.07873749998 67537.95276874998 74 45
72096.7833020833 72446.92330208332 74 50
74569.90131874997 74843.23886249996 74 50
79598.63521458328 79950.50924583328 74 45
84509.3397791666 84859.47977916662 74 50
86982.45779583327 87255.79533958326 74 50
92110.98688749997 92545.63226249996 74 37
102458.65636666666 102603.18642291665 74 41
107230.08511666665 108425.62186666665 74 32
111023.02386666664 111997.04961666664 74 41
124787.87050416658 124930.45600416657 74 45
124930.45600416657 125738.39892083324 74 53
136926.43496249994 137366.09196249995 74 37
145096.72443125 145541.76209791668 74 37
159345.34919791683 160746.39487500017 74 52
164188.01976041694 164649.48709375027 74 43
168304.32217500036 168656.19620625034 74 45
173215.02673958364 173565.16673958366 74 50
175688.1447562503 175961.4823000003 74 50
180716.8786520837 181068.75268333367 74 45
185627.58321666697 185977.723216667 74 50
188100.70123333365 188374.03877708362 74 50
193229.23032500033 193663.87570000035 74 37
206760.1443979171 207846.3826791671 74 57
211699.60423125039 212140.22989791707 74 41
219267.91541875058 219708.54108541727 74 39
223789.18352708404 224183.05013125073 74 46
225489.46488125072 226906.09304791733 74 46
230516.35186875064 230917.5485604173 74 48
240506.24870833408 240962.45304166744 74 40
241654.4157250008 242457.28037916747 74 46
243015.03925416744 244313.74025416747 74 43
244313.74025416747 245287.76600416747 74 41
251381.22185416744 251845.50735416746 74 47
255003.21029791742 255365.49556041742 74 50
261805.36969166753 263157.7426520842 74 57
268507.3990854176 270569.74808541767 74 41
284487.01339791785 284940.99589791783 74 47
285794.9665645844 286246.5433979177 74 47
286673.528731251 287119.55906458426 74 53
286013.11673125107 286460.03606458433 75 54
5982.802125 6128.840475 76 41
11180.629 12154.654750000002 76 41
14043.408129166672 14245.075254166672 76 37
14245.075254166672 16473.07325416667 76 40
24614.47860208334 25003.635352083344 76 41
25003.635352083344 25140.40739375001 76 42
34692.836060416674 35137.87372708334 76 40
35582.91139375 36027.949060416664 76 40
42870.086766666645 43315.12443333331 76 40
43760.16209999997 44205.199766666636 76 40
62737.30923749998 63314.14340416665 76 45
71866.04963541664 72330.20996874999 76 48
74347.92859374998 74668.57069374996 76 50
84278.60611249994 84742.76644583329 76 48
86760.48507083328 87081.12717083326 76 50
94417.08453333333 94889.45119999998 76 35
95411.09953333331 95821.94586666665 76 35
95821.94586666665 99368.04586666665 76 41
107123.89799166666 107269.93634166666 76 41
112321.72486666664 113295.75061666664 76 41
115184.50399583329 115386.1711208333 76 37
115386.1711208333 117614.16912083328 76 40
125738.39892083324 126127.55567083323 76 41
126127.55567083323 126264.32771249989 76 42
135822.35129583324 136266.94946249994 76 40
136706.60646249994 137146.26346249995 76 40
143984.1302645833 144429.16793125 76 40
144874.20559791668 145319.24326458335 76 40
163841.91926041694 164418.75342708363 76 45
172984.29307291695 173448.4534062503 76 48
175466.1720312503 175786.81413125028 76 50
185396.8495500003 185861.00988333364 76 48
187878.72850833365 188199.37060833361 76 50
195535.32797083366 196007.69463750036 76 35
196529.3429708337 196940.18930416706 76 35
196940.18930416706 200486.2893041671 76 41
217450.8277520839 217622.8855020839 76 50
217622.8855020839 218896.1375125006 76 53
219488.22825208394 219928.8539187506 76 39
222547.53808541739 222794.4025604174 76 38
222794.4025604174 223897.08169375072 76 48
227844.491514584 228331.708014584 76 49
240283.2335416674 240734.35087500076 76 43
241417.0162000008 241720.9372625008 76 47
245612.4412541675 246586.4670041675 76 41
248475.22038333415 248676.88750833413 76 37
248676.88750833413 250904.88550833412 76 40
251151.8039375008 251609.32402083412 76 50
252303.1154375008 252653.2554375008 76 50
254776.23345416746 255210.8205458341 76 50
267338.81598125084 267591.45570000086 76 40
268235.8812520843 268541.81063541764 76 35
270569.74808541767 271378.3305583343 76 42
289616.3935645841 290048.18723125075 76 47
1210.00275 1425.1182500000002 77 46
13188.719250000004 13625.833193750004 77 32
13688.051439583338 13785.292475000004 77 32
13842.175302083337 13923.993708333337 77 31
13979.16281666667 14144.241691666672 77 36
14144.241691666672 14261.321072916673 77 38
24932.342602083343 25074.928102083344 77 45
25074.928102083344 25927.101227083345 77 53
34915.35489375001 35360.39256041667 77 42
35360.39256041667 35805.430227083336 77 35
43092.60559999998 43537.643266666644 77 42
43537.643266666644 43982.68093333331 77 35
60917.27832083331 62351.10948749998 77 58
62351.10948749998 62852.67607083332 77 50
71639.17521874997 72096.7833020833 77 55
74130.95469583331 74452.69261458331 77 54
84051.73169583327 84509.3397791666 77 55
86543.51117291661 86865.24909166661 77 54
93929.89719999999 94180.9012 77 33
94180.9012 94653.26786666665 77 41
97594.99586666665 101141.09586666664 77 41
102351.09861666664 102566.21411666666 77 46
114329.81511666664 114766.92906041663 77 32
114829.14730624997 114926.38834166664 77 32
114983.27116874997 115065.08957499996 77 31
115120.25868333329 115285.3375583333 77 36
115285.3375583333 115402.41693958329 77 38
126056.26292083324 126198.84842083322 77 45
126198.84842083322 127051.02154583322 77 53
136047.12096249993 136486.77796249994 77 42
136486.77796249994 136926.43496249994 77 35
144206.64909791664 144651.68676458334 77 42
144651.68676458334 145096.72443125 77 35
162021.88834375024 163455.71951041694 77 61
163455.71951041694 163957.28609375027 77 50
172757.41865625032 173215.02673958364 77 55
175249.19813333364 175570.93605208362 77 54
185169.97513333365 185627.58321666697 77 55
187661.75461041697 187983.49252916698 77 54
195048.14063750033 195299.1446375003 77 33
195299.1446375003 195771.511304167 77 41
198713.23930416707 202259.3393041671 77 41
214538.6012312505 214789.6052312505 77 38
214789.6052312505 217505.31270625055 77 48
217536.85662708388 217680.23808541725 77 46
219708.54108541727 220149.16675208395 77 41
221468.55641875067 221900.14908541736 77 45
222331.74175208405 222757.7539354174 77 40
229523.85061875067 230626.6297854173 77 51
240060.21837500075 240506.24870833408 77 47
241186.79351250076 241452.0302000008 77 53
247620.53150416753 248057.64544791752 77 32
248119.86369375087 248217.10472916748 77 32
248273.98755625082 248355.80596250083 77 31
248410.97507083416 248576.05394583414 77 36
248576.05394583414 248693.13332708413 77 38
252072.38177083412 252536.54210416746 77 48
254554.26072916746 254874.90282916743 77 50
265728.7312729174 267134.0022625008 77 55
270397.69033541763 271053.5410854176 77 35
255707.64881041742 256059.19897708413 78 50
257999.81147708406 258238.85403333406 78 51
258669.35505208408 258919.3897833341 78 50
271358.0477520843 272724.1115583343 78 43
279367.28829375113 281026.0595062512 78 54
283832.56289791793 284268.8632312512 78 45
285154.48856458446 285581.4738979178 78 45
286246.5433979177 286673.528731251 78 47
286896.5438979176 287358.564731251 78 48
5876.615 6088.98925 79 46
12479.330000000004 13188.719250000004 79 41
12804.005250000004 13430.719800000004 79 35
13593.39936041667 13701.44908541667 79 38
13767.236339583338 13880.263268750003 79 30
13912.48569791667 14043.408129166672 79 33
34025.279560416675 34470.317227083346 79 40
42202.53026666665 42647.56793333331 79 40
59601.34922708331 60963.16038749998 79 66
72781.44605208332 73138.70938541666 79 58
73913.30471874999 74241.55031666665 79 46
85194.00252916662 85551.26586249996 79 57
86325.86119583328 86654.10679374995 79 46
92343.74030416663 92802.24719999997 79 40
93704.3672 94149.5257 79 35
94653.26786666665 95150.27536666665 79 35
95150.27536666665 95770.59007499999 79 35
107017.71086666665 107230.08511666665 79 46
113620.42586666664 114329.81511666664 79 41
113945.10111666663 114571.81566666663 79 35
114734.4952270833 114842.5449520833 79 38
114908.33220624996 115021.35913541663 79 30
115053.58156458329 115184.50399583329 79 33
135153.6693791666 135598.70704583326 79 40
143316.5737645833 143761.61143124997 79 40
160705.9592500002 162067.77041041694 79 66
173899.68948958363 174256.95282291697 79 58
175031.5481562503 175359.79375416695 79 46
186312.245966667 186669.5093000003 79 57
187444.10463333363 187772.3502312503 79 46
193461.983741667 193920.49063750036 79 40
194822.61063750033 195267.76913750032 79 35
195771.511304167 196268.51880416702 79 35
196268.51880416702 196888.8335125004 79 35
211919.91706458371 212368.33206458375 79 41
213231.5173979171 213675.41589791715 79 41
214322.80489791717 214758.2297312505 79 40
219928.8539187506 220377.2689187506 79 42
221240.454252084 221684.352752084 79 41
222115.9454187507 222547.53808541739 79 45
228185.81634791734 229565.2048375007 79 56
239837.20320833407 240283.2335416674 79 53
240962.45304166744 241192.43176250078 79 48
246911.14225416753 247620.53150416753 79 41
247235.81750416753 247862.53205416753 79 35
248025.21161458417 248133.2613395842 79 38
248199.04859375083 248312.0755229175 79 30
248344.29795208416 248475.22038333415 79 33
251845.50735416746 252303.1154375008 79 55
252987.7781875008 253345.04152083411 79 58
254337.2868312508 254659.02475000077 79 54
255479.54664375074 255943.83214375077 79 47
257781.6613104174 258073.43715833407 79 48
258219.55539791743 258575.2629083341 79 48
264448.17058541754 265771.42980625073 79 62
267563.90445000085 267796.73857500084 79 40
268006.61726250086 268507.3990854176 79 35
275362.6680229177 276728.7318291677 79 54
279139.1861270845 279387.57110000117 79 49
280950.7918875012 281315.5390375012 79 54
284050.71306458453 284487.01339791785 79 55
285367.98123125115 285794.9665645844 79 55
286460.03606458433 286896.5438979176 79 47
287119.55906458426 287551.66460625094 79 48
289827.6313979174 290132.68236458406 79 47
290264.1137395841 290550.93986458407 79 48
281172.1777458345 281601.8611312512 80 51
8583.226999999999 9557.25275 81 43
11505.304250000001 12479.330000000004 81 50
34247.79839375001 34692.836060416674 81 45
35137.87372708334 35582.91139375 81 40
42425.04909999998 42870.086766666645 81 45
43315.12443333331 43760.16209999997 81 40
72558.43088541666 73023.34255208333 81 50
73695.15455208332 74085.09797499998 81 50
84970.98736249996 85435.89902916663 81 50
86107.71102916662 86497.65445208328 81 50
93478.83719999998 93929.89719999999 81 41
101141.09586666664 102383.36594166665 81 50
109724.32286666665 110698.34861666666 81 43
112646.40011666664 113620.42586666664 81 50
135376.18821249992 135709.96646249993 81 45
136266.94946249994 136706.60646249994 81 40
143539.09259791663 143984.1302645833 81 45
144429.16793125 144874.20559791668 81 40
173676.67432291698 174141.58598958363 81 50
174813.3979895836 175203.3414125003 81 50
186089.2308000003 186554.14246666696 81 50
187225.95446666697 187615.89788958363 81 50
194597.08063750033 195048.14063750033 81 41
213015.72106458378 213459.6195645838 81 41
214107.0085645838 214538.6012312505 81 45
220149.16675208395 220593.06525208396 81 45
221024.65791875066 221468.55641875067 81 41
221900.14908541736 222331.74175208405 81 42
230884.0962854173 232359.41846666724 81 59
239613.74292916738 240060.21837500075 81 48
240734.35087500076 240982.41198125077 81 46
245937.1165041675 246911.14225416753 81 50
252764.76302083413 253229.67468750078 81 50
254119.63685416745 254447.88245208413 81 51
255250.1287270841 255707.64881041742 81 50
256401.4402270841 256751.5802270841 81 50
257556.1313104174 257909.82453333406 81 49
258442.76403333407 258746.3395333341 81 54
272718.6578041676 274361.43265208445 81 54
275134.56585625105 275382.95082916773 81 49
278916.17096041783 279367.28829375113 81 49
281391.8915958345 281825.74982708454 81 54
283143.806397918 283454.5481395846 81 54
4651.79225 5982.802125 82 50
8907.90225 9881.928 82 53
72330.20996874999 72781.44605208332 82 56
73477.00438541666 73913.30471874999 82 55
84742.76644583329 85194.00252916662 82 56
85889.56086249996 86325.86119583328 82 55
92574.14503333329 93027.77719999997 82 40
93253.30719999998 93704.3672 82 38
94889.45119999998 95411.09953333331 82 39
105792.88811666664 107123.89799166666 82 50
110048.99811666665 111023.02386666664 82 53
173448.4534062503 173899.68948958363 82 56
174595.24782291695 175031.5481562503 82 55
185861.00988333364 186312.245966667 82 56
187007.80430000028 187444.10463333363 82 55
193692.38847083368 194146.02063750036 82 40
194371.55063750036 194822.61063750033 82 38
196007.69463750036 196529.3429708337 82 39
212140.22989791707 212584.12839791708 82 45
212799.92473125042 213231.5173979171 82 42
213891.21223125048 214322.80489791717 82 42
220377.2689187506 220808.8615854173 82 42
220808.8615854173 221240.454252084 82 48
224151.2758604174 225710.02071458404 82 50
239385.64076250073 239633.70186875074 82 46
243339.71450416747 244313.74025416747 82 50
252536.54210416746 252987.7781875008 82 56
253901.4866875008 254291.43011041745 82 57
256170.70656041746 256634.86689375076 82 48
257327.99947708406 257781.6613104174 82 50
260493.44962708408 261848.5289583342 82 62
267782.9629500009 268134.8369812509 82 45
274911.55068958446 275362.6680229177 82 54
276723.278075001 278366.0529229178 82 54
278693.1557937512 279139.1861270845 82 53
281609.95349375124 281844.63200625125 82 51
282920.7912312513 283371.9085645846 82 57
283371.9085645846 283832.56289791793 82 62
284268.8632312512 284720.44006458455 82 51
284720.44006458455 285154.48856458446 82 62
285581.4738979178 286013.11673125107 82 51
290048.18723125075 290297.1971145841 82 53
33802.76072708335 34247.79839375001 84 40
34470.317227083346 34915.35489375001 84 40
41980.01143333332 42425.04909999998 84 40
42647.56793333331 43092.60559999998 84 40
73251.47438541666 73695.15455208332 84 54
85664.03086249996 86107.71102916662 84 54
93027.77719999997 93478.83719999998 84 38
134931.15054583325 135376.18821249992 84 40
135598.70704583326 136047.12096249993 84 40
143094.05493124996 143539.09259791663 84 40
143761.61143124997 144206.64909791664 84 40
174369.71782291695 174813.3979895836 84 54
186782.2743000003 187225.95446666697 84 54
194146.02063750036 194597.08063750033 84 38
212584.12839791708 213015.72106458378 84 40
213675.41589791715 214107.0085645838 84 42
220593.06525208396 221024.65791875066 84 40
221684.352752084 222115.9454187507 84 42
243015.03925416744 243989.06500416747 84 43
255943.83214375077 256401.4402270841 84 55
257086.10297708405 257443.3663104174 84 48
274688.5355229178 275134.56585625105 84 58
278470.8169437512 278916.17096041783 84 49
281825.74982708454 282085.6751312513 84 49
282697.7760645847 283143.806397918 84 61
7284.525999999999 8258.551749999999 85 47
25927.101227083345 26938.564727083347 85 55
108425.62186666665 109399.64761666665 85 47
127051.02154583322 128062.48504583322 85 55
253683.3365208341 254119.63685416745 85 60
290488.21176875074 290724.99998958403 85 54
7609.201249999999 8583.226999999999 86 55
26264.255727083346 27275.719227083348 86 64
73023.34255208333 73477.00438541666 86 61
85435.89902916663 85889.56086249996 86 62
92802.24719999997 93253.30719999998 86 42
108750.29711666665 109724.32286666665 86 55
127388.17604583321 128399.63954583323 86 64
174141.58598958363 174595.24782291695 86 61
186554.14246666696 187007.80430000028 86 62
193920.49063750036 194371.55063750036 86 42
212368.33206458375 212799.92473125042 86 42
213459.6195645838 213891.21223125048 86 45
241899.52150416747 243015.03925416744 86 68
253457.8065208341 253901.4866875008 86 56
256863.08781041743 257327.99947708406 86 53
274466.19667291775 274911.55068958446 86 54
278251.52408541786 278531.4697979179 86 54
282039.81841041794 282370.6731937513 86 62
282475.4372145847 282920.7912312513 86 58
283616.76656458457 284050.71306458453 86 51
284940.99589791783 285367.98123125115 86 51
290719.1643229174 291464.83778541733 86 57
297784.9032750007 299935.12385833403 86 38
301948.55927500065 304039.318958334 86 38
256634.86689375076 257086.10297708405 87 59
274246.9038145844 274526.84952708444 87 60
282256.1443562513 282536.0900687513 87 65
27275.719227083348 28287.18272708335 88 65
128399.63954583323 129411.10304583321 88 65
253229.67468750078 253683.3365208341 88 63
27612.873727083348 28624.33722708335 89 69
128736.79404583322 129748.25754583321 89 69
297784.9032750007 299935.12385833403 89 38
301948.55927500065 304039.318958334 89 38
