19947.6695 20621.827 38 42
38777.4405 39451.598000000005 38 42
10540.10625 11302.36141875 43 40
29397.226750000005 30159.481918750003 43 40
48369.250250000034 49007.54825000004 43 51
63010.16077083339 63663.32877083338 43 48
72604.01452083333 73242.31252083332 43 51
19341.609 19947.6695 45 44
38188.396499999995 38777.4405 45 42
43620.21200000003 44221.053000000036 45 51
67837.45227083334 68438.29327083334 45 51
10248.844000000001 10868.5377375 47 34
29105.964500000006 29725.658237500007 47 34
55089.17189583338 55999.25389583338 47 38
59954.76427083339 60864.84627083339 47 45
79323.93616666668 80234.01816666669 47 38
84189.52854166669 85099.6105416667 47 45
55696.22364583339 56605.31439583338 48 40
60561.816020833394 61470.90677083339 48 50
79930.98791666668 80840.0786666667 48 40
84796.58029166669 85705.6710416667 48 50
5300.173 5899.687797916667 50 36
8780.06475 9581.368010416667 50 34
9957.58175 10540.10625 50 34
18759.0845 19644.63925 50 54
24157.2935 24756.80829791667 50 36
27637.185250000006 28438.48851041667 50 34
28814.702250000006 29397.226750000005 50 34
37616.204999999994 38482.9185 50 54
47785.933250000046 48369.250250000034 50 50
56302.284145833386 57066.78400000005 50 43
61167.876520833386 62083.82727083339 50 47
62384.24777083339 63010.16077083339 50 44
72003.17352083333 72604.01452083333 50 50
80537.04841666669 81301.54827083336 50 43
85402.6407916667 86656.46904166671 50 47
86656.46904166671 87388.1765416667 50 49
43019.37100000003 43620.21200000003 52 50
56927.89514583338 59353.80277083339 52 49
67236.61127083334 67837.45227083334 52 50
81162.6594166667 83588.5670416667 52 49
16983.130250000002 17657.985775000005 54 46
35840.25075 36515.106275 54 46
53896.298145833374 54776.67189583338 54 38
58153.80277083339 59642.26427083339 54 46
78131.0624166667 79011.43616666668 54 38
82388.56704166668 83877.02854166669 54 46
2941.1775 3563.7267374999997 55 40
7619.495 8230.06481875 55 33
9375.05725 10248.844000000001 55 40
12304.812750000001 13015.5973125 55 48
13481.28375 14637.10921041667 55 52
17572.271500000003 18165.128568750002 55 54
21798.298 22420.8472375 55 40
26476.6155 27087.185318750002 55 33
28232.177750000006 29105.964500000006 55 40
31161.933250000006 31872.717812500003 55 48
32338.404250000003 33494.22971041667 55 52
36429.392 37022.24906875 55 54
47208.23225000004 47810.23812500004 55 57
49007.54825000004 49647.707122916705 55 38
49621.93393541671 50871.1958291667 55 40
51429.27653958336 52065.46097708337 55 38
52039.68778958337 53351.298145833374 55 40
54496.29814583338 55380.43414583338 55 43
59353.80277083339 60246.02652083339 55 52
61783.40677083339 62384.24777083339 55 56
71425.47252083334 72028.2085625 55 57
73242.31252083332 73882.47139374999 55 38
73856.69820625 75105.96010000001 55 40
75664.04081041669 76300.22524791668 55 38
76274.45206041668 77586.0624166667 55 40
78731.06241666668 79615.19841666668 55 43
83588.5670416667 84480.79079166669 55 52
86018.1710416667 87022.32279166671 55 56
8208.63625 8799.112366666666 57 40
18143.700000000004 19341.609 57 46
27065.75675 27656.232866666673 57 40
37000.8205 38188.396499999995 57 46
42447.17950000003 43044.4060416667 57 57
66658.91027083335 67261.6463125 57 57
3529.4129999999996 4567.648499999999 59 36
7053.4574999999995 7657.230833333333 59 40
12893.048250000002 13781.283750000002 59 43
22386.533499999998 23424.768999999997 59 36
25910.578 26514.351333333332 59 40
31750.168750000004 32788.40425000001 59 43
49007.54825000004 49647.707122916705 59 38
50217.18079166671 50871.1958291667 59 38
51429.27653958336 52065.46097708337 59 38
52634.93464583337 53351.298145833374 59 38
73242.31252083332 73882.47139374999 59 38
74451.9450625 75105.96010000001 59 38
75664.04081041669 76300.22524791668 59 38
76869.69891666668 77586.0624166667 59 38
4117.648499999999 5042.891345833334 60 39
6465.222 7204.400833333333 60 38
22974.769 23900.01184583333 60 39
25322.342500000002 26061.521333333334 60 38
46013.17750000004 46734.33125000003 60 57
49621.93393541671 50219.6807916667 60 40
52039.68778958337 52677.54827083337 60 40
70230.41777083333 70951.57152083334 60 57
73856.69820625 74454.4450625 60 40
76274.45206041668 76912.31254166667 60 40
15246.332750000003 16417.092750000003 61 55
34103.45325 35274.21325000001 61 55
4717.6485 5882.6975 62 43
5882.6975 7053.4574999999995 62 41
16417.092750000003 17027.941552083335 62 57
23574.768999999997 24739.818 62 43
24739.818 25910.578 62 41
35274.21325000001 35885.06205208333 62 57
41243.72250000001 41971.87812500002 62 54
46590.10050000004 47225.08186250004 62 51
65455.45327083337 66183.60889583336 62 56
70807.34077083334 71442.32213333333 62 51
15828.857250000003 16575.111552083334 64 49
34685.977750000005 35432.232052083345 64 49
41826.24700000002 42463.868418750026 64 51
45413.17750000004 46039.61980416671 64 57
66037.97777083337 66675.75988333335 64 51
69630.41777083333 70256.86007499999 64 57
40643.72250000001 41270.421539583345 65 46
64855.45327083338 65482.152310416706 65 51
56605.31439583338 57066.78400000005 66 61
61470.90677083339 62083.82727083339 66 66
80840.0786666667 81301.54827083336 66 61
85705.6710416667 86656.46904166671 66 66
9957.58175 10868.5377375 67 46
14663.808250000002 15265.750233333336 67 51
28814.702250000006 29725.658237500007 67 46
33520.92875000001 34122.87073333334 67 51
55380.43414583338 55999.25389583338 67 51
56302.284145833386 56927.89514583338 67 56
56927.89514583338 57558.25814583339 67 65
60246.02652083339 60864.84627083339 67 61
61167.876520833386 61783.40677083339 67 64
61783.40677083339 62697.20427083339 67 73
79615.19841666668 80234.01816666669 67 51
80537.04841666669 81162.6594166667 67 56
81162.6594166667 81793.02241666669 67 65
84480.79079166669 85099.6105416667 67 61
85402.6407916667 86018.1710416667 67 64
86018.1710416667 87582.98179166671 67 73
9065.778999999999 9581.368010416667 69 45
27922.899500000007 28438.48851041667 69 45
53146.29814583337 53296.298145833374 69 53
55089.17189583338 55696.22364583339 69 50
55999.25389583338 56605.31439583338 69 51
58003.80277083338 58153.80277083339 69 66
59954.76427083339 60561.816020833394 69 62
60864.84627083339 61470.90677083339 69 62
77381.06241666668 77531.06241666668 69 53
79323.93616666668 79930.98791666668 69 50
80234.01816666669 80840.0786666667 69 51
82238.56704166668 82388.56704166668 69 66
84189.52854166669 84796.58029166669 69 62
85099.6105416667 85705.6710416667 69 62
7902.51375 8230.06481875 71 45
8780.06475 9375.05725 71 45
9375.05725 10248.844000000001 71 50
26759.634250000003 27087.185318750002 71 45
27637.185250000006 28232.177750000006 71 45
28232.177750000006 29105.964500000006 71 50
53221.298145833374 53351.298145833374 71 53
54776.67189583338 55380.43414583338 71 50
55696.22364583339 56302.284145833386 71 58
58078.80277083338 59353.80277083339 71 69
59642.26427083339 60246.02652083339 71 62
60561.816020833394 61167.876520833386 71 67
77456.06241666668 77586.0624166667 71 53
79011.43616666668 79615.19841666668 71 50
79930.98791666668 80537.04841666669 71 59
82313.56704166668 83588.5670416667 71 69
83877.02854166669 84480.79079166669 71 62
84796.58029166669 85402.6407916667 71 68
7619.495 8208.63625 72 45
8494.350499999999 8799.112366666666 72 45
26476.6155 27065.75675 72 45
27351.471000000005 27656.232866666673 72 45
44221.053000000036 44847.140000000036 72 68
53296.298145833374 54776.67189583338 72 62
54496.29814583338 55089.17189583338 72 53
58153.80277083339 59642.26427083339 72 72
59353.80277083339 59954.76427083339 72 70
68438.29327083334 69064.38027083334 72 68
77531.06241666668 79011.43616666668 72 62
78731.06241666668 79323.93616666668 72 53
82388.56704166668 83877.02854166669 72 72
83588.5670416667 84189.52854166669 72 70
1764.7065 2941.1775 74 47
2352.9419999999996 3382.3541249999994 74 50
7336.47625 7657.230833333333 74 45
8208.63625 8780.06475 74 50
11128.341750000001 12304.812750000001 74 56
11716.577250000002 12745.989375000003 74 60
17266.149 17657.985775000005 74 60
18495.348300000005 18759.0845 74 62
18759.0845 20284.74825 74 68
20621.827 21798.298 74 47
21210.0625 22239.474625 74 50
26193.59675 26514.351333333332 74 45
27065.75675 27637.185250000006 74 50
29985.462250000004 31161.933250000006 74 56
30573.697750000003 31603.109875000006 74 60
36123.2695 36515.106275 74 60
37352.468799999995 37616.204999999994 74 62
37616.204999999994 39114.51925 74 68
39451.598000000005 40077.68500000001 74 70
49007.54825000004 49549.258900000044 74 50
50045.44810625004 50217.18079166671 74 47
50217.18079166671 50871.1958291667 74 53
50823.21603958337 51227.2563729167 74 50
52463.20196041671 52634.93464583337 74 47
52634.93464583337 53221.298145833374 74 53
63663.32877083338 64289.41577083339 74 68
73242.31252083332 73784.02317083333 74 50
74280.21237708333 74451.9450625 74 47
74451.9450625 75105.96010000001 74 53
75057.98031041666 75462.02064375 74 50
76697.96623125 76869.69891666668 74 47
76869.69891666668 77456.06241666668 74 53
3235.2952499999997 3529.4129999999996 76 46
6465.222 7204.400833333333 76 47
7053.4574999999995 7619.495 76 50
12598.930500000002 12875.891381250001 76 58
16983.130250000002 17536.557208333335 76 61
17572.271500000003 17877.03336666667 76 72
17877.03336666667 18143.700000000004 76 60
18143.700000000004 18262.74760416667 76 58
18372.2714 18627.2164 76 64
18627.2164 19341.609 76 64
22092.41575 22386.533499999998 76 46
25322.342500000002 26061.521333333334 76 47
25910.578 26476.6155 76 50
31456.051000000007 31733.011881250004 76 58
35840.25075 36393.677708333336 76 61
36429.392 36734.15386666667 76 72
36734.15386666667 37000.8205 76 60
37000.8205 37119.868104166664 76 58
37229.391899999995 37484.336899999995 76 64
37484.336899999995 38188.396499999995 76 64
49621.93393541671 49734.08106875004 76 50
49796.63451458338 49934.98408333337 76 50
49961.94487708338 50122.18079166671 76 50
50129.68079166671 50219.6807916667 76 47
51025.23620625003 51429.27653958336 76 47
52039.68778958337 52151.83492291671 76 50
52214.388368750035 52352.73793750004 76 50
52379.698731250035 52539.93464583337 76 50
52547.43464583337 52677.54827083337 76 47
73856.69820625 73968.84533958332 76 50
74031.39878541666 74169.74835416666 76 50
74196.70914791667 74356.9450625 76 50
74364.4450625 74454.4450625 76 47
75260.00047708333 75664.04081041669 76 48
76274.45206041668 76386.59919375001 76 50
76449.15263958334 76587.50220833333 76 50
76614.46300208334 76774.69891666668 76 50
76782.19891666668 76912.31254166667 76 47
3382.3541249999994 3563.7267374999997 78 49
5882.6975 7053.4574999999995 78 47
12745.989375000003 13015.5973125 78 62
16700.111500000003 17027.941552083335 78 61
17724.652433333336 18029.414300000004 78 60
18029.414300000004 18165.128568750002 78 67
18257.9857 18429.414250000005 78 62
22239.474625 22420.8472375 78 49
24739.818 25910.578 78 47
31603.109875000006 31872.717812500003 78 62
35557.232 35885.06205208333 78 61
36581.772933333334 36886.5348 78 60
36886.5348 37022.24906875 78 67
37115.1062 37286.53474999999 78 62
46878.56200000003 47208.23225000004 78 67
49708.82854791671 49796.63451458338 78 47
49879.158818750046 50028.121370833374 78 46
51227.2563729167 51623.4513729167 78 47
51623.4513729167 52039.68778958337 78 46
52126.582402083375 52214.388368750035 78 47
52296.912672916704 52445.87522500004 78 46
71095.80227083334 71425.47252083334 78 67
73943.59281875 74031.39878541666 78 47
74113.92308958332 74262.88564166667 78 46
75462.02064375 75858.21564375001 78 48
75858.21564375001 76274.45206041668 78 48
76361.34667291667 76449.15263958334 78 47
76531.67694375 76680.63949583334 78 46
3529.4129999999996 4117.648499999999 79 52
4117.648499999999 4717.6485 79 47
4717.6485 5899.687797916667 79 50
12893.048250000002 13481.28375 79 67
15828.857250000003 16575.111552083334 79 66
16417.092750000003 16983.130250000002 79 68
22386.533499999998 22974.769 79 52
22974.769 23574.768999999997 79 47
23574.768999999997 24756.80829791667 79 50
31750.168750000004 32338.404250000003 79 67
34685.977750000005 35432.232052083345 79 66
35274.21325000001 35840.25075 79 68
46590.10050000004 46878.56200000003 79 74
47208.23225000004 48688.39925000004 79 78
49304.578000000045 49647.707122916705 79 46
51429.27653958336 51720.53878958336 79 50
51826.921789583364 52065.46097708337 79 46
57261.22839583339 57855.28789583338 79 62
57558.25814583339 58003.80277083338 79 68
70807.34077083334 71095.80227083334 79 75
71425.47252083334 72923.16352083333 79 78
73539.34227083332 73882.47139374999 79 46
75664.04081041669 75955.30306041669 79 50
76061.68606041667 76300.22524791668 79 48
81495.9926666667 82090.05216666668 79 62
81793.02241666669 82238.56704166668 79 68
42117.50925000002 42447.17950000003 80 69
66329.24002083336 66658.91027083335 80 68
15246.332750000003 16417.092750000003 81 69
34103.45325 35274.21325000001 81 69
41826.24700000002 42117.50925000002 81 74
42447.17950000003 43920.63250000003 81 78
46301.63900000004 46590.10050000004 81 65
66037.97777083337 66329.24002083336 81 73
66658.91027083335 68137.87277083335 81 78
70518.87927083332 70807.34077083334 81 68
13481.28375 14081.283750000002 83 68
14081.283750000002 15265.750233333336 83 71
32338.404250000003 32938.40425000001 83 68
32938.40425000001 34122.87073333334 83 71
41534.98475000001 41826.24700000002 83 65
46013.17750000004 46445.869750000034 83 75
65746.71552083337 66037.97777083337 83 66
70230.41777083333 70663.11002083332 83 75
41243.72250000001 41680.61587500002 84 74
44521.053000000036 45413.17750000004 84 72
44847.140000000036 46039.61980416671 84 80
65455.45327083337 65892.34664583337 84 73
68738.29327083334 69630.41777083333 84 72
69064.38027083334 70256.86007499999 84 80
39751.598000000005 40643.72250000001 86 72
40077.68500000001 41270.421539583345 86 80
63963.32877083339 64855.45327083338 86 72
64289.41577083339 65482.152310416706 86 80
