53886.978516666626 54400.72151666663 33 36
65702.26427499996 66216.00727499997 33 36
147852.54531666634 148366.2883166663 33 36
159656.45103541628 160170.19403541624 33 36
83397.19929166662 83924.48629166663 38 31
95186.93004999992 95714.21704999993 38 31
106835.6152999998 107481.28079999979 38 28
118469.27154999967 119114.93704999967 38 28
177329.91851249963 177857.20551249964 38 31
189110.7712708329 189638.05827083287 38 31
212842.90381249937 213356.64681249936 38 36
52351.89901666662 53223.66926666663 41 48
59779.844774999954 60307.13177499995 41 31
64163.76102499994 65038.95502499995 41 48
71587.2240333333 72114.5110333333 41 31
146295.05906666635 146859.99806666633 41 48
153731.7810354163 154259.0680354163 41 31
158101.31328541628 158651.3017354163 41 48
165524.54875416626 166051.83575416627 41 31
52851.12176666662 53886.978516666626 43 41
64662.98377499994 65702.26427499996 43 41
146791.03406666633 147852.54531666634 43 41
158600.5360354163 159656.45103541628 43 41
53373.235516666624 54143.85001666663 45 43
65188.521274999955 65959.13577499996 45 43
82377.1092708333 82880.09983124996 45 38
94166.8400291666 94669.83058958327 45 38
105836.13279999982 106835.6152999998 45 48
117469.78904999969 118469.27154999967 45 48
124296.46754999955 124669.04579999956 45 36
136019.65130833295 136392.22955833297 45 36
147338.80231666632 148109.41681666631 45 43
159142.70803541626 159913.32253541626 45 43
176309.82849166624 176812.81905208295 45 38
188090.6812499995 188593.67181041618 45 38
206913.05091666616 207426.79391666612 45 36
211827.9438270827 212842.90381249937 45 39
218637.94106249927 219145.16906249928 45 36
230322.74156249902 230829.96956249903 45 27
144845.71756666634 145560.25906666633 47 40
156651.9717854163 157366.5132854163 47 40
58759.75475416661 59262.745314583284 48 38
70567.13401249998 71070.12457291664 48 38
152722.06184374963 153214.68157499962 48 38
164514.8295624996 165007.44929374958 48 38
51374.68926666663 52224.01076666662 49 40
63186.264024999946 64035.872774999945 49 40
145320.81456666635 146045.99781666632 49 40
157127.0687854163 157852.25203541628 49 40
12294.560000000005 13201.316250000003 50 28
24136.32025 24792.54525 50 34
36056.334258333314 36583.62125833332 50 31
47962.90451666663 48490.19151666664 50 31
49936.90201666663 50774.80026666663 50 40
51860.49176666663 52719.876766666624 50 46
61748.476774999945 62586.37502499994 50 40
63672.35377499994 64531.73877499994 50 46
80890.4732833333 81499.06780833329 50 45
82879.02029166663 83792.66454166663 50 47
92678.2902916666 93288.7985666666 50 45
94668.75104999993 95582.39529999993 50 47
106328.3872999998 107360.5952999998 50 46
117962.04354999968 118994.25154999968 50 46
123312.62804999958 124296.46754999955 50 39
130204.37780833285 130731.66480833285 50 31
135035.81180833292 136019.65130833295 50 39
141917.62031666635 142444.90731666636 50 31
143891.61781666632 144606.70331666633 50 40
145803.65181666633 146540.37756666634 50 46
155700.41303541628 156412.9575354163 50 40
157609.9060354163 158346.6317854163 50 46
174823.19250416625 175440.87500416627 50 45
176811.7395124996 177725.38376249964 50 47
186597.74701249952 187221.7277624995 50 45
188592.59227083286 189506.2365208329 50 47
200958.98327083286 201611.22202083288 50 28
212329.16081249938 213099.77531249935 50 43
224506.13456249927 225013.36256249924 50 33
50421.27651666663 51733.85601666663 52 48
62232.85127499994 63545.718024999944 52 48
80415.3762833333 80904.61013333329 52 43
92203.19329166661 92692.4271416666 52 43
122834.60629999958 123432.77229999957 52 39
134557.79005833293 135155.95605833293 52 39
144371.02081666634 145083.26606666634 52 48
156177.2750354163 156889.5202854163 52 48
174348.09550416624 174944.36550416626 52 43
186127.85901249957 186718.92001249953 52 43
49453.54251666663 50294.640766666635 53 47
54883.79001666662 56203.77726666663 53 39
59261.66577499996 60175.310024999955 53 47
61270.482774999946 62106.21552499995 53 47
66699.07577499996 68011.15652499995 53 39
71069.04503333331 71982.6892833333 53 47
79937.0605333333 80426.26392291664 53 45
80890.4732833333 81499.06780833329 53 45
91728.72354166661 92214.08093124993 53 45
92678.2902916666 93288.7985666666 53 45
143408.25831666635 144130.11031666634 53 47
148849.3568166663 149924.2150562496 53 39
153213.60203541626 154127.2462854163 53 47
155222.4190354163 155937.21153541628 53 47
160653.26253541626 161719.5574583329 53 39
165006.36975416623 165920.01400416627 53 47
173869.77975416626 174466.86975416626 53 45
174823.19250416625 175440.87500416627 53 45
185654.74301249956 186245.33101249955 53 45
186597.74701249952 187221.7277624995 53 45
122356.80604999958 122952.54929999958 54 41
134079.98980833296 134675.73305833293 54 41
10277.530000000002 11538.288500000002 55 39
22109.59625 23371.82275 55 39
57283.825766666625 57881.71329166662 55 45
69091.20502499996 69689.09254999997 55 45
76475.44128333329 77493.6260333333 55 28
79452.6860333333 80034.2795645833 55 30
80415.3762833333 80904.61013333329 55 43
81386.9827833333 81905.98836458329 55 61
88269.6452916666 89287.8300416666 55 28
91246.89004166661 91824.88492291661 55 30
92203.19329166661 92692.4271416666 55 43
93176.7135416666 93695.7191229166 55 61
104876.20429999981 105476.05404999982 55 45
116509.86054999969 117109.71029999969 55 45
121874.06404999961 122475.84429999958 55 40
133597.24780833293 134199.02805833294 55 40
151240.9280666663 151838.8155916663 55 49
163033.69578541626 163631.58331041626 55 49
170409.57650416627 171427.76125416625 55 28
173386.82125416622 173987.62100416626 55 30
174348.09550416624 174944.36550416626 55 43
175319.70200416626 176179.08700416627 55 61
182202.41551249955 183220.60026249953 55 28
185175.69126249955 185770.85101249954 55 30
186127.85901249957 186718.92001249953 55 43
187100.55476249952 187959.9397624995 55 61
198941.9532708329 200202.7117708329 55 39
205898.0909312495 206913.05091666616 55 47
211349.27111874934 211848.8952208327 55 39
3444.9440000000004 4283.159750000001 57 38
6348.592000000001 6845.363000000001 57 30
11274.668000000001 12294.560000000005 57 34
15283.210000000005 16115.154500000002 57 38
18180.658250000004 18677.429250000005 57 30
23108.202250000002 24136.32025 57 34
30110.789249999998 30624.532249999993 57 36
35036.24423749998 35539.23479791665 57 38
42022.4220083333 42536.16500833331 57 36
46942.8144958333 47445.80505624996 57 38
54883.79001666662 56203.77726666663 57 39
57769.62826666662 58288.633847916615 57 51
66699.07577499996 68011.15652499995 57 39
69577.00752499996 70096.01310624997 57 51
76979.88303333329 78007.3690333333 57 25
79937.0605333333 80426.26392291664 57 45
81878.39003333329 82398.42397916663 57 42
88774.0870416666 89801.57304166662 57 25
91728.72354166661 92214.08093124993 57 45
93668.1207916666 94188.15473749995 57 42
98120.80654999985 98714.71504999984 57 38
101016.4330499998 101513.20404999981 57 30
105358.11104999982 105956.27704999982 57 47
109755.75579999974 110349.66429999971 57 38
112651.38229999968 113148.15329999969 57 30
116991.76729999969 117589.93329999968 57 47
121400.84104999961 121994.7495499996 57 39
122713.92079999959 122952.54929999958 57 46
123799.69654999956 124544.85304999954 57 43
129184.28778749947 129687.27834791616 57 38
133124.0248083329 133717.93330833293 57 39
134437.1045583329 134675.73305833293 57 46
135522.88030833297 136268.03680833295 57 43
140897.53029583298 141400.52085624967 57 38
148849.3568166663 149924.2150562496 57 39
151726.73056666632 152220.18213749965 57 57
160653.26253541626 161719.5574583329 57 39
163519.49828541625 164012.94985624962 57 57
170914.01825416627 171941.50425416624 57 25
173869.77975416626 174466.86975416626 57 45
175811.10925416628 176331.14319999958 57 42
182706.85726249954 183734.34326249952 57 25
185654.74301249956 186245.33101249955 57 45
187591.9620124995 188111.99595833285 57 42
192101.7282708329 192939.9440208329 57 38
195019.63102083292 195516.4020208329 57 30
199939.09127083287 200958.98327083286 57 34
204445.85661666613 205016.81649791612 57 46
206399.30791666615 207169.92241666614 57 43
209891.01751249933 210496.88251249932 57 41
211827.9438270827 212842.90381249937 57 39
218130.71306249927 218891.55506249928 57 43
223474.0743124993 223612.7447708326 57 50
229815.51356249902 230576.35556249903 57 32
235179.04256249894 235338.12708333228 57 37
56808.72876666662 57297.79336249996 58 43
57283.825766666625 57881.71329166662 58 54
68616.10802499996 69105.1726208333 58 43
69091.20502499996 69689.09254999997 58 54
78969.3265333333 79810.4247833333 58 35
79452.6860333333 80034.2795645833 58 36
90763.53054166661 91602.08779166662 58 35
91246.89004166661 91824.88492291661 58 36
150765.8310666663 151359.65263124966 58 47
151240.9280666663 151838.8155916663 58 58
162558.59878541625 163152.4203499996 58 47
163033.69578541626 163631.58331041626 58 58
172903.46175416623 173505.5955041662 58 35
173386.82125416622 173987.62100416626 58 36
184696.30076249954 185293.16326249955 58 35
185175.69126249955 185770.85101249954 58 36
120922.34104999961 121637.45254999961 59 38
122236.12054999958 122475.84429999958 59 47
132652.4108083329 133360.6363083329 59 38
133959.30430833294 134199.02805833294 59 47
205419.41822291614 205919.04232499952 59 52
54883.79001666662 56203.77726666663 60 47
57769.62826666662 58288.633847916615 60 61
58261.03551666662 58781.06946249995 60 42
66699.07577499996 68011.15652499995 60 47
69577.00752499996 70096.01310624997 60 61
70068.41477499997 70588.44872083332 60 42
148849.3568166663 149924.2150562496 60 47
151726.73056666632 152220.18213749965 60 68
152218.1378166663 152724.07326874963 60 42
160653.26253541626 161719.5574583329 60 47
163519.49828541625 164012.94985624962 60 68
164010.90553541627 164516.8409874996 60 42
3918.1670000000004 4761.93875 61 38
9312.439750000003 10150.894250000003 61 38
15753.098000000004 16592.954750000004 61 38
21144.506 21982.9605 61 38
53886.978516666626 54400.72151666663 61 45
65702.26427499996 66216.00727499997 61 45
78969.3265333333 79810.4247833333 61 42
80415.3762833333 80904.61013333329 61 43
90763.53054166661 91602.08779166662 61 42
92203.19329166661 92692.4271416666 61 43
98594.02954999985 99195.80979999983 61 38
103914.65154999982 104508.56004999983 61 38
110228.97879999972 110830.7590499997 61 38
115548.30779999969 116142.21629999971 61 43
120439.59904999964 120983.2621749996 61 37
124296.46754999955 124793.23854999956 61 39
132169.66880833288 132711.6104333329 61 37
136019.65130833295 136516.42230833296 61 39
147852.54531666634 148366.2883166663 61 45
159656.45103541628 160170.19403541624 61 45
172903.46175416623 173505.5955041662 61 42
174348.09550416624 174944.36550416626 61 43
184696.30076249954 185293.16326249955 61 42
186127.85901249957 186718.92001249953 61 43
192574.95127083288 193414.0242708329 61 38
197983.4787708329 198815.3175208329 61 38
203961.16461666615 204567.02961666614 61 41
210375.70951249934 210946.66939374933 61 37
212194.98056249935 212842.90381249937 61 38
1490.3090000000002 1982.3540000000003 62 46
2474.399 2781.927125 62 41
4404.8240000000005 5240.559750000001 62 45
7354.398000000001 7846.443000000001 62 46
8338.488000000001 8646.016125000002 62 41
9790.461500000003 10400.541250000002 62 39
11801.909000000003 12819.540000000003 62 46
13328.575000000003 13820.62 62 46
14312.665 14620.193125000002 62 41
16235.840000000004 17070.162750000007 62 45
19186.464250000005 19678.509250000006 62 46
20170.554250000005 20478.082375 62 41
21622.52775 22231.3595 62 39
23635.44325 24661.30025 62 46
29074.932499999995 30110.789249999998 62 48
35538.15525833332 36451.799508333315 62 47
40986.5652583333 42022.4220083333 62 48
47444.72551666664 48358.369766666634 62 47
48845.10876666663 49453.54251666663 62 65
52224.01076666662 52719.876766666624 62 61
53223.66926666663 53373.235516666624 62 49
53373.235516666624 54143.85001666663 62 50
56330.41301666663 57165.05151666662 62 45
60662.04902499994 61270.482774999946 62 65
64035.872774999945 64531.73877499994 62 61
65038.95502499995 65188.521274999955 62 49
65188.521274999955 65959.13577499996 62 50
68137.79227499996 68972.43077499996 62 45
79937.0605333333 80426.26392291664 62 53
80890.4732833333 81499.06780833329 62 54
91728.72354166661 92214.08093124993 62 53
92678.2902916666 93288.7985666666 62 54
96076.27354999991 96257.30179999991 62 45
96196.9590499999 96438.3300499999 62 46
97159.56454999988 97521.62104999987 62 41
99076.77154999982 99672.51479999982 62 45
101873.81004999983 102054.35479999984 62 45
101994.01204999984 102235.38304999984 62 46
102956.61754999982 103312.94029999983 62 41
104387.87454999983 104995.24254999982 62 38
107722.65179999977 107902.07329999977 62 45
107843.33729999978 108078.28129999977 62 46
108799.51579999975 109161.57229999974 62 41
110711.72079999969 111307.46404999969 62 45
113508.75929999971 113688.16092499973 62 45
113628.96129999972 113865.75979999972 62 46
114586.9942999997 114943.3170499997 62 41
116021.53079999972 116628.89879999969 62 48
119356.30804999966 119537.33629999965 62 45
119956.85704999966 120560.28454999963 62 38
122356.80604999958 122594.88254999959 62 53
122594.88254999959 122834.60629999958 62 46
123673.06079999956 123799.69654999956 62 46
123799.69654999956 124544.85304999954 62 43
129686.19880833282 130599.84305833284 62 47
131093.72130833287 131272.91368333288 62 45
131686.92680833288 132290.3543083329 62 38
134079.98980833296 134318.06630833293 62 53
134318.06630833293 134557.79005833293 62 46
135396.24455833292 135522.88030833297 62 46
135522.88030833297 136268.03680833295 62 43
141399.4413166663 142313.08556666636 62 47
142799.82456666633 143408.25831666635 62 65
147338.80231666632 148109.41681666631 62 50
150287.51531666628 150883.61553124964 62 45
154613.98528541627 155222.4190354163 62 65
159142.70803541626 159913.32253541626 62 50
162080.28303541624 162676.38324999958 62 45
173869.77975416626 174466.86975416626 62 53
174823.19250416625 175440.87500416627 62 54
185654.74301249956 186245.33101249955 62 53
186597.74701249952 187221.7277624995 62 54
190147.0932708329 190639.1382708329 62 46
191131.18327083287 191438.71139583288 62 41
193061.6082708329 193896.0970208329 62 45
196025.43702083293 196517.48202083292 62 46
197009.5270208329 197317.0551458329 62 41
198458.7127708329 199064.9645208329 62 39
200466.33227083288 201483.96327083287 62 46
201611.22202083288 201865.7395208329 62 45
202977.08827083284 203575.43056666615 62 37
204936.72086666612 205479.51922291613 62 45
207551.49266666613 207800.8901666661 62 47
208909.67891666602 209505.28346249933 62 41
210866.57376249932 211409.37211874934 62 45
212068.70731249935 212329.16081249938 62 45
212329.16081249938 213099.77531249935 62 53
217634.2968124993 217767.9866583326 62 54
223998.90656249927 224759.74856249924 62 39
229312.67806249904 229448.75729583236 62 40
235801.86531249894 236772.8438124989 62 29
55846.038516666624 56427.632047916624 63 34
67655.95877499996 68235.01130624996 63 34
149807.35581666627 150404.37455624962 63 34
161603.96953541625 162197.14227499958 63 34
11274.668000000001 12294.560000000005 64 40
23108.202250000002 24136.32025 64 40
28575.709749999995 29447.479999999996 64 48
40487.3425083333 41359.1127583333 64 48
48726.80301666663 48974.65351666663 64 61
51733.85601666663 52224.01076666662 64 56
60543.74327499995 60791.59377499994 64 61
63545.718024999944 64035.872774999945 64 56
75484.8112833333 76344.1962833333 64 33
76979.88303333329 78007.3690333333 64 36
78360.8927833333 78631.1111770833 64 52
87279.01529166661 88138.40029166659 64 33
88774.0870416666 89801.57304166662 64 36
90155.09679166661 90425.3151854166 64 52
95955.58804999992 96196.9590499999 64 45
101753.60804999982 101994.01204999984 64 45
107601.96629999978 107843.33729999978 64 45
113388.55729999971 113628.96129999972 64 45
119235.62254999967 119476.99354999965 64 45
120801.65554999962 120983.2621749996 64 48
121874.06404999961 122115.43504999959 64 51
122115.43504999959 122356.80604999958 64 47
122475.84429999958 122713.92079999959 64 46
123188.43529999958 123432.77229999957 64 43
124296.46754999955 124793.23854999956 64 39
130973.03580833286 131214.4068083329 64 45
132531.7253083329 132711.6104333329 64 48
133597.24780833293 133838.61880833295 64 51
133838.61880833295 134079.98980833296 64 47
134199.02805833294 134437.1045583329 64 46
134911.61905833293 135155.95605833293 64 43
136019.65130833295 136516.42230833296 64 39
142681.51881666633 142929.36931666633 64 61
154495.67953541628 154743.53003541628 64 61
169422.13600416627 170031.9908437496 64 33
170914.01825416627 171941.50425416624 64 36
172295.02800416623 172903.46175416623 64 52
181214.97501249958 181824.8298520829 64 33
182706.85726249954 183734.34326249952 64 36
184087.8670124995 184696.30076249954 64 52
199939.09127083287 200958.98327083286 64 40
203475.66677083282 204082.33761666613 64 48
209405.51966666602 210012.19051249934 64 53
211349.27111874934 211588.95549374932 64 55
211948.0618708327 212194.98056249935 64 42
217160.0923124993 217394.8523124993 64 55
223598.25681249928 223853.68431249927 64 38
228838.47356249904 229073.23356249905 64 41
235321.50631249894 235615.04256249891 64 28
48608.49726666663 48845.10876666663 65 58
51860.49176666663 52351.89901666662 65 65
52719.876766666624 53223.66926666663 65 58
54754.24526666662 54968.59327708329 65 65
55846.038516666624 56427.632047916624 65 40
56330.41301666663 57297.79336249996 65 53
60425.43752499995 60662.04902499994 65 58
63672.35377499994 64163.76102499994 65 65
64531.73877499994 65038.95502499995 65 58
66569.53102499996 66783.87903541661 65 65
67655.95877499996 68235.01130624996 65 40
68137.79227499996 69105.1726208333 65 53
75976.21853333329 76723.80628333331 65 40
78243.0515333333 78490.43753333329 65 50
87770.4225416666 88518.01029166661 65 40
90037.25554166661 90284.6415416666 65 50
142563.21306666636 142799.82456666633 65 58
146045.99781666632 146663.03681666634 65 70
148719.8120666663 148968.08138124965 65 65
149807.35581666627 150404.37455624962 65 40
150287.51531666628 151359.65263124966 65 53
154377.3737854163 154613.98528541627 65 58
157852.25203541628 158469.2910354163 65 70
160523.71778541623 160771.14021666624 65 65
161603.96953541625 162197.14227499958 65 40
162080.28303541624 163152.4203499996 65 53
169910.35375416625 170533.75900416626 65 40
172177.18675416624 172424.57275416623 65 50
181703.19276249956 182326.59801249954 65 40
183970.0257624995 184217.4117624995 65 50
1363.0502500000002 1613.3202500000002 66 45
1982.3540000000003 2474.399 66 41
4886.730750000001 5725.18525 66 47
7227.13925 7477.409250000001 66 45
7846.443000000001 8338.488000000001 66 41
11801.909000000003 12819.540000000003 66 49
13201.316250000003 13451.586250000002 66 45
13820.62 14312.665 66 41
16717.746750000002 17554.788250000005 66 47
19059.205500000004 19309.475500000004 66 45
19678.509250000006 20170.554250000005 66 41
23635.44325 24661.30025 66 49
28084.302499999994 28943.687499999996 66 46
34046.117749999976 34905.50274999998 66 47
39995.9352583333 40855.3202583333 66 46
45952.688008333294 46812.0730083333 66 47
74045.59603333329 75358.1755333333 66 30
85845.0090416666 87152.37954166661 66 30
95834.90254999993 96076.27354999991 66 45
96676.82254999991 96918.1935499999 66 41
99554.57179999982 100152.73779999981 66 47
101633.40604999982 101873.81004999983 66 45
102473.87554999985 102715.24654999984 66 41
107481.28079999979 107722.65179999977 66 45
108316.77379999978 108558.14479999976 66 41
111189.5210499997 111787.68704999969 66 47
113268.3552999997 113508.75929999971 66 45
114104.25229999973 114345.62329999972 66 41
119114.93704999967 119356.30804999966 66 45
121637.45254999961 121994.7495499996 66 56
121994.7495499996 122236.12054999958 66 47
123312.62804999958 123552.91654999957 66 55
123552.91654999957 123789.1435708329 66 46
123799.69654999956 124544.85304999954 66 51
128194.16129999948 128557.68029999947 66 47
130852.35030833285 131093.72130833287 66 45
133360.6363083329 133717.93330833293 66 56
133717.93330833293 133959.30430833294 66 47
135035.81180833292 135276.10030833294 66 55
135276.10030833294 135512.3273291663 66 46
135522.88030833297 136268.03680833295 66 51
139907.40380833298 140270.92280833298 66 47
167982.92075416626 169055.0580687496 66 30
179782.96776249958 180847.89707708292 66 30
190019.8345208329 190239.3517083329 66 45
190639.1382708329 191131.18327083287 66 41
193543.6810208329 194382.92152083293 66 47
195898.17827083293 196117.69545833292 66 45
196517.48202083292 197009.5270208329 66 41
200466.33227083288 201483.96327083287 66 49
201483.96327083287 201738.4807708329 66 50
201865.7395208329 202116.00952083291 66 45
202485.0432708329 203100.09952083282 66 41
207426.79391666612 207676.19141666612 66 46
207800.8901666661 208048.6001666661 66 53
208417.63391666606 209032.69016666603 66 41
210866.57376249932 211108.58910624933 66 55
211229.06911874932 211409.37211874934 66 46
211827.9438270827 211965.09048749937 66 53
216685.93231249932 216922.5438124993 66 61
222495.26331249924 222734.70781249923 66 61
223998.90656249927 224759.74856249924 66 50
228366.16506249906 228600.92506249904 66 45
234181.20656249893 234423.55256249895 66 45
235801.86531249894 236772.8438124989 66 37
5364.7525000000005 6348.592000000001 67 48
10277.530000000002 11538.288500000002 67 47
17194.355500000005 18180.658250000004 67 48
22109.59625 23371.82275 67 47
27598.499999999993 28447.821499999995 67 40
33558.87599999998 34409.636749999976 67 41
39510.132758333304 40359.4542583333 67 40
45465.4462583333 46316.207008333295 67 41
48490.19151666664 48726.80301666663 67 58
50899.59226666663 51860.49176666663 67 64
54636.404016666624 54883.79001666662 67 61
60307.13177499995 60543.74327499995 67 58
62711.167024999944 63672.35377499994 67 64
66451.68977499996 66699.07577499996 67 61
73561.22153333332 74399.11978333328 67 25
74999.0087833333 75848.3302833333 67 28
76475.44128333329 77493.6260333333 67 34
78125.2102833333 78360.8927833333 67 49
85360.63454166662 86198.5327916666 67 25
86793.2127916666 87642.53429166661 67 28
88269.6452916666 89287.8300416666 67 34
89919.41429166662 90155.09679166661 67 49
95714.21704999993 95955.58804999992 67 50
100032.59354999982 101016.4330499998 67 55
101513.20404999981 101753.60804999982 67 50
107360.5952999998 107601.96629999978 67 50
111667.54279999969 112651.38229999968 67 48
113148.15329999969 113388.55729999971 67 50
118994.25154999968 119235.62254999967 67 50
120922.34104999961 121166.0255499996 67 51
121166.0255499996 121400.84104999961 67 52
122834.60629999958 123070.49229999958 67 54
123070.49229999958 123312.62804999958 67 46
123432.77229999957 123673.06079999956 67 46
127704.56729999947 128436.50729999947 67 40
128557.68029999947 129053.54629999948 67 44
130731.66480833285 130973.03580833286 67 50
132652.4108083329 132889.2093083329 67 51
132889.2093083329 133124.0248083329 67 52
134557.79005833293 134793.67605833293 67 54
134793.67605833293 135035.81180833292 67 46
135155.95605833293 135396.24455833292 67 46
139418.27855833303 140149.74980833297 67 40
140270.92280833298 140766.788808333 67 44
142444.90731666636 142681.51881666633 67 58
145560.25906666633 146167.17081666633 67 68
147011.45204791636 147065.57383749966 67 39
148601.9708166663 148849.3568166663 67 61
154259.0680354163 154495.67953541628 67 58
157366.5132854163 157973.4250354163 67 68
158815.73167916632 158869.47955624963 67 39
160405.87653541623 160653.26253541626 67 61
167498.54625416623 168099.7799937496 67 25
168936.33350416628 169542.29922916627 67 28
170409.57650416627 171427.76125416625 67 34
172059.34550416624 172295.02800416623 67 49
179303.9160124996 179898.55568541624 67 25
180729.17251249956 181335.13823749957 67 28
182202.41551249955 183220.60026249953 67 34
183852.18451249952 184087.8670124995 67 49
194026.31677083293 195019.63102083292 67 48
198941.9532708329 200202.7117708329 67 47
210739.22851249934 210946.66939374933 67 45
211108.58910624933 211349.27111874934 67 46
211708.324710416 211848.8952208327 67 45
216213.5220624993 216447.5495624993 67 55
217277.4723124993 217514.5745624993 67 50
222012.23356249926 222249.79706249924 67 50
222979.02731249927 223220.39831249928 67 54
223722.43931249925 223998.90656249927 67 38
227891.66231249907 228125.96481249906 67 41
228955.85356249905 229192.95581249904 67 37
233697.61881249896 233935.74031249894 67 37
234675.04056249894 234922.38156249895 67 40
235463.97006249893 235801.86531249894 67 28
50774.80026666663 51374.68926666663 68 54
62586.37502499994 63186.264024999946 68 54
120198.22804999966 120439.59904999964 68 47
131928.29780833286 132169.66880833288 68 47
145083.26606666634 145679.98131666632 68 65
156889.5202854163 157486.2355354163 68 65
981.274 1490.3090000000002 69 50
2966.4440000000004 3918.1670000000004 69 47
5851.821000000001 6721.170250000001 69 39
6845.363000000001 7354.398000000001 69 50
8830.533000000005 9666.268750000003 69 47
12819.540000000003 13328.575000000003 69 50
14804.710000000003 15753.098000000004 69 47
17683.887250000003 18553.236500000003 69 39
18677.429250000005 19186.464250000005 69 50
20662.59925 21498.335 69 47
27117.984499999995 27957.666749999993 69 39
28447.821499999995 28943.687499999996 69 61
29597.046249999996 30367.660749999995 69 43
33079.76599999999 33919.48199999998 69 39
34409.636749999976 34905.50274999998 69 54
34537.52499999997 35057.55894583331 69 42
39029.61725833331 39869.29950833331 69 39
40359.4542583333 40855.3202583333 69 61
41508.6790083333 42279.29350833331 69 43
44986.3362583333 45826.0522583333 69 39
46316.207008333295 46812.0730083333 69 54
46444.09525833329 46964.12920416663 69 42
49812.70926666663 50294.640766666635 69 59
50294.640766666635 50421.27651666663 69 56
50421.27651666663 50899.59226666663 69 63
52351.89901666662 52851.12176666662 69 66
54518.562766666626 54754.24526666662 69 58
55242.956766666626 55721.84576666662 69 63
61624.28402499994 62106.21552499995 69 59
62106.21552499995 62232.85127499994 69 56
62232.85127499994 62711.167024999944 69 63
64163.76102499994 64662.98377499994 69 66
66333.84852499996 66569.53102499996 69 58
67058.24252499995 67531.76602499995 69 63
73077.86203333331 73918.9602833333 69 29
74045.59603333329 75358.1755333333 69 36
78007.3690333333 78243.0515333333 69 47
84881.2440416666 85718.3732916666 69 29
85845.0090416666 87152.37954166661 69 36
89801.57304166662 90037.25554166661 69 47
97642.30654999986 97944.69492499986 69 47
100519.66204999981 101389.01129999981 69 39
103431.71454999983 103729.90742499982 69 47
109282.25779999973 109579.64417499973 69 47
112154.61129999968 113023.96054999968 69 39
115062.09129999971 115361.10404999969 69 47
120439.59904999964 120680.97004999963 69 53
120680.97004999963 120922.34104999961 69 48
122952.54929999958 123188.43529999958 69 46
127217.51229999948 127824.76929999948 69 39
128685.56854999949 129205.6024958328 69 42
132169.66880833288 132411.0398083329 69 53
132411.0398083329 132652.4108083329 69 48
134675.73305833293 134911.61905833293 69 46
138935.192558333 139537.146808333 69 39
140398.811058333 140918.8450041663 69 42
144606.70331666633 145320.81456666635 69 69
146540.37756666634 146859.99806666633 69 69
146791.03406666633 146966.37331666634 69 70
146966.37331666634 147011.45204791636 69 43
147054.33181666635 147326.33846249964 69 59
148484.1295666663 148719.8120666663 69 58
149208.52356666632 149445.5656854163 69 63
156412.9575354163 157127.0687854163 69 69
158346.6317854163 158651.3017354163 69 69
158600.5360354163 158771.0460354163 69 70
158771.0460354163 158815.73167916632 69 42
158858.2375354163 159130.24418124958 69 59
160288.03528541623 160523.71778541623 69 58
161009.86728541626 161244.77417083288 69 63
167015.18675416627 167617.79250416622 69 29
167982.92075416626 169055.0580687496 69 36
171941.50425416624 172177.18675416624 69 47
178820.55651249964 179421.38801249958 69 29
179782.96776249958 180847.89707708292 69 36
183734.34326249952 183970.0257624995 69 47
189638.05827083287 190147.0932708329 69 50
191623.22827083286 192574.95127083288 69 47
194522.86002083292 195392.20927083291 69 39
195516.4020208329 196025.43702083293 69 50
197501.5720208329 198334.52002083292 69 47
201738.4807708329 201992.9982708329 69 45
202116.00952083291 202362.03202083288 69 45
207676.19141666612 207925.5889166661 69 49
208048.6001666661 208294.62266666608 69 49
210618.05551249933 210866.57376249932 69 45
210987.9036062493 211177.98326874932 69 46
211588.95549374932 211734.161397916 69 45
215745.46706249932 215979.49456249928 69 58
216804.2380624993 217041.3180624993 69 50
217754.01906249928 217993.46356249927 69 46
221540.40406249926 221776.0865624993 69 57
222614.98556249923 222856.86756249925 69 50
227420.2688124991 227654.11381249907 69 43
228483.54506249903 228719.69931249905 69 37
229434.54006249903 229678.26406249905 69 34
233222.42431249897 233460.53881249894 69 42
234302.37956249894 234549.29656249893 69 37
52851.12176666662 53360.77166249996 70 65
54400.72151666663 54636.404016666624 70 58
64662.98377499994 65176.05742083329 70 65
66216.00727499997 66451.68977499996 70 58
73561.22153333332 74399.11978333328 70 30
85360.63454166662 86198.5327916666 70 30
146922.39406666634 147010.35256666635 70 55
147189.23606666632 147338.80231666632 70 49
148366.2883166663 148601.9708166663 70 58
149088.80131666633 149328.2458166663 70 63
158727.4502854163 158814.64178541632 70 50
158993.14178541626 159142.70803541626 70 49
160170.19403541624 160405.87653541623 70 58
160890.99903541626 161128.73553541623 70 63
167498.54625416623 168099.7799937496 70 30
179303.9160124996 179898.55568541624 70 30
10277.530000000002 10769.575 71 58
11670.098750000003 11801.909000000003 71 48
22109.59625 22596.64925 71 58
23503.633 23635.44325 71 48
26639.668749999993 27474.307249999994 71 38
27957.666749999993 28447.821499999995 71 52
32600.056749999985 33434.68324999999 71 38
33919.48199999998 34409.636749999976 71 53
38551.30150833331 39385.94000833331 71 38
39869.29950833331 40359.4542583333 71 52
44506.6270083333 45341.253508333306 71 38
45826.0522583333 46316.207008333295 71 53
120560.28454999963 120801.65554999962 71 48
126728.5307999995 127337.23454999948 71 38
132290.3543083329 132531.7253083329 71 48
138446.211058333 139053.591808333 71 38
198941.9532708329 199433.99827083288 71 58
200334.52202083287 200466.33227083288 71 48
202239.0207708329 202485.0432708329 71 45
208171.61141666607 208417.63391666606 71 49
210496.88251249932 210739.22851249934 71 45
211469.23324374933 211619.883741666 71 45
214338.18381249937 214572.21131249933 71 69
215277.4120624993 215511.4395624993 71 62
216330.53581249932 216564.56331249932 71 48
220126.70606249926 220361.65006249925 71 65
221069.57806249926 221303.60556249926 71 61
222130.07481249925 222369.51931249924 71 45
223099.71281249926 223341.08381249927 71 43
226004.20256249918 226235.52356249918 71 51
226949.16856249914 227183.92856249912 71 46
228008.58481249906 228243.80606249906 71 36
231811.50656249904 232044.62506249902 71 48
232748.952312499 232982.979812499 71 45
233816.01806249894 234055.46256249896 71 33
234798.71106249894 235046.05206249896 71 32
54883.79001666662 55362.679016666625 72 76
55721.84576666662 56203.77726666663 72 64
66699.07577499996 67177.96477499996 72 76
67531.76602499995 68011.15652499995 72 64
73077.86203333331 73918.9602833333 72 35
75484.8112833333 76723.80628333331 72 39
84881.2440416666 85718.3732916666 72 35
87279.01529166661 88518.01029166661 72 39
148969.07906666634 149208.52356666632 72 63
160772.13078541626 161009.86728541626 72 63
167015.18675416627 167617.79250416622 72 35
169422.13600416627 170533.75900416626 72 39
178820.55651249964 179421.38801249958 72 35
181214.97501249958 182326.59801249954 72 39
2720.4215 2843.4327500000004 73 47
2966.4440000000004 3444.9440000000004 73 51
8584.510500000002 8707.521750000004 73 47
8830.533000000005 9312.439750000003 73 58
11274.668000000001 11604.193625000002 73 45
11604.193625000002 11736.003875000004 73 48
11736.003875000004 12294.560000000005 73 48
14558.687500000002 14681.698750000003 73 47
14804.710000000003 15283.210000000005 73 51
20416.576750000004 20539.588000000003 73 47
20662.59925 21144.506 73 58
23108.202250000002 23437.727875 73 45
23437.727875 23569.538125000003 73 48
23569.538125000003 24136.32025 73 48
26155.29425 26993.192499999997 73 37
27474.307249999994 27957.666749999993 73 57
28575.709749999995 29447.479999999996 73 50
30110.789249999998 30624.532249999993 73 42
32117.098249999992 32954.97399999999 73 37
33434.68324999999 33919.48199999998 73 57
38072.24975833332 38904.82525833331 73 37
39385.94000833331 39869.29950833331 73 57
40487.3425083333 41359.1127583333 73 50
42022.4220083333 42536.16500833331 73 42
44026.19000833331 44861.544258333306 73 37
45341.253508333306 45826.0522583333 73 57
77493.6260333333 78007.3690333333 73 38
89287.8300416666 89801.57304166662 73 38
97400.93554999988 97642.30654999986 73 48
97642.30654999986 97885.99104999985 73 51
101016.4330499998 101513.20404999981 73 39
103194.16604999983 103431.71454999983 73 43
103431.71454999983 103668.32604999981 73 51
106196.56554999981 106835.6152999998 73 48
109040.88679999975 109282.25779999973 73 48
109282.25779999973 109520.94029999973 73 51
112651.38229999968 113148.15329999969 73 39
114824.5427999997 115062.09129999971 73 43
115062.09129999971 115298.70279999971 73 51
117830.22179999968 118469.27154999967 73 48
126238.58604999953 126849.21629999949 73 37
137956.266308333 138566.896558333 73 37
171427.76125416625 171941.50425416624 73 38
183220.60026249953 183734.34326249952 73 38
191377.2057708329 191500.21702083288 73 47
191623.22827083286 192101.7282708329 73 51
197255.54952083292 197378.5607708329 73 47
197501.5720208329 197983.4787708329 73 58
199939.09127083287 200268.61689583288 73 45
200268.61689583288 200400.4271458329 73 48
200400.4271458329 200958.98327083286 73 48
202362.03202083288 202608.05452083287 73 45
203475.66677083282 203718.81861666613 73 54
206913.05091666616 207426.79391666612 73 42
208294.62266666608 208540.64516666604 73 49
209405.51966666602 209648.67151249934 73 54
210375.70951249934 210618.05551249933 73 55
214807.3393124993 215040.45781249928 73 68
215862.4808124993 216096.5083124993 73 47
217394.8523124993 217634.2968124993 73 50
218637.94106249927 219145.16906249928 73 42
220597.7030624993 220831.7305624993 73 64
221658.2453124993 221894.39231249926 73 43
223853.68431249927 224013.70071249927 73 38
226471.39106249914 226708.00256249914 73 51
227537.19131249908 227772.88806249909 73 35
229073.23356249905 229312.67806249904 73 37
230322.74156249902 230829.96956249903 73 31
232277.924562499 232511.952062499 73 48
233341.29256249897 233579.31306249896 73 32
235615.04256249891 235820.7454499989 73 28
1490.3090000000002 1982.3540000000003 74 50
1982.3540000000003 2474.399 74 47
2474.399 2781.927125 74 47
2781.927125 2904.9383750000006 74 47
2904.9383750000006 3210.1285000000007 74 47
4761.93875 5240.559750000001 74 53
7354.398000000001 7846.443000000001 74 50
7846.443000000001 8338.488000000001 74 47
8338.488000000001 8646.016125000002 74 47
8646.016125000002 8769.027375000003 74 47
8769.027375000003 9187.647750000004 74 47
10150.894250000003 10400.541250000002 74 48
11538.288500000002 11670.098750000003 74 55
11801.909000000003 12819.540000000003 74 58
13328.575000000003 13820.62 74 50
13820.62 14312.665 74 47
14312.665 14620.193125000002 74 47
14620.193125000002 14743.204375000003 74 47
14743.204375000003 15048.394500000004 74 47
16592.954750000004 17070.162750000007 74 53
19186.464250000005 19678.509250000006 74 50
19678.509250000006 20170.554250000005 74 47
20170.554250000005 20478.082375 74 47
20478.082375 20601.093625 74 47
20601.093625 21019.714 74 47
21982.9605 22231.3595 74 48
23371.82275 23503.633 74 55
23635.44325 24661.30025 74 58
25671.934749999997 26513.032999999996 74 38
26993.192499999997 27474.307249999994 74 54
28084.302499999994 28575.709749999995 74 65
29074.932499999995 30110.789249999998 74 56
29597.046249999996 30367.660749999995 74 47
31635.166749999993 32473.420999999988 74 38
32954.97399999999 33434.68324999999 74 54
34046.117749999976 34537.52499999997 74 66
35453.258424999985 35496.76805208332 74 43
35538.15525833332 36451.799508333315 74 66
37594.25575833332 38424.665758333314 74 38
38904.82525833331 39385.94000833331 74 54
39995.9352583333 40487.3425083333 74 65
40986.5652583333 42022.4220083333 74 56
41508.6790083333 42279.29350833331 74 47
43546.79950833331 44379.991258333306 74 38
44861.544258333306 45341.253508333306 74 54
45952.688008333294 46444.09525833329 74 66
47359.828683333304 47403.338310416635 74 43
47444.72551666664 48358.369766666634 74 66
48974.65351666663 49936.90201666663 74 76
60791.59377499994 61748.476774999945 74 76
74045.59603333329 74523.91178333329 74 53
74999.0087833333 75848.3302833333 74 34
76979.88303333329 77750.4975333333 74 42
82794.1234583333 82837.63308541664 74 43
82879.02029166663 83924.48629166663 74 66
85845.0090416666 86323.32479166659 74 53
86793.2127916666 87642.53429166661 74 34
88774.0870416666 89544.70154166661 74 42
94583.85421666662 94627.36384374995 74 43
94668.75104999993 95714.21704999993 74 66
96196.9590499999 96438.3300499999 74 50
96438.3300499999 96676.82254999991 74 50
96918.1935499999 97159.56454999988 74 47
97280.25004999987 97521.62104999987 74 48
97521.62104999987 97703.22767499986 74 48
99433.88629999982 99672.51479999982 74 49
100519.66204999981 101389.01129999981 74 51
101994.01204999984 102235.38304999984 74 50
102235.38304999984 102473.87554999985 74 50
102715.24654999984 102956.61754999982 74 47
103075.39179999982 103312.94029999983 74 43
103312.94029999983 103490.86742499981 74 43
104749.93104999981 104995.24254999982 74 53
105711.94004999982 105956.27704999982 74 51
106328.3872999998 107360.5952999998 74 58
107843.33729999978 108078.28129999977 74 50
108078.28129999977 108316.77379999978 74 50
108558.14479999976 108799.51579999975 74 47
108920.20129999975 109161.57229999974 74 48
109161.57229999974 109341.92842499973 74 48
111068.8355499997 111307.46404999969 74 49
112154.61129999968 113023.96054999968 74 51
113628.96129999972 113865.75979999972 74 50
113865.75979999972 114104.25229999973 74 50
114345.62329999972 114586.9942999997 74 47
114705.7685499997 114943.3170499997 74 43
114943.3170499997 115121.24417499971 74 43
116383.5872999997 116628.89879999969 74 57
117345.59629999968 117589.93329999968 74 51
117962.04354999968 118994.25154999968 74 58
119476.99354999965 119718.36454999965 74 50
119718.36454999965 119956.85704999966 74 50
125155.29504999953 125336.32329999954 74 56
125755.84404999953 126359.27154999952 74 38
127944.97129999948 128194.16129999948 74 47
128685.56854999949 129205.6024958328 74 66
129601.30197499947 129644.81160208283 74 43
129686.19880833282 130599.84305833284 74 66
131214.4068083329 131448.4343083329 74 50
131448.4343083329 131686.92680833288 74 50
136878.47880833296 137058.131183333 74 56
137473.524308333 138076.95180833302 74 38
139656.015058333 139907.40380833298 74 47
140398.811058333 140918.8450041663 74 70
141314.54448333298 141358.05411041633 74 43
141399.4413166663 142313.08556666636 74 66
142929.36931666633 143767.42506666633 74 82
148849.3568166663 148969.07906666634 74 81
154743.53003541628 155576.2202854163 74 82
160653.26253541626 160772.13078541626 74 81
167254.63125416625 167498.54625416623 74 49
167737.03875416625 167972.36777499958 74 49
167982.92075416626 168100.76200416626 74 53
168936.33350416628 169542.29922916627 74 34
170278.33150416627 170533.75900416626 74 49
170914.01825416627 171684.63275416623 74 42
176726.84267916626 176770.3523062496 74 43
176811.7395124996 177857.20551249964 74 66
179060.00101249962 179303.9160124996 74 49
179538.8600124996 179772.41478333293 74 49
179782.96776249958 179899.5270124996 74 53
180729.17251249956 181335.13823749957 74 34
182071.17051249955 182326.59801249954 74 49
182706.85726249954 183477.47176249954 74 42
188507.6954374995 188551.20506458287 74 43
188592.59227083286 189638.05827083287 74 66
190147.0932708329 190639.1382708329 74 50
190639.1382708329 191131.18327083287 74 47
191131.18327083287 191438.71139583288 74 47
191438.71139583288 191561.72264583287 74 47
191561.72264583287 191866.91277083286 74 47
193414.0242708329 193896.0970208329 74 53
196025.43702083293 196517.48202083292 74 50
196517.48202083292 197009.5270208329 74 47
197009.5270208329 197317.0551458329 74 47
197317.0551458329 197440.0663958329 74 47
197440.0663958329 197858.6867708329 74 47
198815.3175208329 199064.9645208329 74 48
200202.7117708329 200334.52202083287 74 55
200466.33227083288 201483.96327083287 74 58
201992.9982708329 202239.0207708329 74 56
202485.0432708329 202731.06577083285 74 55
203346.12202083282 203575.43056666615 74 50
203597.64561666615 203839.99161666614 74 45
205058.05071041614 205248.13037291614 74 53
206399.30791666615 207169.92241666614 74 47
207925.5889166661 208171.61141666607 74 62
208417.63391666606 208663.65641666605 74 60
209278.712666666 209505.28346249933 74 50
209527.49851249933 209769.84451249935 74 45
210254.53651249933 210496.88251249932 74 49
213481.34556249934 213730.74306249933 74 55
214217.49831249935 214351.835416666 74 55
214455.19756249935 214689.77531249932 74 56
215394.4258124993 215628.4533124993 74 53
216922.5438124993 217160.0923124993 74 50
218130.71306249927 218891.55506249928 74 47
219269.86781249926 219519.26531249925 74 57
220006.02056249927 220140.41112916594 74 57
220244.17806249927 220479.67656249925 74 53
221186.59181249927 221422.00481249928 74 49
222734.70781249923 222979.02731249927 74 50
223998.90656249927 224759.74856249924 74 50
225138.06131249925 225387.45881249924 74 41
225881.1913124992 226017.6962874992 74 41
226119.86306249918 226353.45731249917 74 42
227066.5485624991 227301.40056249913 74 39
228600.92506249904 228838.47356249904 74 37
229815.51356249902 230576.35556249903 74 35
230954.66831249904 231204.065812499 74 42
231690.82106249902 231825.1051416657 74 42
231928.06581249903 232161.274812499 74 39
232865.966062499 233102.70206249898 74 36
234423.55256249895 234675.04056249894 74 37
235801.86531249894 236772.8438124989 74 37
73437.0287833333 73918.9602833333 75 46
73918.9602833333 74045.59603333329 75 47
85236.44179166661 85718.3732916666 75 46
85718.3732916666 85845.0090416666 75 47
167134.90900416626 167374.35350416624 75 46
167374.35350416624 167617.79250416622 75 46
167617.79250416622 167856.28500416625 75 47
167856.28500416625 167982.92075416626 75 44
178940.27876249963 179179.7232624996 75 46
179179.7232624996 179421.38801249958 75 46
179421.38801249958 179656.33201249957 75 47
179656.33201249957 179782.96776249958 75 44
2843.4327500000004 2966.4440000000004 76 47
3327.5362500000006 3918.1670000000004 76 52
4283.159750000001 4761.93875 76 51
6348.592000000001 6845.363000000001 76 39
8707.521750000004 8830.533000000005 76 47
9187.647750000004 9666.268750000003 76 53
9666.268750000003 10150.894250000003 76 54
10769.575 11274.668000000001 76 56
14681.698750000003 14804.710000000003 76 47
15165.802250000004 15753.098000000004 76 52
16115.154500000002 16592.954750000004 76 51
18180.658250000004 18677.429250000005 76 39
20539.588000000003 20662.59925 76 47
21019.714 21498.335 76 53
21498.335 21982.9605 76 54
22596.64925 23108.202250000002 76 56
26513.032999999996 26993.192499999997 76 48
27598.499999999993 28084.302499999994 76 63
28943.687499999996 29447.479999999996 76 58
30110.789249999998 30624.532249999993 76 50
32473.420999999988 32954.97399999999 76 48
33558.87599999998 34046.117749999976 76 63
35036.24423749998 35113.73581666665 76 47
35163.19743749999 35239.35566249999 76 47
35287.95540833333 35357.71022499999 76 47
35410.942333333325 35495.70684166665 76 43
35496.76805208332 35545.71203541665 76 43
38424.665758333314 38904.82525833331 76 48
39510.132758333304 39995.9352583333 76 63
40855.3202583333 41359.1127583333 76 58
42022.4220083333 42536.16500833331 76 50
44379.991258333306 44861.544258333306 76 48
45465.4462583333 45952.688008333294 76 63
46942.8144958333 47020.30607499997 76 47
47069.7676958333 47145.92592083331 76 47
47194.52566666664 47264.28048333331 76 47
47317.512591666644 47402.27709999997 76 43
47403.338310416635 47452.282293749966 76 43
76844.4917833333 76979.88303333329 76 41
79328.4932833333 79810.4247833333 76 64
82377.1092708333 82454.60084999996 76 47
82504.0624708333 82580.2206958333 76 47
82628.82044166664 82698.57525833331 76 47
82751.80736666665 82836.57187499998 76 43
82837.63308541664 82886.57706874996 76 43
88638.6957916666 88774.0870416666 76 41
91122.69729166661 91602.08779166662 76 64
94166.8400291666 94244.33160833328 76 47
94293.79322916661 94369.95145416661 76 47
94418.55119999996 94488.30601666661 76 47
94541.53812499995 94626.30263333328 76 43
94627.36384374995 94676.30782708326 76 43
97159.56454999988 97400.93554999988 76 53
98956.08604999982 99195.80979999983 76 51
99314.84804999983 99554.57179999982 76 53
101016.4330499998 101513.20404999981 76 39
102956.61754999982 103194.16604999983 76 49
104269.56879999983 104508.56004999983 76 48
104629.24554999982 104876.20429999981 76 53
105836.13279999982 106076.42129999981 76 59
108799.51579999975 109040.88679999975 76 53
110591.0352999997 110830.7590499997 76 51
110949.7972999997 111189.5210499997 76 53
112651.38229999968 113148.15329999969 76 39
114586.9942999997 114824.5427999997 76 49
115903.2250499997 116142.21629999971 76 48
116262.9017999997 116509.86054999969 76 54
117469.78904999969 117710.07754999968 76 59
125034.60954999954 125275.98054999953 76 56
127456.95679999948 127672.59523749947 76 48
127824.76929999948 128065.17329999949 76 47
128065.17329999949 128436.50729999947 76 47
129184.28778749947 129261.77936666613 76 47
129311.24098749948 129387.39921249947 76 47
129435.99895833281 129505.75377499948 76 47
129558.98588333277 129643.75039166615 76 43
129644.81160208283 129693.75558541618 76 43
136757.79330833297 136999.16430833298 76 56
139171.99105833302 139386.30649583304 76 48
139537.146808333 139774.883308333 76 47
139774.883308333 140149.74980833297 76 47
140897.53029583298 140975.02187499963 76 47
141024.48349583297 141100.641720833 76 47
141149.24146666634 141218.996283333 76 47
141272.2283916663 141356.99289999966 76 43
141358.05411041633 141406.9980937497 76 43
143647.70281666634 144249.35656666633 76 64
149564.85731666628 149807.35581666627 76 64
155458.2865354163 156055.6107854163 76 64
161362.76303541622 161603.96953541625 76 64
170155.67225416627 170409.57650416627 76 49
170778.62700416625 170914.01825416627 76 41
173262.62850416623 173505.5955041662 76 64
176309.82849166624 176387.3200708329 76 47
176436.78169166626 176512.93991666625 76 47
176561.5396624996 176631.29447916624 76 47
176684.52658749957 176769.29109583292 76 43
176770.3523062496 176819.29628958294 76 43
181948.51126249955 182202.41551249955 76 49
182571.46601249953 182706.85726249954 76 41
185051.49851249956 185293.16326249955 76 64
188090.6812499995 188168.17282916617 76 47
188217.63444999952 188293.7926749995 76 47
188342.39242083285 188412.1472374995 76 47
188465.37934583283 188550.14385416618 76 43
188551.20506458287 188600.1490479162 76 43
191500.21702083288 191623.22827083286 76 47
191984.32052083287 192574.95127083288 76 52
192939.9440208329 193414.0242708329 76 51
195019.63102083292 195516.4020208329 76 39
197378.5607708329 197501.5720208329 76 47
197858.6867708329 198334.52002083292 76 53
198334.52002083292 198815.3175208329 76 54
199433.99827083288 199939.09127083287 76 56
202608.05452083287 202854.07702083286 76 45
203223.1107708328 203475.66677083282 76 52
203718.81861666613 203961.16461666615 76 45
204082.33761666613 204324.68361666612 76 47
204809.37561666613 205016.81649791612 76 45
205178.73621041613 205419.41822291614 76 53
206913.05091666616 207426.79391666612 76 50
208540.64516666604 208786.66766666604 76 48
209155.701416666 209405.51966666602 76 52
209648.67151249934 209891.01751249933 76 45
210133.36351249932 210375.70951249934 76 48
214572.21131249933 214807.3393124993 76 56
214923.8985624993 215157.01706249928 76 55
216447.5495624993 216685.93231249932 76 48
218637.94106249927 219145.16906249928 76 50
220361.65006249925 220597.7030624993 76 53
220714.7168124993 220949.66431249926 76 53
222249.79706249924 222495.26331249924 76 45
223220.39831249928 223474.0743124993 76 43
226235.52356249918 226471.39106249914 76 42
226589.69681249914 226826.3083124991 76 41
228125.96481249906 228366.16506249906 76 36
230322.74156249902 230829.96956249903 76 37
232044.62506249902 232277.924562499 76 39
232394.93831249903 232629.516062499 76 39
233935.74031249894 234181.20656249893 76 33
234922.38156249895 235179.04256249894 76 32
49936.90201666663 50410.72353749996 77 65
55362.679016666625 55846.038516666624 77 73
56203.77726666663 56330.41301666663 77 68
56683.93676666663 57165.05151666662 77 70
57165.05151666662 57297.79336249996 77 68
58133.147266666616 58288.633847916615 77 61
59176.768941666625 59220.278568749956 77 43
59261.66577499996 60307.13177499995 77 66
61748.476774999945 62222.29829583328 77 65
67177.96477499996 67655.95877499996 77 73
68011.15652499995 68137.79227499996 77 68
68491.31602499996 68972.43077499996 77 70
68972.43077499996 69105.1726208333 77 68
69940.52652499996 70096.01310624997 77 61
70984.14819999998 71027.65782708331 77 43
71069.04503333331 72114.5110333333 77 66
72469.42828333331 73077.86203333331 77 55
73561.22153333332 74035.04305416663 77 55
76344.1962833333 76723.80628333331 77 49
81878.39003333329 82398.42397916663 77 66
82440.86342499996 82519.78047083331 77 44
82566.71166458332 82639.12631666665 77 45
82690.39797499997 82758.04230416664 77 43
84272.81029166661 84881.2440416666 77 55
85360.63454166662 85834.45606249994 77 55
88138.40029166659 88518.01029166661 77 49
93668.1207916666 94188.15473749995 77 66
94230.59418333326 94309.51122916662 77 44
94356.44242291662 94428.85707499995 77 45
94480.12873333327 94547.77306249994 77 43
144130.11031666634 144724.54456666633 77 69
149446.5515666663 149683.16306666628 77 64
149683.16306666628 149924.2150562496 77 64
150160.87956666626 150287.51531666628 77 67
152090.2495666663 152220.18213749965 77 61
153128.70520208293 153172.21482916627 77 43
153213.60203541626 154259.0680354163 77 66
155937.21153541628 156530.7987854163 77 69
161245.7492854162 161479.77678541624 77 64
161479.77678541624 161719.5574583329 77 64
161953.64728541623 162080.28303541624 77 67
163883.01728541625 164012.94985624962 77 61
164921.4729208329 164964.98254791624 77 43
165006.36975416623 166051.83575416627 77 66
166406.75300416624 167015.18675416627 77 55
167498.54625416623 167737.03875416625 77 55
170033.01300416628 170278.33150416627 77 49
170657.94150416626 170902.73564999958 77 48
175811.10925416628 176331.14319999958 77 66
176373.58264583294 176452.49969166625 77 44
176499.43088541625 176571.8455374996 77 45
176623.11719583292 176690.76152499957 77 43
178212.1227624996 178820.55651249964 77 55
179303.9160124996 179538.8600124996 77 55
181825.85201249956 182071.17051249955 77 49
182450.78051249954 182695.5746583329 77 48
187591.9620124995 188111.99595833285 77 66
188154.43540416617 188233.3524499995 77 44
188280.28364374948 188352.69829583284 77 45
188403.96995416618 188471.61428333283 77 43
4404.8240000000005 4886.730750000001 78 58
5240.559750000001 5725.18525 78 54
5851.821000000001 6721.170250000001 78 51
9790.461500000003 10277.530000000002 78 59
16235.840000000004 16717.746750000002 78 58
17070.162750000007 17554.788250000005 78 54
17683.887250000003 18553.236500000003 78 51
21622.52775 22109.59625 78 59
25056.165749999996 25547.14275 78 53
27117.984499999995 27598.499999999993 78 59
29074.932499999995 29597.046249999996 78 65
29597.046249999996 30367.660749999995 78 56
31019.397749999993 31510.37474999999 78 53
33079.76599999999 33558.87599999998 78 60
34537.52499999997 35057.55894583331 78 66
35099.99839166665 35178.915437499985 78 44
35225.84663124999 35298.261283333326 78 45
35349.53294166666 35417.17727083332 78 43
36978.48675833332 37469.46375833332 78 53
39029.61725833331 39510.132758333304 78 59
40986.5652583333 41508.6790083333 78 65
41508.6790083333 42279.29350833331 78 56
42931.03050833331 43422.00750833331 78 53
44986.3362583333 45465.4462583333 78 60
46444.09525833329 46964.12920416663 78 66
47006.56864999997 47085.485695833304 78 44
47132.416889583306 47204.831541666645 78 45
47256.103199999976 47323.74752916664 78 43
98835.40054999983 99076.77154999982 78 51
99195.80979999983 99433.88629999982 78 53
99908.40079999981 100152.73779999981 78 54
100519.66204999981 101389.01129999981 78 51
104151.26304999982 104387.87454999983 78 51
104508.56004999983 104749.93104999981 78 54
105358.11104999982 105593.99704999982 78 61
105956.27704999982 106196.56554999981 78 48
110470.3497999997 110711.72079999969 78 51
110830.7590499997 111068.8355499997 78 53
111543.35004999969 111787.68704999969 78 61
112154.61129999968 113023.96054999968 78 51
115784.9192999997 116021.53079999972 78 51
116142.21629999971 116383.5872999997 78 52
116991.76729999969 117227.65329999969 78 61
117589.93329999968 117830.22179999968 78 48
124913.92404999955 125155.29504999953 78 56
126969.9017999995 127185.54023749949 78 49
127337.23454999948 127576.67904999947 78 48
127576.67904999947 127704.56729999947 78 48
127704.56729999947 127944.97129999948 78 58
129248.04194166615 129326.95898749947 78 44
129373.89018124946 129446.30483333282 78 45
129497.57649166614 129565.2208208328 78 43
136637.10780833295 136878.47880833296 78 56
138687.58205833304 138903.22049583303 78 49
139053.591808333 139290.39030833304 78 48
139290.39030833304 139418.27855833303 78 48
139418.27855833303 139656.015058333 78 58
140961.28444999966 141040.20149583297 78 44
141087.13268958297 141159.54734166633 78 45
141210.81899999964 141278.4633291663 78 43
193061.6082708329 193543.6810208329 78 58
193896.0970208329 194382.92152083293 78 54
194522.86002083292 195392.20927083291 78 51
198458.7127708329 198941.9532708329 78 59
202731.06577083285 202977.08827083284 78 45
203100.09952083282 203346.12202083282 78 52
203839.99161666614 204082.33761666613 78 45
204688.20261666612 204936.72086666612 78 45
204936.72086666612 205178.73621041613 78 55
205299.21622291612 205479.51922291613 78 53
206399.30791666615 207169.92241666614 78 56
208663.65641666605 208909.67891666602 78 48
209032.69016666603 209278.712666666 78 52
209769.84451249935 210012.19051249934 78 45
210012.19051249934 210254.53651249933 78 47
213356.64681249936 213606.04431249935 78 53
213730.74306249933 213976.12731249933 78 63
214096.81281249932 214338.18381249937 78 55
215979.49456249928 216213.5220624993 78 47
217041.3180624993 217277.4723124993 78 47
217873.74131249927 218130.71306249927 78 46
218130.71306249927 218891.55506249928 78 56
219145.16906249928 219394.56656249924 78 52
219519.26531249925 219764.64956249925 78 61
219885.33506249925 220126.70606249926 78 57
221776.0865624993 222012.23356249926 78 43
222856.86756249925 223099.71281249926 78 47
225013.36256249924 225262.76006249923 78 39
225387.45881249924 225635.1688124992 78 47
225758.18006249922 226004.20256249918 78 41
227654.11381249907 227891.66231249907 78 35
228719.69931249905 228955.85356249905 78 35
229556.40206249905 229815.51356249902 78 34
229815.51356249902 230576.35556249903 78 42
230829.96956249903 231079.36706249902 78 39
231204.065812499 231449.450062499 78 45
231570.13556249902 231811.50656249904 78 42
233460.53881249894 233697.61881249896 78 32
234549.29656249893 234798.71106249894 78 35
3444.9440000000004 4404.8240000000005 79 56
5725.18525 6348.592000000001 79 48
9312.439750000003 9790.461500000003 79 58
15283.210000000005 16235.840000000004 79 56
17554.788250000005 18180.658250000004 79 48
21144.506 21622.52775 79 58
26639.668749999993 27117.984499999995 79 58
28575.709749999995 29074.932499999995 79 66
32600.056749999985 33079.76599999999 79 58
38551.30150833331 39029.61725833331 79 58
40487.3425083333 40986.5652583333 79 66
44506.6270083333 44986.3362583333 79 58
57642.99251666662 57881.71329166662 79 68
58759.75475416661 58837.24633333329 79 47
58886.707954166624 58962.86617916662 79 47
59011.46592499996 59081.22074166663 79 47
59134.45284999996 59219.21735833329 79 43
59220.278568749956 59269.22255208329 79 43
69450.37177499996 69689.09254999997 79 68
70567.13401249998 70644.62559166664 79 47
70694.08721249997 70770.24543749998 79 47
70818.84518333332 70888.59999999998 79 47
70941.83210833331 71026.59661666665 79 43
71027.65782708331 71076.60181041663 79 43
72351.12253333331 72598.97303333331 79 51
75358.1755333333 75848.3302833333 79 50
75848.3302833333 76344.1962833333 79 51
76723.80628333331 76968.60042916663 79 48
78490.43753333329 79452.6860333333 79 64
81750.5017833333 81905.98836458329 79 61
84156.70229166662 84402.35504166661 79 51
87152.37954166661 87642.53429166661 79 50
87642.53429166661 88138.40029166659 79 51
88518.01029166661 88762.80443749994 79 48
90284.6415416666 91246.89004166661 79 64
93540.2325416666 93695.7191229166 79 61
97885.99104999985 98120.80654999985 79 52
98357.41804999985 98714.71504999984 79 56
98714.71504999984 98956.08604999982 79 51
99076.77154999982 99314.84804999983 79 58
99790.45779999981 100032.59354999982 79 56
100393.02629999981 101016.4330499998 79 43
103668.32604999981 103914.65154999982 79 52
104032.95729999982 104269.56879999983 79 51
104387.87454999983 104629.24554999982 79 58
105233.31904999982 105476.05404999982 79 56
105476.05404999982 105711.94004999982 79 51
106076.42129999981 106328.3872999998 79 53
109520.94029999973 109755.75579999974 79 52
109992.36729999972 110349.66429999971 79 56
110349.66429999971 110591.0352999997 79 51
110711.72079999969 110949.7972999997 79 58
111425.40704999969 111667.54279999969 79 54
112027.97554999968 112651.38229999968 79 43
115298.70279999971 115548.30779999969 79 52
115666.61354999969 115903.2250499997 79 51
116021.53079999972 116262.9017999997 79 58
116866.9752999997 117109.71029999969 79 51
117109.71029999969 117345.59629999968 79 51
117710.07754999968 117962.04354999968 79 53
124793.23854999956 125034.60954999954 79 63
126849.21629999949 127089.62404999949 79 49
127089.62404999949 127217.51229999948 79 49
127217.51229999948 127456.95679999948 79 59
136516.42230833296 136757.79330833297 79 63
138566.896558333 138807.30430833303 79 49
138807.30430833303 138935.192558333 79 49
138935.192558333 139171.99105833302 79 59
149328.2458166663 149446.5515666663 79 78
150043.03831666627 150276.9623374996 79 67
151122.1538166663 151359.65263124966 79 69
151600.0948166663 151838.8155916663 79 68
152218.1378166663 152304.58674583296 79 45
152348.90912708297 152427.59393749962 79 46
152475.82301666628 152547.93015833295 79 48
152600.5246791663 152666.67046874962 79 51
152722.06184374963 152800.82027291626 79 51
152841.82541666625 152916.48029791622 79 47
152963.42058958288 153054.39286666623 79 47
153086.38911041623 153171.1536187496 79 43
153172.21482916627 153221.15881249963 79 43
161128.73553541623 161245.7492854162 79 78
161837.08803541624 162069.73005624957 79 67
162914.92153541624 163152.4203499996 79 69
163392.86253541627 163631.58331041626 79 68
164010.90553541627 164097.3544645829 79 45
164141.67684583293 164220.3616562496 79 46
164268.59073541625 164340.69787708292 79 48
164393.29239791623 164459.4381874996 79 51
164514.8295624996 164593.58799166622 79 51
164634.5931354162 164709.24801666618 79 47
164756.18830833284 164847.1605854162 79 47
164879.1568291662 164963.92133749955 79 43
164964.98254791624 165013.92653124957 79 43
166288.44725416624 166536.29775416624 79 51
169056.0557541663 169295.50025416628 79 50
169785.65500416627 170031.9908437496 79 50
170533.75900416626 170778.62700416625 79 48
172424.57275416623 173142.90625416624 79 64
173142.90625416624 173386.82125416622 79 64
175683.22100416626 176179.08700416627 79 61
178093.8170124996 178341.6675124996 79 51
180848.89476249958 181088.33926249956 79 50
181578.49401249955 181824.8298520829 79 50
182326.59801249954 182571.46601249953 79 48
184217.4117624995 184933.09926249954 79 64
184933.09926249954 185175.69126249955 79 64
187464.07376249952 187959.9397624995 79 61
192101.7282708329 193061.6082708329 79 56
194382.92152083293 195019.63102083292 79 48
197983.4787708329 198458.7127708329 79 58
202854.07702083286 203100.09952083282 79 45
203961.16461666615 204203.51061666614 79 51
204203.51061666614 204445.85661666613 79 48
204567.02961666614 204809.37561666613 79 45
205419.41822291614 205659.10259791612 79 64
206265.12766666617 206913.05091666616 79 45
208786.66766666604 209032.69016666603 79 48
209891.01751249933 210133.36351249932 79 56
215511.4395624993 215745.46706249932 79 53
216564.56331249932 216804.2380624993 79 45
217514.5745624993 217754.01906249928 79 48
221303.60556249926 221540.40406249926 79 49
222369.51931249924 222614.98556249923 79 45
223341.08381249927 223598.25681249928 79 42
227183.92856249912 227420.2688124991 79 39
228243.80606249906 228483.54506249903 79 33
229192.95581249904 229434.54006249903 79 36
232982.979812499 233222.42431249897 79 36
234055.46256249896 234302.37956249894 79 33
235046.05206249896 235321.50631249894 79 31
26031.101499999997 26513.032999999996 80 54
31992.905499999993 32473.420999999988 80 54
37948.057008333315 38424.665758333314 80 54
43901.99725833331 44379.991258333306 80 54
125997.21504999953 126238.58604999953 80 53
126238.58604999953 126479.95704999952 80 58
137714.89530833298 137956.266308333 80 53
137956.266308333 138197.637308333 80 58
214689.77531249932 214923.8985624993 80 51
220479.67656249925 220714.7168124993 80 53
226353.45731249917 226589.69681249914 80 38
232161.274812499 232394.93831249903 80 39
4886.730750000001 5364.7525000000005 81 58
16717.746750000002 17194.355500000005 81 58
24661.30025 25187.976 81 58
25547.14275 26031.101499999997 81 53
26155.29425 26639.668749999993 81 59
29447.479999999996 30110.789249999998 81 57
30624.532249999993 31151.207999999995 81 58
31510.37474999999 31992.905499999993 81 53
32117.098249999992 32600.056749999985 81 59
36583.62125833332 37110.29700833332 81 58
37469.46375833332 37948.057008333315 81 53
38072.24975833332 38551.30150833331 81 59
41359.1127583333 42022.4220083333 81 57
42536.16500833331 43062.84075833331 81 58
43422.00750833331 43901.99725833331 81 53
44026.19000833331 44506.6270083333 81 59
55846.038516666624 56319.86003749996 81 74
58261.03551666662 58781.06946249995 81 66
58823.508908333286 58902.425954166625 81 44
58949.35714791662 59021.77179999996 81 45
59073.0434583333 59140.687787499955 81 43
67655.95877499996 68127.2392958333 81 74
70068.41477499997 70588.44872083332 81 66
70630.88816666664 70709.80521249998 81 44
70756.73640624998 70829.15105833333 81 45
70880.42271666664 70948.06704583332 81 43
72232.8167833333 72469.42828333331 81 49
74399.11978333328 74880.23453333329 81 45
74880.23453333329 75358.1755333333 81 47
75976.21853333329 76475.44128333329 81 56
80290.5842833333 80426.26392291664 81 70
80771.6990333333 80904.61013333329 81 68
81629.32878333329 81878.39003333329 81 68
84040.59429166662 84272.81029166661 81 49
86198.5327916666 86675.7407916666 81 45
86675.7407916666 87152.37954166661 81 47
87770.4225416666 88269.6452916666 81 56
92078.40129166661 92214.08093124993 81 70
92559.5160416666 92692.4271416666 81 68
93419.0595416666 93668.1207916666 81 68
98594.02954999985 98835.40054999983 81 51
99672.51479999982 99908.40079999981 81 56
103914.65154999982 104151.26304999982 81 56
105593.99704999982 105836.13279999982 81 51
110228.97879999972 110470.3497999997 81 51
111307.46404999969 111543.35004999969 81 54
115548.30779999969 115784.9192999997 81 56
117227.65329999969 117469.78904999969 81 51
126359.27154999952 126600.64254999951 81 48
126600.64254999951 126728.5307999995 81 48
126728.5307999995 126969.9017999995 81 61
128194.16129999948 128557.68029999947 81 68
138076.95180833302 138318.32280833303 81 48
138318.32280833303 138446.211058333 81 48
138446.211058333 138687.58205833304 81 61
139907.40380833298 140270.92280833298 81 67
149925.19706666627 150160.87956666626 81 66
150523.19781666627 150765.8310666663 81 70
151003.3795666663 151240.9280666663 81 69
151480.3725666663 151726.73056666632 81 68
151969.0765666663 152218.1378166663 81 61
152283.89677499962 152367.1041916663 81 39
152412.79978749965 152488.4503416663 81 40
152538.57775208296 152607.70917291628 81 45
152661.60112499964 152724.07326874963 81 46
152781.9396166663 152878.03106666624 81 47
152902.28613541625 153024.7502145829 81 45
153024.7502145829 153092.62404791624 81 43
161720.52878541625 161953.64728541623 81 66
162315.96553541624 162558.59878541625 81 70
162796.14728541626 163033.69578541626 81 69
163273.14028541627 163519.49828541625 81 68
163761.84428541627 164010.90553541627 81 61
164076.6644937496 164159.87191041626 81 39
164205.5675062496 164281.21806041626 81 40
164331.3454708329 164400.47689166624 81 45
164454.3688437496 164516.8409874996 81 46
164574.70733541623 164670.7987854162 81 47
164695.05385416618 164817.51793333286 81 45
164817.51793333286 164885.3917666662 81 43
166170.14150416624 166406.75300416624 81 49
168100.76200416626 168336.44450416625 81 45
168336.44450416625 168579.0209687496 81 45
168817.55925416626 169055.0580687496 81 47
169175.7780041663 169422.13600416627 81 53
169664.48200416626 169910.35375416625 81 51
169910.35375416625 170033.01300416628 81 56
173023.18400416625 173262.62850416623 81 64
174223.30350416625 174466.86975416626 81 70
174704.41825416626 174944.36550416626 81 68
175562.04800416625 175811.10925416628 81 68
177975.5112624996 178212.1227624996 81 49
179899.5270124996 180132.64551249958 81 45
180132.64551249958 180374.3884812496 81 45
180611.23876249956 180847.89707708292 81 47
180968.61701249957 181214.97501249958 81 53
181457.32101249957 181703.19276249956 81 51
181703.19276249956 181825.85201249956 81 56
184814.70001249955 185051.49851249956 81 64
186003.06701249955 186245.33101249955 81 70
186480.27501249954 186718.92001249953 81 68
187342.9007624995 187591.9620124995 81 68
193543.6810208329 194026.31677083293 81 58
202977.08827083284 203223.1107708328 81 61
204324.68361666612 204567.02961666614 81 49
205539.38034791613 205690.0308458328 81 53
206138.85441666617 206399.30791666615 81 45
208909.67891666602 209155.701416666 81 61
213606.04431249935 213855.4418124993 81 61
213976.12731249933 214217.49831249935 81 55
216096.5083124993 216330.53581249932 81 47
219394.56656249924 219643.96406249923 81 61
219764.64956249925 220006.02056249927 81 57
221894.39231249926 222130.07481249925 81 43
225262.76006249923 225512.15756249923 81 45
225635.1688124992 225881.1913124992 81 41
227772.88806249909 228008.58481249906 81 35
231079.36706249902 231328.764562499 81 45
231449.450062499 231690.82106249902 81 42
233579.31306249896 233816.01806249894 81 32
56330.41301666663 56808.72876666662 82 80
68137.79227499996 68616.10802499996 82 80
72114.5110333333 72351.12253333331 82 49
74999.0087833333 75484.8112833333 82 58
76475.44128333329 76844.4917833333 82 55
79810.4247833333 79937.0605333333 82 68
81508.15578333329 81750.5017833333 82 61
83924.48629166663 84156.70229166662 82 49
86793.2127916666 87279.01529166661 82 58
88269.6452916666 88638.6957916666 82 55
91602.08779166662 91728.72354166661 82 68
93297.8865416666 93540.2325416666 82 61
149807.35581666627 149925.19706666627 82 79
150405.35656666628 150641.03906666627 82 70
150641.03906666627 150883.61553124964 82 70
150884.6053166663 151122.1538166663 82 69
151360.65031666632 151600.0948166663 82 68
161603.96953541625 161720.52878541625 82 79
162198.12428541624 162433.80678541624 82 70
162433.80678541624 162676.38324999958 82 70
162677.37303541624 162914.92153541624 82 69
163153.41803541628 163392.86253541627 82 68
166051.83575416627 166288.44725416624 82 49
168218.60325416626 168461.23650416627 82 49
168698.78500416628 168936.33350416628 82 51
168936.33350416628 169056.0557541663 82 58
169295.50025416628 169542.29922916627 82 50
169543.30900416628 169785.65500416627 82 51
170409.57650416627 170657.94150416626 82 55
173743.1440041662 173869.77975416626 82 68
175440.87500416627 175683.22100416626 82 61
177857.20551249964 178093.8170124996 82 49
180016.0862624996 180257.4375124996 82 49
180493.30501249956 180729.17251249956 82 51
180729.17251249956 180848.89476249958 82 58
181088.33926249956 181335.13823749957 82 50
181336.14801249956 181578.49401249955 82 51
182202.41551249955 182450.78051249954 82 55
185528.10726249954 185654.74301249956 82 68
187221.7277624995 187464.07376249952 82 61
5364.7525000000005 5851.821000000001 83 59
17194.355500000005 17683.887250000003 83 59
25671.934749999997 26155.29425 83 58
31635.166749999993 32117.098249999992 83 58
37594.25575833332 38072.24975833332 83 58
43546.79950833331 44026.19000833331 83 58
99554.57179999982 99790.45779999981 83 62
100032.59354999982 100272.88204999981 83 65
104876.20429999981 105114.28079999982 83 69
111189.5210499997 111425.40704999969 83 59
111667.54279999969 111907.83129999969 83 68
116509.86054999969 116747.93704999969 83 66
126479.95704999952 126696.5587374995 83 48
128557.68029999947 129053.54629999948 83 54
138197.637308333 138414.23899583303 83 48
140270.92280833298 140766.788808333 83 58
194026.31677083293 194522.86002083292 83 59
204445.85661666613 204688.20261666612 83 55
205659.10259791612 205804.30850208283 83 56
206018.20897499952 206265.12766666617 83 57
215628.4533124993 215862.4808124993 83 53
221422.00481249928 221658.2453124993 83 46
227301.40056249913 227537.19131249908 83 39
233102.70206249898 233341.29256249897 83 34
72598.97303333331 73561.22153333332 84 64
75484.8112833333 75976.21853333329 84 60
81386.9827833333 81629.32878333329 84 80
84402.35504166661 85360.63454166662 84 64
87279.01529166661 87770.4225416666 84 60
93176.7135416666 93419.0595416666 84 80
150287.51531666628 150405.35656666628 84 86
151847.9035666663 152090.2495666663 84 61
162080.28303541624 162198.12428541624 84 86
163640.67128541626 163883.01728541625 84 61
166536.29775416624 167254.63125416625 84 64
168580.01075416626 168817.55925416626 84 47
169422.13600416627 169543.30900416628 84 60
175319.70200416626 175562.04800416625 84 80
178341.6675124996 179060.00101249962 84 64
180375.3712624996 180611.23876249956 84 47
181214.97501249958 181336.14801249956 84 60
187100.55476249952 187342.9007624995 84 80
79452.6860333333 79926.50755416663 85 74
91246.89004166661 91718.17056249994 85 74
100152.73779999981 100393.02629999981 85 49
104995.24254999982 105233.31904999982 85 56
111787.68704999969 112027.97554999968 85 60
116628.89879999969 116866.9752999997 85 57
173386.82125416622 173624.36975416623 85 74
173624.36975416623 173859.22677499958 85 69
175065.53850416627 175319.70200416626 85 74
185175.69126249955 185410.63526249953 85 74
185410.63526249953 185644.19003333288 85 69
186840.09301249954 187100.55476249952 85 74
205778.47181458282 205919.04232499952 85 58
215040.45781249928 215277.4120624993 85 53
220831.7305624993 221069.57806249926 85 53
226708.00256249914 226949.16856249914 85 39
232511.952062499 232748.952312499 85 39
25187.976 25671.934749999997 86 58
31151.207999999995 31635.166749999993 86 58
37110.29700833332 37594.25575833332 86 58
43062.84075833331 43546.79950833331 86 58
56808.72876666662 57283.825766666625 86 82
68616.10802499996 69091.20502499996 86 82
74523.91178333329 74999.0087833333 86 60
79937.0605333333 80415.3762833333 86 80
81253.9922833333 81386.9827833333 86 68
86323.32479166659 86793.2127916666 86 60
91728.72354166661 92203.19329166661 86 80
93041.80929166659 93176.7135416666 86 68
100272.88204999981 100519.66204999981 86 46
105114.28079999982 105358.11104999982 86 53
111907.83129999969 112154.61129999968 86 54
116747.93704999969 116991.76729999969 86 53
125275.98054999953 125517.35154999953 86 70
125517.35154999953 125755.84404999953 86 67
136999.16430833298 137235.03180833298 86 70
137235.03180833298 137473.524308333 86 67
150765.8310666663 150884.6053166663 86 86
162558.59878541625 162677.37303541624 86 86
168461.23650416627 168580.01075416626 86 60
173505.5955041662 173743.1440041662 86 64
173869.77975416626 174105.46225416625 86 86
174105.46225416625 174348.09550416624 86 76
174944.36550416626 175186.71150416625 86 68
175186.71150416625 175440.87500416627 86 68
180257.4375124996 180375.3712624996 86 60
185293.16326249955 185528.10726249954 86 64
185654.74301249956 185886.95901249954 86 86
185886.95901249954 186127.85901249957 86 76
186718.92001249953 186961.26601249952 86 68
186961.26601249952 187221.7277624995 86 68
205898.0909312495 206035.23759166617 86 65
213855.4418124993 214096.81281249932 86 71
217993.46356249927 218145.50721249927 86 47
219643.96406249923 219885.33506249925 86 73
225512.15756249923 225758.18006249922 86 53
229678.26406249905 229830.30771249902 86 35
231328.764562499 231570.13556249902 86 54
57283.825766666625 57769.62826666662 88 81
69091.20502499996 69577.00752499996 88 81
80415.3762833333 80890.4732833333 88 82
92203.19329166661 92678.2902916666 88 82
151240.9280666663 151360.65031666632 88 85
163033.69578541626 163153.41803541628 88 85
173987.62100416626 174223.30350416625 88 70
174348.09550416624 174585.64400416624 88 82
174585.64400416624 174823.19250416625 88 77
185770.85101249954 186003.06701249955 88 70
186127.85901249957 186362.80301249953 88 82
186362.80301249953 186597.74701249952 88 77
215157.01706249928 215394.4258124993 88 51
220949.66431249926 221186.59181249927 88 53
226826.3083124991 227066.5485624991 88 38
232629.516062499 232865.966062499 88 39
57769.62826666662 58261.03551666662 89 80
69577.00752499996 70068.41477499997 89 80
80890.4732833333 81375.90024166663 89 81
92678.2902916666 93165.47152083326 89 81
151726.73056666632 151847.9035666663 89 80
163519.49828541625 163640.67128541626 89 80
174466.86975416626 174704.41825416626 89 68
174823.19250416625 175065.53850416627 89 81
186245.33101249955 186480.27501249954 89 68
186597.74701249952 186840.09301249954 89 81
