19242.63524999999 19929.79474999999 38 54
32626.152499999997 33310.920000000006 38 54
18419.275249999988 18979.784624999986 42 62
31802.79249999999 32363.301874999997 42 62
6412.365249999999 6729.825749999998 43 37
13131.893249999992 13449.353749999991 43 37
18141.49724999999 18491.67338333332 43 56
18962.261249999985 19361.469420833324 43 49
26520.73149999999 26838.191999999992 43 55
31525.01449999999 31875.19063333332 43 56
32345.778499999993 32743.930204166667 43 49
17871.226749999987 18157.700966666656 45 54
31254.743999999988 31541.218216666657 45 54
17600.956249999985 17882.48802083332 47 60
30984.473499999986 31266.00527083332 47 60
17323.569749999988 17688.794162499984 48 51
30707.08699999999 31072.311412499985 48 51
6107.796749999999 6412.365249999999 50 35
12827.324749999994 13131.893249999992 50 35
13449.353749999991 14360.338412499992 50 40
15914.17949999999 16601.33899999999 50 56
16777.80949999999 17458.098999999987 50 57
19242.63524999999 19929.79474999999 50 64
26216.162999999986 26520.73149999999 50 54
26838.191999999992 27749.176662499987 50 40
29303.01774999999 29987.78524999999 50 56
30164.255749999993 30841.61624999999 50 57
32626.152499999997 33310.920000000006 50 64
39651.61350000003 40021.98400000004 50 54
14542.770999999992 14829.245216666657 54 40
15362.312499999989 15651.328874999988 54 47
15914.17949999999 16601.33899999999 54 56
18419.275249999988 18979.784624999986 54 73
27931.60924999999 28218.08346666666 54 40
28751.15074999999 29040.16712499999 54 47
29303.01774999999 29987.78524999999 54 56
31802.79249999999 32363.301874999997 54 73
5810.767249999999 6260.080999999998 55 37
12530.295249999994 12979.608999999993 55 37
14813.04149999999 15163.217633333323 55 42
15633.80549999999 16033.013670833323 55 47
18141.49724999999 18491.67338333332 55 66
18962.261249999985 19361.469420833324 55 59
25919.133499999985 26368.44724999999 55 57
28201.879749999993 28552.055883333323 55 42
29022.64374999999 29420.79545416666 55 47
31525.01449999999 31875.19063333332 55 66
32345.778499999993 32743.930204166667 55 59
39329.03300000003 39836.79875000004 55 57
15090.81949999999 15498.058999999988 57 52
17871.226749999987 18157.700966666656 57 64
28479.65774999999 28886.89724999999 57 52
31254.743999999988 31541.218216666657 57 64
14272.500499999993 14554.032270833324 59 45
17600.956249999985 17882.48802083332 59 72
27661.338749999988 27942.870520833323 59 45
30984.473499999986 31266.00527083332 59 72
4974.753249999999 5541.899199999999 60 45
11694.28124999999 12261.427199999993 60 45
13995.113999999992 14360.338412499992 60 39
17323.569749999988 17688.794162499984 60 62
25083.11949999999 25650.265449999984 60 60
27383.95224999999 27749.176662499987 60 39
30707.08699999999 31072.311412499985 60 62
38472.71850000003 39048.24482500002 60 60
3319.61975 3592.34725 62 35
3592.34725 3865.07475 62 35
3865.07475 4144.295749999999 62 35
5527.748249999999 6107.796749999999 62 32
10047.031999999994 10316.090499999995 62 35
10316.090499999995 10588.817999999992 62 35
10588.817999999992 10868.038999999992 62 35
12247.276249999994 12827.324749999994 62 32
13582.68699999999 13856.865249999992 62 48
13856.865249999992 14129.643249999992 62 47
14129.643249999992 14360.338412499992 62 49
14407.635749999992 14554.032270833324 62 50
14677.90624999999 14829.245216666657 62 54
14951.93049999999 15163.217633333323 62 55
15226.56599999999 15498.058999999988 62 56
15498.058999999988 15651.328874999988 62 56
15773.99249999999 16033.013670833323 62 53
16465.592499999988 16777.80949999999 62 54
16777.80949999999 17458.098999999987 62 67
19794.04824999999 20205.39817708332 62 62
23427.985999999983 23700.713499999983 62 47
23700.713499999983 23973.440999999988 62 47
23973.440999999988 24252.661999999986 62 47
25636.114499999985 26216.162999999986 62 51
26971.52524999999 27245.70349999999 62 48
27245.70349999999 27518.48149999999 62 47
27518.48149999999 27749.176662499987 62 49
27796.473999999987 27942.870520833323 62 50
28066.74449999999 28218.08346666666 62 54
28340.768749999992 28552.055883333323 62 55
28615.40424999999 28886.89724999999 62 56
28886.89724999999 29040.16712499999 62 56
29162.83074999999 29420.79545416666 62 53
29852.038749999992 30164.255749999993 62 54
30164.255749999993 30841.61624999999 62 67
33175.1735 33602.505156249994 62 62
36806.69775000003 37079.42525000003 62 47
37079.42525000003 37352.15275000003 62 47
37352.15275000003 37631.37375000003 62 47
39033.466500000024 39651.61350000003 62 51
13449.353749999991 13723.531999999992 66 56
13723.531999999992 13995.113999999992 66 56
13995.113999999992 14272.500499999993 66 56
16189.553749999988 16465.592499999988 66 59
16777.80949999999 17051.98774999999 66 70
17051.98774999999 17323.569749999988 66 70
17323.569749999988 17600.956249999985 66 70
19518.009499999986 19794.04824999999 66 67
26838.191999999992 27112.37024999999 66 56
27112.37024999999 27383.95224999999 66 56
27383.95224999999 27661.338749999988 66 56
29577.19599999999 29852.038749999992 66 59
30164.255749999993 30437.25924999999 66 70
30437.25924999999 30707.08699999999 66 70
30707.08699999999 30984.473499999986 66 70
32900.33075 33175.1735 66 67
273.9725 547.945 67 41
547.945 827.015 67 43
827.015 1098.5079999999998 67 45
1098.5079999999998 1370.0009999999997 67 45
1370.0009999999997 1650.375 67 44
1650.375 1920.6455 67 45
1920.6455 2193.373 67 45
2193.373 2479.0875000000005 67 44
2479.0875000000005 2761.47975 67 43
2761.47975 3040.5497499999997 67 38
3040.5497499999997 3319.61975 67 38
4144.295749999999 4420.276 67 40
5810.767249999999 6260.080999999998 67 49
6729.825749999998 7003.798249999997 67 40
7003.798249999997 7277.770749999997 67 41
7277.770749999997 7556.840749999998 67 43
7556.840749999998 7828.333749999997 67 45
7828.333749999997 8099.8267499999965 67 45
8099.8267499999965 8380.200749999995 67 44
8380.200749999995 8648.057749999994 67 45
8648.057749999994 8920.785249999994 67 45
8920.785249999994 9206.499749999994 67 45
9206.499749999994 9488.891999999993 67 44
9488.891999999993 9767.961999999994 67 39
9767.961999999994 10047.031999999994 67 38
10868.038999999992 11142.217249999992 67 40
12530.295249999994 12979.608999999993 67 49
14272.500499999993 14542.770999999992 67 56
17600.956249999985 17871.226749999987 67 71
20108.36624999999 20382.338749999988 67 32
20382.338749999988 20656.311249999988 67 32
20656.311249999988 20935.381249999984 67 34
20935.381249999984 21206.874249999983 67 36
21206.874249999983 21478.367249999985 67 36
21478.367249999985 21758.741249999985 67 35
21758.741249999985 22029.011749999987 67 36
22029.011749999987 22301.73924999999 67 36
22301.73924999999 22587.453749999986 67 39
22587.453749999986 22869.845999999987 67 38
22869.845999999987 23148.915999999987 67 32
23148.915999999987 23427.985999999983 67 30
24252.661999999986 24528.642249999986 67 54
25919.133499999985 26368.44724999999 67 74
27661.338749999988 27931.60924999999 67 56
30984.473499999986 31254.743999999988 67 71
33489.4915 33763.464 67 32
33763.464 34037.436499999996 67 32
34037.436499999996 34316.5065 67 34
34316.5065 34587.99950000001 67 36
34587.99950000001 34859.492500000015 67 36
34859.492500000015 35139.86650000001 67 35
35139.86650000001 35407.723500000015 67 36
35407.723500000015 35680.45100000002 67 36
35680.45100000002 35966.16550000002 67 39
35966.16550000002 36248.557750000014 67 38
36248.557750000014 36527.62775000002 67 32
36527.62775000002 36806.69775000003 67 30
37631.37375000003 37911.43650000003 67 54
39329.03300000003 39836.79875000004 67 74
3455.9835 3728.7110000000002 69 31
3728.7110000000002 4001.4384999999997 69 31
4001.4384999999997 4279.431 69 31
4420.276 4696.209499999999 69 37
5669.257749999999 6107.796749999999 69 40
10181.561249999995 10452.454249999993 69 31
10452.454249999993 10725.181749999992 69 31
10725.181749999992 11001.372249999993 69 31
11142.217249999992 11415.737499999992 69 37
12388.785749999994 12827.324749999994 69 40
14542.770999999992 14813.04149999999 69 59
15914.17949999999 16189.553749999988 69 61
16324.082999999988 16601.33899999999 69 44
17871.226749999987 18141.49724999999 69 73
19242.63524999999 19518.009499999986 69 70
19652.53874999999 19929.79474999999 69 50
23564.349749999983 23837.077249999988 69 41
23837.077249999988 24109.80474999999 69 41
24109.80474999999 24387.79724999999 69 41
24528.642249999986 24804.57574999999 69 49
25777.623999999985 26216.162999999986 69 59
27931.60924999999 28201.879749999993 69 59
29303.01774999999 29577.19599999999 69 61
29710.52924999999 29987.78524999999 69 44
31254.743999999988 31525.01449999999 69 73
32626.152499999997 32900.33075 69 70
33033.664000000004 33310.920000000006 69 50
36943.061500000025 37215.789000000026 69 41
37215.789000000026 37488.516500000034 69 41
37488.516500000034 37766.50900000003 69 41
37911.43650000003 38190.723750000034 69 49
39181.249750000025 39651.61350000003 69 59
136.98625 410.95875000000007 71 36
410.95875000000007 687.48 71 38
687.48 962.7615 71 39
962.7615 1234.2544999999998 71 40
1234.2544999999998 1510.1879999999999 71 41
1510.1879999999999 1659.3840166666666 71 38
2621.94475 2901.01475 71 34
2901.01475 3180.08475 71 32
3180.08475 3416.210739583333 71 32
4144.295749999999 4420.276 71 52
4696.209499999999 4974.753249999999 71 41
5527.748249999999 5810.767249999999 71 49
6866.811999999998 7140.784499999997 71 36
7140.784499999997 7417.305749999997 71 38
7417.305749999997 7692.587249999997 71 39
7692.587249999997 7964.080249999996 71 40
7964.080249999996 8240.013749999996 71 41
8240.013749999996 8389.129316666662 71 38
9349.356999999993 9628.426999999992 71 30
9628.426999999992 9907.496999999994 71 32
9907.496999999994 10142.323552083328 71 32
10868.038999999992 11142.217249999992 71 52
11415.737499999992 11694.28124999999 71 41
12247.276249999994 12530.295249999994 71 49
14813.04149999999 15090.81949999999 71 62
15633.80549999999 15914.17949999999 71 63
18141.49724999999 18419.275249999988 71 78
18962.261249999985 19242.63524999999 71 72
20245.35249999999 20519.324999999986 71 28
20519.324999999986 20795.846249999988 71 30
20795.846249999988 21071.127749999985 71 31
21071.127749999985 21342.620749999984 71 32
21342.620749999984 21618.554249999986 71 32
21618.554249999986 21767.75026666665 71 30
22730.31099999999 23009.380999999987 71 27
23009.380999999987 23288.450999999983 71 25
23288.450999999983 23524.576989583315 71 25
24252.661999999986 24528.642249999986 71 70
24804.57574999999 25083.11949999999 71 55
25636.114499999985 25919.133499999985 71 66
28201.879749999993 28479.65774999999 71 62
29022.64374999999 29303.01774999999 71 63
31525.01449999999 31802.79249999999 71 78
32345.778499999993 32626.152499999997 71 72
33626.47775 33900.45025 71 28
33900.45025 34176.9715 71 30
34176.9715 34452.253000000004 71 31
34452.253000000004 34723.746000000014 71 32
34723.746000000014 34999.67950000001 71 32
34999.67950000001 35148.79506666668 71 30
36109.02275000002 36388.09275000002 71 27
36388.09275000002 36667.162750000025 71 25
36667.162750000025 36903.28873958336 71 25
37631.37375000003 37911.43650000003 71 70
38190.723750000034 38472.71850000003 71 55
39033.466500000024 39329.03300000003 71 66
1785.51025 2057.00925 72 40
2057.00925 2336.23025 72 34
2336.23025 2487.420839583334 72 34
3319.61975 3728.7110000000002 72 51
3865.07475 4279.431 72 45
4420.276 4696.209499999999 72 54
4974.753249999999 5251.250749999998 72 56
5389.499499999999 5541.899199999999 72 42
8514.129249999994 8784.421499999993 72 40
8784.421499999993 9063.642499999993 72 38
9063.642499999993 9214.833089583326 72 34
10047.031999999994 10452.454249999993 72 51
10588.817999999992 11001.372249999993 72 45
11142.217249999992 11415.737499999992 72 54
11694.28124999999 11970.778749999992 72 56
12109.027499999993 12261.427199999993 72 42
15090.81949999999 15362.312499999989 72 65
15362.312499999989 15633.80549999999 72 64
18419.275249999988 18690.768249999986 72 80
18690.768249999986 18962.261249999985 72 75
21893.876499999988 22165.375499999987 72 32
22165.375499999987 22444.59649999999 72 32
22444.59649999999 22595.787089583322 72 34
23427.985999999983 23837.077249999988 72 68
23973.440999999988 24387.79724999999 72 60
24528.642249999986 24804.57574999999 72 72
25083.11949999999 25359.616999999987 72 75
25497.865749999986 25650.265449999984 72 62
28479.65774999999 28751.15074999999 72 65
28751.15074999999 29022.64374999999 72 64
31802.79249999999 32074.285499999987 72 80
32074.285499999987 32345.778499999993 72 75
35273.79500000001 35544.08725000002 72 32
35544.08725000002 35823.30825000002 72 32
35823.30825000002 35974.49883958335 72 34
36806.69775000003 37215.789000000026 72 68
37352.15275000003 37766.50900000003 72 60
37911.43650000003 38190.723750000034 72 72
38472.71850000003 38753.09250000003 72 75
38893.279500000026 39048.24482500002 72 62
1370.0009999999997 1659.3840166666666 74 63
2479.0875000000005 2901.01475 74 58
4696.209499999999 4974.753249999999 74 53
5251.250749999998 5527.748249999999 74 52
6729.825749999998 7140.784499999997 74 63
8099.8267499999965 8389.129316666662 74 63
9206.499749999994 9628.426999999992 74 58
11415.737499999992 11694.28124999999 74 53
11970.778749999992 12247.276249999994 74 52
16048.708749999989 16324.082999999988 74 47
16911.142749999988 17185.32099999999 74 59
17185.32099999999 17458.098999999987 74 58
17458.098999999987 17688.794162499984 74 56
17736.091499999988 17882.48802083332 74 63
18006.36199999999 18157.700966666656 74 62
18280.38624999999 18491.67338333332 74 75
18555.02174999999 18826.514749999988 74 71
18826.514749999988 18979.784624999986 74 64
19102.448249999987 19361.469420833324 74 60
19377.164499999988 19652.53874999999 74 54
20108.36624999999 20519.324999999986 74 50
21478.367249999985 21767.75026666665 74 50
22587.453749999986 23009.380999999987 74 46
24804.57574999999 25083.11949999999 74 71
25359.616999999987 25636.114499999985 74 70
29436.35099999999 29710.52924999999 74 47
30296.41424999999 30568.83824999999 74 59
30568.83824999999 30841.61624999999 74 58
30841.61624999999 31072.311412499985 74 56
31119.60874999999 31266.00527083332 74 63
31389.87924999999 31541.218216666657 74 62
31663.90349999999 31875.19063333332 74 75
31938.53899999999 32210.031999999992 74 71
32210.031999999992 32363.301874999997 74 64
32485.9655 32743.930204166667 74 60
32759.485750000003 33033.664000000004 74 54
33489.4915 33900.45025 74 50
34859.492500000015 35148.79506666668 74 50
35966.16550000002 36388.09275000002 74 46
38190.723750000034 38472.71850000003 74 71
38753.09250000003 39033.466500000024 74 70
1650.375 2057.00925 76 68
2193.373 2487.420839583334 76 58
5113.001999999999 5389.499499999999 76 41
8380.200749999995 8784.421499999993 76 68
8920.785249999994 9214.833089583326 76 58
11832.529999999992 12109.027499999993 76 41
21758.741249999985 22165.375499999987 76 54
22301.73924999999 22595.787089583322 76 46
25221.36824999999 25497.865749999986 76 64
35139.86650000001 35544.08725000002 76 54
35680.45100000002 35974.49883958335 76 46
38612.90550000003 38893.279500000026 76 64
273.9725 687.48 79 65
4279.431 4556.022499999999 79 44
4556.022499999999 4832.5732499999995 79 44
4832.5732499999995 5113.001999999999 79 45
7003.798249999997 7417.305749999997 79 65
11001.372249999993 11275.550499999992 79 44
11275.550499999992 11552.10124999999 79 44
11552.10124999999 11832.529999999992 79 45
20382.338749999988 20795.846249999988 79 52
24387.79724999999 24664.388749999987 79 59
24664.388749999987 24940.93949999999 79 59
24940.93949999999 25221.36824999999 79 60
33763.464 34176.9715 79 52
37766.50900000003 38047.183000000034 79 59
38047.183000000034 38327.08750000003 79 59
38327.08750000003 38612.90550000003 79 60
3592.34725 4001.4384999999997 81 45
10316.090499999995 10725.181749999992 81 45
23700.713499999983 24109.80474999999 81 60
37079.42525000003 37488.516500000034 81 60
547.945 962.7615 83 68
7277.770749999997 7692.587249999997 83 68
20656.311249999988 21071.127749999985 83 54
34037.436499999996 34452.253000000004 83 54
1920.6455 2336.23025 84 63
8648.057749999994 9063.642499999993 84 63
22029.011749999987 22444.59649999999 84 50
35407.723500000015 35823.30825000002 84 50
827.015 1510.1879999999999 86 71
7556.840749999998 8240.013749999996 86 71
20935.381249999984 21618.554249999986 86 56
34316.5065 34999.67950000001 86 56
