23747.750556250037 24394.960222916703 46 42
40330.92552916669 40978.13519583336 46 42
25381.177222916704 25909.580222916706 48 45
41964.35219583336 42492.755195833364 48 45
17669.999085416686 17849.52950416669 52 34
17922.817545833357 18173.256045833357 52 28
18173.256045833357 18340.21504583336 52 30
18428.632379166695 18680.878231250026 52 28
21727.700079166698 21907.2304979167 52 40
21980.51853958337 22230.95703958337 52 32
22230.95703958337 22397.91603958337 52 34
22486.333372916703 22738.579225000038 52 31
34253.17405833338 34432.704477083375 52 35
34505.99251875005 34756.43101875005 52 28
34756.43101875005 34923.39001875005 52 31
35011.80735208338 35264.05320416671 52 28
38310.87505208337 38490.405470833364 52 40
38563.69351250004 38814.13201250004 52 32
38814.13201250004 38981.09101250004 52 34
39069.50834583337 39321.7541979167 52 31
4672.6369166666655 5312.685166666664 53 32
12987.02008333334 13624.47733333334 53 32
18683.983818750025 18860.67982500003 53 37
18934.14669791669 19082.14056666669 53 29
19185.35482708336 19434.793827083362 53 31
19434.793827083362 19701.176327083358 53 40
22741.722300000038 23276.118141666706 53 46
29568.698139583383 30207.032889583385 53 32
33229.61863958339 33986.940139583385 53 29
35267.15879166671 35443.854797916705 53 38
35517.32167083337 35665.31553958337 53 29
35768.52980000003 36017.968800000024 53 31
36017.968800000024 36284.35130000003 53 41
39324.89727291669 39859.29311458335 53 46
46156.16011250002 46793.414112500024 53 38
19701.176327083358 19949.623327083358 55 47
19949.623327083358 20199.397993750026 55 35
20199.397993750026 20366.35699375003 55 36
20454.77432708336 20710.150660416693 55 37
25088.846556250035 25381.177222916704 55 39
36284.35130000003 36532.79830000003 55 48
36532.79830000003 36782.572966666696 55 35
36782.572966666696 36949.5319666667 55 37
37037.94930000003 37293.32563333336 55 37
41672.02152916668 41964.35219583336 55 39
20710.150660416693 20960.589160416697 57 49
20960.589160416697 21211.027660416697 57 33
21211.027660416697 21461.466160416698 57 36
21461.466160416698 21724.5188791667 57 36
37293.32563333336 37543.76413333336 57 47
37543.76413333336 37794.20263333336 57 33
37794.20263333336 38044.64113333337 57 36
38044.64113333337 38307.693852083365 57 36
7248.4068333333325 7897.924416666665 58 28
15567.01291666668 16216.530500000015 58 28
23747.750556250037 24394.960222916703 58 42
32154.05522291672 32803.57280625005 58 28
40330.92552916669 40978.13519583336 58 42
48749.719779166684 49431.69202916669 58 33
24528.94288958337 25088.846556250035 59 44
41112.117862500025 41672.02152916668 59 44
3069.264416666666 3320.710416666666 60 30
3320.710416666666 3572.1564166666653 60 24
3572.1564166666653 3845.3554166666654 60 24
3845.3554166666654 3936.4217499999986 60 22
4404.348416666665 4672.6369166666655 60 26
7763.020166666665 8828.071249999997 60 22
11402.160750000003 11653.606750000003 60 30
11653.606750000003 11905.052750000004 60 24
11905.052750000004 12177.013750000006 60 24
12177.013750000006 12267.667416666673 60 22
12728.332583333338 12987.02008333334 60 26
16081.626250000014 17146.677333333355 60 22
17796.937733333354 18048.03679583336 60 24
18048.03679583336 18298.47529583336 60 25
18298.47529583336 18517.049712500026 60 25
18558.789462500026 18740.919589583358 60 25
18808.50513750003 19002.516000000025 60 25
19060.13904166669 19310.07432708336 60 27
19310.07432708336 19567.985077083362 60 30
19567.985077083362 19825.399827083358 60 29
19825.399827083358 20032.438993750024 60 31
20074.178743750024 20324.617243750028 60 28
20324.617243750028 20543.19166041669 60 29
20584.931410416695 20835.369910416695 60 34
20835.369910416695 21085.808410416696 60 34
21085.808410416696 21336.2469104167 60 28
21336.2469104167 21594.657410416698 60 31
21594.657410416698 21786.022079166698 60 32
21854.638727083366 22105.73778958337 60 28
22105.73778958337 22356.17628958337 60 28
22356.17628958337 22574.750706250037 60 28
22616.490456250038 22819.25148333337 60 27
24810.656556250036 25181.576556250035 60 49
27974.843556250045 28226.28955625005 60 30
28226.28955625005 28477.73555625005 60 24
28477.73555625005 28749.696556250048 60 24
28749.696556250048 28840.350222916717 60 22
29303.96113958338 29568.698139583383 60 26
32668.668556250053 33734.49963958338 60 22
34380.112706250045 34631.21176875005 60 25
34631.21176875005 34881.65026875005 60 25
34881.65026875005 35100.22468541671 60 26
35141.96443541671 35324.094562500046 60 25
35391.68011041671 35585.6909729167 60 25
35643.31401458337 35893.24930000003 60 27
35893.24930000003 36151.16005000003 60 30
36151.16005000003 36408.57480000003 60 29
36408.57480000003 36615.6139666667 60 31
36657.3537166667 36907.7922166667 60 28
36907.7922166667 37126.36663333336 60 30
37168.10638333336 37418.54488333336 60 34
37418.54488333336 37668.98338333336 60 34
37668.98338333336 37919.421883333365 60 28
37919.421883333365 38177.83238333337 60 31
38177.83238333337 38369.197052083364 60 32
38437.813700000035 38688.91276250004 60 28
38688.91276250004 38939.35126250004 60 28
38939.35126250004 39157.9256791667 60 28
39199.6654291667 39402.426456250025 60 27
41393.83152916668 41764.751529166686 60 49
44562.30552916669 44813.75152916669 60 36
44813.75152916669 45065.1975291667 60 28
45065.1975291667 45337.1585291667 60 28
45337.1585291667 45427.812195833365 60 26
45891.42311250003 46156.16011250002 60 31
49282.89727916669 50435.0677791667 60 26
23747.750556250037 23916.044222916702 62 45
40330.92552916669 40499.219195833364 62 45
23486.72803333337 23747.750556250037 64 49
24810.656556250036 25658.134222916706 64 58
40069.90300625002 40330.92552916669 64 49
41393.83152916668 42241.30919583336 64 58
1005.784 1641.4110000000003 65 28
2033.0977500000006 2294.37625 65 32
2294.37625 2555.6547499999997 65 24
2555.6547499999997 2807.100749999999 65 24
2807.100749999999 3069.264416666666 65 24
4136.059916666665 4471.4205416666655 65 34
5185.361416666664 5819.334416666666 65 28
6209.954166666666 6472.375666666666 65 32
6472.375666666666 6734.797166666666 65 24
6734.797166666666 6986.243166666666 65 24
6986.243166666666 7248.4068333333325 65 24
8323.190249999998 9080.511749999998 65 34
9331.957749999998 9966.97575 65 28
10356.386416666668 10621.123416666667 65 32
10621.123416666667 10885.860416666668 65 24
10885.860416666668 11139.32441666667 65 24
11139.32441666667 11402.160750000003 65 24
12469.645083333338 12793.004458333338 65 34
13497.15358333334 14132.171583333342 65 28
14521.58225000001 14787.49275000001 65 28
14787.49275000001 15053.403250000012 65 24
15053.403250000012 15304.849250000012 65 24
15304.849250000012 15567.01291666668 65 24
16641.796333333354 17314.97100000002 65 34
23362.503435416707 23513.750591666703 65 46
23614.559306250037 23873.970806250036 65 45
24667.11580625004 25088.846556250035 65 49
25909.580222916706 26540.31122291671 65 28
26929.72188958338 27196.81588958338 65 32
27196.81588958338 27463.90988958338 65 24
27463.90988958338 27713.348889583383 65 24
27713.348889583383 27974.843556250045 65 24
29039.22413958338 29370.14538958338 65 34
30079.166639583385 30716.354639583387 65 28
31113.297556250054 31376.87155625005 65 32
31376.87155625005 31640.44555625005 65 24
31640.44555625005 31891.89155625005 65 24
31891.89155625005 32154.05522291672 65 24
33229.61863958339 33986.940139583385 65 34
39945.67840833335 40096.925564583355 65 46
40197.73427916669 40457.14577916669 65 45
41250.29077916668 41672.02152916668 65 49
42492.755195833364 43127.77319583337 65 33
43517.18386250003 43784.277862500036 65 38
43784.277862500036 44051.37186250003 65 28
44051.37186250003 44300.81086250003 65 28
44300.81086250003 44562.30552916669 65 28
45626.68611250003 45957.60736250003 65 40
46666.628612500026 47299.49361250002 65 33
47688.90427916668 47952.47827916668 65 38
47952.47827916668 48216.05227916669 65 28
48216.05227916669 48472.81377916669 65 28
48472.81377916669 48749.719779166684 65 28
3069.264416666666 3320.710416666666 67 37
3320.710416666666 3572.1564166666653 67 29
3572.1564166666653 3845.3554166666654 67 29
3845.3554166666654 3936.4217499999986 67 27
7248.4068333333325 7897.924416666665 67 34
7763.020166666665 8828.071249999997 67 27
11402.160750000003 11653.606750000003 67 37
11653.606750000003 11905.052750000004 67 29
11905.052750000004 12177.013750000006 67 29
12177.013750000006 12267.667416666673 67 27
15567.01291666668 16216.530500000015 67 34
16081.626250000014 17146.677333333355 67 27
22486.333372916703 22738.579225000038 67 54
23239.287216666708 23394.467470833373 67 54
24528.94288958337 24810.656556250036 67 50
27974.843556250045 28226.28955625005 67 37
28226.28955625005 28477.73555625005 67 29
28477.73555625005 28749.696556250048 67 29
28749.696556250048 28840.350222916717 67 27
32154.05522291672 32803.57280625005 67 34
32668.668556250053 33734.49963958338 67 27
39069.50834583337 39321.7541979167 67 54
39822.462189583355 39977.64244375002 67 54
41112.117862500025 41393.83152916668 67 50
44562.30552916669 44813.75152916669 67 44
44813.75152916669 45065.1975291667 67 34
45065.1975291667 45337.1585291667 67 34
45337.1585291667 45427.812195833365 67 32
48749.719779166684 49431.69202916669 67 40
49282.89727916669 50435.0677791667 67 32
1005.784 1641.4110000000003 69 34
2033.0977500000006 2294.37625 69 39
2294.37625 2555.6547499999997 69 28
2555.6547499999997 2807.100749999999 69 28
2807.100749999999 3069.264416666666 69 28
5185.361416666664 5819.334416666666 69 34
6209.954166666666 6472.375666666666 69 39
6472.375666666666 6734.797166666666 69 28
6734.797166666666 6986.243166666666 69 28
6986.243166666666 7248.4068333333325 69 28
9331.957749999998 9966.97575 69 34
10356.386416666668 10621.123416666667 69 39
10621.123416666667 10885.860416666668 69 28
10885.860416666668 11139.32441666667 69 28
11139.32441666667 11402.160750000003 69 28
13497.15358333334 14132.171583333342 69 34
14521.58225000001 14787.49275000001 69 34
14787.49275000001 15053.403250000012 69 28
15053.403250000012 15304.849250000012 69 28
15304.849250000012 15567.01291666668 69 28
22741.722300000038 22879.774120833372 69 54
23115.731833333375 23276.118141666706 69 46
24394.960222916703 24619.26888958337 69 46
25909.580222916706 26540.31122291671 69 34
26929.72188958338 27196.81588958338 69 39
27196.81588958338 27463.90988958338 69 28
27463.90988958338 27713.348889583383 69 28
27713.348889583383 27974.843556250045 69 28
30079.166639583385 30716.354639583387 69 34
31113.297556250054 31376.87155625005 69 39
31376.87155625005 31640.44555625005 69 28
31640.44555625005 31891.89155625005 69 28
31891.89155625005 32154.05522291672 69 28
39324.89727291669 39462.94909375002 69 54
39698.90680625002 39859.29311458335 69 46
40978.13519583336 41202.44386250002 69 46
42492.755195833364 43127.77319583337 69 40
43517.18386250003 43784.277862500036 69 46
43784.277862500036 44051.37186250003 69 33
44051.37186250003 44300.81086250003 69 33
44300.81086250003 44562.30552916669 69 33
46666.628612500026 47299.49361250002 69 40
47688.90427916668 47952.47827916668 69 46
47952.47827916668 48216.05227916669 69 33
48216.05227916669 48472.81377916669 69 33
48472.81377916669 48749.719779166684 69 33
22616.490456250038 22819.25148333337 70 48
22991.89353750004 23216.779429166705 70 54
23873.970806250036 24093.632556250035 70 51
24263.9902229167 24438.61688958337 70 54
39199.6654291667 39402.426456250025 70 48
39575.06851041669 39799.95440208336 70 54
40457.14577916669 40676.8075291667 70 51
40847.16519583336 41021.791862500024 70 54
754.338 1133.6502500000001 72 40
1133.6502500000001 1389.3827500000002 72 40
1389.3827500000002 1641.4110000000003 72 42
3572.1564166666653 3845.3554166666654 72 47
4933.915416666665 5312.685166666664 72 40
5312.685166666664 5567.332666666665 72 40
5567.332666666665 5819.334416666666 72 42
8170.611749999997 8828.071249999997 72 43
9080.511749999998 9459.281499999997 72 40
9459.281499999997 9713.928999999998 72 40
9713.928999999998 9966.97575 72 42
11905.052750000004 12177.013750000006 72 47
13245.70758333334 13624.47733333334 72 40
13624.47733333334 13879.12483333334 72 40
13879.12483333334 14132.171583333342 72 42
16489.217833333354 17146.677333333355 72 43
17403.765166666686 17728.321085416686 72 42
21461.466160416698 21786.022079166698 72 50
22867.25219583337 23018.808629166706 72 46
24136.2219729167 24394.960222916703 72 45
25658.134222916706 26035.832222916706 72 40
26035.832222916706 26288.336222916707 72 40
26288.336222916707 26540.31122291671 72 42
28477.73555625005 28749.696556250048 72 47
29827.720639583382 30207.032889583385 72 40
30207.032889583385 30462.765389583386 72 40
30462.765389583386 30716.354639583387 72 42
33076.260139583384 33734.49963958338 72 43
33986.940139583385 34311.496058333374 72 42
38044.64113333337 38369.197052083364 72 50
39450.42716875002 39601.98360208336 72 46
40719.39694583336 40978.13519583336 72 45
42241.30919583336 42620.07894583336 72 48
42620.07894583336 42874.72644583337 72 48
42874.72644583337 43127.77319583337 72 50
45065.1975291667 45337.1585291667 72 56
46415.18261250002 46793.414112500024 72 48
46793.414112500024 47046.98511250002 72 48
47046.98511250002 47299.49361250002 72 50
49739.536779166694 50435.0677791667 72 51
8032.828666666665 8323.190249999998 74 43
16351.434750000017 16641.796333333354 74 43
24004.83838958337 24263.9902229167 74 58
32938.47705625005 33229.61863958339 74 43
40588.01336250003 40847.16519583336 74 58
49580.48677916669 49898.58677916669 74 51
3069.264416666666 3320.710416666666 76 44
3446.4334166666654 3708.755916666665 76 44
7897.924416666665 8122.764833333331 76 43
11402.160750000003 11653.606750000003 76 44
11779.329750000004 12041.033250000006 76 44
16216.530500000015 16441.370916666685 76 43
19701.176327083358 19949.623327083358 76 57
19949.623327083358 20199.397993750026 76 45
20199.397993750026 20366.35699375003 76 50
20584.931410416695 20835.369910416695 76 46
27974.843556250045 28226.28955625005 76 44
28352.01255625005 28613.716056250047 76 44
32803.57280625005 33028.413222916715 76 43
36284.35130000003 36532.79830000003 76 58
36532.79830000003 36782.572966666696 76 46
36782.572966666696 36949.5319666667 76 49
37168.10638333336 37418.54488333336 76 50
44562.30552916669 44813.75152916669 76 52
44939.4745291667 45201.178029166695 76 52
49431.69202916669 49739.536779166694 76 51
1005.784 1261.5165000000002 77 45
1261.5165000000002 1517.2490000000003 77 41
1641.4110000000003 1848.3476666666672 77 44
1893.3157500000004 2163.737 77 45
2935.503166666666 3194.987416666666 77 44
3194.987416666666 3446.4334166666654 77 45
4672.6369166666655 5185.361416666664 77 38
5185.361416666664 5440.008916666665 77 45
5440.008916666665 5694.656416666666 77 41
5819.334416666666 6027.131083333333 77 44
6072.099166666666 6341.164916666666 77 45
7114.645583333332 7376.175083333332 77 44
7763.020166666665 8032.828666666665 77 43
8323.190249999998 9080.511749999998 77 46
9331.957749999998 9586.605249999999 77 45
9586.605249999999 9841.25275 77 41
9966.97575 10176.514083333333 77 44
10221.482166666668 10488.754916666669 77 45
11268.399500000003 11527.883750000003 77 44
11527.883750000003 11779.329750000004 77 45
12987.02008333334 13497.15358333334 77 38
13497.15358333334 13751.801083333341 77 45
13751.801083333341 14006.448583333342 77 42
14132.171583333342 14341.709916666676 77 44
14386.67800000001 14654.537500000011 77 46
15433.25166666668 15694.78116666668 77 44
16081.626250000014 16351.434750000017 77 43
16641.796333333354 17314.97100000002 77 46
20710.150660416693 21336.2469104167 77 53
25909.580222916706 26162.084222916706 77 45
26162.084222916706 26414.58822291671 77 41
26540.31122291671 26749.849556250043 77 44
26794.81763958338 27063.26888958338 77 45
27841.08230625005 28100.566556250047 77 44
28100.566556250047 28352.01255625005 77 45
29568.698139583383 30079.166639583385 77 38
30079.166639583385 30334.899139583384 77 45
30334.899139583384 30590.631639583386 77 41
30716.354639583387 30925.89297291672 77 44
30970.861056250054 31245.08455625005 77 45
32020.29397291672 32281.82347291672 77 44
32668.668556250053 32938.47705625005 77 43
33229.61863958339 33986.940139583385 77 46
37293.32563333336 37919.421883333365 77 56
42492.755195833364 42747.40269583336 77 54
42747.40269583336 43002.05019583337 77 49
43127.77319583337 43337.311529166705 77 52
43382.27961250004 43650.73086250004 77 54
44428.544279166694 44688.028529166695 77 52
44688.028529166695 44939.4745291667 77 54
46156.16011250002 46666.628612500026 77 45
46666.628612500026 46920.19961250002 77 54
46920.19961250002 47173.77061250001 77 49
47299.49361250002 47509.03194583335 77 52
47554.00002916668 47820.691279166684 77 54
48611.26677916668 48880.941779166686 77 52
49282.89727916669 49580.48677916669 77 51
2807.100749999999 3069.264416666666 79 44
3320.710416666666 3572.1564166666653 79 46
3845.3554166666654 3936.4217499999986 79 39
4136.059916666665 4933.915416666665 79 39
6986.243166666666 7248.4068333333325 79 44
7248.4068333333325 7503.943333333332 79 40
7632.596666666665 7897.924416666665 79 40
11139.32441666667 11402.160750000003 79 44
11653.606750000003 11905.052750000004 79 46
12177.013750000006 12267.667416666673 79 39
12469.645083333338 13245.70758333334 79 39
15304.849250000012 15567.01291666668 79 44
15567.01291666668 15822.54941666668 79 40
15951.202750000015 16216.530500000015 79 40
20454.77432708336 20710.150660416693 79 54
21727.700079166698 21907.2304979167 79 55
21980.51853958337 22230.95703958337 79 53
22230.95703958337 22397.91603958337 79 56
27713.348889583383 27974.843556250045 79 44
28226.28955625005 28477.73555625005 79 46
28749.696556250048 28840.350222916717 79 39
29039.22413958338 29827.720639583382 79 39
31891.89155625005 32154.05522291672 79 44
32154.05522291672 32409.591722916724 79 40
32538.245056250056 32803.57280625005 79 40
37037.94930000003 37293.32563333336 79 55
38310.87505208337 38490.405470833364 79 62
38563.69351250004 38814.13201250004 79 55
38814.13201250004 38981.09101250004 79 62
44300.81086250003 44562.30552916669 79 52
44813.75152916669 45065.1975291667 79 55
45337.1585291667 45427.812195833365 79 46
45626.68611250003 46415.18261250002 79 46
48472.81377916669 48749.719779166684 79 52
48749.719779166684 49012.16377916669 79 48
49147.53052916669 49431.69202916669 79 48
1517.2490000000003 1765.5730000000005 81 48
1765.5730000000005 2033.0977500000006 81 44
2681.377749999999 2890.9160833333326 81 44
4672.6369166666655 5185.361416666664 81 45
5694.656416666666 5944.0124166666665 81 48
5944.0124166666665 6209.954166666666 81 44
6860.520166666666 7070.058499999999 81 44
7376.175083333332 7589.122166666665 81 41
9841.25275 10092.69875 81 48
10092.69875 10356.386416666668 81 44
11012.592416666668 11223.81241666667 81 44
12987.02008333334 13497.15358333334 81 45
14006.448583333342 14257.894583333344 81 49
14257.894583333344 14521.58225000001 81 46
15179.126250000012 15388.664583333346 81 44
15694.78116666668 15907.728250000015 81 41
18683.983818750025 19310.07432708336 81 50
26414.58822291671 26666.03422291671 81 48
26666.03422291671 26929.72188958338 81 44
27588.62938958338 27796.495222916714 81 44
29568.698139583383 30079.166639583385 81 45
30590.631639583386 30842.077639583385 81 48
30842.077639583385 31113.297556250054 81 44
31766.16855625005 31975.706889583384 81 44
32281.82347291672 32494.770556250052 81 41
35267.15879166671 35893.24930000003 81 51
43002.05019583337 43253.49619583337 81 57
43253.49619583337 43517.18386250003 81 52
44176.09136250003 44383.95719583336 81 52
46156.16011250002 46666.628612500026 81 54
47173.77061250001 47425.216612500015 81 57
47425.216612500015 47688.90427916668 81 52
48344.433029166685 48611.26677916668 81 52
48880.941779166686 49147.53052916669 81 49
2555.6547499999997 2807.100749999999 82 47
3845.3554166666654 3936.4217499999986 82 47
4136.059916666665 4933.915416666665 82 46
6734.797166666666 6986.243166666666 82 47
7503.943333333332 7763.020166666665 82 42
10885.860416666668 11139.32441666667 82 47
12177.013750000006 12267.667416666673 82 47
12469.645083333338 13245.70758333334 82 46
15053.403250000012 15304.849250000012 82 47
15822.54941666668 16081.626250000014 82 42
17669.999085416686 17849.52950416669 82 45
17922.817545833357 18173.256045833357 82 39
18173.256045833357 18340.21504583336 82 44
18558.789462500026 18740.919589583358 82 43
27463.90988958338 27713.348889583383 82 47
28749.696556250048 28840.350222916717 82 47
29039.22413958338 29827.720639583382 82 46
31640.44555625005 31891.89155625005 82 47
32409.591722916724 32668.668556250053 82 42
34253.17405833338 34432.704477083375 82 46
34505.99251875005 34756.43101875005 82 40
34756.43101875005 34923.39001875005 82 45
35141.96443541671 35324.094562500046 82 44
44051.37186250003 44300.81086250003 82 56
45337.1585291667 45427.812195833365 82 56
45626.68611250003 46415.18261250002 82 55
48216.05227916669 48472.81377916669 82 56
49012.16377916669 49282.89727916669 82 50
2033.0977500000006 2681.377749999999 84 55
6209.954166666666 6860.520166666666 84 55
10356.386416666668 11012.592416666668 84 55
14521.58225000001 15179.126250000012 84 48
19434.793827083362 19825.399827083358 84 50
26929.72188958338 27588.62938958338 84 55
31113.297556250054 31766.16855625005 84 55
36017.968800000024 36408.57480000003 84 50
43517.18386250003 44176.09136250003 84 63
47688.90427916668 48344.433029166685 84 66
18428.632379166695 18680.878231250026 86 47
35011.80735208338 35264.05320416671 86 47
