60803.50417291663 61477.85267291663 31 56
61134.99567291663 61857.84826874997 31 62
99483.5769583333 100157.9254583333 31 56
99815.0684583333 100539.62755416663 31 62
11117.913956249999 11483.029316666665 38 46
22461.028887500015 22854.54736666668 38 50
33141.32434375 33506.43970416666 38 46
44491.205274999964 44801.424108333296 38 50
52533.05918958328 52712.024643749945 43 51
60803.50417291663 61477.85267291663 43 67
61134.99567291663 61857.84826874997 43 70
83053.67856041662 83447.19703958329 43 42
91213.13197499998 91392.09742916665 43 51
99483.5769583333 100157.9254583333 43 67
99815.0684583333 100539.62755416663 43 70
121996.62334583332 122430.29688749998 43 42
15548.086225000005 15747.327706250004 45 51
21360.94638750001 21905.305887500013 45 55
22086.028887500015 22461.028887500015 45 54
37571.496612499985 37770.73809374998 45 51
43384.35677499998 43930.92002499996 45 55
44113.84677499996 44491.205274999964 45 54
52875.07192291661 53144.43213958329 45 55
91555.14470833332 91824.50492499999 45 55
7352.105666666667 8059.01458125 47 52
29375.51605416668 30082.424968750016 47 52
53211.09883958328 53544.43233958328 47 56
65111.74133958331 65818.65025416661 47 52
91891.17162499999 92224.50512499998 47 56
103793.52062499999 104500.42953958329 47 52
6696.367666666668 7361.6685125 48 52
9405.258456249998 10420.511368749998 48 52
28719.77805416668 29385.078900000015 48 52
31428.668843750005 32443.921756250005 48 52
53544.43233958328 53893.26933958328 48 58
64456.0033395833 65121.30418541664 48 52
92224.50512499998 92573.34212499998 48 58
103137.78262499998 103803.08347083331 48 52
10411.420456249998 11077.913972916665 49 47
15902.548781250007 16083.104375000004 49 46
32434.830843750005 33101.32436041667 49 47
37925.95916874998 38106.51476249997 49 46
8360.275291666665 8718.294393749999 50 44
10775.056956249997 11433.628110416665 50 51
11462.071229166664 11661.312710416665 50 51
21724.58288750001 22086.028887500015 50 59
30383.68567916668 30741.704781250006 50 44
32798.46734375 33457.03849791666 50 51
33485.481616666664 33684.723097916656 50 51
43747.993274999964 44113.84677499996 50 59
49808.31404999994 50063.56575624994 50 45
53893.26933958328 54089.990739583285 50 60
58370.850672916626 58757.94767291662 50 46
66119.9109645833 66477.93006666662 50 44
68877.5496291666 69242.6649895833 50 46
73307.7218979166 73506.96337916663 50 69
79120.58206041662 79695.48606041662 50 55
81942.31306041662 82491.13481041661 50 38
82676.32006041662 83053.67856041662 50 37
88488.38683541663 88743.63854166665 50 45
92573.34212499998 92770.06352499999 50 60
97050.92345833332 97438.02045833333 50 46
104801.69024999999 105159.70935208332 50 44
107559.3289145833 107924.44427499997 50 46
111989.50118333328 112188.7426645833 50 69
117802.3613458333 118388.22009583328 50 55
120675.94234583329 121260.59859583332 50 38
121474.88434583331 121996.62334583332 50 37
16246.76677916667 16432.006358333336 52 47
38270.17716666665 38455.41674583332 52 47
50144.121352083275 50477.45485208327 52 48
54221.13833958329 54601.02657291662 52 57
88824.19413749997 89157.52763749997 52 48
92901.21112499997 93281.09935833332 52 57
11816.533785416666 11997.089379166668 54 46
20364.34788750001 20709.534500000012 54 55
33839.94417291665 34020.49976666665 54 46
42387.75827499998 42732.94488749997 54 55
50477.45485208327 50824.27585208327 54 49
73662.1844541666 73842.74004791661 54 59
89157.52763749997 89504.34863749998 54 49
112343.96373958328 112524.51933333329 54 59
1333.3340000000003 2352.9420000000005 55 52
3045.5570000000007 3719.9055000000003 55 47
3377.0485000000003 4099.901095833334 55 52
4370.455333333334 5040.9298333333345 55 47
4701.946833333334 5368.916650000001 55 52
5686.563666666668 6349.546666666668 55 47
6018.055166666668 6712.7611166666675 55 52
8711.192122916664 9434.104624999998 55 52
20007.20488750001 20364.34788750001 55 55
20701.42638750001 21036.924070833345 55 51
23349.917887500014 24369.52588750001 55 52
25062.140887500012 25736.48938750001 55 47
25393.63238750001 26119.91648333334 55 52
26390.470720833346 27060.945220833346 55 47
26721.962220833346 27392.327037500014 55 52
27709.97405416668 28372.95705416668 55 47
28041.46555416668 28727.974779166678 55 52
30734.602510416677 31457.515012500007 55 52
42030.61527499998 42387.75827499998 55 55
42724.83677499998 43060.33445833332 55 51
50824.27585208327 51165.18485208327 55 51
52704.881789583276 52887.78378541661 55 44
53043.87348958328 53223.59884583329 55 47
53377.76558958329 53614.19973958329 55 49
53718.85083958328 53904.19830624995 55 51
54057.203839583286 54233.70817083329 55 51
55568.91033958329 55987.904714583296 55 54
59091.28117291662 60110.88917291663 55 62
62128.40250624997 62798.87700624997 55 47
62459.89400624997 63128.552322916636 55 52
63446.1993395833 64109.1823395833 55 47
63777.690839583294 64468.2984270833 55 52
66470.8277958333 67193.74029791662 55 52
69221.70690208329 69420.94838333329 55 51
79484.2185604166 80077.20806041663 55 59
82305.9495604166 82676.32006041662 55 41
89504.34863749998 89845.25763749998 55 51
91384.95457499998 91567.85657083332 55 44
91723.946275 91903.67163124998 55 47
92057.83837499998 92294.27252499998 55 49
92398.92362499998 92584.27109166665 55 51
92737.27662499998 92913.78095624998 55 51
94248.98312499998 94667.97749999998 55 54
97771.35395833332 98790.96195833331 55 62
100810.18179166662 101480.65629166662 55 47
101141.67329166662 101810.33160833329 55 52
102127.97862499996 102790.96162499997 55 47
102459.47012499996 103159.64055833331 55 52
105152.60708124998 105875.5195833333 55 52
107903.48618749996 108102.72766874998 55 51
118165.99784583329 118789.0138458333 55 59
121046.31284583331 121474.88434583331 55 41
8032.915666666668 8373.788812499999 57 52
12160.751783333333 12345.9913625 57 47
16575.616391666666 16796.379583333335 57 51
19666.295887500004 20007.20488750001 57 54
21025.750887500013 21433.67368750001 57 57
30056.326054166682 30397.19920000001 57 52
34184.162170833326 34369.40175 57 47
38599.02677916665 38819.78997083332 57 51
41689.706274999975 42030.61527499998 57 54
43049.161274999984 43457.08407499998 57 57
51165.18485208327 51364.07975208327 57 53
55243.17608958329 55578.68687499996 57 49
57983.75367291662 58370.850672916626 57 46
65792.55133958328 66133.42448541663 57 52
74006.40245208328 74191.64203124994 57 72
89845.25763749998 90044.15253749998 57 53
93923.24887499998 94258.75966041665 57 49
96663.82645833332 97050.92345833332 57 46
104474.33062499996 104815.20377083331 57 52
112688.18173749997 112873.42131666662 57 72
1333.3340000000003 2352.9420000000005 59 62
3045.5570000000007 3719.9055000000003 59 56
3377.0485000000003 4099.901095833334 59 62
4370.455333333334 5040.9298333333345 59 56
4701.946833333334 5368.916650000001 59 62
5686.563666666668 6349.546666666668 59 56
6018.055166666668 6712.7611166666675 59 62
7352.105666666667 8059.01458125 59 62
19325.3868875 19666.295887500004 59 55
23349.917887500014 24369.52588750001 59 62
25062.140887500012 25736.48938750001 59 56
25393.63238750001 26119.91648333334 59 62
26390.470720833346 27060.945220833346 59 56
26721.962220833346 27392.327037500014 59 62
27709.97405416668 28372.95705416668 59 56
28041.46555416668 28727.974779166678 59 62
29375.51605416668 30082.424968750016 59 62
41348.79727499998 41689.706274999975 59 55
51496.67635208327 52010.99535208327 59 50
54907.98058958329 55287.86882291663 59 57
55904.105839583295 56234.03003333329 59 50
59091.28117291662 60110.88917291663 59 62
62128.40250624997 62798.87700624997 59 56
62459.89400624997 63128.552322916636 59 62
63446.1993395833 64109.1823395833 59 56
63777.690839583294 64468.2984270833 59 62
65111.74133958331 65818.65025416661 59 62
69576.16945833329 69756.72505208329 59 46
78123.98356041663 78469.17017291664 59 55
80945.71456041663 81290.90117291664 59 38
90176.74913749998 90691.0681375 59 50
93588.05337499997 93967.9416083333 59 57
94584.17862499997 94914.10281874998 59 50
97771.35395833332 98790.96195833331 59 62
100810.18179166662 101480.65629166662 59 56
101141.67329166662 101810.33160833329 59 62
102127.97862499996 102790.96162499997 59 56
102459.47012499996 103159.64055833331 59 62
103793.52062499999 104500.42953958329 59 62
108257.94874374996 108438.50433749997 59 46
116805.76284583332 117150.94945833331 59 55
119673.5653458333 120024.5304583333 59 38
6696.367666666668 7361.6685125 60 62
28719.77805416668 29385.078900000015 60 62
54556.33383958329 54917.75712499996 60 52
56229.84008958329 57439.38092291662 60 54
64456.0033395833 65121.30418541664 60 62
67164.89412916663 68180.14704166661 60 52
77766.84056041662 78123.98356041663 60 55
78461.06206041663 78796.55974374995 60 51
80588.57156041662 80945.71456041663 60 38
81282.79306041663 81618.29074374995 60 35
93236.40662499999 93597.82991041664 60 52
94909.91287499998 96119.45370833333 60 54
103137.78262499998 103803.08347083331 60 62
105846.6734145833 106861.92632708329 60 52
116448.61984583331 116805.76284583332 60 55
117142.84134583332 117478.33902916663 60 51
119316.42234583329 119673.5653458333 60 38
120016.4223458333 120351.92002916662 60 35
16901.570887500002 17231.2413875 61 56
18608.4518875 19119.865504166668 61 52
38924.981274999984 39254.65177499999 61 56
40631.86227499998 41143.27589166665 61 52
57256.45417291662 57622.30767291662 61 48
68171.05612916661 68837.54964583328 61 47
95936.52695833333 96302.38045833331 61 48
106852.8354145833 107519.32893124995 61 47
12489.601395833335 12710.3645875 62 51
13145.226391666667 13498.167391666668 62 50
13839.076391666667 14206.794462500002 62 51
17584.1823875 18624.44025 62 58
18957.288887500003 19495.841387500004 62 58
19495.841387500004 19679.079975000004 62 44
19836.750387500007 20017.621558333343 62 50
20185.77638750001 20421.93213125001 62 47
34513.01178333333 34733.77497499999 62 51
35168.63677916667 35521.57777916667 62 50
35862.48677916667 36230.204849999995 62 51
39607.59277499999 40647.85063749998 62 58
40980.69927499998 41519.25177499998 62 58
41519.25177499998 41702.49036249998 62 44
41860.16077499998 42041.03194583332 62 50
42209.18677499999 42445.34251874998 62 47
45285.95127499996 49276.0825166666 62 50
49976.97358541661 50156.62135833327 62 39
50310.78810208327 50490.46063958327 62 41
50650.865352083274 50892.45765208327 62 43
50994.73035208327 51176.23456874994 62 45
51330.930602083274 51509.60738333327 62 45
57622.30767291662 57983.75367291662 62 51
68534.69262916662 69193.26378333328 62 51
69920.38745624995 70105.62703541662 62 47
74335.25206458328 74556.01525624994 62 62
76032.8920604166 76879.50117708328 62 59
77425.93156041663 77766.84056041662 62 54
78785.38656041662 79193.30936041662 62 57
80247.66256041663 80588.57156041662 62 37
81607.11756041662 82015.04036041662 62 39
83966.02406041665 87956.15530208331 62 50
88657.04637083331 88836.69414374996 62 39
88990.86088749996 89170.53342499997 62 41
89330.93813749996 89572.53043749998 62 43
89674.80313749998 89856.30735416665 62 45
90011.00338749998 90189.68016874998 62 45
96302.38045833331 96663.82645833332 62 51
107216.4719145833 107875.04306874996 62 51
108602.16674166663 108787.4063208333 62 47
113017.03134999996 113237.79454166663 62 62
114714.67134583328 115561.28046249997 62 59
116107.71084583331 116448.61984583331 62 54
117467.16584583331 117875.0886458333 62 57
118967.5853458333 119316.42234583329 62 37
120340.74684583329 120750.0164458333 62 39
13498.167391666668 13854.972354166668 64 58
14871.27389166667 15220.435870833338 64 57
17231.2413875 17584.1823875 64 50
35521.57777916667 35878.38274166666 64 58
36894.68427916666 37243.846258333324 64 57
39254.65177499999 39607.59277499999 64 50
77085.02256041662 77425.93156041663 64 55
79906.75356041662 80247.66256041663 64 38
115766.8018458333 116107.71084583331 64 55
118610.44234583329 118967.5853458333 64 38
11117.913956249999 11483.029316666665 66 44
12815.555891666667 13145.226391666667 66 56
14522.436891666668 14920.156568750004 66 52
15206.469391666671 15569.044312500004 66 51
33141.32434375 33506.43970416666 66 44
34838.96627916666 35168.63677916667 66 56
36545.84727916665 36943.56695624999 66 52
37229.87977916665 37592.45469999998 66 51
45640.98077499996 46043.318274999954 66 43
47710.36218333327 48087.39137499994 66 46
49808.31404999994 50156.62135833327 66 48
57983.75367291662 58548.270131249956 66 55
68877.5496291666 69242.6649895833 66 44
74661.20656041661 74990.8770604166 66 71
76368.0875604166 76879.50117708328 66 52
84321.05356041665 84723.39106041666 66 43
86390.43496874999 86767.46416041665 66 46
88488.38683541663 88836.69414374996 66 48
96663.82645833332 97228.34291666665 66 55
107559.3289145833 107924.44427499997 66 44
113342.9858458333 113672.65634583328 66 71
115049.8668458333 115561.28046249997 66 52
2352.9420000000005 2686.2755000000006 67 72
2686.2755000000006 3719.9055000000003 67 72
10411.420456249998 11077.913972916665 67 54
10775.056956249997 11433.628110416665 67 51
14187.241391666666 14538.425254166668 67 58
24369.52588750001 24702.859387500008 67 72
24702.859387500008 25736.48938750001 67 72
32434.830843750005 33101.32436041667 67 54
32798.46734375 33457.03849791666 67 51
36210.65177916666 36561.83564166666 67 58
47022.52818333328 47383.65772499994 67 46
48067.50501666661 48421.19810416661 67 50
50144.121352083275 50490.46063958327 67 50
57256.45417291662 57622.30767291662 67 47
57622.30767291662 57803.03067291662 67 58
57803.03067291662 58007.94723541662 67 49
60110.88917291663 60444.22267291663 67 72
60444.22267291663 61477.85267291663 67 72
68171.05612916661 68837.54964583328 67 54
68534.69262916662 69193.26378333328 67 51
70249.23706874996 70470.00026041662 67 51
70904.86206458329 71257.80306458328 67 50
71598.71206458326 71966.4301354166 67 51
75343.8180604166 76052.44513124994 67 80
76032.8920604166 76384.07592291661 67 67
76716.92456041662 77255.47706041663 67 58
77255.47706041663 77438.71564791663 67 44
77596.38606041663 77777.25723124997 67 50
77945.41206041662 78181.56780416664 67 47
79338.76396041662 79484.2185604166 67 67
79484.2185604166 80077.20806041663 67 76
80077.20806041663 80260.44664791663 67 30
80418.11706041663 80598.98823124997 67 35
80767.14306041662 81003.29880416664 67 32
82160.49496041662 82305.9495604166 67 46
82305.9495604166 83331.45631041663 67 53
85702.60096874999 86063.73051041666 67 46
86747.57780208331 87101.27088958332 67 50
88824.19413749997 89170.53342499997 67 50
95936.52695833333 96302.38045833331 67 47
96302.38045833331 96483.10345833332 67 58
96483.10345833332 96688.02002083333 67 49
98790.96195833331 99124.2954583333 67 72
99124.2954583333 100157.9254583333 67 72
106852.8354145833 107519.32893124995 67 54
107216.4719145833 107875.04306874996 67 51
108931.01635416664 109151.77954583331 67 51
109586.64134999996 109939.58234999995 67 50
110280.49134999995 110648.20942083329 67 51
114025.59734583327 114734.22441666662 67 80
114714.67134583328 115065.85520833329 67 67
115398.7038458333 115937.2563458333 67 58
115937.2563458333 116120.4949333333 67 44
116278.1653458333 116459.03651666665 67 50
116627.19134583331 116863.34708958332 67 47
118020.5432458333 118165.99784583329 67 67
118165.99784583329 118789.0138458333 67 76
118789.0138458333 118980.66673333329 67 30
119142.00384583329 119326.83901666662 67 35
119494.99384583329 119732.13674999996 67 32
120898.1646458333 121046.31284583331 67 46
121046.31284583331 122302.74584583331 67 53
5358.390333333335 5568.916666666668 69 72
9405.258456249998 9734.928956249998 69 56
9908.339456249998 10411.420456249998 69 52
15094.737558333338 15220.435870833338 69 51
18156.9773875 18292.80945833333 69 52
27381.800720833347 27592.32705416668 69 72
31428.668843750005 31758.339343750005 69 56
31931.749843750003 32434.830843750005 69 52
37118.14794583332 37243.846258333324 69 51
40180.38777499999 40316.219845833315 69 52
45985.51477499996 46427.76704583328 69 43
47369.45318333328 47724.56672499994 69 46
48408.414016666604 48787.44628333327 69 46
50477.45485208327 50892.45765208327 69 53
56229.84008958329 56634.86798541662 69 57
56783.243006249955 56928.77060624996 69 49
57712.66917291662 57983.75367291662 69 49
63118.02600624997 63328.55233958329 69 72
67164.89412916663 67494.5646291666 69 56
67667.9751291666 68171.05612916661 69 52
71257.80306458328 71614.60802708326 69 58
72630.90956458327 72980.07154374995 69 57
74990.8770604166 75343.8180604166 69 65
79120.58206041662 79266.03666041662 69 73
79266.03666041662 79411.49126041662 69 67
79411.49126041662 79695.48606041662 69 67
81942.31306041662 82087.76766041662 69 51
82087.76766041662 82233.22226041662 69 46
82233.22226041662 82491.13481041661 69 46
84665.58756041665 85107.83983124999 69 43
86049.52596875 86404.63951041666 69 46
87088.48680208332 87467.51906874997 69 46
89157.52763749997 89572.53043749998 69 53
94909.91287499998 95314.94077083332 69 57
95463.31579166665 95608.84339166667 69 49
96392.74195833332 96663.82645833332 69 49
101799.80529166662 102010.33162499995 69 72
105846.6734145833 106176.34391458328 69 56
106349.7544145833 106852.8354145833 69 52
109939.58234999995 110296.38731249995 69 58
111312.68884999996 111661.85082916662 69 57
113672.65634583328 114025.59734583327 69 65
117802.3613458333 117947.8159458333 69 73
117947.8159458333 118093.2705458333 69 67
118093.2705458333 118388.22009583328 69 67
120675.94234583329 120824.0905458333 69 51
120824.0905458333 120972.23874583331 69 46
120972.23874583331 121260.59859583332 69 46
1686.275 2019.6085000000003 71 72
2019.6085000000003 2602.9421250000005 71 72
2602.9421250000005 3045.5570000000007 71 66
5040.9298333333345 5368.916650000001 71 72
5463.653500000001 5686.563666666668 71 63
5686.563666666668 6349.546666666668 71 72
8525.788179166664 8614.240966666664 71 52
8711.192122916664 9165.737456249997 71 62
9052.101122916663 9434.104624999998 71 52
9734.928956249998 10081.749956249996 71 55
14983.005725000003 15206.469391666671 71 51
18040.6983875 18273.256387499998 71 55
23702.858887500013 24036.192387500014 71 72
24036.192387500014 24619.52601250001 71 72
24619.52601250001 25062.140887500012 71 66
27060.945220833346 27392.327037500014 71 72
27487.06388750001 27709.97405416668 71 63
27709.97405416668 28372.95705416668 71 72
30549.198566666673 30637.651354166675 71 52
30734.602510416677 31189.147843750008 71 62
31075.511510416676 31457.515012500007 71 52
31758.339343750005 32105.16034375001 71 55
37006.41611249999 37229.87977916665 71 51
40064.108774999986 40296.66677499998 71 55
46681.61918333328 47192.98268333328 71 50
47823.99851666661 48067.50501666661 71 44
48067.50501666661 48294.777683333275 71 52
48764.71901666661 49276.0825166666 71 50
50824.27585208327 51176.23456874994 71 55
51364.07975208327 51496.67635208327 71 52
52533.05918958328 52887.78378541661 71 57
55568.91033958329 55987.904714583296 71 58
56122.31325624996 56234.03003333329 71 52
56675.716172916626 56917.47117291662 71 49
59444.22217291663 59777.55567291663 71 72
59777.55567291663 60360.88929791663 71 72
60360.88929791663 60803.50417291663 71 66
62798.87700624997 63128.552322916636 71 72
63223.28917291663 63446.1993395833 71 63
63446.1993395833 64109.1823395833 71 72
66285.42385208332 66373.87663958331 71 52
66470.8277958333 66925.37312916663 71 62
66811.73679583329 67193.74029791662 71 52
67494.5646291666 67841.38562916662 71 55
70575.19156458329 70904.86206458329 71 56
72282.07256458327 72679.7922416666 71 52
72966.10506458327 73328.67998541662 71 51
78785.38656041662 79193.30936041662 71 73
79193.30936041662 79338.76396041662 71 66
81607.11756041662 82015.04036041662 71 52
82015.04036041662 82160.49496041662 71 46
85361.69196874999 85873.05546875 71 50
86504.07130208332 86747.57780208331 71 44
86747.57780208331 86974.85046875 71 52
87444.7918020833 87956.15530208331 71 50
89504.34863749998 89856.30735416665 71 55
90044.15253749998 90176.74913749998 71 52
91213.13197499998 91567.85657083332 71 57
94248.98312499998 94667.97749999998 71 58
94802.38604166664 94914.10281874998 71 52
95355.78895833332 95597.54395833334 71 49
98124.29495833332 98457.62845833332 71 72
98457.62845833332 99040.96208333332 71 72
99040.96208333332 99483.5769583333 71 66
101480.65629166662 101810.33160833329 71 72
101905.06845833329 102127.97862499996 71 63
102127.97862499996 102790.96162499997 71 72
104967.2031375 105055.655925 71 52
105152.60708124998 105607.15241458331 71 62
105493.51608124998 105875.5195833333 71 52
106176.34391458328 106523.16491458329 71 55
109256.97084999997 109586.64134999996 71 56
110963.85184999995 111361.57152708329 71 52
111647.88434999995 112010.4592708333 71 51
117467.16584583331 117875.0886458333 71 73
117875.0886458333 118020.5432458333 71 66
120340.74684583329 120750.0164458333 71 52
120750.0164458333 120898.1646458333 71 46
4039.0545000000006 4250.694833333334 72 72
5568.916666666668 5707.281885416668 72 64
8032.915666666668 8217.435858333332 72 61
8279.694062499999 8373.788812499999 72 52
8442.134904166665 8532.810647916664 72 52
8611.367404166664 8718.294393749999 72 52
9570.09370625 9908.339456249998 72 47
26059.06988750001 26270.710220833345 72 72
27592.32705416668 27730.69227291668 72 64
30056.326054166682 30240.846245833345 72 61
30303.104450000013 30397.19920000001 72 52
30465.545291666676 30556.22103541668 72 52
30634.777791666675 30741.704781250006 72 52
31593.504093750005 31931.749843750003 72 47
46329.75570833328 46691.56236249994 72 43
47369.45318333328 47596.725849999944 72 54
47937.63484999994 48087.39137499994 72 44
48181.14134999994 48408.414016666604 72 45
48408.414016666604 48635.686683333275 72 52
51165.18485208327 51297.78145208327 72 56
51297.78145208327 51430.37805208327 72 50
51430.37805208327 51509.60738333327 72 56
52875.07192291661 53223.59884583329 72 60
55243.17608958329 55461.38350624996 72 58
55461.38350624996 55578.68687499996 72 53
56014.78642291663 56229.84008958329 72 52
56565.03558958329 56783.243006249955 72 54
61797.00167291664 62008.642006249975 72 72
63328.55233958329 63466.91755833329 72 64
65792.55133958328 65977.07153124997 72 61
66039.32973541663 66133.42448541663 72 52
66201.77057708331 66292.4463208333 72 52
66371.00307708331 66477.93006666662 72 52
67329.7293791666 67667.9751291666 72 47
71946.87706458326 72298.06092708326 72 58
78677.27839374996 78796.55974374995 72 65
81499.00939374996 81618.29074374995 72 45
85009.82849375 85371.63514791666 72 43
86049.52596875 86276.79863541665 72 54
86617.70763541665 86767.46416041665 72 44
86861.21413541665 87088.48680208332 72 45
87088.48680208332 87315.75946874998 72 52
89845.25763749998 89977.85423749998 72 56
89977.85423749998 90110.45083749999 72 50
90110.45083749999 90189.68016874998 72 56
91555.14470833332 91903.67163124998 72 60
93923.24887499998 94141.45629166665 72 58
94141.45629166665 94258.75966041665 72 53
94694.85920833329 94909.91287499998 72 52
95245.10837499998 95463.31579166665 72 54
100478.78095833329 100690.42129166663 72 72
102010.33162499995 102148.69684374996 72 64
104474.33062499996 104658.85081666664 72 61
104721.1090208333 104815.20377083331 72 52
104883.54986249999 104974.22560625 72 52
105052.7823625 105159.70935208332 72 52
106011.50866458329 106349.7544145833 72 47
110628.65634999995 110979.84021249996 72 58
117359.05767916664 117478.33902916663 72 65
120232.63867916663 120351.92002916662 72 45
14871.27389166667 15094.737558333338 73 60
17925.0913875 18156.9773875 73 60
36894.68427916666 37118.14794583332 73 60
39948.50177499999 40180.38777499999 73 60
1000.0005000000001 1333.3340000000003 74 72
1333.3340000000003 1936.2751250000003 74 72
1936.2751250000003 2352.9420000000005 74 67
3719.9055000000003 4099.901095833334 74 72
4144.8746666666675 4370.455333333334 74 66
4370.455333333334 5040.9298333333345 74 72
6349.546666666668 6712.7611166666675 74 72
6860.302166666668 7188.171166666668 74 61
7856.445166666667 8059.01458125 74 67
8198.310166666666 8295.823087499999 74 59
8360.275291666665 8451.80340625 74 59
14522.436891666668 14920.156568750004 74 59
15206.469391666671 15569.044312500004 74 61
17811.45505416667 17940.98735 74 56
18782.8703875 18957.288887500003 74 59
18957.288887500003 19495.841387500004 74 59
21579.12828750001 21724.58288750001 74 67
21724.58288750001 22738.806637500013 74 76
23016.584387500014 23349.917887500014 74 72
23349.917887500014 23952.859012500012 74 72
23952.859012500012 24369.52588750001 74 67
25736.48938750001 26119.91648333334 74 72
26164.890054166677 26390.470720833346 74 66
26390.470720833346 27060.945220833346 74 72
28372.95705416668 28727.974779166678 74 72
28883.712554166683 29211.58155416668 74 61
29879.855554166683 30082.424968750016 74 67
30221.72055416668 30319.233475000015 74 59
30383.68567916668 30475.21379375001 74 59
36545.84727916665 36943.56695624999 74 59
37229.87977916665 37592.45469999998 74 61
39834.865441666654 39964.39773749999 74 56
40806.28077499998 40980.69927499998 74 59
40980.69927499998 41519.25177499998 74 59
43602.53867499997 43747.993274999964 74 67
43747.993274999964 44710.18327499996 74 76
44929.16127499996 45285.95127499996 74 50
45285.95127499996 45810.47227499996 74 50
47192.98268333328 47383.65772499994 74 50
47483.08951666661 47710.36218333327 74 45
48294.777683333275 48421.19810416661 74 45
48522.05034999995 48764.71901666661 74 46
48764.71901666661 49276.0825166666 74 46
49105.628016666604 49467.16526666661 74 55
49467.16526666661 49849.27449583328 74 58
51231.483152083274 51330.930602083274 74 60
51496.67635208327 52010.99535208327 74 59
53211.09883958328 53614.19973958329 74 63
54907.98058958329 55287.86882291663 74 62
55353.85667291663 55568.91033958329 74 53
55904.105839583295 56122.31325624996 74 58
58757.94767291662 59091.28117291662 74 72
59091.28117291662 59694.222297916625 74 72
59694.222297916625 60110.88917291663 74 67
61477.85267291663 61857.84826874997 74 72
61902.8218395833 62128.40250624997 74 66
62128.40250624997 62798.87700624997 74 72
64109.1823395833 64468.2984270833 74 72
64619.93783958331 64947.80683958331 74 61
65616.08083958329 65818.65025416661 74 67
65957.94583958329 66055.45876041663 74 59
66119.9109645833 66211.43907916664 74 59
72854.37323124993 72980.07154374995 74 51
75916.6130604166 76052.44513124994 74 59
78123.98356041663 78469.17017291664 74 70
78569.17022708329 78785.38656041662 74 65
80945.71456041663 81290.90117291664 74 44
81390.90122708329 81607.11756041662 74 45
83609.23406041662 83966.02406041665 74 50
83966.02406041665 84490.54506041665 74 50
85873.05546875 86063.73051041666 74 50
86163.16230208332 86390.43496874999 74 45
86974.85046875 87101.27088958332 74 45
87202.12313541664 87444.7918020833 74 46
87444.7918020833 87956.15530208331 74 46
87785.7008020833 88147.2380520833 74 55
88147.2380520833 88529.34728124997 74 58
89911.55593749999 90011.00338749998 74 60
90176.74913749998 90691.0681375 74 59
91891.17162499999 92294.27252499998 74 63
93588.05337499997 93967.9416083333 74 62
94033.92945833331 94248.98312499998 74 53
94584.17862499997 94802.38604166664 74 58
97438.02045833333 97771.35395833332 74 72
97771.35395833332 98374.29508333332 74 72
98374.29508333332 98790.96195833331 74 67
100157.9254583333 100539.62755416663 74 72
100584.60112499996 100810.18179166662 74 66
100810.18179166662 101480.65629166662 74 72
102790.96162499997 103159.64055833331 74 72
103301.717125 103629.58612499999 74 61
104297.86012499998 104500.42953958329 74 67
104639.72512499997 104737.2380458333 74 59
104801.69024999999 104893.21836458331 74 59
111536.15251666663 111661.85082916662 74 51
114598.39234583327 114734.22441666662 74 59
116805.76284583332 117150.94945833331 74 70
117250.94951249997 117467.16584583331 74 65
119673.5653458333 120024.5304583333 74 44
120124.53051249996 120340.74684583329 74 45
4250.694833333334 4378.742620833334 76 66
6696.367666666668 6778.334916666668 76 67
6778.334916666668 7024.236666666668 76 66
7024.236666666668 7352.105666666667 76 64
7679.974666666667 8032.915666666668 76 67
10081.749956249996 10420.511368749998 76 59
14187.241391666666 14410.705058333335 76 59
14410.705058333335 14538.425254166668 76 51
17697.818720833337 17925.0913875 76 62
18273.256387499998 18496.720054166664 76 59
18496.720054166664 18624.44025 76 56
18695.6611375 18870.079637500003 76 53
18870.079637500003 19119.865504166668 76 54
21360.94638750001 21506.400987500012 76 73
21506.400987500012 21651.855587500013 76 67
21651.855587500013 21905.305887500013 76 67
26270.710220833345 26398.758008333345 76 66
28719.77805416668 28797.64694166668 76 67
28801.74530416668 29047.647054166682 76 66
29047.647054166682 29375.51605416668 76 64
29703.38505416668 30056.326054166682 76 67
32105.16034375001 32443.921756250005 76 59
36210.65177916666 36434.11544583332 76 59
36434.11544583332 36561.83564166666 76 51
39721.229108333326 39948.50177499999 76 62
40296.66677499998 40520.130441666646 76 59
40520.130441666646 40647.85063749998 76 56
40719.07152499998 40893.49002499998 76 53
40893.49002499998 41143.27589166665 76 54
43384.35677499998 43529.811374999976 76 73
43529.811374999976 43675.265974999966 76 67
43675.265974999966 43930.92002499996 76 67
47596.725849999944 47724.56672499994 76 45
48635.686683333275 48787.44628333327 76 46
53544.43233958328 53904.19830624995 76 67
54089.990739583285 54221.13833958329 76 60
54556.33383958329 54907.98058958329 76 62
56917.47117291662 57439.38092291662 76 56
62008.642006249975 62136.689793749974 76 66
64456.0033395833 64516.11265624997 76 67
64537.97058958331 64783.872339583315 76 66
64783.872339583315 65111.74133958331 76 64
65439.6103395833 65792.55133958328 76 67
67841.38562916662 68180.14704166661 76 59
72742.6413979166 72966.10506458327 76 51
75800.33406041659 76032.8920604166 76 59
77766.84056041662 78181.56780416664 76 63
78461.06206041663 78677.27839374996 76 70
80588.57156041662 81003.29880416664 76 41
81282.79306041663 81499.00939374996 76 49
86276.79863541665 86404.63951041666 76 45
87315.75946874998 87467.51906874997 76 46
92224.50512499998 92584.27109166665 76 67
92770.06352499999 92901.21112499997 76 60
93236.40662499999 93588.05337499997 76 62
95597.54395833334 96119.45370833333 76 56
100690.42129166663 100818.46907916662 76 66
103137.78262499998 103197.89194166666 76 67
103219.749875 103465.651625 76 66
103465.651625 103793.52062499999 76 64
104121.38962499998 104474.33062499996 76 67
106523.16491458329 106861.92632708329 76 59
111424.42068333329 111647.88434999995 76 51
114482.11334583326 114714.67134583328 76 59
116448.61984583331 116863.34708958332 76 63
117142.84134583332 117359.05767916664 76 70
119316.42234583329 119732.13674999996 76 41
120016.4223458333 120232.63867916663 76 49
53893.26933958328 54024.41693958329 77 61
54024.41693958329 54155.56453958329 77 58
54155.56453958329 54233.70817083329 77 63
92573.34212499998 92704.48972499998 77 61
92704.48972499998 92835.63732499997 77 58
92835.63732499997 92913.78095624998 77 63
6737.351291666668 6860.302166666668 78 54
7188.171166666668 7361.6685125 78 69
7516.040166666668 7856.445166666667 78 67
13839.076391666667 14206.794462500002 78 60
14298.973225000002 14522.436891666668 78 51
17584.1823875 17811.45505416667 78 71
18384.988220833333 18608.4518875 78 56
18608.4518875 18782.8703875 78 59
21025.750887500013 21433.67368750001 78 75
21433.67368750001 21579.12828750001 78 66
28760.76167916668 28883.712554166683 78 54
29211.58155416668 29385.078900000015 78 69
29539.45055416668 29879.855554166683 78 67
35862.48677916667 36230.204849999995 78 60
36322.38361249999 36545.84727916665 78 51
39607.59277499999 39834.865441666654 78 71
40408.398608333315 40631.86227499998 78 56
40631.86227499998 40806.28077499998 78 59
43049.161274999984 43457.08407499998 78 75
43457.08407499998 43602.53867499997 78 66
45192.78352499996 45390.98083541663 78 43
46158.26077499995 46427.76704583328 78 50
64496.9869645833 64619.93783958331 78 54
64947.80683958331 65121.30418541664 78 69
65275.6758395833 65616.08083958329 78 67
72630.90956458327 72854.37323124993 78 60
75684.7270604166 75916.6130604166 78 69
77425.93156041663 77777.25723124997 78 63
80247.66256041663 80598.98823124997 78 42
83872.85631041664 84071.0536208333 78 43
84838.33356041666 85107.83983124999 78 50
103178.76624999999 103301.717125 78 54
103629.58612499999 103803.08347083331 78 69
103957.45512499998 104297.86012499998 78 67
111312.68884999996 111536.15251666663 78 60
114366.50634583327 114598.39234583327 78 69
116107.71084583331 116459.03651666665 78 63
118967.5853458333 119326.83901666662 78 42
1250.0006250000001 1686.275 79 66
7352.105666666667 7679.974666666667 79 74
13498.167391666668 13725.440058333334 79 59
13725.440058333334 13854.972354166668 79 51
15726.617652083338 15944.699918750006 79 54
16075.920468750006 16327.322375000005 79 56
16412.77557916667 16589.057245833334 79 59
16737.9556625 17066.4061375 79 62
17066.4061375 17407.7118875 79 65
17407.7118875 17655.205095833335 79 67
20917.642720833344 21036.924070833345 79 65
23266.584512500012 23702.858887500013 79 66
29375.51605416668 29703.38505416668 79 74
35521.57777916667 35748.850445833334 79 59
35748.850445833334 35878.38274166666 79 51
37750.02803958331 37968.110306249975 79 54
38099.33085624998 38350.73276249998 79 56
38436.18596666665 38612.46763333332 79 59
38761.36604999998 39089.81652499999 79 62
39089.81652499999 39431.122274999994 79 65
39431.122274999994 39678.61548333333 79 67
42941.05310833331 43060.33445833332 79 65
46852.07368333328 47192.98268333328 79 50
49371.62389166661 49521.142524999945 79 52
51841.50385208327 52195.04435208327 79 62
52195.04435208327 52602.024689583275 79 65
53958.84313958329 54057.203839583286 79 66
54221.13833958329 54601.02657291662 79 66
54815.95608958329 54917.75712499996 79 55
59007.94779791662 59444.22217291663 79 66
65111.74133958331 65439.6103395833 79 74
72282.07256458327 72679.7922416666 79 59
72966.10506458327 73328.67998541662 79 61
75571.09072708325 75700.62302291658 79 65
76542.5060604166 76716.92456041662 79 59
76716.92456041662 77255.47706041663 79 59
77085.02256041662 77438.71564791663 79 68
79906.75356041662 80260.44664791663 79 43
85532.14646874998 85873.05546875 79 50
88051.6966770833 88201.21531041664 79 52
90521.5766375 90875.11713749998 79 62
90875.11713749998 91282.09747499999 79 65
92638.91592499998 92737.27662499998 79 66
92901.21112499997 93281.09935833332 79 66
93496.02887499997 93597.82991041664 79 55
97688.02058333333 98124.29495833332 79 66
103793.52062499999 104121.38962499998 79 74
110963.85184999995 111361.57152708329 79 59
111647.88434999995 112010.4592708333 79 61
114252.87001249995 114382.40230833327 79 65
115224.2853458333 115398.7038458333 79 59
115398.7038458333 115937.2563458333 79 59
115766.8018458333 116120.4949333333 79 68
118610.44234583329 118980.66673333329 79 43
11640.602656249997 11858.684922916666 81 51
11989.905472916666 12241.307379166667 81 51
12326.760583333335 12503.042250000002 81 53
12651.94066666667 12980.391141666667 81 55
12980.391141666667 13321.696891666666 81 56
13321.696891666666 13569.1901 81 58
13611.803725 13839.076391666667 81 51
20364.34788750001 20709.534500000012 81 63
20809.53455416668 21025.750887500013 81 65
33664.01304374999 33882.095310416655 81 51
34013.31586041665 34264.717766666654 81 51
34350.17097083332 34526.45263749999 81 53
34675.35105416666 35003.80152916667 81 55
35003.80152916667 35345.10727916667 81 56
35345.10727916667 35592.6004875 81 58
35635.214112500005 35862.48677916667 81 51
42387.75827499998 42732.94488749997 81 63
42832.94494166665 43049.161274999984 81 65
46499.800933333274 46691.56236249994 81 50
71946.87706458326 72170.34073124993 81 59
72170.34073124993 72298.06092708326 81 51
75457.45439374993 75684.7270604166 81 65
76032.8920604166 76256.35572708327 81 65
76256.35572708327 76384.07592291661 81 56
76455.2968104166 76629.71531041662 81 53
76629.71531041662 76879.50117708328 81 54
85179.87371875 85371.63514791666 81 50
110628.65634999995 110852.12001666662 81 59
110852.12001666662 110979.84021249996 81 51
114139.2336791666 114366.50634583327 81 65
114714.67134583328 114938.13501249996 81 65
114938.13501249996 115065.85520833329 81 56
115137.0760958333 115311.4945958333 81 53
115311.4945958333 115561.28046249997 81 54
20007.20488750001 20421.93213125001 83 59
20701.42638750001 20917.642720833344 83 70
42030.61527499998 42445.34251874998 83 59
42724.83677499998 42941.05310833331 83 70
47022.52818333328 47369.45318333328 83 54
52103.01985208327 52284.93195208327 83 58
71598.71206458326 71966.4301354166 83 66
72058.6088979166 72282.07256458327 83 51
75343.8180604166 75571.09072708325 83 74
76144.62389374994 76368.0875604166 83 56
76368.0875604166 76542.5060604166 83 59
85702.60096874999 86049.52596875 83 54
90783.09263749998 90965.00473749998 83 58
110280.49134999995 110648.20942083329 83 66
110740.38818333329 110963.85184999995 83 51
114025.59734583327 114252.87001249995 83 74
114826.40317916662 115049.8668458333 83 56
115049.8668458333 115224.2853458333 83 59
45810.47227499996 46043.318274999954 84 50
71257.80306458328 71485.07573124993 84 64
71485.07573124993 71614.60802708326 84 56
73486.25332499995 73704.3355916666 84 67
73835.5561416666 74086.9580479166 84 68
74172.41125208329 74348.69291874995 84 70
74497.59133541661 74826.04181041662 84 72
74826.04181041662 75167.3475604166 84 73
75167.3475604166 75414.84076874993 84 68
84490.54506041665 84723.39106041666 84 50
109939.58234999995 110166.85501666661 84 64
110166.85501666661 110296.38731249995 84 56
112168.03261041663 112386.11487708328 84 67
112517.33542708328 112768.7373333333 84 68
112854.19053749996 113030.47220416662 84 70
113179.3706208333 113507.8210958333 84 72
113507.8210958333 113849.12684583328 84 73
113849.12684583328 114096.6200541666 84 68
19666.295887500004 20017.621558333343 85 61
41689.706274999975 42041.03194583332 85 61
19325.3868875 19679.079975000004 86 62
41348.79727499998 41702.49036249998 86 62
69400.23832916662 69618.32059583328 86 56
69749.54114583328 70000.94305208328 86 56
70086.39625624995 70262.67792291663 86 58
70411.57633958329 70740.02681458328 86 60
70740.02681458328 71081.33256458328 86 61
71081.33256458328 71328.8257729166 86 63
71371.4393979166 71598.71206458326 86 56
108082.01761458331 108300.09988124996 86 56
108431.32043124996 108682.72233749997 86 56
108768.17554166664 108944.4572083333 86 58
109093.35562499997 109421.80609999997 86 60
109421.80609999997 109763.11184999996 86 61
109763.11184999996 110010.60505833328 86 63
110053.21868333328 110280.49134999995 86 56
