96600.01175000003 96905.35575000003 36 40
103999.64815416667 104304.99215416667 36 40
96905.35575000003 97210.69975000001 38 32
104304.99215416667 104610.33615416667 38 32
97210.69975000001 97522.10175000003 39 32
104610.33615416667 104921.73815416667 39 32
111123.40655833331 111639.7145583333 39 41
97522.10175000003 97826.67075000003 41 40
104921.73815416667 105226.30715416667 41 40
21737.616749999986 22477.05299999999 43 56
37378.334499999975 38167.80849999997 43 56
97826.67075000003 98131.23975000004 43 34
98442.67525000001 98747.24425000002 43 40
105226.30715416667 105530.87615416668 43 34
105842.31165416667 106146.88065416667 43 40
133713.92555833326 134242.09430833327 43 56
98131.23975000004 98442.67525000001 44 34
105530.87615416668 105842.31165416667 44 34
98747.24425000002 99051.81325 45 37
106146.88065416667 106451.44965416664 45 37
102770.95365416667 103090.21071250002 46 44
110170.59005833331 110489.9625 46 44
110790.99655833333 111487.04255833331 46 46
21371.593999999986 21730.531729166654 47 57
37012.311749999964 37371.24947916664 47 57
99051.81325 99364.31325 47 39
106451.44965416664 106763.94965416664 47 39
133347.90280833325 133706.84053749993 47 57
96752.68375000003 96914.89775000002 48 28
99364.31325 99633.8505 48 43
104152.32015416668 104314.53415416667 48 28
106763.94965416664 107033.48690416664 48 43
143232.5495583332 143567.7455583332 48 45
143567.7455583332 143952.16355833318 48 44
143952.16355833318 144550.4140708332 48 45
18656.574983333318 19030.589749999985 50 44
21057.457999999988 21371.593999999986 50 57
21611.403814583322 21737.616749999986 50 53
34297.29273333332 34671.30749999998 50 44
36698.175749999966 37012.311749999964 50 57
37252.1215645833 37378.334499999975 50 53
61455.14124999995 61761.98194999994 50 53
86862.72025000001 87169.56095000001 50 53
97058.02775000002 97218.33335000003 50 28
103846.58715416669 104027.00188750001 50 36
104457.66415416666 104617.96975416667 50 28
130632.88379166658 131006.89855833327 50 44
133033.76680833328 133347.90280833325 50 57
133587.7126229166 133713.92555833326 50 53
97363.37175000002 97530.98501250004 51 28
99674.00596249998 99882.87809999999 51 36
103081.28215416669 103398.24597500003 51 45
103693.52615416668 103999.64815416667 51 40
104763.00815416667 104930.62141666668 51 28
107073.64236666664 107282.51450416663 51 36
110480.91855833333 111123.40655833331 51 45
5100.553999999996 5405.122999999996 52 40
12325.118499999997 12629.687499999998 52 40
27965.836249999986 28270.405249999985 52 40
43662.46574999996 43967.034749999955 52 40
61155.14124999995 61455.14124999995 52 53
61754.44424999994 62068.0219541666 52 53
69070.04474999994 69374.61374999993 52 40
86562.72025 86862.72025000001 52 53
87162.02325000001 87475.6009541667 52 53
94478.40675000004 94782.97575000003 52 40
139886.20755833323 139987.73055833325 52 40
141691.7805583332 141793.30355833322 52 40
5405.122999999996 5480.972479166662 53 44
12629.687499999998 12705.536979166665 53 44
28270.405249999985 28346.254729166652 53 44
43967.034749999955 44042.884229166615 53 44
60850.519249999954 61155.14124999995 53 53
61380.14124999994 61463.18581249994 53 42
62059.31549999994 62657.51997499994 53 53
69374.61374999993 69450.46322916662 53 44
86258.09825 86562.72025 53 53
86787.72025000001 86870.76481250001 53 42
87466.89450000002 88065.09897500003 53 53
94782.97575000003 94858.82522916672 53 44
97674.38625000004 97835.55401250004 53 30
103540.4651541667 103846.58715416669 53 44
105074.02265416668 105235.19041666668 53 30
124601.44680833325 124677.29628749992 53 44
140190.77655833322 140336.40755833325 53 44
141996.3495583332 142081.9077708332 53 44
62656.329499999934 62955.58201249993 54 53
88063.90850000002 88363.16101250003 54 53
2702.81475 3002.0667499999995 55 36
5997.894499999996 6077.384754166662 55 40
9925.490499999993 10224.742499999995 55 36
13222.458999999997 13301.949254166664 55 40
15347.273999999998 15645.780999999997 55 30
18955.776749999983 19255.02874999998 55 56
20758.20599999999 21057.457999999988 55 56
21293.059999999987 21453.115749999986 55 50
25569.398999999987 25868.650999999987 55 36
28863.17674999999 28942.66700416666 55 40
30987.991749999994 31286.49874999999 55 30
34596.494499999986 34895.74649999998 55 56
36398.92374999997 36698.175749999966 55 56
36933.77774999997 37093.833499999964 55 50
41266.02849999997 41565.280499999964 55 36
44559.80624999994 44639.29650416661 55 40
51781.789249999936 52095.92133749994 55 63
55415.702999999965 55747.26033749997 55 65
56646.39049999997 57539.69149999997 55 61
60549.01124999995 60850.519249999954 55 53
61071.10774999995 61163.89124999995 55 42
61754.44424999994 62068.0219541666 55 53
62951.69599999993 63272.712124999925 55 53
64564.12474999992 64861.14096666658 55 27
66665.43549999993 66971.55749999994 55 36
69967.38524999993 70046.8755041666 55 40
77189.36824999994 77503.50033749995 55 63
80823.28199999993 81154.83933749996 55 65
82053.96949999993 82947.27049999993 55 61
85956.59024999998 86258.09825 55 53
86478.68675 86571.47025 55 42
87162.02325000001 87475.6009541667 55 53
88359.27500000002 88680.29112500003 55 53
89971.70375000003 90268.7199666667 55 27
92073.01450000005 92379.91950000003 55 36
95375.74725000003 95455.2375041667 55 40
97978.95525000004 98140.75753125003 55 30
98594.95975000002 98752.95491875002 55 32
99985.734225 100148.44095833332 55 31
101847.71165416666 102263.16215416668 55 31
103387.4041541667 103693.52615416668 55 46
105378.59165416668 105540.39393541668 55 30
105994.59615416668 106152.59132291666 55 32
107385.37062916663 107548.07736249997 55 31
109247.3480583333 109662.79855833332 55 31
117097.6410583332 118753.10930833321 55 62
121899.13855833323 122198.39055833324 55 36
125194.21830833325 125273.70856249992 55 40
127327.26280833324 127622.82980833325 55 30
130932.08555833326 131231.33755833327 55 56
132734.51480833325 133033.76680833328 55 56
133269.36880833327 133429.42455833327 55 50
137489.77030833325 137789.02230833325 55 36
139886.20755833323 139987.73055833325 55 48
140783.54805833322 140899.44606249992 55 40
141691.7805583332 141793.30355833322 55 48
142589.12105833317 142666.18412916653 55 40
98283.52425000003 98445.21332500002 56 30
100312.61115416665 101360.49996666666 56 34
101233.90165416666 101856.43983749999 56 32
102156.91215416668 102472.38627500003 56 46
105683.16065416667 105844.84972916667 56 30
107712.24755833329 108760.1363708333 56 34
108633.5380583333 109256.07624166664 56 32
109556.54855833332 109872.02267916666 56 46
18055.329499999993 18656.574983333318 57 50
33696.04724999999 34297.29273333332 57 50
51483.28224999994 51781.789249999936 57 62
55117.19599999997 55316.200666666635 57 65
55316.200666666635 55424.4969833333 57 58
60775.14224999995 60854.195724999954 57 43
62059.31549999994 62955.58201249993 57 53
76890.86124999996 77189.36824999994 57 62
80524.77499999995 80723.7796666666 57 65
80723.7796666666 80832.07598333327 57 58
86182.72124999999 86261.774725 57 43
87466.89450000002 88363.16101250003 57 53
98899.52875000001 99058.32366666668 57 34
106299.16515416667 106457.96007083332 57 34
116897.6410583332 118013.67305833321 57 48
130031.63830833319 130632.88379166658 57 50
140190.77655833322 140336.40755833325 57 52
141996.3495583332 142081.9077708332 57 52
101233.90165416666 102263.16215416668 58 32
102463.5701541667 102782.26020416667 58 42
108633.5380583333 109662.79855833332 58 32
109863.20655833333 110181.89660833332 58 42
1800.2072500000002 2460.93075 59 30
9022.882999999996 9683.606499999994 59 30
14747.475499999997 15054.310229166664 59 27
17753.336999999996 18152.829499999993 59 37
19180.21574999998 19329.10274999998 59 50
20982.644999999986 21135.991999999987 59 50
24666.791499999985 25327.514999999985 59 30
30388.193249999993 30695.02797916666 59 27
33394.05474999999 33793.54724999999 59 37
34820.933499999985 34969.82049999998 59 50
36623.36274999997 36776.709749999965 59 50
40363.42099999996 41024.144499999966 59 30
51184.77524999995 51483.28224999994 59 61
51707.16249999994 51790.58323333327 59 57
54818.68899999996 55017.69366666663 59 65
55017.69366666663 55125.2805645833 59 58
55216.6983333333 55415.702999999965 59 58
65762.82799999992 66423.55149999994 59 30
76592.35424999996 76890.86124999996 59 61
77114.74149999995 77198.16223333328 59 57
80226.26799999994 80425.27266666661 59 65
80425.27266666661 80532.85956458328 59 58
80624.27733333327 80823.28199999993 59 58
91170.40700000004 91831.13050000006 59 30
99208.06325 99386.10810000001 59 34
106607.69965416664 106785.74450416667 59 34
116132.69055833321 116438.0345583332 59 44
116589.54955833321 116897.6410583332 59 44
120996.53105833323 121657.25455833325 59 30
126719.23480833325 127026.0695374999 59 27
129729.6458083332 130129.13830833319 59 37
131156.52455833327 131305.4115583333 59 50
132958.95380833326 133112.30080833327 59 50
136587.16280833323 137247.88630833325 59 30
300.75199999999995 607.4848541666668 60 27
2395.82025 2777.6277499999997 60 33
3901.3227499999985 4201.988499999998 60 40
5100.553999999996 5405.122999999996 60 48
5405.122999999996 5480.972479166662 60 52
6306.126999999996 7222.158999999996 60 44
7522.910999999996 7829.65820833333 60 27
9618.495999999996 10000.303499999995 60 33
11123.998499999996 11431.393010416663 60 40
12325.118499999997 12629.687499999998 60 48
12629.687499999998 12705.536979166665 60 52
13530.691499999995 14446.723499999996 60 44
15048.227499999997 15351.62722708333 60 27
17453.336999999996 17759.479499999994 60 37
18055.329499999993 18656.574983333318 60 50
23164.989499999985 23471.80945833332 60 27
25262.404499999986 25644.211999999985 60 33
26767.906999999985 27067.270749999985 60 40
27965.836249999986 28270.405249999985 60 48
28270.405249999985 28346.254729166652 60 52
29171.409249999993 30087.441249999993 60 44
30688.945249999993 30992.34497708333 60 27
33094.05474999998 33400.19724999999 60 37
33696.04724999999 34297.29273333332 60 50
38855.74499999998 39162.56495833331 60 27
40959.03399999996 41340.841499999966 60 33
42464.53649999996 42763.900249999955 60 40
43662.46574999996 43967.034749999955 60 48
43967.034749999955 44042.884229166615 60 52
44868.03874999994 45784.07074999994 60 44
50871.36774999994 51184.77524999995 60 59
51408.655499999935 51491.36681458327 60 56
52092.18999999994 52399.403454166604 60 61
54505.281499999954 54702.81216666663 60 65
54702.81216666663 54845.43025208329 60 59
54918.1913333333 55117.19599999997 60 58
55743.528999999966 56050.74245416663 60 61
64263.372749999915 64570.10560416659 60 27
64856.754999999925 65157.506999999925 60 30
66358.44099999995 66741.96599999993 60 33
67870.81349999996 68171.47924999995 60 40
69070.04474999994 69374.61374999993 60 48
69374.61374999993 69450.46322916662 60 52
70275.61774999993 71191.64974999994 60 44
76278.94674999996 76592.35424999996 60 59
76816.23449999996 76898.94581458329 60 56
77499.76899999996 77806.98245416663 60 61
79912.86049999994 80110.3911666666 60 65
80110.3911666666 80253.00925208327 60 59
80325.77033333328 80524.77499999995 60 58
81151.10799999995 81458.32145416662 60 61
89670.95175000002 89977.6846041667 60 27
90264.33400000003 90565.08600000004 60 30
91766.02000000005 92149.74075000004 60 33
93279.17550000006 93579.84125000004 60 40
94478.40675000004 94782.97575000003 60 48
94782.97575000003 94858.82522916672 60 52
95683.97975000003 96600.01175000003 60 44
99518.86324166667 99683.72099374999 60 31
106918.4996458333 107083.35739791662 60 31
111945.0585583333 112250.4025583333 60 43
113813.24905833325 114118.59305833325 60 30
115664.30305833321 115969.64705833321 60 35
116285.3625583332 116589.54955833321 60 38
116744.1885583332 117097.6410583332 60 54
119469.0608083332 119803.80866249988 60 27
121592.14405833324 121973.95155833324 60 33
123097.64655833326 123398.31230833326 60 40
124601.44680833325 124677.29628749992 60 52
125502.45080833325 126418.48280833325 60 44
127019.98680833324 127331.57316041658 60 27
129429.64580833323 129735.78830833321 60 37
130031.63830833319 130632.88379166658 60 50
135085.36080833327 135392.18076666657 60 27
137182.77580833324 137564.58330833327 60 33
138688.27830833325 138987.64205833327 60 40
142897.3535583332 143232.5495583332 60 41
143232.5495583332 143567.7455583332 60 53
143567.7455583332 143952.16355833318 60 52
143952.16355833318 144550.4140708332 60 53
16850.360999999997 17259.586999999992 62 37
17753.336999999996 18152.829499999993 62 46
19255.02874999998 19555.78474999998 62 57
20462.01074999999 20833.01899999999 62 44
32491.078749999986 32855.92974999999 62 37
33394.05474999999 33793.54724999999 62 46
34895.74649999998 35196.50249999998 62 57
36102.72849999997 36473.736749999975 62 44
48486.885499999946 48786.13749999994 62 36
50575.07174999994 50871.36774999994 62 57
51093.58974999994 51211.51650208328 62 54
52390.69699999994 52697.28856458327 62 63
52689.20399999994 53320.05924999993 62 65
54208.985499999944 54406.51616666662 62 65
54406.51616666662 54517.62716666662 62 60
54604.04683333329 54727.50349999996 62 59
56042.03599999997 56348.6275645833 62 63
56340.54299999997 56944.15749999997 62 65
73894.46449999993 74193.71649999994 62 36
75982.65074999996 76278.94674999996 62 57
76501.16874999997 76619.09550208329 62 54
77798.27599999995 78104.86756458328 62 63
78096.78299999997 78727.63824999995 62 65
79616.56449999993 79814.09516666661 62 65
79814.09516666661 79925.2061666666 62 60
80011.62583333327 80135.08249999995 62 59
81449.61499999995 81756.20656458328 62 63
81748.12199999996 82351.73649999993 62 65
111639.7145583333 111945.0585583333 62 43
112097.73055833329 112411.6930583333 62 48
112869.70905833329 113175.05305833327 62 38
113507.90505833326 113813.24905833325 62 30
113965.92105833325 114279.88355833325 62 33
114737.89955833324 115043.24355833323 62 31
115358.95905833323 115663.03079166656 62 31
115816.9750583332 116132.69055833321 62 39
116438.0345583332 116744.1885583332 62 48
128826.66980833323 129191.52080833323 62 37
129729.6458083332 130129.13830833319 62 46
131231.33755833327 131532.09355833326 62 57
132438.31955833326 132809.32780833324 62 44
99829.63139999998 99992.22772499999 63 31
101847.71165416666 102263.16215416668 63 37
107229.26780416662 107391.86412916663 63 31
109247.3480583333 109662.79855833332 63 37
111487.04255833331 111792.38655833331 63 48
111792.38655833331 112097.73055833329 63 48
112250.4025583333 112564.3650583333 63 42
113022.38105833328 113355.23305833327 63 43
113355.23305833327 113660.57705833326 63 33
113660.57705833326 113965.92105833325 63 33
114118.59305833325 114432.55555833325 63 29
114890.57155833323 115206.28705833323 63 35
115206.28705833323 115511.63105833322 63 36
115511.63105833322 115664.30305833321 63 37
115664.30305833321 115969.64705833321 63 46
115969.64705833321 116285.3625583332 63 33
894.1342500000001 1194.8862500000002 64 30
4500.553999999996 4800.553999999996 64 44
6306.126999999996 7222.158999999996 64 52
8116.809999999996 8417.561999999994 64 30
11725.118499999999 12025.118499999999 64 44
13530.691499999995 14446.723499999996 64 52
16549.608999999997 16856.51864583333 64 37
17453.336999999996 17759.479499999994 64 46
23760.718499999984 24061.470499999985 64 30
27365.836249999982 27665.836249999986 64 44
29171.409249999993 30087.441249999993 64 52
32190.32674999999 32497.23639583332 64 37
33094.05474999998 33400.19724999999 64 46
39451.473999999966 39607.723999999966 64 30
43062.46574999996 43362.46574999996 64 44
44868.03874999994 45784.07074999994 64 52
50278.77574999993 50575.07174999994 64 56
50797.29374999994 50883.71341666661 64 53
53912.68949999994 54110.220166666615 64 65
54110.220166666615 54217.01018333328 64 57
54307.75083333329 54505.281499999954 64 60
58438.02724999997 59706.39609999996 64 54
60247.50324999995 60606.80028333329 64 48
64263.372749999915 64570.10560416659 64 33
64856.754999999925 65157.506999999925 64 36
68470.04474999994 68770.04474999994 64 44
70275.61774999993 71191.64974999994 64 52
75686.35474999995 75982.65074999996 64 56
76204.87274999997 76291.29241666662 64 53
79320.26849999993 79517.7991666666 64 65
79517.7991666666 79624.58918333327 64 57
79715.32983333326 79912.86049999994 64 60
83845.60624999995 85113.97509999997 64 54
85655.08224999998 86014.37928333331 64 48
89670.95175000002 89977.6846041667 64 33
90264.33400000003 90565.08600000004 64 36
93878.40675000004 94178.40675000004 64 44
95683.97975000003 96600.01175000003 64 52
112564.3650583333 112868.43679166662 64 36
114432.55555833325 114736.62729166658 64 28
120090.45805833323 120391.21005833324 64 30
123696.87780833326 123996.87780833326 64 44
125502.45080833325 126418.48280833325 64 52
128525.91780833325 128832.82745416656 64 37
129429.64580833323 129735.78830833321 64 46
135681.08980833323 135831.46580833325 64 30
139286.20755833326 139383.70755833326 64 44
141091.78055833327 141191.78055833324 64 44
142897.3535583332 143232.5495583332 64 49
601.504 898.5202166666667 65 27
4195.113499999998 4549.303999999996 65 40
5997.894499999996 6077.384754166662 65 48
7823.662999999996 8121.195966666662 65 27
11424.750499999996 11773.868499999999 65 40
13222.458999999997 13301.949254166664 65 48
23465.741499999986 23765.104466666653 65 27
27060.395749999985 27414.586249999982 65 40
28863.17674999999 28942.66700416666 65 48
39156.496999999974 39456.03129166663 65 27
42757.025249999955 43111.21574999996 65 40
44559.80624999994 44639.29650416661 65 48
58141.19549999997 58438.02724999997 65 52
59945.11799999996 60250.64395833328 65 48
61455.14124999995 61761.98194999994 65 55
64564.12474999992 64861.14096666658 65 33
68164.60424999996 68518.79474999994 65 40
69967.38524999993 70046.8755041666 65 48
83548.77449999994 83845.60624999995 65 52
85352.69699999996 85658.22295833331 65 48
86862.72025000001 87169.56095000001 65 55
89971.70375000003 90268.7199666667 65 33
93572.96625000006 93927.15675000004 65 40
95375.74725000003 95455.2375041667 65 48
101233.90165416666 101856.43983749999 65 38
108633.5380583333 109256.07624166664 65 38
112411.6930583333 112717.03705833328 65 43
112717.03705833328 112869.70905833329 65 43
112869.70905833329 113175.05305833327 65 58
113175.05305833327 113507.90505833326 65 36
114279.88355833325 114585.22755833324 65 33
114585.22755833324 114737.89955833324 65 33
114737.89955833324 115043.24355833323 65 42
115043.24355833323 115358.95905833323 65 30
115358.95905833323 115663.03079166656 65 45
115816.9750583332 116132.69055833321 65 54
119797.82780833323 120094.84402499988 65 27
123391.43730833326 123745.62780833326 65 40
125194.21830833325 125273.70856249992 65 48
135386.11280833322 135685.4757749999 65 27
138980.76705833327 139294.95755833326 65 40
140783.54805833322 140899.44606249992 65 48
142589.12105833317 142666.18412916653 65 48
16850.360999999997 17259.586999999992 66 46
32491.078749999986 32855.92974999999 66 46
47584.27799999993 48245.00149999994 66 30
49986.145499999926 50278.77574999993 66 55
50500.99774999993 50583.09643333327 66 52
53620.05924999993 53811.44658333327 66 65
53811.44658333327 53916.39319999995 66 57
54011.45483333328 54208.985499999944 66 57
72991.85699999993 73652.58049999994 66 30
75393.72449999995 75686.35474999995 66 55
75908.57674999996 75990.6754333333 66 52
79027.63824999995 79219.02558333326 66 65
79219.02558333326 79323.97219999993 66 57
79419.03383333328 79616.56449999993 66 57
128826.66980833323 129191.52080833323 66 46
300.75199999999995 898.5202166666667 67 33
894.1342500000001 1194.8862500000002 67 36
1800.2072500000002 3076.879749999999 67 36
3301.318749999999 3600.570749999999 67 41
3901.3227499999985 4549.303999999996 67 48
4500.553999999996 4800.553999999996 67 52
7522.910999999996 8121.195966666662 67 33
8116.809999999996 8417.561999999994 67 36
9022.882999999996 10299.555499999995 67 36
10523.994499999995 10823.246499999996 67 41
11123.998499999996 11773.868499999999 67 48
11725.118499999999 12025.118499999999 67 52
14747.475499999997 15351.62722708333 67 33
15347.273999999998 15645.780999999997 67 36
15944.287999999999 16248.856999999998 67 43
16549.608999999997 16856.51864583333 67 46
19477.250749999977 19630.41149999998 67 50
19779.66499999998 19958.443649999983 67 53
23164.989499999985 23765.104466666653 67 33
23760.718499999984 24061.470499999985 67 36
24666.791499999985 25943.463999999985 67 36
26167.902999999984 26467.154999999984 67 41
26767.906999999985 27414.586249999982 67 48
27365.836249999982 27665.836249999986 67 52
30388.193249999993 30992.34497708333 67 33
30987.991749999994 31286.49874999999 67 36
31585.005749999993 31889.574749999992 67 43
32190.32674999999 32497.23639583332 67 46
35117.96849999998 35271.12924999998 67 50
35420.38274999998 35599.161399999975 67 53
38855.74499999998 39456.03129166663 67 33
39451.473999999966 39607.723999999966 67 36
40363.42099999996 41640.093499999966 67 36
41864.53249999996 42163.78449999996 67 41
42464.53649999996 43111.21574999996 67 48
43062.46574999996 43362.46574999996 67 52
48179.89099999993 48561.69849999994 67 33
49384.64149999993 49986.145499999926 67 54
50201.45624999993 50282.47944999993 67 50
52993.08424999994 53520.05924999993 67 74
53520.05924999993 53628.43244583327 67 56
53715.7529166666 53835.36999999994 67 56
57539.69149999997 58141.19549999997 67 54
58360.707749999965 58446.172616666634 67 47
59343.61399999996 59706.39609999996 67 54
59644.365999999965 59954.26434374996 67 46
60247.50324999995 60606.80028333329 67 48
61155.14124999995 61463.18581249994 67 55
62951.69599999993 63272.712124999925 67 55
65762.82799999992 67046.37049999993 67 36
67270.80949999994 67570.06149999995 67 41
67870.81349999996 68518.79474999994 67 48
68470.04474999994 68770.04474999994 67 52
73587.46999999994 73969.27749999994 67 33
74792.22049999995 75393.72449999995 67 54
75609.03524999994 75690.05844999995 67 50
78400.66324999994 78927.63824999995 67 74
78927.63824999995 79036.01144583327 67 56
79123.3319166666 79242.94899999992 67 56
82947.27049999993 83548.77449999994 67 54
83768.28674999994 83853.75161666662 67 47
84751.19299999996 85113.97509999997 67 54
85051.94499999996 85361.84334374996 67 46
85655.08224999998 86014.37928333331 67 48
86562.72025 86870.76481250001 67 55
88359.27500000002 88680.29112500003 67 55
91170.40700000004 92454.73250000003 67 36
92679.17150000004 92978.42350000005 67 41
93279.17550000006 93927.15675000004 67 48
93878.40675000004 94178.40675000004 67 52
99051.81325 99386.10810000001 67 54
100145.04421874999 100407.87958124999 67 35
106451.44965416664 106785.74450416667 67 54
107544.68062291662 107807.51598541663 67 35
111487.04255833331 112564.3650583333 67 55
112564.3650583333 112868.43679166662 67 58
113022.38105833328 113355.23305833327 67 67
113355.23305833327 114432.55555833325 67 38
114432.55555833325 114736.62729166658 67 40
114890.57155833323 115206.28705833323 67 49
115206.28705833323 115511.63105833322 67 51
115511.63105833322 115816.9750583332 67 52
115969.64705833321 116285.3625583332 67 48
116132.69055833321 118013.67305833321 67 46
117097.6410583332 118753.10930833321 67 73
119469.0608083332 120094.84402499988 67 33
120090.45805833323 120391.21005833324 67 36
120996.53105833323 122273.20355833325 67 36
122497.64255833326 122796.89455833327 67 41
123097.64655833326 123745.62780833326 67 48
123696.87780833326 123996.87780833326 67 52
126719.23480833325 127331.57316041658 67 33
127327.26280833324 127622.82980833325 67 36
127920.59680833326 128225.16580833326 67 43
128525.91780833325 128832.82745416656 67 46
131453.55955833328 131606.72030833326 67 50
131755.97380833325 131934.75245833324 67 53
135085.36080833327 135685.4757749999 67 33
135681.08980833323 135831.46580833325 67 36
136587.16280833323 137863.83530833325 67 36
138088.27430833323 138387.52630833324 67 41
138688.27830833325 139294.95755833326 67 48
139286.20755833326 139383.70755833326 67 52
141091.78055833327 141191.78055833324 67 52
100312.61115416665 101360.49996666666 68 40
107712.24755833329 108760.1363708333 68 40
112411.6930583333 112717.03705833328 68 67
112717.03705833328 113022.38105833328 68 67
113175.05305833327 113507.90505833326 68 58
114279.88355833325 114585.22755833324 68 46
114585.22755833324 114890.57155833323 68 47
115043.24355833323 115358.95905833323 68 43
19861.18674999998 20462.01074999999 69 50
35501.90449999998 36102.72849999997 69 50
46385.57474999994 46487.24927083327 69 33
49910.95749999993 49994.51869583326 69 49
53420.05924999993 53620.05924999993 69 56
58066.00749999998 58149.73208749997 69 46
59039.53124999997 59343.61399999996 69 52
59945.11799999996 60250.64395833328 69 48
60850.519249999954 61163.89124999995 69 55
63262.57699999993 63596.18671041659 69 52
71793.15374999991 71894.82827083324 69 33
75318.53649999994 75402.09769583328 69 49
78827.63824999995 79027.63824999995 69 56
83473.58649999993 83557.31108749994 69 46
84447.11024999995 84751.19299999996 69 52
85352.69699999996 85658.22295833331 69 48
86258.09825 86571.47025 69 55
88670.15600000003 89003.7657104167 69 52
131837.49555833323 132438.31955833326 69 50
58738.77924999997 59039.53124999997 70 53
59259.58049999996 59352.385933333295 70 52
59644.365999999965 59954.26434374996 70 46
60549.01124999995 60854.195724999954 70 55
84146.35824999995 84447.11024999995 70 53
84667.15949999995 84759.96493333329 70 52
85051.94499999996 85361.84334374996 70 46
85956.59024999998 86261.774725 70 55
3002.0667499999995 3301.318749999999 71 41
6070.7099999999955 6306.126999999996 71 58
10224.742499999995 10523.994499999995 71 41
13295.274499999996 13530.691499999995 71 58
15645.780999999997 15944.287999999999 71 43
19555.78474999998 19861.18674999998 71 57
25868.650999999987 26167.902999999984 71 41
28935.992249999992 29171.409249999993 71 58
31286.49874999999 31585.005749999993 71 43
35196.50249999998 35501.90449999998 71 57
41565.280499999964 41864.53249999996 71 41
44632.62174999994 44868.03874999994 71 58
46678.20499999994 46978.956999999944 71 36
56646.39049999997 58149.73208749997 71 70
62951.69599999993 63262.57699999993 71 55
63586.90099999992 64075.40274999992 71 44
64564.12474999992 64861.14096666658 71 40
66971.55749999994 67270.80949999994 71 41
70040.20074999995 70275.61774999993 71 58
72085.78399999991 72386.53599999992 71 36
82053.96949999993 83557.31108749994 71 70
88359.27500000002 88670.15600000003 71 55
88994.48000000004 89482.98175000004 71 44
89971.70375000003 90268.7199666667 71 40
92379.91950000003 92679.17150000004 71 41
95448.56275000004 95683.97975000003 71 58
96905.35575000003 97218.33335000003 71 48
98747.24425000002 99058.32366666668 71 45
99985.734225 100407.87958124999 71 46
104304.99215416667 104617.96975416667 71 48
106146.88065416667 106457.96007083332 71 45
107385.37062916663 107807.51598541663 71 46
112411.6930583333 113507.90505833326 71 55
114279.88355833325 115358.95905833323 71 38
122198.39055833324 122497.64255833326 71 41
125267.03380833325 125502.45080833325 71 58
127622.82980833325 127920.59680833326 71 43
131532.09355833326 131837.49555833323 71 57
137789.02230833325 138088.27430833323 71 41
140783.54805833322 141091.78055833327 71 70
142589.12105833317 142897.3535583332 71 70
894.1342500000001 1194.8862500000002 72 45
4500.553999999996 4800.553999999996 72 70
6306.126999999996 7222.158999999996 72 71
8116.809999999996 8417.561999999994 72 45
11725.118499999999 12025.118499999999 72 70
13530.691499999995 14446.723499999996 72 71
19861.18674999998 20462.01074999999 72 50
23760.718499999984 24061.470499999985 72 45
27365.836249999982 27665.836249999986 72 70
29171.409249999993 30087.441249999993 72 71
35501.90449999998 36102.72849999997 72 50
39451.473999999966 39607.723999999966 72 45
43062.46574999996 43362.46574999996 72 70
44868.03874999994 45784.07074999994 72 71
46084.82274999994 46310.38674999994 72 33
52888.20866666661 53320.05924999993 72 52
56539.54766666664 56944.15749999997 72 58
58964.34324999997 59045.64372916664 72 46
62656.329499999934 62951.69599999993 72 56
63262.57699999993 63586.90099999992 72 52
63962.62074999992 64570.10560416659 72 40
64856.754999999925 65157.506999999925 72 45
68470.04474999994 68770.04474999994 72 70
70275.61774999993 71191.64974999994 72 71
71492.40174999993 71717.96574999992 72 33
78295.78766666661 78727.63824999995 72 52
81947.1266666666 82351.73649999993 72 58
84371.92224999996 84453.2227291666 72 46
88063.90850000002 88359.27500000002 72 56
88670.15600000003 88994.48000000004 72 52
89370.19975000004 89977.6846041667 72 40
90264.33400000003 90565.08600000004 72 45
93878.40675000004 94178.40675000004 72 70
95683.97975000003 96600.01175000003 72 71
96600.01175000003 96914.89775000002 72 50
97210.69975000001 97530.98501250004 72 48
97522.10175000003 98445.21332500002 72 50
98442.67525000001 98752.95491875002 72 55
99674.00596249998 99992.22772499999 72 46
100312.61115416665 100619.51615416665 72 59
102156.91215416668 102344.11842916669 72 61
103999.64815416667 104314.53415416667 72 50
104610.33615416667 104930.62141666668 72 48
104921.73815416667 105844.84972916667 72 50
105842.31165416667 106152.59132291666 72 55
107073.64236666664 107391.86412916663 72 46
107712.24755833329 108019.15255833328 72 59
109556.54855833332 109743.75483333333 72 61
112250.4025583333 112564.3650583333 72 60
114118.59305833325 114432.55555833325 72 42
115206.28705833323 116285.3625583332 72 42
116897.6410583332 118013.67305833321 72 63
120090.45805833323 120391.21005833324 72 45
123696.87780833326 123996.87780833326 72 70
125502.45080833325 126418.48280833325 72 71
131837.49555833323 132438.31955833326 72 50
135681.08980833323 135831.46580833325 72 45
139286.20755833326 139486.20755833326 72 70
141091.78055833327 141291.78055833324 72 70
142897.3535583332 143232.5495583332 72 77
60247.50324999995 60854.195724999954 73 55
85655.08224999998 86261.774725 73 55
601.504 894.1342500000001 74 45
2543.2402500000003 2702.81475 74 40
2702.81475 3002.0667499999995 74 45
4195.113499999998 4500.553999999996 74 69
5997.894499999996 6077.384754166662 74 70
7823.662999999996 8116.809999999996 74 45
9765.915999999994 9925.490499999993 74 40
9925.490499999993 10224.742499999995 74 45
11424.750499999996 11725.118499999999 74 69
13222.458999999997 13301.949254166664 74 70
15347.273999999998 15645.780999999997 74 45
23465.741499999986 23760.718499999984 74 45
25409.824499999984 25569.398999999987 74 40
25569.398999999987 25868.650999999987 74 45
27060.395749999985 27365.836249999982 74 69
28863.17674999999 28942.66700416666 74 70
30987.991749999994 31286.49874999999 74 45
39156.496999999974 39451.473999999966 74 45
41106.45399999996 41266.02849999997 74 40
41266.02849999997 41565.280499999964 74 45
42757.025249999955 43062.46574999996 74 69
44559.80624999994 44639.29650416661 74 70
47584.27799999993 48860.95049999994 74 36
49085.38949999993 49384.64149999993 74 48
52589.70166666661 52697.28856458327 74 51
56241.04066666663 56348.6275645833 74 57
59945.11799999996 60247.50324999995 74 55
60850.519249999954 61163.89124999995 74 55
62059.31549999994 62656.329499999934 74 60
62870.61499999994 62955.58201249993 74 47
63184.85674999993 63272.712124999925 74 43
63586.90099999992 63962.62074999992 74 44
64564.12474999992 64856.754999999925 74 45
66505.86099999995 66665.43549999993 74 40
66665.43549999993 66971.55749999994 74 45
68164.60424999996 68470.04474999994 74 69
69967.38524999993 70046.8755041666 74 70
72991.85699999993 74268.52949999995 74 36
74492.96849999994 74792.22049999995 74 48
77997.28066666663 78104.86756458328 74 51
81648.61966666662 81756.20656458328 74 57
85352.69699999996 85655.08224999998 74 55
86258.09825 86571.47025 74 55
87466.89450000002 88063.90850000002 74 60
88278.19400000003 88363.16101250003 74 47
88592.43575000003 88680.29112500003 74 43
88994.48000000004 89370.19975000004 74 44
89971.70375000003 90264.33400000003 74 45
91913.44000000005 92073.01450000005 74 40
92073.01450000005 92379.91950000003 74 45
93572.96625000006 93878.40675000004 74 69
95375.74725000003 95455.2375041667 74 70
97522.10175000003 97835.55401250004 74 50
98747.24425000002 99058.32366666668 74 45
99364.31325 99683.72099374999 74 52
99985.734225 100407.87958124999 74 46
101387.35415416666 101694.25915416666 74 53
101694.25915416666 101856.43983749999 74 53
102921.70765416668 103090.21071250002 74 53
104921.73815416667 105235.19041666668 74 50
106146.88065416667 106457.96007083332 74 45
106763.94965416664 107083.35739791662 74 52
107385.37062916663 107807.51598541663 74 46
108786.9905583333 109093.8955583333 74 53
109093.8955583333 109256.07624166664 74 53
110321.34405833333 110489.9625 74 53
112097.73055833329 112411.6930583333 74 67
113965.92105833325 114279.88355833325 74 46
116132.69055833321 116438.0345583332 74 56
116589.54955833321 116897.6410583332 74 56
119797.82780833323 120090.45805833323 74 45
121739.56405833324 121899.13855833323 74 40
121899.13855833323 122198.39055833324 74 45
123391.43730833326 123696.87780833326 74 69
125194.21830833325 125273.70856249992 74 70
127327.26280833324 127622.82980833325 74 45
135386.11280833322 135489.26809999993 74 45
135580.28747499993 135685.4757749999 74 41
137330.19580833326 137564.58330833327 74 43
137489.77030833325 137789.02230833325 74 50
138980.76705833327 139130.76705833327 74 69
139182.58055833328 139294.95755833326 74 66
140190.77655833322 140511.81289166654 74 76
140708.36005833323 140789.61601666658 74 63
141010.47980833327 141158.03055833324 74 64
141996.3495583332 142317.3858916665 74 76
142513.93305833318 142593.3686291665 74 63
142816.05280833322 142981.1525583332 74 64
97826.67075000003 98140.75753125003 75 49
98442.67525000001 98752.95491875002 75 55
99674.00596249998 99992.22772499999 75 46
101540.80665416666 101847.71165416666 75 58
101847.71165416666 102156.91215416668 75 58
102614.70365416667 102782.26020416667 75 53
103081.28215416669 103398.24597500003 75 64
105226.30715416667 105540.39393541668 75 49
105842.31165416667 106152.59132291666 75 55
107073.64236666664 107391.86412916663 75 46
108940.4430583333 109247.3480583333 75 58
109247.3480583333 109556.54855833332 75 58
110014.34005833331 110181.89660833332 75 53
110480.91855833333 111123.40655833331 75 64
111945.0585583333 112250.4025583333 75 57
113813.24905833325 114118.59305833325 75 39
116285.3625583332 116589.54955833321 75 50
116744.1885583332 117097.6410583332 75 67
137182.77580833324 137338.17453333325 75 47
816.81475 898.5202166666667 76 41
2245.0662500000003 2395.82025 76 41
2395.82025 2551.2189750000002 76 45
3600.570749999999 4195.113499999998 76 72
4422.833749999997 4549.303999999996 76 64
5701.887499999996 5780.77095833333 76 68
7222.158999999996 7823.662999999996 76 45
8039.490499999996 8121.195966666662 76 41
9467.741999999997 9618.495999999996 76 41
9618.495999999996 9773.894724999993 76 45
10823.246499999996 11424.750499999996 76 72
11647.398249999998 11773.868499999999 76 64
12926.451999999997 13005.335458333331 76 68
15048.227499999997 15347.273999999998 76 45
22864.23749999999 23465.741499999986 76 45
23684.187999999984 23765.104466666653 76 41
25111.650499999985 25262.404499999986 76 41
25262.404499999986 25417.803224999985 76 45
26467.154999999984 27060.395749999985 76 72
27288.115999999984 27414.586249999982 76 64
28567.169749999986 28646.05320833332 76 68
30688.945249999993 30987.991749999994 76 45
38554.99299999997 39156.496999999974 76 45
39374.94349999997 39456.03129166663 76 41
40808.279999999955 40959.03399999996 76 41
40959.03399999996 41114.43272499996 76 45
42163.78449999996 42757.025249999955 76 72
42984.74549999996 43111.21574999996 76 64
44263.799249999945 44342.682708333276 76 68
45784.07074999994 46385.57474999994 76 45
52291.194666666604 52399.403454166604 76 51
55942.53366666663 56050.74245416663 76 60
59343.61399999996 59945.11799999996 76 54
60164.63024999995 60250.64395833328 76 50
61155.14124999995 61463.18581249994 76 55
61754.44424999994 62059.31549999994 76 55
62581.70274999993 62657.51997499994 76 49
63505.81999999992 63596.18671041659 76 36
63962.62074999992 64564.12474999992 76 48
64779.43549999992 64861.14096666658 76 41
66207.68699999993 66358.44099999995 76 41
66358.44099999995 66513.83972499994 76 45
67570.06149999995 68164.60424999996 76 72
68392.32449999994 68518.79474999994 76 64
69671.37824999995 69750.26170833327 76 68
71191.64974999994 71793.15374999991 76 45
77698.77366666663 77806.98245416663 76 51
81350.11266666662 81458.32145416662 76 60
84751.19299999996 85352.69699999996 76 54
85572.20924999997 85658.22295833331 76 50
86562.72025 86870.76481250001 76 55
87162.02325000001 87466.89450000002 76 55
87989.28175000004 88065.09897500003 76 49
88913.39900000003 89003.7657104167 76 36
89370.19975000004 89971.70375000003 76 48
90187.01450000003 90268.7199666667 76 41
91615.26600000005 91766.02000000005 76 41
91766.02000000005 91921.41872500005 76 45
92978.42350000005 93572.96625000006 76 72
93800.68650000004 93927.15675000004 76 64
95079.74025000005 95158.62370833337 76 68
100619.51615416665 100926.42115416664 76 57
108019.15255833328 108326.05755833328 76 57
119140.29380833321 119797.82780833323 76 45
120013.13855833323 120094.84402499988 76 41
121441.39005833324 121592.14405833324 76 41
121592.14405833324 121747.54278333325 76 45
122796.89455833327 123391.43730833326 76 72
123619.15755833326 123745.62780833326 76 64
124898.21130833327 124977.09476666659 76 68
127019.98680833324 127327.26280833324 76 45
134784.60880833326 135285.86214166656 76 45
135285.86214166656 135392.18076666657 76 41
135483.20014166657 135604.55930833326 76 41
137032.02180833323 137247.88630833325 76 44
138387.52630833324 138880.58630833327 76 72
138880.58630833327 138987.64205833327 76 63
139080.76705833327 139286.20755833326 76 65
139386.20755833326 139586.20755833326 76 64
139586.20755833326 139786.20755833323 76 70
141191.78055833324 141391.78055833324 76 64
141391.78055833324 141591.78055833324 76 70
143232.5495583332 143567.7455583332 76 65
143567.7455583332 143952.16355833318 76 62
143952.16355833318 144550.4140708332 76 64
526.316 607.4848541666668 77 41
1947.9907500000002 2098.36675 77 41
2098.36675 2251.3476666666666 77 45
4118.190499999998 4201.988499999998 77 59
5774.702999999996 5997.894499999996 77 59
7748.474999999997 7829.65820833333 77 41
9170.666499999996 9321.042499999996 77 41
9321.042499999996 9474.023416666663 77 45
11349.562499999996 11431.393010416663 77 59
12999.267499999998 13222.458999999997 77 59
14446.723499999996 15048.227499999997 77 45
15270.743499999997 15351.62722708333 77 41
22554.773249999987 22864.23749999999 77 45
23390.553499999984 23471.80945833332 77 41
24814.574999999983 24964.950999999986 77 41
24964.950999999986 25117.931916666654 77 45
26984.253499999984 27067.270749999985 77 59
28639.985249999987 28863.17674999999 77 59
30087.441249999993 30688.945249999993 77 45
30911.461249999997 30992.34497708333 77 41
38245.52874999997 38554.99299999997 77 45
39081.30899999998 39162.56495833331 77 41
40511.204499999956 40661.58049999996 77 41
40661.58049999996 40814.56141666662 77 45
42680.88299999996 42763.900249999955 77 59
44336.61474999994 44559.80624999994 77 59
59039.53124999997 59343.61399999996 77 55
59869.929999999964 59954.26434374996 77 49
61455.14124999995 61754.44424999994 77 55
61980.575249999936 62068.0219541666 77 45
63844.04374999992 64075.40274999992 77 42
64488.93674999992 64570.10560416659 77 41
65910.61149999993 66060.98749999993 77 41
66060.98749999993 66213.9684166666 77 45
68087.68124999997 68171.47924999995 77 59
69744.19374999993 69967.38524999993 77 59
84447.11024999995 84751.19299999996 77 55
85277.50899999996 85361.84334374996 77 49
86862.72025000001 87162.02325000001 77 55
87388.15425000002 87475.6009541667 77 45
89251.62275000004 89482.98175000004 77 42
89896.51575000004 89977.6846041667 77 41
91318.19050000004 91468.56650000003 77 41
91468.56650000003 91621.54741666671 77 45
93496.04325000006 93579.84125000004 77 59
95152.55575000003 95375.74725000003 77 59
98131.23975000004 98445.21332500002 77 54
99364.31325 99683.72099374999 77 52
100466.06365416665 100629.10693541664 77 53
100926.42115416664 101233.90165416666 77 57
102770.95365416667 103081.28215416669 77 59
105530.87615416668 105844.84972916667 77 54
106763.94965416664 107083.35739791662 77 52
107865.70005833328 108028.74333958329 77 53
108326.05755833328 108633.5380583333 77 57
110170.59005833331 110480.91855833333 77 59
116438.0345583332 116744.1885583332 77 62
118830.82955833321 119140.29380833321 77 45
119715.63605833321 119803.80866249988 77 41
121144.31455833324 121294.69055833323 77 41
121294.69055833323 121447.67147499991 77 45
123314.51430833327 123398.31230833326 77 59
124971.02680833325 125194.21830833325 77 59
126418.48280833325 127019.98680833324 77 45
127246.61755833324 127331.57316041658 77 41
134475.86155833327 134679.94289166658 77 45
134679.94289166658 134788.9947749999 77 40
135185.61147499993 135386.11280833322 77 41
136885.32230833324 137038.3032249999 77 52
138784.43230833326 138904.62480833326 77 63
140487.5410583332 140783.54805833322 77 68
142293.1140583332 142589.12105833317 77 68
18055.329499999993 18337.829499999993 78 66
18652.253999999986 18955.776749999983 78 66
19861.18674999998 20142.982383333318 78 66
20457.71099999999 20758.20599999999 78 66
33696.04724999999 33978.54724999998 78 66
34292.97174999998 34596.494499999986 78 66
35501.90449999998 35783.70013333331 78 66
36098.42874999997 36398.92374999997 78 66
46385.57474999994 46678.20499999994 78 45
48786.13749999994 49085.38949999993 78 50
52788.70633333327 52913.08424999994 78 52
56440.045333333306 56564.42324999998 78 58
71793.15374999991 72085.78399999991 78 45
74193.71649999994 74492.96849999994 78 50
78196.28533333328 78320.66324999994 78 52
81847.62433333327 81972.00224999993 78 58
111639.7145583333 111945.0585583333 78 57
113507.90505833326 113813.24905833325 78 39
130031.63830833319 130314.13830833322 78 66
130628.56280833324 130932.08555833326 78 66
131837.49555833323 132119.2911916666 78 66
132434.01980833325 132734.51480833325 78 66
136734.94630833322 136945.83585208323 78 49
1194.8862500000002 1495.6382500000002 79 43
1495.6382500000002 1800.2072500000002 79 43
1800.2072500000002 1957.3892500000004 79 45
8417.561999999994 8718.313999999997 79 43
8718.313999999997 9022.882999999996 79 43
9022.882999999996 9180.064999999995 79 45
14973.039499999997 15054.310229166664 79 41
17753.336999999996 18055.329499999993 79 66
18955.776749999983 19039.317933333314 79 71
19255.02874999998 19477.250749999977 79 66
19555.78474999998 19779.66499999998 79 66
20758.20599999999 20841.747183333322 79 71
21057.457999999988 21293.059999999987 79 66
21371.593999999986 21611.403814583322 79 66
21737.616749999986 22554.773249999987 79 71
22782.045749999987 22868.623466666653 79 41
24061.470499999985 24362.222499999985 79 43
24362.222499999985 24666.791499999985 79 43
24666.791499999985 24823.973499999982 79 45
30613.75724999999 30695.02797916666 79 41
33394.05474999999 33696.04724999999 79 66
34596.494499999986 34680.03568333331 79 71
34895.74649999998 35117.96849999998 79 66
35196.50249999998 35420.38274999998 79 66
36398.92374999997 36482.46493333331 79 71
36698.175749999966 36933.77774999997 79 66
37012.311749999964 37252.1215645833 79 66
37378.334499999975 38245.52874999997 79 71
38472.801249999975 38559.37896666664 79 41
39758.09999999997 40058.85199999996 79 43
40058.85199999996 40363.42099999996 79 43
40363.42099999996 40520.60299999996 79 45
46310.38674999994 46391.555604166606 79 41
46678.20499999994 46978.956999999944 79 45
49685.39349999993 49910.95749999993 79 45
49986.145499999926 50201.45624999993 79 45
50278.77574999993 50500.99774999993 79 50
50575.07174999994 50797.29374999994 79 45
50871.36774999994 51093.58974999994 79 45
51184.77524999995 51491.36681458327 79 58
52490.19933333327 52689.20399999994 79 50
53320.05924999993 53420.05924999993 79 51
53620.05924999993 53715.7529166666 79 50
53912.68949999994 54011.45483333328 79 57
54208.985499999944 54307.75083333329 79 51
54505.281499999954 54604.04683333329 79 50
54818.68899999996 55125.2805645833 79 62
56141.5383333333 56340.54299999997 79 57
56646.39049999997 58446.172616666634 79 70
58438.02724999997 59039.53124999997 79 54
59259.58049999996 59352.385933333295 79 50
61677.91374999994 61761.98194999994 79 45
65157.506999999925 65458.258999999925 79 43
65458.258999999925 65762.82799999992 79 43
65762.82799999992 65920.00999999994 79 45
71717.96574999992 71799.13460416658 79 41
72085.78399999991 72386.53599999992 79 45
75092.97249999996 75318.53649999994 79 45
75393.72449999995 75609.03524999994 79 45
75686.35474999995 75908.57674999996 79 50
75982.65074999996 76060.42844999996 79 45
76278.94674999996 76501.16874999997 79 45
76592.35424999996 76898.94581458329 79 58
77897.77833333329 78096.78299999997 79 50
78727.63824999995 78827.63824999995 79 51
79027.63824999995 79123.3319166666 79 50
79320.26849999993 79419.03383333328 79 57
79616.56449999993 79715.32983333326 79 51
79912.86049999994 80011.62583333327 79 50
80226.26799999994 80532.85956458328 79 62
81549.11733333328 81748.12199999996 79 57
82053.96949999993 83853.75161666662 79 70
83845.60624999995 84447.11024999995 79 54
84667.15949999995 84759.96493333329 79 50
87085.49275000002 87169.56095000001 79 45
90565.08600000004 90865.83800000003 79 43
90865.83800000003 91170.40700000004 79 43
91170.40700000004 91327.58900000005 79 45
99051.81325 99386.10810000001 79 54
100772.96865416665 100937.04615416664 79 53
102463.5701541667 102770.95365416667 79 58
106451.44965416664 106785.74450416667 79 54
108172.60505833328 108336.6825583333 79 53
109863.20655833333 110170.59005833331 79 58
111487.04255833331 111792.38655833331 79 67
111792.38655833331 112097.73055833329 79 67
113355.23305833327 113660.57705833326 79 46
113660.57705833326 113965.92105833325 79 46
117097.6410583332 118830.82955833321 79 73
119058.1020583332 119227.28007708321 79 41
120391.21005833324 120691.96205833323 79 43
120691.96205833323 120996.53105833323 79 43
120996.53105833323 121153.71305833323 79 45
126944.79880833325 127026.0695374999 79 41
129729.6458083332 130031.63830833319 79 66
130932.08555833326 131015.62674166661 79 71
131231.33755833327 131453.55955833328 79 66
131532.09355833326 131755.97380833325 79 66
132734.51480833325 132818.0559916666 79 71
133033.76680833328 133269.36880833327 79 66
133347.90280833325 133587.7126229166 79 66
133713.92555833326 134320.21930833327 79 71
134372.16730833327 134552.39205833327 79 42
134577.9022249999 134705.45305833322 79 40
135831.46580833325 135981.84180833324 79 44
135981.84180833324 136132.21780833323 79 46
136132.21780833323 136282.59380833321 79 48
136282.59380833321 136434.87830833322 79 51
136434.87830833322 136587.16280833323 79 53
136587.16280833323 136744.34480833323 79 55
139486.20755833326 139686.20755833326 79 65
139686.20755833326 139886.20755833323 79 66
139886.20755833323 140089.25355833324 79 70
141291.78055833324 141491.78055833324 79 65
141491.78055833324 141691.7805583332 79 66
141691.7805583332 141894.8265583332 79 70
5405.122999999996 5480.972479166662 80 67
12629.687499999998 12705.536979166665 80 67
28270.405249999985 28346.254729166652 80 67
43967.034749999955 44042.884229166615 80 67
69374.61374999993 69450.46322916662 80 67
94782.97575000003 94858.82522916672 80 67
102306.91215416668 102472.38627500003 80 53
109706.54855833332 109872.02267916666 80 53
124601.44680833325 124677.29628749992 80 67
5477.938499999996 5701.887499999996 81 59
12702.502999999999 12926.451999999997 81 59
17153.336999999992 17753.336999999996 81 65
17974.466999999993 18152.829499999993 81 57
18262.829499999993 18355.32949999999 81 61
18575.917999999987 18656.574983333318 81 62
18874.475999999984 18960.14084166665 81 63
20068.169383333316 20160.438749999987 81 61
20381.568749999988 20462.01074999999 81 62
20678.840999999993 20762.570091666657 81 63
22477.05299999999 22630.530749999987 81 41
28343.220749999986 28567.169749999986 81 59
32794.05474999999 33394.05474999999 81 65
33615.18474999999 33793.54724999999 81 57
33903.54724999999 33996.04724999998 81 61
34216.63574999999 34297.29273333332 81 62
34515.193749999984 34600.85859166665 81 63
35708.887133333315 35801.156499999975 81 61
36022.28649999997 36102.72849999997 81 62
36319.55874999997 36403.28784166664 81 63
38167.80849999997 38321.28624999997 81 41
44039.85024999995 44263.799249999945 81 59
46600.88549999994 46682.59096666661 81 41
48327.310999999936 48486.885499999946 81 44
48486.885499999946 48786.13749999994 81 53
51483.28224999994 51790.58323333327 81 50
52191.692333333274 52390.69699999994 81 51
52689.20399999994 52888.20866666661 81 59
55117.19599999997 55424.4969833333 81 60
55843.0313333333 56042.03599999997 81 60
56340.54299999997 56539.54766666664 81 70
58964.34324999997 59045.64372916664 81 49
69447.42924999994 69671.37824999995 81 59
72008.46449999991 72090.16996666658 81 41
73734.88999999994 73894.46449999993 81 44
73894.46449999993 74193.71649999994 81 53
76890.86124999996 77198.16223333328 81 50
77599.2713333333 77798.27599999995 81 51
78096.78299999997 78295.78766666661 81 59
80524.77499999995 80832.07598333327 81 60
81250.61033333329 81449.61499999995 81 60
81748.12199999996 81947.1266666666 81 70
84371.92224999996 84453.2227291666 81 49
94855.79125000004 95079.74025000005 81 59
118753.10930833321 118906.5870583332 81 41
124674.26230833326 124898.21130833327 81 59
129129.64580833324 129729.6458083332 81 65
129950.77580833319 130129.13830833319 81 57
130239.13830833319 130331.63830833322 81 61
130552.22680833325 130632.88379166658 81 62
130850.78480833326 130936.44964999992 81 63
132044.47819166657 132136.74755833324 81 61
132357.87755833325 132438.31955833326 81 62
132655.14980833326 132738.87889999992 81 63
134268.13597499992 134398.14130833326 81 42
101233.90165416666 101540.80665416666 82 60
101997.33765416667 102263.16215416668 82 62
108633.5380583333 108940.4430583333 82 60
109396.97405833332 109662.79855833332 82 62
16850.360999999997 17153.336999999992 83 66
17678.336999999996 17759.479499999994 83 57
32491.078749999986 32794.05474999999 83 66
33319.05474999999 33400.19724999999 83 57
48029.13699999993 48179.89099999993 83 45
48179.89099999993 48335.28972499994 83 52
49685.39349999993 49910.95749999993 83 45
49986.145499999926 50201.45624999993 83 45
50278.77574999993 50500.99774999993 83 50
50575.07174999994 50797.29374999994 83 45
50871.36774999994 51093.58974999994 83 45
51184.77524999995 51491.36681458327 83 58
51781.789249999936 52095.92133749994 83 50
52390.69699999994 52589.70166666661 83 59
53320.05924999993 53420.05924999993 83 60
53620.05924999993 53715.7529166666 83 59
53912.68949999994 54011.45483333328 83 68
54208.985499999944 54307.75083333329 83 60
54505.281499999954 54604.04683333329 83 59
54818.68899999996 55125.2805645833 83 74
55415.702999999965 55747.26033749997 83 63
56042.03599999997 56241.04066666663 83 72
73436.71599999993 73587.46999999994 83 45
73587.46999999994 73742.86872499993 83 52
75092.97249999996 75318.53649999994 83 45
75393.72449999995 75609.03524999994 83 45
75686.35474999995 75908.57674999996 83 50
75982.65074999996 76060.42844999996 83 45
76278.94674999996 76501.16874999997 83 45
76592.35424999996 76898.94581458329 83 58
77189.36824999994 77503.50033749995 83 50
77798.27599999995 77997.28066666663 83 59
78727.63824999995 78827.63824999995 83 60
79027.63824999995 79123.3319166666 83 59
79320.26849999993 79419.03383333328 83 68
79616.56449999993 79715.32983333326 83 60
79912.86049999994 80011.62583333327 83 59
80226.26799999994 80532.85956458328 83 74
80823.28199999993 81154.83933749996 83 63
81449.61499999995 81648.61966666662 83 72
128826.66980833323 129129.64580833324 83 66
129654.64580833321 129735.78830833321 83 57
4800.553999999996 5100.553999999996 84 70
5100.553999999996 5405.122999999996 84 70
12025.118499999999 12325.118499999997 84 70
12325.118499999997 12629.687499999998 84 70
16248.856999999998 16850.360999999997 84 65
17072.036249999994 17259.586999999992 84 57
18372.486383333322 18652.253999999986 84 66
20177.637749999987 20457.71099999999 84 66
27665.836249999986 27965.836249999986 84 70
27965.836249999986 28270.405249999985 84 70
31889.574749999992 32491.078749999986 84 65
32712.75399999999 32855.92974999999 84 57
34013.20413333332 34292.97174999998 84 66
35818.355499999976 36098.42874999997 84 66
43362.46574999996 43662.46574999996 84 70
43662.46574999996 43967.034749999955 84 70
47732.06149999993 47882.43749999993 84 45
47882.43749999993 48035.418416666595 84 52
51483.28224999994 51790.58323333327 84 50
52092.18999999994 52291.194666666604 84 60
55117.19599999997 55424.4969833333 84 71
55743.528999999966 55942.53366666663 84 75
68770.04474999994 69070.04474999994 84 70
69070.04474999994 69374.61374999993 84 70
73139.64049999992 73290.01649999993 84 45
73290.01649999993 73442.9974166666 84 52
76890.86124999996 77198.16223333328 84 50
77499.76899999996 77698.77366666663 84 60
80524.77499999995 80832.07598333327 84 71
81151.10799999995 81350.11266666662 84 75
94178.40675000004 94478.40675000004 84 70
94478.40675000004 94782.97575000003 84 70
101076.42115416666 101360.49996666666 84 61
108476.0575583333 108760.1363708333 84 61
123996.87780833326 124296.87780833324 84 70
124296.87780833324 124601.44680833325 84 70
128225.16580833326 128826.66980833323 84 65
129048.34505833325 129191.52080833323 84 57
130348.79519166656 130628.56280833324 84 66
132153.94655833323 132434.01980833325 84 66
139786.20755833323 139962.34980833324 84 66
139987.73055833325 140190.77655833322 84 65
141591.78055833324 141767.9228083332 84 66
141793.30355833322 141996.3495583332 84 65
143232.5495583332 143567.7455583332 84 77
143567.7455583332 143952.16355833318 84 74
143952.16355833318 144550.4140708332 84 76
16775.172999999995 16856.51864583333 86 57
32415.890749999988 32497.23639583332 86 57
46978.956999999944 47279.70899999994 86 48
47279.70899999994 47584.27799999993 86 48
47584.27799999993 47741.459999999934 86 52
51781.789249999936 52095.92133749994 86 50
55415.702999999965 55747.26033749997 86 75
72386.53599999992 72687.28799999993 86 48
72687.28799999993 72991.85699999993 86 48
72991.85699999993 73149.03899999993 86 52
77189.36824999994 77503.50033749995 86 50
80823.28199999993 81154.83933749996 86 75
128751.48180833324 128832.82745416656 86 57
140089.25355833324 140259.3444874999 88 65
141894.8265583332 142069.1650583332 88 65
