15925.375750000001 16562.031750000002 32 42
30671.944250000022 31270.22425000002 32 42
35504.206250000025 36117.56975000002 32 40
180225.4655395841 180932.02303958414 32 28
210037.40178958437 210577.1142895844 32 20
108501.98464375002 108879.86564375003 33 69
9746.993250000003 10369.496750000002 34 40
25822.09125000001 26241.25898541668 34 39
130482.02964375008 131050.5036437501 34 96
134993.53739375007 135553.41239375004 34 70
140660.6063937501 141306.1228937501 34 70
174546.32953958394 175296.16303958395 34 34
203418.86878958432 204217.87828958433 34 27
119534.97864375007 119915.30264375008 35 80
129341.03339375005 130491.78384375009 35 89
139518.77389375007 140671.41486875011 35 69
200407.11878958435 201196.45728958433 35 26
39102.742249999996 39697.24274999999 36 46
101929.14015625001 102457.68765625001 36 62
106305.97814375 106857.42014375 36 62
128252.80764375009 129352.05492291672 36 70
197423.43010208436 198209.23228958435 36 29
33110.277250000014 33714.410250000015 37 35
54986.515250000004 55650.01675 37 42
82671.50565625005 83286.23865625005 37 35
116236.92889375007 117389.54262291674 37 70
194565.59253958435 195316.6865395843 37 26
225586.15328958438 228868.78967916773 37 41
115153.85289375005 116250.31217916672 38 70
126112.0326437501 127201.35436875011 38 70
191630.1805395843 192380.0140395843 38 45
12168.703875000005 12823.485750000003 39 41
27032.06425000001 27635.93625000001 39 41
48805.981125 49476.51774999999 39 40
51267.32525 51880.04625000001 39 37
53696.46875 54330.15675 39 36
64078.44365000001 64468.97598333334 39 37
112981.44214375001 114146.86664375004 39 70
125020.66164375014 126122.3625187501 39 70
132753.75614375 133123.55614375003 39 88
137250.81139375002 137625.81139375002 39 88
144322.19459375012 144713.71159375014 39 33
146749.20559375017 147150.54359375016 39 59
149363.41609375025 149791.87746875023 39 82
177463.40903958396 178119.89053958398 39 33
190142.87903958428 191645.9465333343 39 28
206553.9907895843 209675.89600625105 39 27
228857.04628958442 234373.3447895844 39 33
31917.025750000023 32526.81825000002 40 40
43864.39399999999 44614.22274999999 40 33
46398.334874999986 47072.05274999999 40 33
50056.313749999994 50669.530249999996 40 44
52432.52300000001 53088.15875 40 43
110791.11414375002 112990.05037291668 40 70
121715.99064375009 122104.5731437501 40 80
123950.37964375012 125032.47042500012 40 70
7229.284999999999 7843.789999999999 41 36
22175.316749999998 22776.42125 41 49
37880.301250000004 38459.70725 41 40
104065.22489375 104438.08089375001 41 69
171742.8015395839 172461.92603958392 41 36
188721.00503958424 190159.25457083425 41 32
20971.280249999996 21587.10375 42 45
85127.64215625003 85703.63915625002 42 35
117380.93439375007 117777.33339375007 42 80
119343.44464375007 119547.40245625009 42 64
4803.9529999999995 5441.568 43 32
19773.299749999995 20386.746749999995 43 35
94710.08890625002 95224.95640625 43 81
96981.07240625002 97495.63640625 43 75
99642.43865625 100045.71865624998 43 63
100448.04115624998 100627.37453124998 43 58
100613.57965624999 100828.72568958334 43 73
168863.58403958386 169592.94453958384 43 31
185912.8955395842 186642.25603958417 43 32
2316.3539999999994 2967.283499999999 44 40
14681.04925 15290.89675 44 42
17196.14775 17898.332250000003 44 40
29479.597750000015 30083.939750000016 44 42
34310.17025000002 34917.29825000002 44 35
36702.27775000001 37298.30275 44 46
81473.39265625004 82076.69765625005 44 38
93545.73590625003 94046.18640625001 44 77
106101.39564375002 106315.42516875001 44 61
166032.1275395838 166752.22403958382 44 30
180225.4655395841 180932.02303958414 44 28
183029.65691458413 183813.27503958417 44 35
210330.48478958438 210823.7437895844 44 21
232685.4217895844 238106.93303958443 44 31
240360.83803958443 248790.9058729178 44 26
41413.58549999998 42143.25174999999 45 41
80295.27615625004 80809.77715625004 45 35
92395.96315625003 92910.52640625004 45 68
108501.98464375002 108879.86564375003 45 69
24554.30137500001 25220.05725000001 46 49
64354.82077500001 64740.30023333334 46 33
77919.50190625 78545.44540625003 46 35
91238.89065625002 91846.31765625002 46 60
130482.02964375008 131050.5036437501 46 96
134993.53739375007 135553.41239375004 46 78
140660.6063937501 141306.1228937501 46 78
149650.49759375022 149907.4969687503 46 64
174546.32953958394 175296.16303958395 46 34
43926.051374999995 44614.22274999999 47 37
75515.36840625001 76144.10690625 47 35
87762.88965625002 88171.54465625 47 24
90061.52915625002 90674.05565625001 47 54
119733.75964375008 120083.37914375008 47 63
121532.78464375008 121723.44493125008 47 64
121914.7716437501 122282.87914375009 47 63
123760.57814375011 123957.86916250012 47 64
129341.03339375005 130491.78384375009 47 89
139518.77389375007 140671.41486875011 47 78
103859.63289375001 104070.66237708334 48 61
105731.47414375 106101.39564375002 48 61
106305.97814375 106857.42014375 48 62
108296.39264375002 108513.00617291669 48 61
110554.22214375003 110800.26800000001 48 71
128252.80764375009 129352.05492291672 48 80
54986.515250000004 55650.01675 49 42
64627.61648333334 65008.16023333334 49 37
84088.96215625004 84484.72865625002 49 20
84895.98215625003 85132.75671875002 49 22
116236.92889375007 117389.54262291674 49 80
127187.80014375011 128265.29017500007 49 77
132938.65614375003 133297.21764375002 49 68
134801.65264375007 135002.0910395834 49 69
137438.31139375002 137805.72139375002 49 68
139323.96889375008 139528.5280937501 49 69
144517.9530937501 144909.47009375013 49 37
146527.32859375016 146949.87459375017 49 56
146949.87459375017 147351.21259375018 49 60
149066.18059375024 149371.7893041669 49 63
149888.29721875026 150171.75555208363 49 64
203418.86878958432 204217.87828958433 49 31
99844.07865624999 100247.35865624998 50 60
100247.35865624998 100613.57965624999 50 55
115153.85289375005 116250.31217916672 50 80
126112.0326437501 127201.35436875011 50 80
200407.11878958435 201196.45728958433 50 30
234959.5107895844 236014.76878958437 50 34
1847.8599999999997 2433.856814583333 51 44
13382.993250000001 14044.52925 51 42
16781.586750000002 17255.370750000002 51 41
28225.129750000007 28836.015750000013 51 42
34310.17025000002 34917.29825000002 51 40
112981.44214375001 114146.86664375004 51 80
114052.39639375002 114418.37639375002 51 73
121349.5786437501 121715.99064375009 51 70
125020.66164375014 126122.3625187501 51 80
177463.40903958396 178119.89053958398 51 33
183061.41772708416 183813.27503958417 51 36
197460.84778958437 198209.23228958435 51 31
210577.1142895844 211070.37328958442 51 23
232685.4217895844 235545.67678958437 51 31
235545.67678958437 236122.66691458438 51 35
239515.05303958443 240568.13478958444 51 30
240568.13478958444 248790.9058729178 51 34
33110.277250000014 33714.410250000015 52 37
41474.52637499998 42143.25174999999 52 42
85332.22465625002 85703.63915625002 52 25
86093.01265625002 86319.82715625003 52 27
101929.14015625001 102457.68765625001 52 62
103494.09815625001 103681.03970625 52 60
107949.27064375002 108296.39264375002 52 60
110176.88664375003 110554.22214375003 52 68
110791.11414375002 112990.05037291668 52 80
117587.53189375007 117863.17514375006 52 63
119151.91064375007 119534.97864375007 52 70
122104.5731437501 122461.1851437501 52 65
123950.37964375012 125032.47042500012 52 80
185912.8955395842 186642.25603958417 52 32
194565.59253958435 195316.6865395843 52 30
10965.057750000004 11407.318833333336 53 42
11782.406250000004 12436.912750000005 53 42
12228.260750000005 12823.485750000003 53 48
23262.737 23956.678250000008 53 47
26612.162750000014 27243.868750000012 53 42
27032.06425000001 27635.93625000001 53 48
82895.75465625005 83286.23865625005 53 25
83658.93415625003 83877.60700000005 53 26
84289.64465625004 84679.81265625003 53 24
84679.81265625003 85127.64215625003 53 22
88379.51715625 88821.94415625001 53 28
99844.07865624999 100247.35865624998 53 69
100247.35865624998 100613.57965624999 53 65
100627.37453124998 100828.72568958334 53 73
104065.22489375 104438.08089375001 53 69
105369.49089375001 105642.71664375001 53 61
105908.98914375 106305.97814375 53 67
131600.04164375007 131886.66614375007 53 82
133123.55614375003 133470.87914375003 53 70
134601.93214375005 134901.51289375007 53 72
136098.36139375003 136480.52739375 53 82
137625.81139375002 137985.63139375002 53 70
139129.16389375008 139518.77389375007 53 72
140876.7758937501 141306.1228937501 53 69
141702.2721437501 141907.56578541675 53 65
144713.71159375014 145105.22859375016 53 40
146305.45159375016 146749.20559375017 53 58
147150.54359375016 147551.88159375018 53 63
148829.2885937502 149363.41609375025 53 65
191630.1805395843 192380.0140395843 53 45
238106.93303958443 240360.83803958443 53 30
75759.13190625001 76144.10690625 54 22
76518.69440625001 76952.33240625 54 22
76952.33240625 77346.59340625 54 24
77716.88140625002 77934.14234375 54 24
80523.17065625003 80809.77715625004 54 25
81275.55565625003 81487.63606250004 54 28
81701.28715625005 82076.69765625005 54 30
82453.08565625006 82683.65247708338 54 32
85521.81015625002 85892.33015625003 54 28
85892.33015625003 86306.97765625003 54 26
86512.56965625002 86906.43465625001 54 31
87318.79965625 87575.58598958334 54 28
87963.57215625001 88379.51715625 54 28
88821.94415625001 89235.13915625002 54 28
89854.93165625002 90162.06016041669 54 32
90295.77615625001 90674.05565625001 54 38
91040.10965625002 91252.25759375002 54 37
92619.01165625005 92910.52640625004 54 46
93342.13890625002 93563.11040625004 54 48
93777.39590625002 94046.18640625001 54 49
94497.20240625003 94724.64862500002 54 48
119915.30264375008 120251.45564375007 54 65
190142.87903958428 191645.9465333343 54 28
12630.199250000003 13217.45475 55 40
27442.64975000001 28022.50925000001 55 40
32915.19325000002 33120.975500000015 55 51
39102.742249999996 39697.24274999999 55 46
48859.20275 49476.51774999999 55 41
51267.32525 51880.04625000001 55 37
53696.46875 54330.15675 55 36
62056.21081666667 64055.31048333334 55 35
64896.91065000001 65272.65473333334 55 33
78153.74890625001 78545.44540625003 55 27
78908.01990625003 79338.53490625003 55 25
79338.53490625003 79619.86840625004 55 26
80088.67865625003 80308.57000208338 55 28
91468.03815625001 91846.31765625002 55 45
92209.53515625003 92408.97431875004 55 46
94943.04440625 95224.95640625 55 45
95653.18690625 96071.03890625 55 45
96071.03890625 96425.97040625001 55 47
96780.38990625003 96996.02233958335 55 47
103142.02215625001 103494.09815625001 55 62
103676.48015625 104065.22489375 55 68
107586.76914375 107949.27064375002 55 62
108122.83164375002 108501.98464375002 55 68
150115.69330208361 150392.47363541697 55 64
208080.58328958432 209675.89600625105 55 27
230851.61178958442 234373.3447895844 55 33
236122.66691458438 239515.05303958443 55 33
13016.772250000002 13438.172750000002 56 46
14681.04925 16122.831479166667 56 46
16122.831479166667 16344.750750000003 56 38
17018.47875 17267.774625000002 56 34
26032.839250000008 26241.25898541668 56 36
27829.22275000001 28329.051141666674 56 46
29479.597750000015 30083.939750000016 56 46
31662.22725000002 31917.025750000023 56 47
31917.025750000023 33110.277250000014 56 50
33110.277250000014 34310.17025000002 56 55
37880.301250000004 38459.70725 56 42
43987.70875 44614.22274999999 56 42
46455.00274999999 47072.05274999999 56 42
48456.514749999995 48872.86715833333 56 36
50056.313749999994 50669.530249999996 56 44
52486.01425000001 53088.15875 56 52
55414.445250000004 56139.674750000006 56 41
61394.21243333334 62731.96281666667 56 36
89648.33415625001 90061.52915625002 56 33
104984.64489375001 105202.31541875002 56 61
105552.69689375 105908.98914375 56 66
111178.93414375003 111508.44364375003 56 58
111677.22964375002 112075.98064375001 56 53
112260.76664375002 112590.20364375002 56 62
112761.88714375002 112990.05037291668 56 62
113377.84114375002 113699.51439375004 56 65
113869.73689375003 114146.86664375004 56 65
114418.37639375002 114743.79089375005 56 64
114916.96089375005 115163.00675000004 56 67
115538.76989375005 115862.86539375005 56 62
116035.28889375007 116250.31217916672 56 66
116614.80989375006 116938.71389375006 56 65
117128.51539375006 117389.54262291674 56 67
122282.87914375009 122470.8945187501 56 67
123582.2721437501 123950.37964375012 56 70
124338.19964375014 124657.50114375012 56 63
124825.57764375012 125032.47042500012 56 57
125398.54264375012 125717.79514375012 56 64
125892.47764375011 126122.3625187501 56 57
126501.00114375012 126830.08414375011 56 65
127005.53314375012 127201.35436875011 56 63
127539.04614375009 127866.09114375009 56 64
128055.89264375009 128265.29017500007 56 63
128633.21739375005 128961.60489375003 56 64
129139.39339375006 129352.05492291672 56 57
129707.81814375005 130041.01414375009 56 66
130234.30064375009 130491.78384375009 56 62
130677.11364375008 131050.5036437501 56 78
131407.11564375006 131791.12464375005 56 74
131791.12464375005 132158.19014375005 56 78
132547.15864375004 132754.52656041668 56 74
133297.21764375002 133670.59964375006 56 72
134423.62614375007 134801.65264375007 56 74
135180.16239375007 135553.41239375004 56 69
135922.40839375003 136289.44439375002 56 66
136289.44439375002 136658.04239375002 56 78
137043.18439375 137261.74889375002 56 72
137805.72139375002 138185.35189375005 56 72
138947.62089375008 139323.96889375008 56 74
139706.2708937501 140066.0908937501 56 69
140457.9858937501 140671.41486875011 56 68
141117.73989375008 141400.31439375007 56 69
141498.6751437501 141905.86914375008 56 65
144909.47009375013 145317.61809375015 56 45
146111.59059375015 146527.32859375016 56 59
147351.21259375018 147781.0290937502 56 66
148624.51059375022 149066.18059375024 56 67
174837.39403958392 175296.16303958395 56 30
175741.08853958396 176285.21753958394 56 29
176285.21753958394 176734.15853958396 56 23
177176.32753958396 177475.95728958395 56 22
181621.59953958413 182062.95593958412 56 28
200700.20178958433 201196.45728958433 56 20
201649.79728958436 201927.32898958432 56 20
202189.8947895843 202685.5637895843 56 20
203158.47478958432 203433.09685416764 56 20
210823.7437895844 211317.00278958443 56 24
229259.6767895844 231410.4787895844 56 41
23313.882625000002 23956.678250000008 57 49
51684.04475000001 52272.04925000001 57 42
54130.43625 54735.46925 57 39
97205.32140625 97495.63640625 57 52
97922.54515625 98207.39040625 57 48
99001.44765624999 99444.21925625 57 70
99433.78665625 100045.71865624998 57 75
100045.71865624998 100448.04115624998 57 54
109808.78864375003 110176.88664375003 57 66
110360.93564375002 110791.11414375002 57 77
120083.37914375008 120437.21414375008 57 67
121178.15014375008 121532.78464375008 57 64
188721.00503958424 190159.25457083425 57 32
225687.7930395844 228868.78967916773 57 46
14239.61325 14765.43953125 58 50
26232.55975000001 26612.162750000014 58 40
26814.78325000001 27243.868750000012 58 33
27243.868750000012 27635.93625000001 58 38
29031.099750000012 29486.657900000017 58 50
34104.57825000002 34322.97762500002 58 51
48859.20275 50070.254281249996 58 45
51267.32525 51880.04625000001 58 46
52076.047750000005 52498.80065625001 58 43
53696.46875 54330.15675 58 46
54529.87725 54999.8880625 58 41
55885.58825000001 56442.48365000001 58 43
60768.660916666675 61469.42463333334 58 37
65162.79369166668 65533.85598333334 58 37
86711.35065625003 87101.51865625 58 36
87101.51865625 87562.20715625 58 31
117777.33339375007 117944.81214375007 58 65
117944.81214375007 118280.50964375006 58 67
118830.60864375008 118991.25964375008 58 71
118991.25964375008 119343.44464375007 58 64
122461.1851437501 122847.7791437501 58 70
133470.87914375003 133870.32014375005 58 74
134245.32014375005 134601.93214375005 58 75
137985.63139375002 138385.07239375004 58 74
138766.07789375007 139129.16389375008 58 78
145105.22859375016 145530.00759375017 58 48
145917.72959375015 146305.45159375016 58 59
147551.88159375018 148010.1765937502 58 69
150337.58488541696 150722.5814687503 58 64
176516.87753958395 176940.75603958397 58 28
176940.75603958397 177463.40903958396 58 28
177695.069039584 178119.89053958398 58 21
178610.032539584 179074.67653958406 58 28
185912.8955395842 186642.25603958417 58 32
194852.67403958432 195316.6865395843 58 21
195751.24853958434 196295.97153958434 58 20
196295.97153958434 196763.78253958435 58 20
197195.34703958436 197480.38082500102 58 21
37679.61875 37891.89102083333 59 59
45212.819749999995 46468.22525416666 59 39
50864.61425 51283.8791 59 42
53286.939750000005 53710.13315833334 59 45
60172.92725000001 60788.90588333334 59 39
75964.72390625 76328.89290625001 59 27
76328.89290625001 76719.37690625 59 22
77160.98440625 77523.59490625001 59 27
77523.59490625001 77919.50190625 59 24
83096.43715625005 83381.13940625005 59 28
83473.73765625004 83863.51665625004 59 26
84088.96215625004 84484.72865625002 59 24
84484.72865625002 84895.98215625003 59 22
84895.98215625003 85132.75671875002 59 31
88171.54465625 88598.89565625001 59 26
88598.89565625001 88843.46472916668 59 25
89441.73665625001 89854.93165625002 59 26
90499.37315625002 90761.01715625002 59 45
90850.30815625002 91238.89065625002 59 37
99844.07865624999 100448.04115624998 59 60
100641.16940624999 100828.72568958334 59 74
110990.83464375001 111348.43514375003 59 57
111508.44364375003 111891.19464375002 59 53
112075.98064375001 112429.55264375001 59 57
112590.20364375002 112981.44214375001 59 59
115353.57339375005 115704.75439375006 59 60
115862.86539375005 116236.92889375007 59 57
116425.86939375006 116776.76189375007 59 61
116938.71389375006 117380.93439375007 59 59
121006.72164375009 121349.5786437501 59 71
122847.7791437501 123225.6601437501 59 77
123403.96614375009 123760.57814375011 59 64
124150.10014375013 124501.24314375014 59 60
124657.50114375012 125020.66164375014 59 57
126318.63014375011 126668.13214375012 59 61
126830.08414375011 127097.70464375011 59 60
127365.1231437501 127704.79214375009 59 61
127866.09114375009 128252.80764375009 59 64
234959.5107895844 236014.76878958437 59 37
2316.3539999999994 3792.5054999999993 60 49
3552.9079999999994 4819.18821875 60 44
4803.9529999999995 7010.864999999999 60 38
6807.267999999999 7244.815366666666 60 39
7229.284999999999 8223.4505 60 45
8031.044 8485.785812500002 60 47
9257.799000000003 9758.641025000003 60 49
9746.993250000003 11196.717750000003 60 56
13438.172750000002 14460.33125 60 50
14885.63175 15290.89675 60 38
15702.32725 16122.831479166667 60 34
16344.750750000003 16587.646500000003 60 43
17255.370750000002 18731.77025 60 44
18492.17275 19784.220749999997 60 42
19773.299749999995 21973.676749999995 60 38
21780.390249999997 22187.2093125 60 45
22175.316749999998 23160.445750000003 60 56
22965.36175 23313.882625000002 60 59
24145.61875000001 24793.56750000001 60 62
28225.129750000007 29255.348750000016 60 50
29691.402250000017 30083.939750000016 60 38
30475.94275000002 30872.62675000002 60 34
30872.62675000002 31270.22425000002 60 38
31466.22575000002 31913.840768750022 60 38
34310.17025000002 35504.206250000025 60 56
35298.61425000002 35727.25475000002 60 38
36500.63775000001 36702.27775000001 60 46
36702.27775000001 37679.61875 60 57
37880.301250000004 39102.742249999996 60 62
41535.46724999998 42143.25174999999 60 42
81891.08865625005 82260.67915625004 60 34
82260.67915625004 82671.50565625005 60 32
92821.63215625005 93087.88740625004 60 49
93172.63790625003 93545.73590625003 60 47
93959.22490625002 94299.36540625001 60 52
94299.36540625001 94710.08890625002 60 48
95137.23190625 95465.93290625 60 54
95465.93290625 95845.59340625 60 45
96255.02040625001 96590.58840625003 60 57
96590.58840625003 96981.07240625002 60 47
97406.00390625 97670.34890625 60 54
97756.56065625 98123.22765624999 60 48
100247.35865624998 100685.27743958333 60 63
101929.14015625001 102457.68765625001 60 65
102794.35765625001 103142.02215625001 60 61
103321.28715625001 103676.48015625 60 70
104615.59589375001 104984.64489375001 60 61
105186.28489375001 105552.69689375 60 66
107204.54214375002 107413.57368541668 60 61
107775.70964375 108122.83164375002 60 70
109423.09964375003 109637.00957708336 60 61
109992.83764375003 110360.93564375002 60 73
113188.03964375002 113461.40664375003 60 61
113699.51439375004 114052.39639375002 60 59
114237.36989375003 114585.05239375003 60 61
114743.79089375005 115153.85289375005 60 64
125209.60214375012 125560.92414375013 60 61
125717.79514375012 126112.0326437501 60 57
128445.11789375005 128799.65289375006 60 60
128961.60489375003 129341.03339375005 60 57
166300.8485395838 166752.22403958382 60 21
167202.30403958383 167722.26753958385 60 20
167722.26753958385 168193.45053958384 60 20
168628.01253958387 168881.40553958385 60 21
169148.72803958383 169592.94453958384 60 23
170025.29453958385 170555.30353958387 60 24
170555.30353958387 171007.81403958387 60 20
171457.7660395839 171763.80623750057 60 24
180485.8595395841 180932.02303958414 60 21
181380.63553958412 181866.79753958413 60 24
181866.79753958413 182354.36103958412 60 27
183093.17853958416 183813.27503958417 60 39
184263.3550395842 184772.71953958418 60 25
184772.71953958418 185243.90253958417 60 20
185671.93153958418 185925.96463958418 60 31
186198.03953958416 186642.25603958417 60 23
187074.60603958418 187577.5785395842 60 25
187577.5785395842 188030.0890395842 60 22
188480.04103958426 188737.98380208426 60 26
189012.06953958425 189465.87153958427 60 28
189907.3075395843 190159.25457083425 60 30
190404.88753958428 190870.7985395843 60 40
191307.6345395843 191645.9465333343 60 47
209578.96128958435 210577.1142895844 60 24
211070.37328958442 211563.63228958444 60 24
222704.0597895844 225564.3192479177 60 26
232685.4217895844 235545.67678958437 60 38
235545.67678958437 236122.66691458438 60 37
239515.05303958443 240568.13478958444 60 31
240775.43153958445 248790.9058729178 60 34
8471.918500000002 9450.205500000002 61 52
12436.912750000005 12823.485750000003 61 38
13217.45475 13566.841483333334 61 33
13646.82475 14044.52925 61 38
14460.33125 14765.43953125 61 34
23365.028250000003 24156.70030208334 61 64
27442.64975000001 27829.22275000001 61 45
28022.50925000001 28329.051141666674 61 35
28445.847750000008 28836.015750000013 61 38
29255.348750000016 29486.657900000017 61 33
32130.990750000023 32526.81825000002 61 38
32721.00575000002 33110.277250000014 61 34
33324.24225000001 33714.410250000015 61 40
33909.49425000002 34310.17025000002 61 42
46455.00274999999 47879.09008333332 61 42
47662.49024999999 47880.91024999999 61 44
47880.91024999999 48646.316249999996 61 27
48646.316249999996 48872.86715833333 61 29
50056.313749999994 51059.698249999994 61 48
52486.01425000001 53485.72075 61 52
59582.608250000005 60438.57080000001 61 40
65425.35848333334 65789.03165000002 61 32
78357.34590625002 78730.23140625002 61 31
78730.23140625002 79110.64040625002 61 27
79527.47540625003 79801.15015625003 61 31
79890.84165625004 80295.27615625004 61 28
80720.08565625004 81085.75415625003 61 29
81085.75415625003 81473.39265625004 61 28
84289.64465625004 84679.81265625003 61 30
84679.81265625003 85127.64215625003 61 31
85332.22465625002 85703.63915625002 61 36
85703.63915625002 86093.01265625002 61 28
86093.01265625002 86319.82715625003 61 42
89235.13915625002 89648.33415625001 61 27
91671.63515625002 92018.00115625003 61 50
92018.00115625003 92395.96315625003 61 46
120251.45564375007 120646.90164375008 61 70
129526.27514375004 129877.07064375008 61 61
130041.01414375009 130482.02964375008 61 59
133670.59964375006 133871.10139375005 61 80
134057.82014375005 134423.62614375007 61 83
138185.35189375005 138401.25468541673 61 80
138576.80339375004 138947.62089375008 61 82
145317.61809375015 145723.86859375014 61 53
145723.86859375014 146111.59059375015 61 59
147781.0290937502 148214.9545937502 61 72
148419.7325937502 148829.2885937502 61 70
150557.91521875028 150904.59813541695 61 63
177903.721039584 178336.060039584 61 32
178336.060039584 178756.43691458402 61 34
179074.67653958406 179512.6515395841 61 26
179978.8360395841 180239.57021458412 61 25
203729.2992895843 204217.87828958433 61 19
204717.83278958432 205021.2314770843 61 18
205295.1007895843 205774.2957895843 61 20
206272.67028958432 206574.09128958432 61 22
206855.49828958433 207345.93528958433 61 20
207826.49678958431 208371.64778958433 61 21
208371.64778958433 208868.09978958435 61 20
209355.69328958433 209621.19578958437 61 21
221528.7387895844 222059.3837895844 61 24
222059.3837895844 222704.0597895844 61 21
225789.4327895844 228868.78967916773 61 47
229259.6767895844 231433.7649145844 61 41
238106.93303958443 240360.83803958443 61 34
9979.948750000001 10369.496750000002 62 38
10754.309750000002 11196.717750000003 62 39
11196.717750000003 11407.318833333336 62 36
11990.033250000004 12436.912750000005 62 34
24833.08275000001 25220.05725000001 62 38
26612.162750000014 27032.06425000001 62 33
38851.14875 39118.468812499996 62 59
88598.89565625001 88843.46472916668 62 31
97406.00390625 97670.34890625 62 54
97756.56065625 98123.22765624999 62 48
101503.36715625001 101937.01267708334 62 58
130872.1976437501 131228.80964375008 62 78
131228.80964375008 131600.04164375007 62 74
131975.81914375006 132340.56114375006 62 78
132340.56114375006 132753.75614375 62 74
135366.78739375007 135740.03739375004 62 69
135740.03739375004 135981.05939375004 62 65
136480.52739375 136835.55739375 62 78
136835.55739375 137250.81139375002 62 78
139886.1808937501 140255.3653937501 62 69
140255.3653937501 140660.6063937501 62 66
141306.1228937501 141702.2721437501 62 69
157940.314710417 158148.095460417 62 33
162474.22987291712 162624.52687291714 62 33
175074.28603958394 175518.04003958395 62 36
175518.04003958395 175941.92533958395 62 29
176734.15853958396 177176.32753958396 62 22
183361.89953958415 183813.27503958417 62 31
200962.21028958433 201421.90278958436 62 25
201421.90278958436 201856.81888958433 62 20
202448.6717895843 202914.71128958432 62 24
202914.71128958432 203418.86878958432 62 20
216176.93278958442 218780.87278958442 62 26
2565.9174999999996 2967.283499999999 63 34
3352.2254999999996 3792.5054999999993 63 32
3792.5054999999993 4181.072999999999 63 37
4567.7325 4819.18821875 63 34
7462.2405 7843.789999999999 63 34
8223.4505 8485.785812500002 63 38
8693.795500000002 9069.699500000002 63 38
9450.205500000002 9758.641025000003 63 37
12630.199250000003 13016.772250000002 63 45
13016.772250000002 13382.993250000001 63 34
13849.44525 14239.61325 63 43
14239.61325 14681.04925 63 34
15090.21425 15491.579249999999 63 43
15491.579249999999 15925.375750000001 63 34
16781.586750000002 17196.14775 63 34
17503.44825 17898.332250000003 63 34
18288.575750000004 18731.77025 63 30
18731.77025 19108.73375 63 37
19497.412249999998 19784.220749999997 63 33
22394.871749999995 22776.42125 63 42
23160.445750000003 23578.993250000003 63 46
23578.993250000003 23956.678250000008 63 47
24350.20125000001 24793.56750000001 63 51
27829.22275000001 28225.129750000007 63 34
28640.93175000001 29031.099750000012 63 43
29031.099750000012 29479.597750000015 63 33
29894.999250000015 30279.941250000018 63 43
30279.941250000018 30671.944250000022 63 34
31270.22425000002 31662.22725000002 63 38
34529.725250000025 34917.29825000002 63 40
35107.956250000025 35504.206250000025 63 38
35727.25475000002 36117.56975000002 63 40
36309.10375000001 36700.59741666667 63 42
49093.44975 49476.51774999999 63 31
49852.71674999999 50070.254281249996 63 31
51488.04325 51880.04625000001 63 31
52272.04925000001 52498.80065625001 63 30
53930.71575 54330.15675 63 31
54735.46925 54999.8880625 63 33
58992.28925000001 60172.92725000001 63 41
65937.12223333334 66292.66365 63 34
66313.336775 66540.01715 63 39
66560.45031666665 66784.49789999999 63 35
70744.68719166674 70963.74740000008 63 31
70983.82773333341 71205.41215000009 63 30
71225.72577500009 71361.38518125008 63 32
71471.34083333341 71688.5055145834 63 36
71715.77163333342 71913.96584791676 63 39
71956.89373333342 72105.09584791675 63 43
72194.91739791674 72325.49078125006 63 47
72429.86670833339 72605.03578125006 63 51
72661.67504375005 72788.85358125003 63 48
72891.63013125004 73066.85858125002 63 45
73124.44430208336 73277.66419791669 63 41
73359.91548125002 73515.70878125001 63 36
73601.57557291668 73808.73478125002 63 30
75759.13190625001 76144.10690625 63 27
76144.10690625 76518.69440625001 63 24
76518.69440625001 76952.33240625 63 27
76952.33240625 77346.59340625 63 29
77346.59340625 77716.88140625002 63 24
77716.88140625002 77934.14234375 63 29
78153.74890625001 78545.44540625003 63 32
78545.44540625003 78908.01990625003 63 27
78908.01990625003 79338.53490625003 63 30
79338.53490625003 79619.86840625004 63 32
79709.15940625004 80088.67865625003 63 26
80088.67865625003 80308.57000208338 63 33
80523.17065625003 80809.77715625004 63 35
80900.96815625003 81275.55565625003 63 28
81275.55565625003 81487.63606250004 63 35
81701.28715625005 82076.69765625005 63 38
82076.69765625005 82453.08565625006 63 32
82453.08565625006 82683.65247708338 63 33
82895.75465625005 83286.23865625005 63 30
83286.23865625005 83658.93415625003 63 28
83658.93415625003 83877.60700000005 63 31
87762.88965625002 88171.54465625 63 37
88171.54465625 88598.89565625001 63 36
88821.94415625001 89235.13915625002 63 34
89028.54165625002 89441.73665625001 63 27
90295.77615625001 90674.05565625001 63 49
90674.05565625001 91040.10965625002 63 38
91040.10965625002 91252.25759375002 63 47
91468.03815625001 91846.31765625002 63 57
91846.31765625002 92209.53515625003 63 46
92209.53515625003 92408.97431875004 63 58
92619.01165625005 92910.52640625004 63 62
92997.86765625003 93342.13890625002 63 47
93342.13890625002 93563.11040625004 63 69
93777.39590625002 94046.18640625001 63 62
94130.57940625002 94497.20240625003 63 48
94497.20240625003 94724.64862500002 63 66
120826.81164375007 121178.15014375008 63 69
158044.28196041702 158248.44851041702 63 33
162586.95262291713 162737.86262291714 63 27
162813.82745625047 162966.38362291714 63 27
163043.18262291714 163235.81162291713 63 28
163274.6375395838 163469.41287291714 63 28
163508.6747895838 163744.9065395838 63 29
163744.9065395838 163903.95320625047 63 29
163983.81845625048 164263.5085395838 63 29
164263.5085395838 164681.3332895838 63 29
165465.7155395838 166253.8223645838 63 36
166533.8040395838 166970.64403958383 63 27
166970.64403958383 167396.19643958384 63 20
167960.49503958382 168410.73153958385 63 25
168410.73153958385 168863.58403958386 63 21
172008.1240395839 172461.92603958392 63 20
172903.36203958394 173154.8139458339 63 24
173393.0200395839 173853.8700395839 63 28
174290.70603958395 174562.09553333395 63 26
178119.89053958398 178610.032539584 63 26
179293.09653958408 179732.2065395841 63 26
179732.2065395841 180225.4655395841 63 36
180711.3050395841 181152.74103958413 63 33
181152.74103958413 181573.40673958414 63 24
182111.9955395841 182596.72653958414 63 32
182596.72653958414 183219.7013437508 63 39
183594.85503958416 184031.69503958418 63 36
184031.69503958418 184457.2474395842 63 28
185010.9470395842 185454.65053958417 63 28
185454.65053958417 185912.8955395842 63 27
197736.60828958434 198209.23228958435 63 22
198679.11978958434 198948.18713333432 63 22
199225.82528958432 199684.12028958433 63 20
200151.49528958436 200420.55176041767 63 24
208625.73428958433 209109.06378958432 63 25
209109.06378958432 209494.49228958433 63 21
209621.19578958437 210577.1142895844 63 29
211317.00278958443 211810.26178958445 63 25
215016.24778958445 215560.66278958443 63 24
215560.66278958443 216176.93278958442 63 21
221029.61178958442 221528.7387895844 63 21
231410.4787895844 234373.3447895844 63 37
236176.6159770844 239515.05303958443 63 38
5047.7164999999995 5441.568 64 30
5826.380999999999 6233.013 64 27
6233.013 6617.682499999999 64 30
7010.864999999999 7244.815366666666 64 26
19991.719749999993 20386.746749999995 64 28
20771.559749999993 20984.431237499997 64 28
21196.725749999998 21587.10375 64 32
21973.676749999995 22187.2093125 64 37
32526.81825000002 32915.19325000002 64 38
33714.410250000015 34104.57825000002 64 42
39102.742249999996 41548.274624999984 64 63
41535.46724999998 42956.69424999999 64 46
42732.44524999999 44002.011966666665 64 53
43987.70875 45455.185249999995 64 42
45455.185249999995 45841.75824999999 64 31
46228.33124999999 46468.22525416666 64 27
46681.67425 47072.05274999999 64 26
47456.89824999999 47879.09008333332 64 30
48076.91174999999 48456.514749999995 64 34
48456.514749999995 48805.981125 64 26
50279.36224999999 50669.530249999996 64 31
51059.698249999994 51283.8791 64 29
52690.59675000001 53088.15875 64 33
53485.72075 53710.13315833334 64 31
54986.515250000004 56139.674750000006 64 45
56393.76125 59582.608250000005 64 51
65682.52185833335 66042.3589 64 37
66188.67885833334 66416.70240000001 64 37
66437.25485833333 66662.61614999999 64 33
70626.12990000009 70843.94865000008 64 33
70863.9151083334 71084.22940000008 64 29
71104.42652500008 71263.30598125009 64 31
71348.10362291675 71492.9209145834 64 34
71594.04715833341 71785.45171458341 64 38
71836.65656458342 72009.80484791675 64 41
72076.31002500009 72199.85264791675 64 45
72312.73065833341 72512.37178125005 64 49
72546.15553125006 72697.19458125005 64 50
72776.44142500004 72973.67638125004 64 46
73007.64905833337 73160.55738125002 64 43
73242.1303979167 73395.44928125001 64 38
73479.35395625001 73638.78719791668 64 33
85521.81015625002 85892.33015625003 64 38
85892.33015625003 86306.97765625003 64 38
86512.56965625002 86906.43465625001 64 40
86906.43465625001 87318.79965625 64 31
87318.79965625 87575.58598958334 64 37
94943.04440625 95224.95640625 64 67
95305.28190625 95653.18690625 64 48
95653.18690625 96071.03890625 64 63
96071.03890625 96425.97040625001 64 64
96425.97040625001 96780.38990625003 64 47
96780.38990625003 96996.02233958335 64 54
100654.96428125 101929.14015625001 64 67
102457.68765625001 102794.35765625001 64 63
102972.86515625002 103321.28715625001 64 68
106857.42014375 107204.54214375002 64 63
107397.82864375002 107775.70964375 64 68
109055.71564375004 109423.09964375003 64 61
109624.73964375003 109992.83764375003 64 72
111348.43514375003 111677.22964375002 64 57
112429.55264375001 112761.88714375002 64 59
118108.08614375007 118414.44614375007 64 70
118644.85014375008 118951.09689375007 64 69
120437.21414375008 120658.89564375009 64 72
122655.3726437501 122859.5879250001 64 69
123225.6601437501 123582.2721437501 64 71
124501.24314375014 124825.57764375012 64 61
162260.80045625044 162438.38503958378 64 35
162700.0840395838 162851.80987291713 64 32
169377.87553958385 169808.01353958383 64 28
169808.01353958383 170218.06573958386 64 24
170788.25903958385 171227.3690395839 64 26
171227.3690395839 171742.8015395839 64 36
186427.18703958415 186857.32503958416 64 33
186857.32503958416 187267.3772395842 64 25
187810.53403958422 188249.64403958424 64 29
188249.64403958424 188721.00503958424 64 32
195093.6380395843 195533.96753958432 64 27
195533.96753958432 195950.89933958434 64 20
196538.33703958435 196973.47003958435 64 25
196973.47003958435 197311.17703958435 64 21
205534.6982895843 206013.89328958432 64 26
206013.89328958432 206553.9907895843 64 26
207114.27528958433 207585.53278958434 64 25
207585.53278958434 208080.58328958432 64 21
225891.0725395844 228868.78967916773 64 52
24622.33475000001 26032.839250000008 65 62
26422.361250000013 26814.78325000001 65 37
36919.558750000004 37298.30275 65 43
37488.960750000006 37880.301250000004 65 40
38094.26624999999 38459.70725 65 48
38649.50875 39102.742249999996 65 47
83096.43715625005 83381.13940625005 65 34
83473.73765625004 83863.51665625004 65 31
84484.72865625002 84895.98215625003 65 24
97205.32140625 97495.63640625 65 67
97581.84815625001 97922.54515625 65 48
97922.54515625 98207.39040625 65 51
104793.11089375001 105186.28489375001 65 67
116776.76189375007 117128.51539375006 65 62
126668.13214375012 127005.53314375012 65 61
127704.79214375009 128055.89264375009 65 59
128799.65289375006 129139.39339375006 65 61
129877.07064375008 130234.30064375009 65 62
131050.5036437501 131407.11564375006 65 78
132158.19014375005 132547.15864375004 65 78
133870.32014375005 134245.32014375005 65 85
135553.41239375004 135861.61806041672 65 69
136658.04239375002 137043.18439375 65 71
138385.07239375004 138766.07789375007 65 84
140066.0908937501 140457.9858937501 65 69
145530.00759375017 145917.72959375015 65 57
148214.9545937502 148624.51059375022 65 72
162367.0633729171 162481.74472291712 65 31
162928.1923729171 163119.9816229171 65 32
172242.3710395839 172682.64403958392 65 26
172682.64403958392 173091.8192395839 65 34
173625.97553958392 174073.42503958393 65 36
174073.42503958393 174546.32953958394 65 36
175296.16303958395 175741.08853958396 65 29
175992.13453958396 176734.15853958396 65 37
176940.75603958397 177475.95728958395 65 32
177463.40903958396 178119.89053958398 65 37
180932.02303958414 181380.63553958412 65 24
182354.36103958412 182839.09203958412 65 36
189246.31653958425 189686.58953958427 65 32
189686.58953958427 190142.87903958428 65 36
191921.2450395843 192380.0140395843 65 32
192841.4885395843 193385.61753958432 65 30
193385.61753958432 193834.5585395843 65 23
194278.51103958435 194582.33896041766 65 25
202685.5637895843 203158.47478958432 65 20
203984.92278958432 204450.8337895843 65 27
204450.8337895843 204938.44118958432 65 18
214508.07478958444 215016.24778958445 65 21
220521.4387895844 221029.61178958442 65 21
229259.6767895844 231433.7649145844 65 43
75964.72390625 76328.89290625001 66 32
76328.89290625001 76719.37690625 66 27
77160.98440625 77523.59490625001 66 32
77523.59490625001 77919.50190625 66 28
80720.08565625004 81085.75415625003 66 37
81085.75415625003 81473.39265625004 66 31
81891.08865625005 82260.67915625004 66 42
82260.67915625004 82671.50565625005 66 33
85703.63915625002 86093.01265625002 66 38
86711.35065625003 87101.51865625 66 48
87101.51865625 87562.20715625 66 31
87963.57215625001 88379.51715625 66 34
88821.94415625001 89441.73665625001 66 52
89854.93165625002 90162.06016041669 66 65
90499.37315625002 90761.01715625002 66 56
90850.30815625002 91238.89065625002 66 47
92821.63215625005 93087.88740625004 66 67
93172.63790625003 93545.73590625003 66 69
93959.22490625002 94299.36540625001 66 68
94299.36540625001 94710.08890625002 66 57
113540.77589375002 113869.73689375003 66 61
114585.05239375003 114916.96089375005 66 59
115704.75439375006 116035.28889375007 66 61
125560.92414375013 125892.47764375011 66 62
162050.57920625043 162225.4997062504 66 36
163158.59162291713 163352.28937291715 66 32
190637.8430395843 191090.3535395843 66 48
191090.3535395843 191630.1805395843 66 42
197977.57228958435 198440.89228958436 66 28
198440.89228958436 198875.27818958435 66 22
199454.97278958434 199913.26778958435 66 26
199913.26778958435 200407.11878958435 66 30
201196.45728958433 201649.79728958436 66 20
219425.5487895844 221004.2031395844 66 25
14044.52925 14460.33125 67 38
27635.93625000001 28022.50925000001 67 38
28836.015750000013 29255.348750000016 67 38
39312.42975 39697.24274999999 67 50
40082.055749999985 40510.88724999999 67 49
40510.88724999999 40906.89074999999 67 50
41291.70374999998 41548.274624999984 67 49
49284.98374999999 49664.617249999996 67 38
49664.617249999996 50056.313749999994 67 31
51684.04475000001 52076.047750000005 67 38
52076.047750000005 52432.52300000001 67 30
54130.43625 54529.87725 67 39
54529.87725 54986.515250000004 67 32
66313.336775 66540.01715 67 39
66560.45031666665 66784.49789999999 67 42
66804.695025 67026.16265 67 37
70274.4148583334 70488.60315000007 67 31
70508.23410833342 70724.83490000007 67 31
70744.68719166674 70963.74740000008 67 38
70983.82773333341 71205.41215000009 67 42
71225.72577500009 71361.38518125008 67 44
71471.34083333341 71688.5055145834 67 48
71715.77163333342 71913.96584791676 67 53
71956.89373333342 72105.09584791675 67 57
72194.91739791674 72325.49078125006 67 62
72429.86670833339 72605.03578125006 67 64
72661.67504375005 72788.85358125003 67 58
72891.63013125004 73066.85858125002 67 53
73124.44430208336 73277.66419791669 67 44
73359.91548125002 73515.70878125001 67 37
73601.57557291668 73808.73478125002 67 30
78357.34590625002 78730.23140625002 67 38
78730.23140625002 79110.64040625002 67 30
79527.47540625003 79801.15015625003 67 35
79890.84165625004 80295.27615625004 67 28
91671.63515625002 92018.00115625003 67 63
92018.00115625003 92395.96315625003 67 58
95137.23190625 95465.93290625 67 71
95465.93290625 95845.59340625 67 54
96255.02040625001 96590.58840625003 67 71
96590.58840625003 96981.07240625002 67 54
101929.14015625001 102457.68765625001 67 65
102629.38665625002 102972.86515625002 67 70
107030.98114375002 107397.82864375002 67 70
131975.81914375006 132547.15864375004 67 68
136480.52739375 137043.18439375 67 68
143478.0405937501 144322.19459375012 67 37
150777.1864687503 151085.66563541695 67 64
157295.62335208367 157626.6729770837 67 32
157835.988710417 157971.612510417 67 32
158148.095460417 158355.19055208366 67 34
162155.2503729171 162296.10120625043 67 33
163391.3305395838 163626.46053958382 67 32
177903.721039584 178610.032539584 67 38
179512.6515395841 179978.8360395841 67 26
196763.78253958435 197195.34703958436 67 21
205774.2957895843 206272.67028958432 67 21
207345.93528958433 207826.49678958431 67 21
208868.09978958435 209355.69328958433 67 21
214002.93878958444 214508.07478958444 67 21
221029.61178958442 221528.7387895844 67 21
221528.7387895844 222059.3837895844 67 24
222059.3837895844 222704.0597895844 67 21
2782.0869999999995 3156.2239999999993 68 40
3156.2239999999993 3552.9079999999994 68 32
3994.145499999999 4371.731 68 40
4371.731 4803.9529999999995 68 33
10182.569250000002 10561.903250000001 68 43
10561.903250000001 10965.057750000004 68 39
11399.338250000003 11782.406250000004 68 40
11782.406250000004 12168.703875000005 68 32
15290.89675 15702.32725 68 38
16587.646500000003 16876.34355 68 38
17713.13575 18090.738750000004 68 40
18090.738750000004 18492.17275 68 32
18926.904749999998 19294.791749999997 68 40
19294.791749999997 19773.299749999995 68 33
25032.80325000001 25410.71525000001 68 43
25601.373250000008 26032.839250000008 68 39
30083.939750000016 30475.94275000002 68 38
31073.30925000002 31466.22575000002 68 43
32332.630750000022 32721.00575000002 68 40
33519.32625000001 33909.49425000002 68 45
34917.29825000002 35298.61425000002 68 42
36117.56975000002 36500.63775000001 68 42
37298.30275 37679.61875 68 39
38459.70725 38851.14875 68 47
44232.906749999995 44614.22274999999 68 33
44995.53874999999 45455.185249999995 68 33
45648.47174999999 46035.044749999994 68 37
46035.044749999994 46398.334874999986 68 31
46881.39474999999 47262.71074999999 68 33
47262.71074999999 47662.49024999999 68 30
48266.71324999999 48622.5910625 68 30
50474.44624999999 50864.61425 68 38
50864.61425 51267.32525 68 29
52889.37775000001 53286.939750000005 68 40
53286.939750000005 53696.46875 68 31
55200.48025000001 55650.01675 68 36
56139.674750000006 56442.48365000001 68 41
66188.67885833334 66416.70240000001 68 37
66437.25485833333 66662.61614999999 68 40
66682.929775 66905.68065 68 36
70158.47690000007 70352.06669166674 68 33
70391.0002333334 70606.38890000008 68 33
70626.12990000009 70843.94865000008 68 39
70863.9151083334 71084.22940000008 68 41
71104.42652500008 71263.30598125009 68 43
71348.10362291675 71492.9209145834 68 46
71594.04715833341 71785.45171458341 68 51
71836.65656458342 72009.80484791675 68 55
72076.31002500009 72199.85264791675 68 60
72312.73065833341 72512.37178125005 68 65
72546.15553125006 72697.19458125005 68 61
72776.44142500004 72973.67638125004 68 55
73007.64905833337 73160.55738125002 68 48
73242.1303979167 73395.44928125001 68 41
73479.35395625001 73638.78719791668 68 34
83863.51665625004 84484.72865625002 68 46
84679.81265625003 85132.75671875002 68 46
85127.64215625003 85703.63915625002 68 52
88379.51715625 88843.46472916668 68 53
104438.08089375001 104793.11089375001 68 68
111348.43514375003 111677.22964375002 68 62
112429.55264375001 112761.88714375002 68 65
113540.77589375002 113869.73689375003 68 67
115704.75439375006 116035.28889375007 68 68
116776.76189375007 117128.51539375006 68 67
118280.50964375006 118459.09164375007 68 72
118459.09164375007 118830.60864375008 68 77
120646.90164375008 121006.72164375009 68 77
123036.71964375008 123403.96614375009 68 69
124501.24314375014 124825.57764375012 68 68
125560.92414375013 125892.47764375011 68 67
126668.13214375012 127005.53314375012 68 67
127704.79214375009 128055.89264375009 68 67
128799.65289375006 129139.39339375006 68 68
129877.07064375008 130234.30064375009 68 67
132340.56114375006 132754.52656041668 68 69
136835.55739375 137261.74889375002 68 69
143897.4155937501 144483.6953562501 68 37
148010.1765937502 148419.7325937502 68 74
157071.89147708367 157295.62335208367 68 26
163626.46053958382 163864.0202895838 68 32
166752.22403958382 167202.30403958383 68 20
168193.45053958384 168628.01253958387 68 21
178336.060039584 179074.67653958406 68 39
180225.4655395841 181380.63553958412 68 45
182839.09203958412 183219.7013437508 68 36
183813.27503958417 184263.3550395842 68 28
185243.90253958417 185671.93153958418 68 26
192158.13703958428 192601.8910395843 68 41
192601.8910395843 193042.3253395843 68 37
193617.27753958432 194051.83953958433 68 31
194051.83953958433 194565.59253958435 68 26
195316.6865395843 195751.24853958434 68 20
201908.57428958433 203433.09685416764 68 29
204217.87828958433 204717.83278958432 68 18
209663.43028958436 210577.1142895844 68 36
211563.63228958444 212052.62728958446 68 25
212870.11478958445 214482.81798958444 68 25
220521.4387895844 221029.61178958442 68 21
232685.4217895844 238106.93303958443 68 38
236230.5650395844 240568.13478958444 68 40
240982.72828958445 248790.9058729178 68 37
7661.961 8031.044 69 36
8031.044 8471.918500000002 69 36
8886.202000000003 9257.799000000003 69 43
9257.799000000003 9558.290250000002 69 37
22594.592249999998 22965.36175 69 45
22965.36175 23262.737 69 45
23773.180750000007 24145.61875000001 69 54
24145.61875000001 24554.30137500001 69 47
41755.02224999999 42143.25174999999 69 39
42529.824749999985 42956.69424999999 69 33
42956.69424999999 43333.01424999999 69 34
43741.07924999999 44002.011966666665 69 32
97406.00390625 97670.34890625 69 72
97756.56065625 98123.22765624999 69 51
99001.44765624999 99444.21925625 69 79
99433.78665625 100045.71865624998 69 87
109231.56564375003 109624.73964375003 69 67
156866.78740208366 157071.89147708367 69 26
161843.46370625045 162015.8038729171 69 37
163864.0202895838 164024.44570625047 69 32
172461.92603958392 172903.36203958394 69 24
173853.8700395839 174290.70603958395 69 28
189465.87153958427 189907.3075395843 69 27
190870.7985395843 191307.6345395843 69 43
199684.12028958433 200151.49528958436 69 21
214508.07478958444 215016.24778958445 69 21
215016.24778958445 215560.66278958443 69 24
215560.66278958443 216176.93278958442 69 21
222704.0597895844 225564.3192479177 69 26
5254.314 5633.9745 70 34
5633.9745 6022.472 70 27
6428.096999999999 6807.267999999999 70 34
6807.267999999999 7229.284999999999 70 26
20194.340249999994 20579.153249999992 70 32
20579.153249999992 20971.280249999996 70 28
21402.31775 21780.390249999997 70 37
21780.390249999997 22175.316749999998 70 32
49476.51774999999 49852.71674999999 70 34
51880.04625000001 52272.04925000001 70 33
54330.15675 54735.46925 70 34
55414.445250000004 55885.58825000001 70 45
55885.58825000001 56393.76125 70 38
66560.45031666665 66784.49789999999 70 42
66804.695025 67026.16265 70 45
67046.12910833333 67265.07515 70 40
70043.17315000006 70255.00190000006 70 35
70274.4148583334 70488.60315000007 70 42
70508.23410833342 70724.83490000007 70 40
70744.68719166674 70963.74740000008 70 38
70983.82773333341 71205.41215000009 70 42
71225.72577500009 71361.38518125008 70 44
71471.34083333341 71688.5055145834 70 48
71715.77163333342 71913.96584791676 70 53
71956.89373333342 72105.09584791675 70 57
72194.91739791674 72325.49078125006 70 62
72429.86670833339 72605.03578125006 70 64
72661.67504375005 72788.85358125003 70 58
72891.63013125004 73066.85858125002 70 53
73124.44430208336 73277.66419791669 70 44
73359.91548125002 73515.70878125001 70 37
73601.57557291668 73808.73478125002 70 30
85521.81015625002 86093.01265625002 70 54
86906.43465625001 87318.79965625 70 40
133870.32014375005 134423.62614375007 70 67
138385.07239375004 138947.62089375008 70 67
145105.22859375016 145723.86859375014 70 51
150995.13188541695 151265.80688541694 70 66
156662.8454770837 156795.1835270837 70 26
157324.24056041703 157626.6729770837 70 32
157731.66271041703 157940.314710417 70 31
158251.89180208367 158458.48930208365 70 35
161946.5948729171 162085.35453958376 70 33
164107.1445395838 164419.8725395838 70 32
169592.94453958384 170025.29453958385 70 23
171007.81403958387 171457.7660395839 70 21
178336.060039584 178785.717789584 70 24
179732.2065395841 180239.57021458412 70 40
186642.25603958417 187074.60603958418 70 25
188030.0890395842 188480.04103958426 70 25
196000.81203958433 197480.38082500102 70 32
198209.23228958435 198679.11978958434 70 22
207585.53278958434 208371.64778958433 70 32
209109.06378958432 209675.89600625105 70 31
214002.93878958444 214508.07478958444 70 21
219425.5487895844 221004.2031395844 70 25
229259.6767895844 232685.4217895844 70 52
44423.56475 44804.88075 71 41
44804.88075 45212.819749999995 71 32
45841.75824999999 46228.33124999999 71 31
76144.10690625 76518.69440625001 71 28
77346.59340625 77716.88140625002 71 29
83286.23865625005 83658.93415625003 71 33
85892.33015625003 86319.82715625003 71 56
87963.57215625001 88598.89565625001 71 53
90674.05565625001 91040.10965625002 71 47
99844.07865624999 100448.04115624998 71 70
104984.64489375001 105202.31541875002 71 70
110990.83464375001 111348.43514375003 71 63
111508.44364375003 111891.19464375002 71 63
112075.98064375001 112429.55264375001 71 67
112590.20364375002 112981.44214375001 71 62
115353.57339375005 115704.75439375006 71 68
116425.86939375006 116776.76189375007 71 67
122847.7791437501 123403.96614375009 71 67
123582.2721437501 123957.86916250012 71 71
124150.10014375013 124501.24314375014 71 68
124657.50114375012 125020.66164375014 71 64
126318.63014375011 126668.13214375012 71 67
126830.08414375011 127097.70464375011 71 73
127365.1231437501 127704.79214375009 71 72
127866.09114375009 128252.80764375009 71 63
156460.0459520837 156625.51936041703 71 27
157209.7717270837 157324.24056041703 71 22
164419.8725395838 165465.7155395838 71 32
193834.5585395843 194278.51103958435 71 27
216176.93278958442 218780.87278958442 71 26
2967.283499999999 3352.2254999999996 72 36
4181.072999999999 4567.7325 72 37
5441.568 5826.380999999999 72 31
6617.682499999999 7010.864999999999 72 30
7843.789999999999 8223.4505 72 35
9069.699500000002 9450.205500000002 72 40
10369.496750000002 10754.309750000002 72 42
11590.872250000002 11990.033250000004 72 37
12823.485750000003 13217.45475 72 38
17898.332250000003 18288.575750000004 72 36
19108.73375 19497.412249999998 72 37
20386.746749999995 20771.559749999993 72 30
21587.10375 21973.676749999995 72 35
22776.42125 23160.445750000003 72 43
23956.678250000008 24156.70030208334 72 50
25410.71525000001 25822.09125000001 72 39
34726.640250000026 35107.956250000025 72 45
35926.03575000002 36309.10375000001 72 45
37116.473750000005 37488.960750000006 72 46
38280.32425 38649.50875 72 53
39504.83625 39889.64924999999 72 56
39889.64924999999 40286.63824999999 72 49
40714.484249999994 41099.29724999999 72 56
41099.29724999999 41413.58549999998 72 49
41957.64274999999 42336.53824999999 72 45
42336.53824999999 42732.44524999999 72 33
43148.228249999986 43523.67224999999 72 41
43523.67224999999 43864.39399999999 72 32
82076.69765625005 82453.08565625006 72 37
92997.86765625003 93342.13890625002 72 66
94130.57940625002 94497.20240625003 72 65
95305.28190625 95653.18690625 72 64
96425.97040625001 96780.38990625003 72 61
97581.84815625001 97922.54515625 72 58
100247.35865624998 100685.27743958333 72 72
101929.14015625001 102457.68765625001 72 75
102297.34565625002 102543.72140625001 72 73
103859.63289375001 104070.66237708334 72 65
104065.22489375 105186.28489375001 72 68
105186.28489375001 106305.97814375 72 78
106683.85914375 107030.98114375002 72 73
107397.82864375002 107949.27064375002 72 78
108879.86564375003 109231.56564375003 72 68
113188.03964375002 113461.40664375003 72 67
113699.51439375004 114052.39639375002 72 73
114237.36989375003 114585.05239375003 72 71
114585.05239375003 114916.96089375005 72 70
125209.60214375012 125560.92414375013 72 67
125717.79514375012 126112.0326437501 72 62
128445.11789375005 128799.65289375006 72 68
128961.60489375003 129341.03339375005 72 64
132753.75614375 133871.10139375005 72 78
137250.81139375002 138401.25468541673 72 78
144322.19459375012 145317.61809375015 72 45
156258.53323541698 156456.66894375035 72 27
156969.09547708367 157209.7717270837 72 24
161639.36845625043 161809.1983729171 72 38
166032.1275395838 167722.26753958385 72 45
167444.66953958382 168881.40553958385 72 28
168863.58403958386 171007.81403958387 72 45
171227.3690395839 171763.80623750057 72 40
171742.8015395839 172903.36203958394 72 48
172682.64403958392 173154.8139458339 72 40
174073.42503958393 174562.09553333395 72 41
174546.32953958394 176285.21753958394 72 49
178844.27953958404 179978.8360395841 72 42
181152.74103958413 181621.59953958413 72 23
181621.59953958413 182111.9955395841 72 25
183093.17853958416 184772.71953958418 72 45
184505.7205395842 185925.96463958418 72 33
185912.8955395842 188030.0890395842 72 44
188249.64403958424 188737.98380208426 72 38
188721.00503958424 189907.3075395843 72 44
189686.58953958427 190159.25457083425 72 40
191090.3535395843 191645.9465333343 72 50
192380.0140395843 192841.4885395843 72 29
206013.89328958432 206574.09128958432 72 32
206553.9907895843 207826.49678958431 72 36
208080.58328958432 209355.69328958433 72 36
211810.26178958445 212294.99278958444 72 26
212870.11478958445 214482.81798958444 72 25
231969.3457895844 234373.3447895844 72 37
47072.05274999999 47456.89824999999 73 31
50669.530249999996 51059.698249999994 73 32
53088.15875 53485.72075 73 34
66437.25485833333 66662.61614999999 73 40
66682.929775 66905.68065 73 43
66925.76098333333 67145.9614 73 38
69928.49527500007 70139.17190000006 73 36
70158.47690000007 70352.06669166674 73 43
70391.0002333334 70606.38890000008 73 41
70626.12990000009 70843.94865000008 73 39
70863.9151083334 71084.22940000008 73 41
71104.42652500008 71263.30598125009 73 43
71348.10362291675 71492.9209145834 73 46
71594.04715833341 71785.45171458341 73 51
71836.65656458342 72009.80484791675 73 55
72076.31002500009 72199.85264791675 73 60
72312.73065833341 72512.37178125005 73 65
72546.15553125006 72697.19458125005 73 61
72776.44142500004 72973.67638125004 73 55
73007.64905833337 73160.55738125002 73 48
73242.1303979167 73395.44928125001 73 41
73479.35395625001 73638.78719791668 73 34
78545.44540625003 78908.01990625003 73 32
79709.15940625004 80088.67865625003 73 32
80900.96815625003 81275.55565625003 73 34
87101.51865625 87575.58598958334 73 53
87562.20715625 88171.54465625 73 60
91846.31765625002 92209.53515625003 73 58
118459.09164375007 118951.09689375007 73 70
119151.91064375007 120083.37914375008 73 70
122461.1851437501 122859.5879250001 73 70
129526.27514375004 129877.07064375008 73 67
130041.01414375009 130482.02964375008 73 64
146305.45159375016 146949.87459375017 73 65
151211.76451041695 151640.98163541695 73 64
156058.31570208364 156258.53323541698 73 27
156764.6439770837 156965.66894375032 73 24
157209.7717270837 157324.24056041703 73 28
157352.85776875037 157626.6729770837 73 32
157626.6729770837 157835.988710417 73 32
158355.19055208366 158489.47892708363 73 35
161741.00420625045 161877.7290395838 73 33
173138.93353958393 174290.70603958395 73 47
178336.060039584 178785.717789584 73 24
178756.43691458402 179512.6515395841 73 26
190142.87903958428 191307.6345395843 73 52
203418.86878958432 206272.67028958432 73 35
219425.5487895844 221004.2031395844 73 32
225992.7122895844 228868.78967916773 73 58
75046.87440625 75658.5794625 74 46
101503.36715625001 101937.01267708334 74 67
106101.39564375002 106315.42516875001 74 68
107204.54214375002 107413.57368541668 74 75
155859.20587708362 155988.4135270836 74 28
156561.3562020837 156764.6439770837 74 24
156969.09547708367 157209.7717270837 74 29
158458.48930208365 158664.23212708367 74 36
175518.04003958395 175992.13453958396 74 19
175992.13453958396 176516.87753958395 74 23
201421.90278958436 201908.57428958433 74 16
201908.57428958433 202448.6717895843 74 19
220521.4387895844 221029.61178958442 74 25
66804.695025 67026.16265 75 45
67046.12910833333 67265.07515 75 48
67284.81615 67501.3069 75 42
69588.18102500006 69795.45240000005 75 39
69814.44360833339 70023.97340000006 75 37
70043.17315000006 70255.00190000006 75 44
70274.4148583334 70488.60315000007 75 42
70508.23410833342 70724.83490000007 75 40
75515.36840625001 77934.14234375 75 52
77919.50190625 79338.53490625003 75 54
79890.84165625004 80308.57000208338 75 52
80295.27615625004 81275.55565625003 75 56
81085.75415625003 81487.63606250004 75 50
82260.67915625004 82683.65247708338 75 49
82671.50565625005 83877.60700000005 75 56
86306.97765625003 87318.79965625 75 60
90061.52915625002 91252.25759375002 75 72
91238.89065625002 92408.97431875004 75 79
92395.96315625003 93563.11040625004 75 81
94299.36540625001 94724.64862500002 75 76
94710.08890625002 95653.18690625 75 82
95845.59340625 96780.38990625003 75 80
109423.09964375003 109637.00957708336 75 74
119915.30264375008 120437.21414375008 75 70
145530.00759375017 146527.32859375016 75 60
155661.19581041692 155822.76269375026 75 28
156359.209610417 156561.3562020837 75 24
157504.0739770837 157693.40984375039 75 32
158664.23212708367 158869.30255208365 75 37
166970.64403958383 167444.66953958382 75 18
167444.66953958382 167960.49503958382 75 20
172682.64403958392 173138.93353958393 75 21
173138.93353958393 173625.97553958392 75 21
178785.717789584 179512.6515395841 75 27
181152.74103958413 181621.59953958413 75 23
181621.59953958413 182111.9955395841 75 25
184031.69503958418 184505.7205395842 75 17
184505.7205395842 185010.9470395842 75 22
197460.84778958437 200420.55176041767 75 37
212052.62728958446 212540.19078958445 75 27
212870.11478958445 214482.81798958444 75 32
221029.61178958442 221528.7387895844 75 26
39697.24274999999 40082.055749999985 76 52
40906.89074999999 41291.70374999998 76 52
42143.25174999999 42529.824749999985 76 38
43333.01424999999 43741.07924999999 76 35
44614.22274999999 44995.53874999999 76 36
55650.01675 56139.674750000006 76 41
66682.929775 66905.68065 76 43
66925.76098333333 67145.9614 76 46
67165.81369166667 67383.52114999999 76 41
69474.9474416667 69682.11665000005 76 40
69701.00594166672 69909.39965000005 76 38
69928.49527500007 70139.17190000006 76 45
70158.47690000007 70352.06669166674 76 43
70391.0002333334 70606.38890000008 76 41
81473.39265625004 82453.08565625006 76 55
95465.93290625 96071.03890625 76 75
96590.58840625003 96996.02233958335 76 78
100668.75915624999 101929.14015625001 76 79
106305.97814375 107397.82864375002 76 72
108296.39264375002 108513.00617291669 76 75
108501.98464375002 109624.73964375003 76 80
109624.73964375003 110791.11414375002 76 75
111178.93414375003 111508.44364375003 76 70
111677.22964375002 112075.98064375001 76 63
112260.76664375002 112590.20364375002 76 67
112761.88714375002 112990.05037291668 76 62
115538.76989375005 115862.86539375005 76 70
120251.45564375007 120658.89564375009 76 71
122104.5731437501 122470.8945187501 76 79
124338.19964375014 124657.50114375012 76 71
124825.57764375012 125032.47042500012 76 64
155464.40246875028 155657.8985270836 76 29
156158.19198541698 156288.635610417 76 24
156561.3562020837 156764.6439770837 76 30
156764.6439770837 156965.66894375032 76 29
161436.7479562504 161639.36845625043 76 39
169808.01353958383 170266.25853958388 76 17
170266.25853958388 170788.25903958385 76 20
186857.32503958416 187315.5700395842 76 19
187315.5700395842 187810.53403958422 76 28
195533.96753958432 196000.81203958433 76 20
196000.81203958433 196538.33703958435 76 22
204993.5932895843 205534.6982895843 76 18
214002.93878958444 214508.07478958444 76 25
221528.7387895844 222059.3837895844 76 29
222059.3837895844 222704.0597895844 76 25
25220.05725000001 25601.373250000008 77 42
96981.07240625002 99083.411925 77 84
104065.22489375 105186.28489375001 77 68
104984.64489375001 105202.31541875002 77 70
105186.28489375001 106305.97814375 77 78
106101.39564375002 106315.42516875001 77 68
116614.80989375006 116938.71389375006 77 73
126501.00114375012 126830.08414375011 77 70
127005.53314375012 127201.35436875011 77 76
127539.04614375009 127866.09114375009 77 73
128055.89264375009 128265.29017500007 77 68
128633.21739375005 128961.60489375003 77 70
129139.39339375006 129352.05492291672 77 64
129707.81814375005 130041.01414375009 77 70
130234.30064375009 130491.78384375009 77 64
131600.04164375007 132158.19014375005 77 78
132753.75614375 133871.10139375005 77 78
136098.36139375003 136658.04239375002 77 78
137250.81139375002 138401.25468541673 77 78
143070.26079375006 143897.4155937501 77 48
144322.19459375012 145317.61809375015 77 45
147551.88159375018 148214.9545937502 77 70
155268.26394375027 155464.40246875028 77 29
155958.5963770836 156154.84727708364 77 24
156359.209610417 156561.3562020837 77 31
157071.89147708367 157295.62335208367 77 32
157381.4749770837 157626.6729770837 77 32
158561.43612708367 158763.60159375033 77 37
161538.05820625043 161673.13853958377 77 35
175518.04003958395 175992.13453958396 77 24
175992.13453958396 176516.87753958395 77 28
191630.1805395843 194582.33896041766 77 61
201908.57428958433 202448.6717895843 77 23
204450.8337895843 204993.5932895843 77 16
214508.07478958444 215016.24778958445 77 26
110554.22214375003 110800.26800000001 78 83
113377.84114375002 113699.51439375004 78 71
113869.73689375003 114146.86664375004 78 76
114418.37639375002 114743.79089375005 78 76
121349.5786437501 121723.44493125008 78 76
121715.99064375009 122282.87914375009 78 73
125398.54264375012 125717.79514375012 78 70
125892.47764375011 126122.3625187501 78 62
155071.3489437503 155268.26394375027 78 29
155760.11431041692 155958.5963770836 78 25
156158.19198541698 156288.635610417 78 31
156866.78740208366 157071.89147708367 78 33
161234.92819791706 161399.60086458374 78 40
198440.89228958436 198924.31778958434 78 16
198924.31778958434 199454.97278958434 78 20
201421.90278958436 201908.57428958433 78 20
215016.24778958445 215560.66278958443 78 29
215560.66278958443 216176.93278958442 78 25
222704.0597895844 225564.3192479177 78 30
67046.12910833333 67265.07515 79 48
67284.81615 67501.3069 79 51
67520.82748333334 67734.90815 79 45
69361.61169166671 69569.39390000005 79 41
69588.18102500006 69795.45240000005 79 48
69814.44360833339 70023.97340000006 79 46
70043.17315000006 70255.00190000006 79 44
106305.97814375 107397.82864375002 79 73
107204.54214375002 107413.57368541668 79 75
107397.82864375002 107949.27064375002 79 81
122461.1851437501 122859.5879250001 79 70
131228.80964375008 131791.12464375005 79 78
131975.81914375006 132547.15864375004 79 81
135553.41239375004 135861.61806041672 79 69
135981.05939375004 136289.44439375002 79 72
136480.52739375 137043.18439375 79 81
140066.0908937501 140457.9858937501 79 69
142870.7820895834 143095.3444187501 79 51
143478.0405937501 144322.19459375012 79 45
146749.20559375017 147781.0290937502 79 75
151427.01663541695 151801.45538541695 79 58
154873.52731041695 155068.0670270836 79 30
155562.72294375027 155760.11431041692 79 26
155958.5963770836 156154.84727708364 79 31
156662.8454770837 156795.1835270837 79 33
158767.01130208367 158971.59380208366 79 38
161335.74819791707 161538.05820625043 79 36
178814.99866458404 179512.6515395841 79 27
196000.81203958433 196538.33703958435 79 27
66925.76098333333 67145.9614 80 46
67165.81369166667 67383.52114999999 80 49
67403.15210833334 67618.43040000001 80 43
69248.27594166671 69474.9474416667 80 42
69474.9474416667 69682.11665000005 80 49
69701.00594166672 69909.39965000005 80 47
69928.49527500007 70139.17190000006 80 45
104065.22489375 105186.28489375001 80 68
104984.64489375001 105202.31541875002 80 70
105186.28489375001 106305.97814375 80 78
106101.39564375002 106315.42516875001 80 68
110791.11414375002 114146.86664375004 80 80
114052.39639375002 114418.37639375002 80 81
114916.96089375005 115163.00675000004 80 83
115153.85289375005 115880.10774375006 80 80
116035.28889375007 116250.31217916672 80 77
117128.51539375006 117389.54262291674 80 76
117380.93439375007 118644.85014375008 80 80
120646.90164375008 121532.78464375008 80 7
121715.99064375009 122282.87914375009 80 73
122847.7791437501 123403.96614375009 80 67
123950.37964375012 127201.35436875011 80 80
127187.80014375011 127539.04614375009 80 84
128252.80764375009 130491.78384375009 80 80
130482.02964375008 131407.11564375006 80 79
132340.56114375006 132754.52656041668 80 81
132753.75614375 133871.10139375005 80 78
134601.93214375005 135002.0910395834 80 78
134993.53739375007 135740.03739375004 80 82
135861.61806041672 136098.36139375003 80 73
136835.55739375 137261.74889375002 80 81
137250.81139375002 138401.25468541673 80 78
139129.16389375008 139528.5280937501 80 78
139518.77389375007 140255.3653937501 80 82
140457.9858937501 140671.41486875011 80 73
142673.59071458338 142872.42953541674 80 55
143897.4155937501 145317.61809375015 80 45
145530.00759375017 146527.32859375016 80 60
154674.9193770836 154837.25719375027 80 31
155366.40171875028 155493.80269375027 80 26
155760.11431041692 155958.5963770836 80 33
156460.0459520837 156625.51936041703 80 34
166970.64403958383 167444.66953958382 80 23
167444.66953958382 167960.49503958382 80 21
178336.060039584 178785.717789584 80 24
181152.74103958413 181621.59953958413 80 23
181621.59953958413 182111.9955395841 80 25
184031.69503958418 184505.7205395842 80 21
184505.7205395842 185010.9470395842 80 26
192601.8910395843 193092.5345395843 80 25
193092.5345395843 193617.27753958432 80 28
195533.96753958432 196000.81203958433 80 24
201421.90278958436 201908.57428958433 80 20
201908.57428958433 202448.6717895843 80 23
204450.8337895843 204993.5932895843 80 20
204993.5932895843 205534.6982895843 80 23
212294.99278958444 212870.11478958445 80 28
216176.93278958442 218780.87278958442 80 30
108501.98464375002 109624.73964375003 81 80
109423.09964375003 109637.00957708336 81 74
109624.73964375003 110791.11414375002 81 75
116236.92889375007 116957.69404375006 81 80
119534.97864375007 120437.21414375008 81 70
120251.45564375007 120658.89564375009 81 71
154475.52770208358 154605.34602708358 81 31
155169.80644375028 155297.8011937503 81 26
155562.72294375027 155760.11431041692 81 33
156258.53323541698 156456.66894375035 81 35
161033.43182291707 161234.92819791706 81 40
172682.64403958392 173138.93353958393 81 25
173138.93353958393 173625.97553958392 81 27
198924.31778958434 199454.97278958434 81 23
67284.81615 67501.3069 82 51
67520.82748333334 67734.90815 82 54
67754.21315000001 67985.87315000001 82 47
68906.53610833338 69134.43060833338 82 45
69134.43060833338 69361.61169166671 82 43
69361.61169166671 69569.39390000005 82 50
69588.18102500006 69795.45240000005 82 48
69814.44360833339 70023.97340000006 82 46
133870.32014375005 134423.62614375007 82 80
135740.03739375004 135922.40839375003 82 81
138385.07239375004 138947.62089375008 82 80
140255.3653937501 140660.6063937501 82 81
140876.7758937501 141306.1228937501 82 88
142478.6410270834 142675.22203541672 82 60
145105.22859375016 145723.86859375014 82 54
145530.00759375017 146527.32859375016 82 60
146749.20559375017 147781.0290937502 82 75
148829.2885937502 149371.7893041669 82 76
151640.98163541695 152291.71538541696 82 49
154275.50256875023 154475.52770208358 82 31
154972.44581041692 155169.80644375028 82 26
155366.40171875028 155493.80269375027 82 33
156058.31570208364 156258.53323541698 82 35
158869.30255208365 159036.378260417 82 39
161134.10819791708 161335.74819791707 82 37
169808.01353958383 170266.25853958388 82 21
170266.25853958388 170788.25903958385 82 24
179732.2065395841 180239.57021458412 82 25
186857.32503958416 187315.5700395842 82 23
187315.5700395842 187810.53403958422 82 30
195533.96753958432 196000.81203958433 82 24
196000.81203958433 196538.33703958435 82 27
198440.89228958436 198924.31778958434 82 20
212540.19078958445 212894.89531458446 82 28
219425.5487895844 221004.2031395844 82 32
220521.4387895844 221029.61178958442 82 25
221029.61178958442 221528.7387895844 82 26
222059.3837895844 222704.0597895844 82 25
104984.64489375001 105202.31541875002 83 78
119915.30264375008 120437.21414375008 83 70
120251.45564375007 120658.89564375009 83 71
120646.90164375008 121532.78464375008 83 75
121715.99064375009 122282.87914375009 83 73
122847.7791437501 123403.96614375009 83 78
123582.2721437501 123957.86916250012 83 83
140660.6063937501 141117.73989375008 83 85
154074.6764437502 154275.50256875023 83 32
154774.3098770836 154972.44581041692 83 26
155169.80644375028 155297.8011937503 83 33
155859.20587708362 155988.4135270836 83 35
193092.5345395843 193617.27753958432 83 32
103859.63289375001 104070.66237708334 84 82
104065.22489375 105186.28489375001 84 84
105186.28489375001 106305.97814375 84 81
107397.82864375002 107949.27064375002 84 84
108501.98464375002 109624.73964375003 84 80
109423.09964375003 109637.00957708336 84 74
109624.73964375003 110791.11414375002 84 75
132754.52656041668 133882.03889375005 84 90
137250.81139375002 138401.25468541673 84 90
142285.72753541672 142512.5667020834 84 64
144322.19459375012 145317.61809375015 84 52
148010.1765937502 149066.18059375024 84 84
153871.61556875022 154024.2664437502 84 32
154575.38795208358 154774.3098770836 84 27
154972.44581041692 155169.80644375028 84 35
155661.19581041692 155822.76269375026 84 36
160832.74932291705 161033.43182291707 84 42
166970.64403958383 167444.66953958382 84 23
167444.66953958382 167960.49503958382 84 24
169808.01353958383 170266.25853958388 84 21
170266.25853958388 170788.25903958385 84 24
172682.64403958392 173138.93353958393 84 25
175518.04003958395 175992.13453958396 84 24
178844.27953958404 179978.8360395841 84 28
184031.69503958418 184505.7205395842 84 21
184505.7205395842 185010.9470395842 84 26
186857.32503958416 187315.5700395842 84 23
187315.5700395842 187810.53403958422 84 30
192601.8910395843 193092.5345395843 84 31
212870.11478958445 214482.81798958444 84 32
214002.93878958444 214508.07478958444 84 25
214508.07478958444 215016.24778958445 84 26
215560.66278958443 216176.93278958442 84 25
221528.7387895844 222059.3837895844 84 29
67165.81369166667 67383.52114999999 85 49
67403.15210833334 67618.43040000001 85 52
67637.84335833334 67850.73815000002 85 46
68792.06677500006 69020.48335833338 85 46
69020.48335833338 69229.38665000004 85 44
69248.27594166671 69474.9474416667 85 51
69474.9474416667 69682.11665000005 85 49
69701.00594166672 69909.39965000005 85 47
118459.09164375007 118951.09689375007 85 85
119151.91064375007 119547.40245625009 85 80
119534.97864375007 120083.37914375008 85 85
122461.1851437501 122859.5879250001 85 82
146305.45159375016 146949.87459375017 85 73
146749.20559375017 147781.0290937502 85 75
151899.50738541695 152429.59563541695 85 37
153665.50119375024 153779.2842437502 85 33
154375.66745208358 154575.38795208358 85 27
154774.3098770836 154972.44581041692 85 35
155464.40246875028 155657.8985270836 85 37
158971.59380208366 159076.96746041698 85 39
160933.09057291705 161063.5341979171 85 38
173138.93353958393 173625.97553958392 85 27
204450.8337895843 204993.5932895843 85 20
204993.5932895843 205534.6982895843 85 23
215016.24778958445 215560.66278958443 85 29
106101.39564375002 106315.42516875001 86 80
107204.54214375002 107413.57368541668 86 83
130482.02964375008 131407.11564375006 86 79
134993.53739375007 135740.03739375004 86 82
139518.77389375007 140255.3653937501 86 82
142094.81724791674 142351.32753541673 86 69
153456.2385104169 153641.2780437502 86 33
154175.1613187502 154339.05202708356 86 28
154575.38795208358 154774.3098770836 86 35
155268.26394375027 155464.40246875028 86 37
159073.59045208368 159186.487260417 86 40
67520.82748333334 67734.90815 87 54
67754.21315000001 67985.87315000001 87 57
67985.87315000001 68198.22815000002 87 50
68677.49302500005 68887.54490000005 87 48
68906.53610833338 69134.43060833338 87 54
69134.43060833338 69361.61169166671 87 52
69361.61169166671 69569.39390000005 87 50
109423.09964375003 109637.00957708336 87 88
119915.30264375008 120437.21414375008 87 84
120646.90164375008 121532.78464375008 87 81
141905.86914375008 142096.39453541674 87 73
145530.00759375017 146527.32859375016 87 72
153243.7270270836 153361.12017708356 87 33
153973.61131875022 154104.9224437502 87 28
155071.3489437503 155268.26394375027 87 38
159281.00991875032 159413.900260417 87 41
198440.89228958436 198924.31778958434 87 20
198924.31778958434 199454.97278958434 87 23
222704.0597895844 225564.3192479177 87 30
67403.15210833334 67618.43040000001 88 52
67637.84335833334 67850.73815000002 88 55
67870.04315000001 68101.70315000002 88 48
68562.91927500004 68792.06677500006 88 49
68792.06677500006 69020.48335833338 88 55
69020.48335833338 69229.38665000004 88 53
69248.27594166671 69474.9474416667 88 51
106305.97814375 107397.82864375002 88 90
108296.39264375002 108513.00617291669 88 88
108501.98464375002 109624.73964375003 88 93
109624.73964375003 110791.11414375002 88 93
120251.45564375007 120658.89564375009 88 85
122104.5731437501 122470.8945187501 88 85
153027.86736041695 153161.41271041695 88 33
153768.95436875022 153915.94177708356 88 28
154175.1613187502 154339.05202708356 88 36
154375.66745208358 154575.38795208358 88 36
154873.52731041695 155068.0670270836 88 38
160632.066822917 160832.74932291705 88 43
131600.04164375007 132158.19014375005 89 90
136098.36139375003 136658.04239375002 89 90
141702.2721437501 141907.56578541675 89 73
143070.26079375006 143897.4155937501 89 56
147551.88159375018 148214.9545937502 89 81
148010.1765937502 149066.18059375024 89 84
149363.41609375025 152429.59563541695 89 85
152808.55054375026 152929.63531041692 89 34
153561.29477708356 153696.64524375022 89 28
153973.61131875022 154104.9224437502 89 37
154674.9193770836 154837.25719375027 89 39
159176.10591041698 159298.75046041698 89 40
160732.40807291702 160933.09057291705 89 39
192601.8910395843 193092.5345395843 89 31
193092.5345395843 193617.27753958432 89 32
216176.93278958442 218780.87278958442 89 30
110554.22214375003 110800.26800000001 90 88
121349.5786437501 121723.44493125008 90 85
121715.99064375009 122282.87914375009 90 89
152567.47588541693 152768.8899770836 90 35
153350.4758520836 153501.90057708358 90 29
153768.95436875022 153915.94177708356 90 37
154475.52770208358 154605.34602708358 90 39
160431.38432291697 160632.066822917 90 44
67754.21315000001 67985.87315000001 91 57
67985.87315000001 68198.22815000002 91 60
68217.42790000002 68447.82490000004 91 52
68447.82490000004 68677.49302500005 91 50
68677.49302500005 68887.54490000005 91 57
68906.53610833338 69134.43060833338 91 54
69134.43060833338 69361.61169166671 91 52
131228.80964375008 131791.12464375005 91 90
135553.41239375004 135861.61806041672 91 78
135981.05939375004 136289.44439375002 91 80
140066.0908937501 140457.9858937501 91 78
141117.73989375008 141702.2721437501 91 94
142870.7820895834 143095.3444187501 91 60
146749.20559375017 147781.0290937502 91 89
149363.41609375025 152429.59563541695 91 85
152291.71538541696 152567.47588541693 91 35
153136.19293541694 153304.35044375024 91 30
153561.29477708356 153696.64524375022 91 39
154275.50256875023 154475.52770208358 91 40
159388.41792708365 159502.18692708365 91 42
160531.725572917 160729.06336458368 91 40
67637.84335833334 67850.73815000002 92 55
67870.04315000001 68101.70315000002 92 58
68101.70315000002 68332.62640000002 92 51
68332.62640000002 68543.82365000003 92 51
68562.91927500004 68792.06677500006 92 57
68792.06677500006 69020.48335833338 92 55
69020.48335833338 69229.38665000004 92 53
110791.11414375002 114146.86664375004 92 95
114916.96089375005 115163.00675000004 92 88
115153.85289375005 115880.10774375006 92 95
116035.28889375007 116250.31217916672 92 82
117128.51539375006 117389.54262291674 92 83
117380.93439375007 118644.85014375008 92 95
120646.90164375008 121532.78464375008 92 90
123950.37964375012 130491.78384375009 92 95
130482.02964375008 131407.11564375006 92 96
134601.93214375005 135002.0910395834 92 84
134993.53739375007 135740.03739375004 92 90
135861.61806041672 136098.36139375003 92 80
139129.16389375008 139528.5280937501 92 84
139518.77389375007 140255.3653937501 92 90
140457.9858937501 140671.41486875011 92 80
142673.59071458338 142872.42953541674 92 64
152918.65756041693 153074.94491041693 92 29
153350.4758520836 153501.90057708358 92 39
154074.6764437502 154275.50256875023 92 40
116236.92889375007 116957.69404375006 93 95
152690.79063541692 152871.08731041691 93 31
153136.19293541694 153304.35044375024 93 39
153871.61556875022 154024.2664437502 93 41
160228.60655208363 160354.63033541696 93 46
67985.87315000001 68198.22815000002 94 60
68217.42790000002 68447.82490000004 94 61
68447.82490000004 68677.49302500005 94 59
68677.49302500005 68887.54490000005 94 57
135740.03739375004 135922.40839375003 94 87
140255.3653937501 140660.6063937501 94 87
140876.7758937501 141306.1228937501 94 88
142478.6410270834 142675.22203541672 94 70
148829.2885937502 149371.7893041669 94 89
149363.41609375025 152429.59563541695 94 85
152429.59563541695 152690.79063541692 94 31
152918.65756041693 153074.94491041693 94 40
153665.50119375024 153779.2842437502 94 41
159498.48897708365 159749.34493541694 94 44
160331.1056687503 160531.725572917 94 40
140660.6063937501 141117.73989375008 95 97
152690.79063541692 152871.08731041691 95 41
153456.2385104169 153641.2780437502 95 42
142285.72753541672 142512.5667020834 96 74
148010.1765937502 149066.18059375024 96 96
152429.59563541695 152690.79063541692 96 40
153243.7270270836 153361.12017708356 96 42
160015.85873541696 160128.8838395836 96 48
67870.04315000001 68101.70315000002 97 58
68101.70315000002 68332.62640000002 97 61
68332.62640000002 68543.82365000003 97 60
68562.91927500004 68792.06677500006 97 57
149363.41609375025 152429.59563541695 97 85
153027.86736041695 153161.41271041695 97 43
159611.46468541696 159901.62393541695 97 44
160123.5616770836 160245.9088020836 97 45
142094.81724791674 142351.32753541673 98 79
152808.55054375026 152929.63531041692 98 44
68217.42790000002 68447.82490000004 99 61
68447.82490000004 68677.49302500005 99 59
141905.86914375008 142096.39453541674 99 84
152567.47588541693 152768.8899770836 99 44
68101.70315000002 68332.62640000002 100 61
68332.62640000002 68543.82365000003 100 60
152291.71538541696 152567.47588541693 100 44
159749.34493541694 159931.36373541696 100 48
141702.2721437501 141907.56578541675 101 85
149363.41609375025 152429.59563541695 101 99
159905.34141041696 160019.4990687503 101 44
141117.73989375008 141702.2721437501 103 105
