33987.94973958327 34080.013739583264 55 51
34632.68273958328 34730.94673958328 55 34
34730.94673958328 34823.613739583285 55 57
35376.92873958328 35474.07273958327 55 45
35474.07273958327 35566.739739583274 55 62
36120.05473958327 36217.19873958326 55 51
36217.19873958326 36309.86573958326 55 66
36863.18073958326 36960.32473958325 55 51
43254.16590624992 43346.53040624992 55 53
43903.19365624993 43998.034406249935 55 42
43998.034406249935 44091.31215624994 55 51
44644.706406249956 44738.96890624996 55 42
44738.96890624996 44863.33923958329 55 78
46226.30057291661 46318.665072916614 55 53
46875.328322916626 46970.16907291663 55 37
46970.16907291663 47063.44682291663 55 51
47616.84107291665 47711.103572916654 55 43
47711.103572916654 47848.560572916664 55 78
49214.204822916654 49306.56932291666 55 53
49863.23257291667 49958.07332291667 55 34
49958.07332291667 50051.351072916674 55 51
50604.74532291669 50870.01703125002 55 49
6685.327000000005 6777.994000000005 56 53
7331.309000000007 7428.453000000007 56 39
19928.12449999997 20022.737749999967 56 51
21590.59349999996 21685.20674999996 56 51
52188.903322916696 52281.2678229167 56 53
52837.93107291671 52932.771822916715 56 37
52932.771822916715 53026.04957291671 56 51
53579.44382291673 53844.71553125006 56 47
70085.90115625011 70258.63271875012 56 58
70758.72265625012 70855.5156562501 56 40
73082.80065625004 73246.03671875005 56 49
73734.80990625006 73829.78265625004 56 35
77577.01315625003 77669.72907500005 56 81
7428.453000000007 7523.066250000006 57 55
19176.47249999997 19272.282499999972 57 51
19829.860499999966 19928.12449999997 57 39
20839.720499999963 20935.855749999966 57 51
21490.92574999996 21590.59349999996 57 38
22502.189499999953 22701.220999999954 57 75
32501.826739583274 32593.890739583265 57 51
33146.55973958328 33244.823739583284 57 34
33244.823739583284 33337.490739583285 57 53
33890.80573958328 33987.94973958327 57 38
55161.037989583376 55253.40248958338 57 53
55810.06573958339 55904.906489583394 57 38
55904.906489583394 55998.184239583396 57 51
56556.98373958341 56831.81090625008 57 48
75312.22265625004 75473.86053125004 57 62
75957.55665625003 76055.82065625003 57 50
77185.35715625003 77280.77690625003 57 82
77967.26615625004 78051.89352916671 57 81
83278.97639583328 83402.6242291666 57 67
89211.04264583332 89328.68889583333 57 72
8341.613500000005 8434.891250000002 58 53
8988.817000000005 9085.961000000005 58 42
51067.56565625002 51128.35598958335 58 68
58148.51065625007 58311.74671875007 58 58
58792.379906250084 58887.352656250085 58 41
58887.352656250085 59048.99053125009 58 58
59532.6866562501 59630.9506562501 58 43
59630.9506562501 59794.1867187501 58 58
60274.81990625011 60369.79265625011 58 43
60369.79265625011 60531.43053125012 58 58
61015.126656250126 61113.39065625013 58 42
76055.82065625003 76219.05671875003 58 69
76699.68990625005 76794.66265625005 58 58
83464.73606249994 83573.72231249996 58 66
95072.35181250004 95306.26981250005 58 83
2959.3375000000015 3051.702000000002 59 58
3617.431500000002 3721.338500000002 59 43
5942.330000000003 6034.394000000003 59 51
6587.063000000004 6685.327000000005 59 33
9085.961000000005 9180.574250000003 59 55
18264.876499999977 18359.489749999975 59 54
22912.146999999954 23112.601499999957 59 82
24144.521499999955 24344.25499999995 59 80
24554.38299999995 24754.837499999954 59 81
28032.71123958328 28125.075739583284 59 58
28690.805239583296 28794.712239583303 59 41
31015.703739583292 31107.76773958329 59 51
31660.436739583285 31758.700739583288 59 37
31758.700739583288 31851.367739583286 59 53
32404.68273958328 32501.826739583274 59 41
42133.409072916584 42193.799239583255 59 74
45105.543739583285 45165.93390624996 59 71
48094.02907291666 48153.99915624999 59 71
54040.28115625005 54100.671322916714 59 68
61113.39065625013 61276.62671875012 59 60
61757.25990625013 61852.23265625014 59 43
61852.23265625014 62013.87053125014 59 62
62497.56665625015 62595.83065625015 59 46
62595.83065625015 62759.066718750146 59 65
63236.57090625016 63331.54365625017 59 46
63331.54365625017 63493.18153125017 59 67
63973.74865625019 64072.01265625018 59 48
74573.38065625002 74736.61671875003 59 54
75217.24990625004 75312.22265625004 59 46
76794.66265625005 76892.53016875005 59 78
77767.19965625004 77855.56236041672 59 45
78360.49815625005 78455.59140625005 59 80
78750.75115625006 78807.20784166672 59 81
83651.94531249994 83813.32506249995 59 67
84293.37581249997 84389.88231249996 59 45
84389.88231249996 84552.88518749995 59 64
85034.34181249996 85130.84831249995 59 46
89566.57581249998 89721.11481249999 59 65
90177.56581249998 90269.06281249998 59 44
90269.06281249998 90423.60181249998 59 64
90880.05281249997 90971.54981249997 59 43
95306.26981250005 95430.88047916672 59 86
96370.28989583337 96488.11039583337 59 72
100993.7618125 101137.95781250001 59 78
101509.92814583334 101627.57514583335 59 49
101861.33914583334 101919.14264583334 59 55
102093.22414583334 102151.36364583335 59 50
23733.388999999956 23929.467499999955 60 81
36960.32473958325 37053.602489583245 60 75
42254.38323958326 42315.16240624992 60 71
45226.51790624995 45287.29707291662 60 68
48214.422156249995 48275.201322916655 60 68
57027.75382291674 57088.14398958341 60 68
64072.01265625018 64235.24871875018 60 69
64712.835406250175 64807.808156250176 60 50
64807.808156250176 64969.44603125017 60 72
65450.641656250154 65548.90565625014 60 56
65548.90565625014 65712.14171875015 60 74
66192.77490625017 66287.74765625015 60 56
66287.74765625015 66381.33390625015 60 77
67002.37765625013 67145.84965625012 60 51
68598.24765625011 68761.48371875011 60 58
69242.11690625013 69337.08965625013 60 39
71606.6186562501 71769.8547187501 60 49
72250.48790625011 72345.46065625011 60 37
100152.98681250002 100304.39725000002 60 75
17510.410999999982 17605.251749999985 61 59
18166.612499999974 18264.876499999977 61 42
22701.220999999954 22912.146999999954 61 44
23323.527499999956 23523.260999999955 61 81
37328.050739583254 37520.32123958325 61 71
37520.32123958325 37735.251739583255 61 51
41537.98373958326 41766.83423958326 61 84
42376.13807291658 42468.10257291658 61 68
45348.27273958328 45440.23723958328 61 65
48336.17698958332 48428.141489583315 61 65
51189.33165625002 51250.30732291669 61 66
67854.64965625013 68016.28753125013 61 58
68499.98365625013 68598.24765625011 61 40
69337.08965625013 69498.72753125013 61 58
69982.43140625012 70085.90115625011 61 42
70855.5156562501 71019.6087812501 61 49
71508.3546562501 71606.6186562501 61 33
72345.46065625011 72507.09853125011 61 49
72984.53665625006 73082.80065625004 61 35
73829.78265625004 73991.42053125004 61 49
74475.11665625004 74573.38065625002 61 41
78153.60165625004 78251.87749375004 61 45
88863.33814583333 88978.38039583333 61 71
94481.50581250005 94635.67293750004 61 80
94855.72981250005 95072.35181250004 61 78
101627.57514583335 101745.22214583335 61 51
101977.11364583333 102035.08464583335 61 57
34080.013739583264 34172.07773958326 62 45
34534.41873958328 34632.68273958328 62 41
34823.613739583285 34916.280739583286 62 42
35279.78473958329 35376.92873958328 62 46
35566.739739583274 35659.406739583275 62 46
36022.910739583276 36120.05473958327 62 50
36309.86573958326 36402.532739583265 62 49
36766.036739583265 36863.18073958326 62 55
37735.251739583255 37828.22298958326 62 77
41766.83423958326 41891.20457291659 62 84
42498.89073958324 42622.44732291659 62 65
43346.53040624992 43438.89490624992 62 46
43808.35290624993 43903.19365624993 62 45
45471.025406249944 45594.58198958328 62 63
46318.665072916614 46411.02957291662 62 46
46780.48757291662 46875.328322916626 62 39
48458.92965624999 48582.486239583326 62 63
49306.56932291666 49398.93382291666 62 46
49768.39182291667 49863.23257291667 62 41
50051.351072916674 50144.628822916675 62 46
50510.48282291669 50604.74532291669 62 51
51311.469322916695 51372.63132291669 62 65
54161.25532291672 54222.03448958338 62 66
88749.04531249999 88834.67172916666 62 62
1476.8975000000003 1570.1752500000002 63 58
2120.7667500000007 2215.7395000000006 63 43
4462.273000000001 4554.940000000002 63 51
5109.991750000002 5205.314500000002 63 40
9997.557000000006 10092.397750000006 63 57
10653.758500000009 10752.02250000001 63 42
19272.282499999972 19368.09249999997 63 45
19731.596499999967 19829.860499999966 63 42
20935.855749999966 21031.990999999965 63 45
21391.25799999996 21490.92574999996 63 40
26550.271239583286 26643.548989583283 63 58
27194.14048958328 27289.11323958328 63 42
29535.6467395833 29628.313739583296 63 51
30183.36548958329 30278.688239583287 63 38
38101.78673958326 38294.71273958326 63 74
38294.71273958326 38504.84073958326 63 53
44091.31215624994 44184.58990624993 63 46
44550.443906249944 44644.706406249956 63 49
47063.44682291663 47156.72457291663 63 46
47522.578572916645 47616.84107291665 63 49
50699.00782291669 50823.37815625002 63 76
51433.98098958335 51557.18473958336 63 63
52281.2678229167 52373.632322916696 63 46
52743.09032291671 52837.93107291671 63 42
53026.04957291671 53119.32732291671 63 46
53485.181322916724 53579.44382291673 63 49
54283.01015625004 54374.97465625004 63 65
57148.727989583414 57209.507156250074 63 66
68691.5254062501 68784.80315625013 63 51
69147.14415625014 69242.11690625013 63 44
70184.60490625011 70283.30865625013 63 51
70661.92965625013 70758.72265625012 63 45
71699.89640625009 71793.1741562501 63 43
72155.51515625011 72250.48790625011 63 39
73176.07840625005 73269.35615625005 63 43
73639.83715625005 73734.80990625006 63 39
76985.62365625004 77047.20815208337 63 45
77376.19665625003 77462.38040416669 63 45
78941.59065625006 79059.48402708338 63 45
88634.79447916664 88692.26581249999 63 60
96606.36639583338 96695.7129791667 63 54
101509.92814583334 101627.57514583335 63 66
101745.22214583335 101861.33914583334 63 58
102093.22414583334 102151.36364583335 63 59
727.184 822.0247499999998 64 58
1378.6335000000001 1476.8975000000003 64 47
2215.7395000000006 2308.104000000001 64 58
2861.073500000002 2959.3375000000015 64 47
3721.338500000002 3814.6162500000023 64 51
4368.010500000001 4462.273000000001 64 42
5205.314500000002 5297.679000000002 64 51
5847.357250000003 5942.330000000003 64 39
6777.994000000005 6870.661000000005 64 46
7234.165000000006 7331.309000000007 64 42
7523.066250000006 7617.679500000006 64 49
10752.02250000001 10846.54650000001 64 60
11407.590500000011 11505.854500000012 64 48
16759.027499999997 16852.924249999993 64 64
17412.146999999983 17510.410999999982 64 40
20022.737749999967 20117.350999999966 64 45
21685.20674999996 21779.81999999996 64 45
22701.220999999954 22912.146999999954 64 44
23112.601499999957 23323.527499999956 64 45
23523.260999999955 23733.388999999956 64 45
23929.467499999955 24144.521499999955 64 45
24344.25499999995 24554.38299999995 64 45
24962.651499999953 25420.154124999954 64 81
25800.557739583288 25895.39848958329 64 58
26452.007239583283 26550.271239583286 64 42
27289.11323958328 27381.477739583283 64 58
27934.44723958328 28032.71123958328 64 42
28794.712239583303 28887.9899895833 64 51
29441.3842395833 29535.6467395833 64 39
30278.688239583287 30371.05273958329 64 51
30920.73098958329 31015.703739583292 64 39
38504.84073958326 38597.811989583264 64 80
53673.70632291673 53798.07665625006 64 76
54405.76282291671 54529.31940625005 64 63
55253.40248958338 55345.76698958338 64 46
55715.22498958339 55810.06573958339 64 43
55998.184239583396 56091.4619895834 64 46
56457.3159895834 56556.98373958341 64 51
57270.48282291674 57362.447322916734 64 65
70949.28315625011 71043.0506562501 64 43
71410.09065625012 71508.3546562501 64 37
72437.82515625011 72530.1896562501 64 43
72886.27265625008 72984.53665625006 64 38
73922.14715625005 74014.51165625003 64 43
74376.85265625005 74475.11665625004 64 42
74666.65840625002 74759.93615625004 64 48
75122.27715625006 75217.24990625004 64 50
75404.58715625004 75496.95165625004 64 56
75859.29265625005 75957.55665625003 64 55
77767.19965625004 77855.56236041672 64 45
78153.60165625004 78251.87749375004 64 45
78550.68465625006 78643.21541250005 64 45
79139.45365625006 79596.95628125004 64 81
79977.35989583338 80070.50439583337 64 58
80621.6013958333 80718.1078958333 64 42
80718.1078958333 80810.98714583331 64 58
81356.41939583332 81449.69139583332 64 42
81449.69139583332 81541.99914583331 64 58
82090.09439583331 82186.6008958333 64 44
82186.6008958333 82278.2096458333 64 58
82550.54139583326 82640.36164583327 64 67
85130.84831249995 85293.45743749994 64 60
86067.94381249994 86222.48281249995 64 57
86678.93381249993 86770.43081249994 64 42
86770.43081249994 86924.96981249994 64 57
87381.42081249993 87472.91781249993 64 40
87472.91781249993 87627.45681249994 64 57
88080.01381249996 88171.51081249997 64 41
88171.51081249997 88328.69624999998 64 70
88519.85181249998 88634.79447916664 64 64
90971.54981249997 91126.08881249998 64 65
91582.53981249996 91674.03681249997 64 45
91674.03681249997 91828.57581249997 64 64
92283.05881249998 92374.55581249998 64 47
92374.55581249998 92529.09481249997 64 65
92981.65181250001 93073.14881250002 64 47
93073.14881250002 93227.68781250002 64 69
93684.13881250001 93775.63581250001 64 54
93775.63581250001 93930.17481250002 64 76
94390.00881250005 94481.50581250005 64 53
96488.11039583337 96606.36639583338 64 55
96725.65131250003 96875.92600000004 64 65
97322.92131250004 97412.78481250003 64 45
97412.78481250003 97564.56275000004 64 64
98012.88481250008 98102.74831250007 64 41
98102.74831250007 98253.02300000007 64 65
98692.22331250003 98782.08681250003 64 41
98782.08681250003 98933.86475000002 64 67
99375.98981250002 99465.85331250001 64 47
99465.85331250001 99616.12800000001 64 72
100063.12331250003 100152.98681250002 64 53
101627.57514583335 101745.22214583335 64 68
101861.33914583334 101919.14264583334 64 60
102209.67264583334 102267.98164583335 64 61
102443.67097916667 102525.41472916666 64 54
103109.75097916664 103191.49472916662 64 48
103775.42397916655 103857.16772916654 64 48
104441.50397916652 104523.4712291665 64 48
105108.86097916646 105191.05272916646 64 48
105777.66347916644 105859.40722916642 64 48
106443.16172916636 106524.90547916635 64 48
107776.30622916624 107830.91643749957 64 57
108344.90331249959 108419.08727083293 64 39
109096.53822916631 109151.63672916632 64 66
109666.02131249967 109759.11956249966 64 45
110441.82889583298 110618.12339583298 64 86
111153.76389583298 111329.23339583298 64 86
111877.44289583298 111967.54212083298 64 64
112609.30943124964 112702.42948124964 64 62
113534.77277291633 115136.727933333 64 55
56656.65148958341 56784.04015625008 65 78
57393.23548958341 57516.792072916745 65 63
58241.788406250074 58335.066156250075 65 51
58697.40715625008 58792.379906250084 65 45
58979.71715625009 59072.08165625009 65 51
59434.4226562501 59532.6866562501 65 47
67947.01415625014 68039.37865625012 65 51
68401.71965625013 68499.98365625013 65 45
69429.45415625013 69521.81865625012 65 51
69878.96165625012 69982.43140625012 65 45
108432.93768749961 108487.73427083294 65 61
109004.2304791663 109096.53822916631 65 46
109759.11956249966 109842.91856249966 65 69
110353.97356249965 110412.44647916632 65 49
1570.1752500000002 1663.4530000000002 66 51
2025.7940000000003 2120.7667500000007 66 48
3051.702000000002 3144.0665000000017 66 51
3513.5245000000023 3617.431500000002 66 47
4554.940000000002 4647.607000000002 66 45
5014.669000000002 5109.991750000002 66 43
6034.394000000003 6126.458000000003 66 45
6488.799000000004 6587.063000000004 66 39
8434.891250000002 8528.169000000004 66 46
8891.673000000004 8988.817000000005 66 43
9180.574250000003 9275.187500000004 66 49
11505.854500000012 11599.751250000012 66 64
12158.974000000015 12257.238000000016 66 51
18359.489749999975 18454.102999999974 66 47
24754.837499999954 24962.651499999953 66 45
26643.548989583283 26736.82673958328 66 51
27099.16773958328 27194.14048958328 66 48
28125.075739583284 28217.440239583288 66 51
28586.898239583294 28690.805239583296 66 46
29628.313739583296 29720.9807395833 66 45
30088.042739583292 30183.36548958329 66 42
31107.76773958329 31199.83173958329 66 45
31562.172739583286 31660.436739583285 66 40
31851.367739583286 31944.034739583287 66 46
32307.538739583288 32404.68273958328 66 43
32593.890739583265 32685.954739583267 66 45
33048.29573958328 33146.55973958328 66 40
33337.490739583285 33430.15773958329 66 46
33793.66173958329 33890.80573958328 66 42
38871.375739583265 39064.301739583265 66 77
43125.984739583255 43222.011572916585 66 61
46098.11940624995 46194.146239583286 66 59
49086.02365624999 49182.05048958332 66 59
59724.2284062501 59817.5061562501 66 51
60179.84715625011 60274.81990625011 66 49
60462.15715625011 60554.521656250115 66 51
60916.86265625012 61015.126656250126 66 46
61206.66840625012 61299.946156250124 66 52
61662.28715625013 61757.25990625013 66 46
61944.597156250136 62036.96165625014 66 54
62399.30265625015 62497.56665625015 66 50
76985.62365625004 77047.20815208337 66 45
77376.19665625003 77462.38040416669 66 45
78941.59065625006 79059.48402708338 66 45
82670.39164583327 82760.66264583326 66 59
84483.02681249996 84576.17131249995 66 54
84937.83531249997 85034.34181249996 66 49
88634.79447916664 88692.26581249999 66 58
90357.37081249998 90445.67881249997 66 47
90788.55581249997 90880.05281249997 66 50
96370.28989583337 96429.11339583337 66 56
96606.36639583338 96695.7129791667 66 64
101745.22214583335 101861.33914583334 66 79
101977.11364583333 102035.08464583335 66 61
102326.46114583335 102384.94064583334 66 63
107109.70622916629 107191.67347916629 66 57
107687.20622916623 107776.30622916624 66 41
16007.071000000004 16100.657250000004 67 71
16660.763499999994 16759.027499999997 67 42
23929.467499999955 24144.521499999955 67 45
25895.39848958329 25990.23923958329 67 51
26353.743239583284 26452.007239583283 67 48
27381.477739583283 27473.842239583286 67 51
27836.183239583283 27934.44723958328 67 47
28887.9899895833 28981.267739583298 67 45
29347.1217395833 29441.3842395833 67 43
30371.05273958329 30463.417239583294 67 45
30825.75823958329 30920.73098958329 67 41
37053.602489583245 37146.880239583246 67 66
39274.42973958326 39467.35573958326 67 78
42998.67457291659 43094.04807291659 67 62
45970.80923958329 46066.18273958328 67 60
48958.71348958333 49054.086989583324 67 60
52060.72215625003 52156.748989583364 67 61
62689.10840625015 62782.38615625015 67 56
63141.59815625016 63236.57090625016 67 50
63423.908156250174 63516.27265625017 67 59
63875.484656250184 63973.74865625019 67 53
64165.29040625018 64258.56815625019 67 60
64617.86265625018 64712.835406250175 67 55
64900.17265625018 64992.53715625017 67 63
65352.377656250166 65450.641656250154 67 61
76149.09840625002 76242.37615625003 67 62
76604.71715625004 76699.68990625005 67 62
81541.99914583331 81634.3068958333 67 51
81993.58789583332 82090.09439583331 67 48
87561.22581249992 87649.53381249993 67 43
87988.51681249996 88080.01381249996 67 47
94569.60131250005 94657.69681250004 67 58
100239.50706250002 100326.02731250002 67 63
822.0247499999998 916.8654999999999 68 51
1280.3695 1378.6335000000001 68 47
2308.104000000001 2400.468500000001 68 51
2762.8095000000017 2861.073500000002 68 48
3814.6162500000023 3907.8940000000025 68 45
4273.748000000001 4368.010500000001 68 44
5297.679000000002 5390.043500000002 68 45
5752.384500000003 5847.357250000003 68 42
12257.238000000016 12350.515750000013 68 68
12904.398500000008 13002.662500000008 68 54
23112.601499999957 23323.527499999956 68 45
24344.25499999995 24554.38299999995 68 45
25369.320499999954 25421.001352083287 68 55
51933.41198958337 52028.785489583366 68 57
55032.856822916714 55128.883656250044 68 61
65642.18340625014 65735.46115625015 68 64
66097.80215625017 66192.77490625017 68 62
66381.33390625015 66474.92015625014 68 68
66858.90565625015 67002.37765625013 68 61
68039.37865625012 68129.96390625012 68 51
68311.13440625013 68401.71965625013 68 51
68784.80315625013 68875.38840625013 68 51
69056.55890625014 69147.14415625014 68 51
69521.81865625012 69611.10440625012 68 51
69789.67590625011 69878.96165625012 68 51
70283.30865625013 70377.96390625014 68 51
70567.27440625012 70661.92965625013 68 51
71043.0506562501 71134.8106562501 68 43
71318.33065625011 71410.09065625012 68 43
71793.1741562501 71883.7594062501 68 43
72064.92990625011 72155.51515625011 68 43
72530.1896562501 72619.21040625009 68 43
72797.25190625008 72886.27265625008 68 43
73269.35615625005 73359.94140625006 68 43
73545.18190625004 73639.83715625005 68 43
74014.51165625003 74105.09690625004 68 43
74286.26740625004 74376.85265625005 68 45
74759.93615625004 74850.52140625005 68 49
75031.69190625005 75122.27715625006 68 52
77767.19965625004 77855.56236041672 68 54
78550.68465625006 78643.21541250005 68 45
79546.12265625005 79597.80350833337 68 55
80070.50439583337 80163.64889583336 68 51
80525.09489583332 80621.6013958333 68 48
82278.2096458333 82369.8183958333 68 51
82790.87414583325 82851.29714583326 68 60
83744.16231249995 83836.37931249995 68 57
84196.86931249998 84293.37581249997 68 48
85223.76781249994 85316.68731249994 68 53
86156.25181249995 86244.55981249994 68 43
86587.43681249993 86678.93381249993 68 40
88261.33106249997 88351.15131249998 68 61
88519.85181249998 88634.79447916664 68 73
88749.04531249999 88834.67172916666 68 60
89654.88381249999 89743.1918125 68 47
90086.06881249997 90177.56581249998 68 49
91059.85781249998 91148.16581249997 68 47
91491.04281249996 91582.53981249996 68 48
92462.86381249997 92551.17181249998 68 47
92890.15481250001 92981.65181250001 68 53
93863.94381250002 93952.2518125 68 55
94390.00881250005 94481.50581250005 68 53
95672.3344791667 95787.60814583338 68 75
96252.90164583338 96340.87814583337 68 57
96488.11039583337 96606.36639583338 68 65
96811.52256250003 96897.39381250004 68 54
97233.05781250005 97322.92131250004 68 48
98188.61956250007 98274.49081250008 68 54
98602.35981250004 98692.22331250003 68 49
99551.7245625 99637.59581250002 68 61
99973.25981250004 100063.12331250003 68 58
101265.11947916666 101392.28114583333 68 68
101861.33914583334 101919.14264583334 68 71
102093.22414583334 102151.36364583335 68 62
102443.67097916667 102525.41472916666 68 54
107857.72631249957 107937.30181249957 68 49
108264.68931249958 108344.90331249959 68 45
109178.73718749965 109258.73856249965 68 57
109585.37606249966 109666.02131249967 68 53
110618.12339583298 110794.41789583297 68 76
111329.23339583298 111504.70289583299 68 78
111967.54212083298 112019.35321458297 68 55
112511.96993124964 112609.30943124964 68 51
112702.42948124964 112795.86140624965 68 53
113292.83727291631 113534.77277291633 68 49
113534.77277291633 115136.727933333 68 55
13002.662500000008 13097.186500000009 69 73
13659.121500000007 13763.028500000006 69 55
22701.220999999954 22912.146999999954 69 53
23523.260999999955 23733.388999999956 69 45
24754.837499999954 24962.651499999953 69 45
37520.32123958325 37735.251739583255 69 51
37828.22298958326 37921.19423958326 69 68
39064.301739583265 39274.42973958326 69 54
39677.48373958326 39866.16273958326 69 80
42872.32515624992 42935.341156249924 69 64
43125.984739583255 43222.011572916585 69 61
45844.45982291662 45907.475822916625 69 62
46098.11940624995 46194.146239583286 69 59
48832.36407291666 48895.38007291667 69 62
49086.02365624999 49182.05048958332 69 59
54905.54665625005 55000.920156250046 69 57
58020.32948958341 58116.35632291674 69 61
75496.95165625004 75587.53690625004 69 56
75768.70740625005 75859.29265625005 69 59
78153.60165625004 78251.87749375004 69 54
80810.98714583331 80903.8663958333 69 51
81263.14739583331 81356.41939583332 69 44
82911.90314583326 83033.66914583328 69 67
86858.73881249994 86947.04681249993 69 43
87289.92381249992 87381.42081249993 69 45
88634.79447916664 88692.26581249999 69 66
88863.33814583333 88949.52539583333 69 69
91762.34481249996 91850.65281249996 69 47
92191.56181249997 92283.05881249998 69 51
93161.45681250002 93249.76481250001 69 51
93592.6418125 93684.13881250001 69 59
95787.60814583338 95874.31339583336 69 74
96135.94264583338 96252.90164583338 69 58
96370.28989583337 96429.11339583337 69 67
97499.51506250004 97586.24531250005 69 54
97923.02131250009 98012.88481250008 69 50
98868.81706250003 98955.54731250003 69 56
99286.12631250003 99375.98981250002 69 49
101977.11364583333 102035.08464583335 69 72
102209.67264583334 102267.98164583335 69 63
106443.16172916636 106524.90547916635 69 57
107019.01147916628 107109.70622916629 69 47
107191.67347916629 107273.64072916628 69 49
107605.23897916624 107687.20622916623 69 47
108514.76147916625 108594.83297916627 69 52
108923.8014791663 109004.2304791663 69 47
109842.91856249966 109926.71756249966 69 62
110266.79281249965 110353.97356249965 69 57
13763.028500000006 13856.925250000006 70 78
14411.426999999998 14509.690999999999 70 58
15256.895499999999 15350.792249999999 70 78
15908.807000000003 16007.071000000004 70 59
17605.251749999985 17700.092499999984 70 53
18068.348499999975 18166.612499999974 70 45
23929.467499999955 24144.521499999955 70 45
50144.628822916675 50236.09232291667 70 48
50419.01932291668 50510.48282291669 70 54
51807.0625729167 51870.078572916704 70 59
52060.72215625003 52156.748989583364 70 61
57893.01932291675 57988.39282291674 70 57
81634.3068958333 81724.1271458333 70 51
81903.76764583332 81993.58789583332 70 51
87561.22581249992 87649.53381249993 70 52
87988.51681249996 88080.01381249996 70 47
94569.60131250005 94657.69681250004 70 70
95903.29889583337 95961.26989583338 70 73
100326.02731250002 100423.8173125 70 61
916.8654999999999 1007.7414999999999 71 46
1189.4935 1280.3695 71 51
1663.4530000000002 1754.0382500000003 71 47
1935.2087500000005 2025.7940000000003 71 51
2400.468500000001 2491.0537500000014 71 47
2672.2242500000016 2762.8095000000017 71 51
3907.8940000000025 3999.357500000002 71 45
4182.284500000002 4273.748000000001 71 45
4647.607000000002 4739.372500000001 71 45
4922.903500000001 5014.669000000002 71 45
5390.043500000002 5480.628750000002 71 45
5661.799250000002 5752.384500000003 71 45
6870.661000000005 6961.537000000005 71 47
7143.289000000005 7234.165000000006 71 48
10092.397750000006 10187.238500000007 71 50
10555.494500000008 10653.758500000009 71 45
10846.54650000001 10941.070500000009 71 53
11309.326500000012 11407.590500000011 71 51
19368.09249999997 19458.96849999997 71 42
19640.720499999967 19731.596499999967 71 45
20117.350999999966 20224.287499999966 71 45
21031.990999999965 21122.866999999966 71 45
21302.500499999962 21391.25799999996 71 45
21779.81999999996 21886.75649999996 71 43
23112.601499999957 23323.527499999956 71 54
24344.25499999995 24554.38299999995 71 54
24754.837499999954 24962.651499999953 71 54
25369.320499999954 25421.001352083287 71 55
25990.23923958329 26081.115239583287 71 51
26262.867239583287 26353.743239583284 71 51
26736.82673958328 26827.41198958328 71 51
27008.58248958328 27099.16773958328 71 51
27473.842239583286 27564.427489583286 71 51
27745.597989583282 27836.183239583283 71 51
28981.267739583298 29072.7312395833 71 45
29255.658239583303 29347.1217395833 71 45
29720.9807395833 29812.7462395833 71 45
29996.277239583298 30088.042739583292 71 45
30463.417239583294 30554.002489583294 71 45
30735.17298958329 30825.75823958329 71 45
34172.07773958326 34262.66298958327 71 45
34443.833489583274 34534.41873958328 71 46
34823.613739583285 34916.280739583286 71 50
35279.78473958329 35376.92873958328 71 46
35566.739739583274 35659.406739583275 71 55
36022.910739583276 36120.05473958327 71 60
36309.86573958326 36402.532739583265 71 59
36766.036739583265 36863.18073958326 71 65
38294.71273958326 38504.84073958326 71 53
38597.811989583264 38690.78323958326 71 71
39467.35573958326 39677.48373958326 71 55
40082.769239583264 40275.69523958326 71 81
42746.92115624992 42809.51898958325 71 66
42998.67457291659 43094.04807291659 71 62
43438.89490624992 43531.25940624993 71 42
43715.988406249926 43808.35290624993 71 46
45719.05582291661 45781.65365624995 71 64
45970.80923958329 46066.18273958328 71 60
46411.02957291662 46503.39407291662 71 42
46688.12307291663 46780.48757291662 71 46
48706.960072916656 48769.55790625 71 64
48958.71348958333 49054.086989583324 71 60
49398.93382291666 49491.298322916664 71 46
49676.02732291667 49768.39182291667 71 46
53119.32732291671 53210.790822916715 71 48
53393.71782291672 53485.181322916724 71 54
54779.19723958338 54842.21323958339 71 59
55032.856822916714 55128.883656250044 71 61
76985.62365625004 77047.20815208337 71 54
77376.19665625003 77462.38040416669 71 54
77767.19965625004 77855.56236041672 71 54
78550.68465625006 78643.21541250005 71 54
78941.59065625006 79059.48402708338 71 54
79546.12265625005 79597.80350833337 71 55
80163.64889583336 80254.01039583335 71 51
80434.73339583333 80525.09489583332 71 51
82369.8183958333 82460.17989583328 71 51
86156.25181249995 86244.55981249994 71 51
86587.43681249993 86678.93381249993 71 48
88261.33106249997 88351.15131249998 71 61
88749.04531249999 88834.67172916666 71 68
88978.38039583333 89036.18564583334 71 62
89654.88381249999 89743.1918125 71 56
90086.06881249997 90177.56581249998 71 49
90357.37081249998 90445.67881249997 71 56
90788.55581249997 90880.05281249997 71 50
91059.85781249998 91148.16581249997 71 47
91491.04281249996 91582.53981249996 71 48
92462.86381249997 92551.17181249998 71 47
92890.15481250001 92981.65181250001 71 53
93863.94381250002 93952.2518125 71 55
94298.51181250004 94390.00881250005 71 61
96019.40939583338 96135.94264583338 71 59
96252.90164583338 96340.87814583337 71 68
96897.39381250004 96981.30981250004 71 53
97149.14181250005 97233.05781250005 71 53
98274.49081250008 98356.45806250007 71 54
98520.39256250006 98602.35981250004 71 55
99637.59581250002 99721.51181250003 71 61
99889.34381250002 99973.25981250004 71 62
101137.95781250001 101265.11947916666 71 68
101265.11947916666 101392.28114583333 71 68
102093.22414583334 102151.36364583335 71 74
102326.46114583335 102384.94064583334 71 65
105777.66347916644 105859.40722916642 71 57
106353.51322916635 106443.16172916636 71 43
112420.72155624963 112496.7232229163 71 51
113172.23902291631 113292.83727291631 71 50
23929.467499999955 24144.521499999955 72 54
37146.880239583246 37237.46548958325 72 56
40485.82323958326 40678.74923958326 72 83
42622.44732291659 42684.53032291659 72 67
42872.32515624992 42935.341156249924 72 64
44184.58990624993 44276.053406249936 72 48
44458.980406249946 44550.443906249944 72 54
45594.58198958328 45656.66498958328 72 64
45844.45982291662 45907.475822916625 72 62
47156.72457291663 47248.18807291664 72 48
47431.11507291664 47522.578572916645 72 54
48582.486239583326 48644.569239583325 72 64
48832.36407291666 48895.38007291667 72 62
51681.6585729167 51744.25640625003 72 60
51933.41198958337 52028.785489583366 72 57
52373.632322916696 52465.9968229167 72 46
52650.725822916706 52743.09032291671 72 46
56091.4619895834 56182.925489583395 72 48
56365.852489583405 56457.3159895834 72 54
57766.66990625008 57829.68590625008 72 59
58020.32948958341 58116.35632291674 72 61
70377.96390625014 70472.61915625013 72 46
70472.61915625013 70567.27440625012 72 49
73359.94140625006 73450.52665625006 72 40
73450.52665625006 73545.18190625004 72 41
80903.8663958333 80993.68664583331 72 51
81173.32714583332 81263.14739583331 72 51
86858.73881249994 86947.04681249993 72 51
87289.92381249992 87381.42081249993 72 45
91762.34481249996 91850.65281249996 72 47
92191.56181249997 92283.05881249998 72 51
93161.45681250002 93249.76481250001 72 51
93592.6418125 93684.13881250001 72 59
97586.24531250005 97670.43931250005 72 54
97838.82731250007 97923.02131250009 72 54
98955.54731250003 99038.19206250003 72 56
99203.48156250003 99286.12631250003 72 58
7617.679500000006 7724.616000000005 73 49
8528.169000000004 8619.045000000004 73 47
8800.797000000004 8891.673000000004 73 48
14509.690999999999 14603.27725 73 78
15158.631499999998 15256.895499999999 73 62
16852.924249999993 16946.820999999993 73 57
17313.882999999983 17412.146999999983 73 49
22701.220999999954 22912.146999999954 73 53
23523.260999999955 23733.388999999956 73 54
40888.87723958326 41028.96257291659 73 77
51557.18473958336 51619.26773958337 73 61
51807.0625729167 51870.078572916704 73 59
54653.79323958338 54716.39107291671 73 60
54905.54665625005 55000.920156250046 73 57
55345.76698958338 55438.131489583386 73 42
55622.860489583385 55715.22498958339 73 46
59072.08165625009 59162.666906250095 73 46
59343.837406250095 59434.4226562501 73 51
59817.5061562501 59908.0914062501 73 47
60089.2619062501 60179.84715625011 73 51
68129.96390625012 68220.54915625013 73 45
68220.54915625013 68311.13440625013 73 61
69611.10440625012 69700.39015625013 73 46
69700.39015625013 69789.67590625011 73 49
71134.8106562501 71226.57065625011 73 39
71226.57065625011 71318.33065625011 73 41
72619.21040625009 72708.23115625008 73 38
72708.23115625008 72797.25190625008 73 41
74105.09690625004 74195.68215625004 73 41
74195.68215625004 74286.26740625004 73 43
75587.53690625004 75678.12215625004 73 47
75678.12215625004 75768.70740625005 73 56
76242.37615625003 76332.96140625003 73 63
76514.13190625004 76604.71715625004 73 67
78153.60165625004 78251.87749375004 73 54
83526.94464583328 83620.59731249996 73 57
88863.33814583333 88949.52539583333 73 79
89094.27797916667 89152.56314583332 73 64
95903.29889583337 95961.26989583338 73 60
96135.94264583338 96252.90164583338 73 69
102209.67264583334 102267.98164583335 73 75
105108.86097916646 105191.05272916646 73 57
105686.96872916643 105777.66347916644 73 47
106524.90547916635 106606.64922916633 73 49
106937.2677291663 107019.01147916628 73 47
31944.034739583287 32034.910739583287 74 47
32216.662739583284 32307.538739583288 74 48
32685.954739583267 32776.53998958327 74 45
32957.710489583274 33048.29573958328 74 45
33430.15773958329 33521.03373958329 74 45
33702.78573958328 33793.66173958329 74 48
34916.280739583286 35007.15673958329 74 48
35188.90873958328 35279.78473958329 74 55
37921.19423958326 38011.49048958326 74 63
39064.301739583265 39274.42973958326 74 54
39467.35573958326 39677.48373958326 74 55
39866.16273958326 40082.769239583264 74 56
40275.69523958326 40485.82323958326 74 57
42498.89073958324 42591.456906249914 74 69
42746.92115624992 42809.51898958325 74 66
42872.32515624992 42998.67457291659 74 69
45471.025406249944 45563.591572916615 74 66
45719.05582291661 45781.65365624995 74 64
45844.45982291662 45970.80923958329 74 66
48458.92965624999 48551.49582291666 74 66
48706.960072916656 48769.55790625 74 64
48832.36407291666 48958.71348958333 74 66
54529.31940625005 54591.40240625005 74 61
54779.19723958338 54842.21323958339 74 59
57641.265906250075 57703.86373958341 74 60
57893.01932291675 57988.39282291674 74 57
58335.066156250075 58425.65140625008 74 46
58606.82190625008 58697.40715625008 74 51
62036.96165625014 62127.54690625014 74 50
62308.71740625014 62399.30265625015 74 55
62782.38615625015 62872.97140625015 74 57
63052.57740625016 63141.59815625016 74 58
74850.52140625005 74941.10665625005 74 41
74941.10665625005 75031.69190625005 74 49
3144.0665000000017 3236.431000000002 75 51
3421.160000000002 3513.5245000000023 75 51
6126.458000000003 6217.043250000003 75 45
6398.2137500000035 6488.799000000004 75 45
9275.187500000004 9382.124000000005 75 49
11599.751250000012 11693.64800000001 75 57
12060.710000000014 12158.974000000015 75 54
18454.102999999974 18561.039499999973 75 42
24754.837499999954 24962.651499999953 75 54
28217.440239583288 28309.804739583287 75 48
28494.533739583294 28586.898239583294 75 51
31199.83173958329 31290.41698958329 75 40
31471.587489583286 31562.172739583286 75 45
51433.98098958335 51526.19432291669 75 63
51681.6585729167 51744.25640625003 75 60
51807.0625729167 51933.41198958337 75 65
57516.792072916745 57578.875072916744 75 61
57766.66990625008 57829.68590625008 75 59
61299.946156250124 61390.53140625013 75 49
61571.70190625013 61662.28715625013 75 53
64992.53715625017 65081.82290625017 75 63
65261.74315625016 65352.377656250166 75 64
65735.46115625015 65826.04640625016 75 58
66007.21690625016 66097.80215625017 75 66
68875.38840625013 68965.97365625013 75 45
68965.97365625013 69056.55890625014 75 62
71883.7594062501 71974.3446562501 75 39
71974.3446562501 72064.92990625011 75 41
76985.62365625004 77047.20815208337 75 54
77376.19665625003 77462.38040416669 75 54
78941.59065625006 79059.48402708338 75 54
83402.6242291666 83464.73606249994 75 57
84576.17131249995 84666.58731249996 75 54
84847.41931249997 84937.83531249997 75 54
88978.38039583333 89036.18564583334 75 71
89211.04264583332 89269.71781249999 75 71
90445.67881249997 90531.39806249997 75 56
90702.83656249997 90788.55581249997 75 57
95787.60814583338 95874.31339583336 75 61
96019.40939583338 96135.94264583338 75 70
102326.46114583335 102384.94064583334 75 77
104441.50397916652 104523.4712291665 75 57
105018.93822916647 105108.86097916646 75 47
105859.40722916642 105941.15097916641 75 49
106271.76947916637 106353.51322916635 75 47
107273.64072916628 107355.60797916626 75 48
107522.73897916624 107605.23897916624 75 47
108594.83297916627 108674.83297916628 75 53
108843.3724791663 108923.8014791663 75 54
109926.71756249966 110010.51656249966 75 62
110180.27406249967 110237.89106249965 75 59
1007.7414999999999 1098.6174999999998 76 46
1098.6174999999998 1189.4935 76 65
2491.0537500000014 2581.6390000000015 76 42
2581.6390000000015 2672.2242500000016 76 70
3999.357500000002 4090.8210000000017 76 41
4090.8210000000017 4182.284500000002 76 56
5480.628750000002 5571.214000000002 76 40
5571.214000000002 5661.799250000002 76 53
12350.515750000013 12443.793500000014 76 60
12806.134500000007 12904.398500000008 76 57
13097.186500000009 13191.710500000008 76 64
13555.214500000007 13659.121500000007 76 62
16100.657250000004 16194.243500000006 76 62
16562.499499999994 16660.763499999994 76 48
22701.220999999954 22912.146999999954 76 53
23112.601499999957 23323.527499999956 76 54
23523.260999999955 23733.388999999956 76 54
23929.467499999955 24144.521499999955 76 54
24344.25499999995 24554.38299999995 76 54
25369.320499999954 25421.001352083287 76 66
26081.115239583287 26171.991239583283 76 43
26171.991239583283 26262.867239583287 76 59
27564.427489583286 27655.012739583286 76 46
27655.012739583286 27745.597989583282 76 58
29072.7312395833 29164.194739583298 76 40
29164.194739583298 29255.658239583303 76 53
30554.002489583294 30644.587739583294 76 41
30644.587739583294 30735.17298958329 76 51
37146.880239583246 37237.46548958325 76 66
37520.32123958325 37735.251739583255 76 60
38690.78323958326 38781.079489583266 76 65
40678.74923958326 40888.87723958326 76 59
42376.13807291658 42468.10257291658 76 71
42622.44732291659 42684.53032291659 76 67
45348.27273958328 45440.23723958328 76 68
45594.58198958328 45656.66498958328 76 64
48336.17698958332 48428.141489583315 76 68
48582.486239583326 48644.569239583325 76 64
54405.76282291671 54498.32898958338 76 63
54653.79323958338 54716.39107291671 76 60
54779.19723958338 54905.54665625005 76 65
60554.521656250115 60645.10690625012 76 48
60826.27740625012 60916.86265625012 76 51
64258.56815625019 64347.853906250195 76 60
64527.5011562502 64617.86265625018 76 62
71134.8106562501 71226.57065625011 76 39
71226.57065625011 71318.33065625011 76 49
72619.21040625009 72708.23115625008 76 38
72708.23115625008 72797.25190625008 76 49
74105.09690625004 74195.68215625004 76 41
74195.68215625004 74286.26740625004 76 50
74850.52140625005 74941.10665625005 76 50
74941.10665625005 75031.69190625005 76 58
76332.96140625003 76423.54665625004 76 54
76423.54665625004 76514.13190625004 76 62
77767.19965625004 77855.56236041672 76 54
78153.60165625004 78251.87749375004 76 54
78550.68465625006 78643.21541250005 76 54
79546.12265625005 79597.80350833337 76 66
80254.01039583335 80344.37189583333 76 48
80344.37189583333 80434.73339583333 76 58
80993.68664583331 81083.50689583331 76 46
81083.50689583331 81173.32714583332 76 58
81724.1271458333 81813.94739583331 76 48
81813.94739583331 81903.76764583332 76 58
82460.17989583328 82550.54139583326 76 48
82790.87414583325 82851.29714583326 76 58
83278.97639583328 83340.70472916662 76 66
83526.94464583328 83620.59731249996 76 65
83836.37931249995 83926.50181249996 76 57
84106.74681249997 84196.86931249998 76 56
85316.68731249994 85425.39081249994 76 53
86244.55981249994 86330.27906249995 76 50
86501.71756249994 86587.43681249993 76 48
86947.04681249993 87032.76606249993 76 50
87204.20456249993 87289.92381249992 76 48
87649.53381249993 87734.27956249994 76 52
87903.77106249996 87988.51681249996 76 54
88351.15131249998 88435.50156249998 76 61
89094.27797916667 89152.56314583332 76 73
89328.68889583333 89417.4938125 76 65
89743.1918125 89828.91106249999 76 56
90000.34956249998 90086.06881249997 76 56
91059.85781249998 91148.16581249997 76 56
91491.04281249996 91582.53981249996 76 48
91762.34481249996 91850.65281249996 76 56
92191.56181249997 92283.05881249998 76 51
92462.86381249997 92551.17181249998 76 56
92890.15481250001 92981.65181250001 76 53
93161.45681250002 93249.76481250001 76 61
93592.6418125 93684.13881250001 76 59
93863.94381250002 93952.2518125 76 66
94657.69681250004 94756.71331250005 76 72
95672.3344791667 95787.60814583338 76 62
95903.29889583337 95961.26989583338 76 71
96981.30981250004 97065.22581250005 76 50
97670.43931250005 97754.63331250007 76 45
98356.45806250007 98438.42531250005 76 46
99038.19206250003 99120.83681250003 76 49
99721.51181250003 99805.42781250003 76 56
100423.8173125 100521.6073125 76 64
100729.4213125 100993.7618125 76 78
101137.95781250001 101265.11947916666 76 68
102443.67097916667 102525.41472916666 76 57
102688.90222916663 102772.23547916664 76 46
102772.23547916664 102855.56872916665 76 52
103019.05622916663 103109.75097916664 76 47
103109.75097916664 103191.49472916662 76 57
103354.98222916659 103438.54772916659 76 46
103438.54772916659 103522.11322916659 76 53
103686.04772916656 103775.42397916655 76 47
103775.42397916655 103857.16772916654 76 57
104020.65522916651 104103.98847916652 76 48
104103.98847916652 104187.32172916652 76 56
104350.8092291665 104441.50397916652 76 47
104687.40572916648 104771.20472916648 76 47
104771.20472916648 104855.00372916648 76 55
105191.05272916646 105273.24447916645 76 49
105355.43622916644 105439.23522916644 76 46
105439.23522916644 105523.03422916644 76 56
105605.00147916643 105686.96872916643 76 47
106022.8947291664 106106.46022916639 76 47
106106.46022916639 106190.02572916637 76 55
106688.39297916632 106771.95847916632 76 45
106771.95847916632 106855.5239791663 76 53
107355.60797916626 107439.17347916626 76 47
107439.17347916626 107522.73897916624 76 55
107937.30181249957 108016.87731249958 76 48
108016.87731249958 108100.67631249958 76 47
108100.67631249958 108184.47531249958 76 53
108184.47531249958 108264.68931249958 76 51
108674.83297916628 108759.10272916629 76 51
108759.10272916629 108843.3724791663 76 61
109258.73856249965 109338.52581249966 76 56
109338.52581249966 109421.62831249967 76 56
109421.62831249967 109504.73081249966 76 63
109504.73081249966 109585.37606249966 76 56
110010.51656249966 110094.31556249966 76 57
110094.31556249966 110151.55989583301 76 65
110618.12339583298 110794.41789583297 76 76
111329.23339583298 111504.70289583299 76 78
112057.76375833296 112133.07854999963 76 54
112148.18700833296 112238.83775833296 76 51
112238.83775833296 112329.67854374964 76 58
112795.86140624965 112889.5680729163 76 51
112889.5680729163 112983.5536229163 76 49
112983.5536229163 113077.88152291632 76 57
113534.77277291633 115136.727933333 76 55
51311.469322916695 51372.63132291669 77 64
51557.18473958336 51619.26773958337 77 61
57393.23548958341 57485.80165625008 77 63
57641.265906250075 57703.86373958341 77 60
57766.66990625008 57893.01932291675 77 65
63516.27265625017 63606.857906250174 77 53
63786.46390625018 63875.484656250184 77 59
68129.96390625012 68220.54915625013 77 45
68220.54915625013 68311.13440625013 77 61
69611.10440625012 69700.39015625013 77 46
69700.39015625013 69789.67590625011 77 58
1754.0382500000003 1844.6235000000001 78 43
1844.6235000000001 1935.2087500000005 78 67
4739.372500000001 4831.138000000002 78 41
4831.138000000002 4922.903500000001 78 54
10187.238500000007 10279.302500000007 78 43
10463.430500000008 10555.494500000008 78 51
19458.96849999997 19549.844499999967 78 40
19549.844499999967 19640.720499999967 78 57
21122.866999999966 21213.742999999962 78 39
21213.742999999962 21302.500499999962 78 57
24754.837499999954 24962.651499999953 78 54
26827.41198958328 26917.99723958328 78 45
26917.99723958328 27008.58248958328 78 62
29812.7462395833 29904.511739583297 78 41
29904.511739583297 29996.277239583298 78 57
37921.19423958326 38011.49048958326 78 63
38294.71273958326 38504.84073958326 78 62
39064.301739583265 39274.42973958326 78 64
39866.16273958326 40082.769239583264 78 56
42254.38323958326 42315.16240624992 78 72
42498.89073958324 42591.456906249914 78 69
44276.053406249936 44367.51690624994 78 50
44367.51690624994 44458.980406249946 78 59
45226.51790624995 45287.29707291662 78 69
45471.025406249944 45563.591572916615 78 66
47248.18807291664 47339.651572916635 78 50
47339.651572916635 47431.11507291664 78 59
48214.422156249995 48275.201322916655 78 69
48458.92965624999 48551.49582291666 78 66
54283.01015625004 54374.97465625004 78 64
54529.31940625005 54591.40240625005 78 61
66474.92015625014 66566.68565625015 78 63
66758.67840625014 66858.90565625015 78 69
68875.38840625013 68965.97365625013 78 45
68965.97365625013 69056.55890625014 78 62
71883.7594062501 71974.3446562501 78 39
71974.3446562501 72064.92990625011 78 49
77376.19665625003 77462.38040416669 78 54
78941.59065625006 79059.48402708338 78 54
82670.39164583327 82760.66264583326 78 57
83155.99381249996 83278.97639583328 78 58
83402.6242291666 83464.73606249994 78 65
89211.04264583332 89269.71781249999 78 81
89447.22914583333 89536.63747916666 78 66
90531.39806249997 90617.11731249998 78 51
90617.11731249998 90702.83656249997 78 53
95554.06981250005 95613.6834791667 78 63
95787.60814583338 95874.31339583336 78 72
104523.4712291665 104605.43847916649 78 49
104936.97097916648 105018.93822916647 78 47
106606.64922916633 106688.39297916632 78 50
106855.5239791663 106937.2677291663 78 46
13856.925250000006 13950.822000000004 79 68
14313.162999999997 14411.426999999998 79 63
15350.792249999999 15444.688999999997 79 68
15810.543000000003 15908.807000000003 79 63
17700.092499999984 17792.156499999983 79 51
17976.284499999976 18068.348499999975 79 49
23929.467499999955 24144.521499999955 79 54
35659.406739583275 35750.28273958328 79 57
35932.03473958327 36022.910739583276 79 59
37520.32123958325 37735.251739583255 79 60
38781.079489583266 38871.375739583265 79 59
39467.35573958326 39677.48373958326 79 65
40275.69523958326 40485.82323958326 79 57
40678.74923958326 40888.87723958326 79 59
40958.919906249925 41099.00523958325 79 79
42133.409072916584 42193.799239583255 79 74
42376.13807291658 42468.10257291658 79 71
43531.25940624993 43623.62390624992 79 46
43623.62390624992 43715.988406249926 79 55
45105.543739583285 45165.93390624996 79 71
45348.27273958328 45440.23723958328 79 68
46503.39407291662 46595.758572916624 79 46
46595.758572916624 46688.12307291663 79 59
48094.02907291666 48153.99915624999 79 71
48336.17698958332 48428.141489583315 79 68
49491.298322916664 49583.66282291667 79 39
49583.66282291667 49676.02732291667 79 56
50236.09232291667 50327.55582291668 79 50
50327.55582291668 50419.01932291668 79 59
51067.56565625002 51128.35598958335 79 67
51189.33165625002 51250.30732291669 79 66
51433.98098958335 51526.19432291669 79 63
57270.48282291674 57362.447322916734 79 64
57516.792072916745 57578.875072916744 79 61
87734.27956249994 87819.02531249994 79 45
87819.02531249994 87903.77106249996 79 50
94756.71331250005 94855.72981250005 79 65
100521.6073125 100729.4213125 79 77
6961.537000000005 7052.413000000006 80 41
7052.413000000006 7143.289000000005 80 54
10941.070500000009 11033.13450000001 80 54
11217.262500000012 11309.326500000012 80 55
20224.287499999966 20331.223999999966 80 45
21886.75649999996 21993.69299999996 80 45
23112.601499999957 23323.527499999956 80 54
24344.25499999995 24554.38299999995 80 54
25369.320499999954 25421.001352083287 80 66
50946.169322916685 51006.775322916685 80 69
51311.469322916695 51372.63132291669 80 64
52465.9968229167 52558.3613229167 80 42
52558.3613229167 52650.725822916706 80 50
53210.790822916715 53302.25432291672 80 45
53302.25432291672 53393.71782291672 80 59
54040.28115625005 54100.671322916714 80 67
54161.25532291672 54222.03448958338 80 66
54405.76282291671 54498.32898958338 80 63
70377.96390625014 70472.61915625013 80 46
70472.61915625013 70567.27440625012 80 58
73359.94140625006 73450.52665625006 80 40
73450.52665625006 73545.18190625004 80 49
77767.19965625004 77855.56236041672 80 65
78550.68465625006 78643.21541250005 80 54
79546.12265625005 79597.80350833337 80 66
82550.54139583326 82640.36164583327 80 64
82790.87414583325 82851.29714583326 80 66
83033.66914583328 83125.31897916662 80 58
83278.97639583328 83340.70472916662 80 75
86330.27906249995 86415.99831249994 80 42
86415.99831249994 86501.71756249994 80 45
88435.50156249998 88519.85181249998 80 61
89328.68889583333 89417.4938125 80 74
89828.91106249999 89914.63031249998 80 50
89914.63031249998 90000.34956249998 80 52
91148.16581249997 91233.88506249996 80 56
91405.32356249997 91491.04281249996 80 56
92551.17181249998 92635.91756249998 80 56
92805.40906250001 92890.15481250001 80 58
93952.2518125 94038.81681250002 80 66
94211.94681250003 94298.51181250004 80 68
95430.88047916672 95493.18581250004 80 64
95672.3344791667 95787.60814583338 80 74
97065.22581250005 97149.14181250005 80 63
98438.42531250005 98520.39256250006 80 64
99805.42781250003 99889.34381250002 80 72
102525.41472916666 102607.15847916664 80 49
102937.31247916663 103019.05622916663 80 47
103857.16772916654 103938.91147916652 80 49
104269.06547916651 104350.8092291665 80 47
105941.15097916641 106022.8947291664 80 48
106190.02572916637 106271.76947916637 80 49
111329.23339583298 111504.70289583299 80 78
112329.67854374964 112381.96070624964 80 50
113077.88152291632 113172.23902291631 80 56
7724.616000000005 7831.552500000005 81 46
22701.220999999954 22912.146999999954 81 63
23523.260999999955 23733.388999999956 81 54
33521.03373958329 33611.90973958329 81 42
33611.90973958329 33702.78573958328 81 54
38294.71273958326 38504.84073958326 81 62
39064.301739583265 39274.42973958326 81 64
39866.16273958326 40082.769239583264 81 67
42013.20557291659 42073.21157291658 81 75
42254.38323958326 42315.16240624992 81 72
44985.34023958329 45045.34623958328 81 72
45226.51790624995 45287.29707291662 81 69
47975.68332291666 48034.59357291666 81 72
48214.422156249995 48275.201322916655 81 69
53920.07765625006 53980.083656250055 81 69
54283.01015625004 54374.97465625004 81 64
55438.131489583386 55530.49598958339 81 46
55530.49598958339 55622.860489583385 81 56
56182.925489583395 56274.3889895834 81 50
56274.3889895834 56365.852489583405 81 59
57027.75382291674 57088.14398958341 81 67
57148.727989583414 57209.507156250074 81 66
57393.23548958341 57485.80165625008 81 63
75587.53690625004 75678.12215625004 81 57
75678.12215625004 75768.70740625005 81 66
78153.60165625004 78251.87749375004 81 65
82670.39164583327 82760.66264583326 81 65
82911.90314583326 82972.6934791666 81 66
83155.99381249996 83278.97639583328 81 66
87032.76606249993 87118.48531249992 81 42
87118.48531249992 87204.20456249993 81 45
89447.22914583333 89536.63747916666 81 76
91850.65281249996 91935.88006249996 81 56
92106.33456249996 92191.56181249997 81 57
93249.76481250001 93335.48406250002 81 61
93506.92256250001 93592.6418125 81 64
95554.06981250005 95613.6834791667 81 75
97754.63331250007 97838.82731250007 81 60
99120.83681250003 99203.48156250003 81 65
103191.49472916662 103273.23847916661 81 49
103604.08047916657 103686.04772916656 81 47
105273.24447916645 105355.43622916644 81 48
105523.03422916644 105605.00147916643 81 49
8619.045000000004 8709.921000000004 82 41
8709.921000000004 8800.797000000004 82 57
14603.27725 14696.8635 82 68
15060.367499999998 15158.631499999998 82 65
16946.820999999993 17038.58649999999 82 57
17222.117499999986 17313.882999999983 82 54
41028.96257291659 41169.04790624992 82 81
50823.37815625002 50885.563322916685 82 70
51067.56565625002 51128.35598958335 82 67
51189.33165625002 51250.30732291669 82 66
56907.55032291675 56967.556322916746 82 69
57270.48282291674 57362.447322916734 82 64
58425.65140625008 58516.23665625008 82 51
58516.23665625008 58674.76084375008 82 58
59162.666906250095 59253.2521562501 82 51
59253.2521562501 59411.7763437501 82 58
59908.0914062501 59998.67665625011 82 51
59998.67665625011 60157.200843750106 82 58
3236.431000000002 3328.795500000002 83 48
3328.795500000002 3421.160000000002 83 58
6217.043250000003 6307.628500000003 83 42
6307.628500000003 6398.2137500000035 83 56
9382.124000000005 9489.060500000007 83 48
11693.64800000001 11785.413500000011 83 57
11968.944500000014 12060.710000000014 83 58
12443.793500000014 12534.378750000013 83 61
12715.54925000001 12806.134500000007 83 63
18561.039499999973 18667.975999999973 83 46
20331.223999999966 20558.479499999965 83 54
21993.69299999996 22220.948499999955 83 54
23112.601499999957 23323.527499999956 83 65
24344.25499999995 24554.38299999995 83 65
24754.837499999954 24962.651499999953 83 65
25369.320499999954 25421.001352083287 83 66
28309.804739583287 28402.16923958329 83 51
28402.16923958329 28494.533739583294 83 61
31290.41698958329 31381.00223958329 83 45
31381.00223958329 31471.587489583286 83 51
32034.910739583287 32125.78673958329 83 47
32125.78673958329 32216.662739583284 83 54
36402.532739583265 36493.40873958327 83 61
36675.16073958326 36766.036739583265 83 64
39467.35573958326 39677.48373958326 83 65
40275.69523958326 40485.82323958326 83 68
41891.20457291659 41953.38973958326 83 77
42133.409072916584 42193.799239583255 83 74
44863.33923958329 44925.524406249955 83 74
45105.543739583285 45165.93390624996 83 71
47848.560572916664 47917.28907291666 83 74
48094.02907291666 48153.99915624999 83 71
53798.07665625006 53860.26182291673 83 70
54040.28115625005 54100.671322916714 83 67
54161.25532291672 54222.03448958338 83 66
61390.53140625013 61481.11665625013 83 52
61481.11665625013 61639.64084375013 83 60
62127.54690625014 62218.13215625015 83 55
62218.13215625015 62376.656343750146 83 62
62872.97140625015 62963.556656250155 83 50
62963.556656250155 63119.34296875016 83 69
76985.62365625004 77047.20815208337 83 65
77376.19665625003 77462.38040416669 83 65
78550.68465625006 78643.21541250005 83 65
78941.59065625006 79059.48402708338 83 65
79546.12265625005 79597.80350833337 83 66
82550.54139583326 82640.36164583327 83 73
83033.66914583328 83125.31897916662 83 66
83926.50181249996 84016.62431249997 83 53
84016.62431249997 84106.74681249997 83 65
84666.58731249996 84757.00331249996 83 50
84757.00331249996 84847.41931249997 83 60
85425.39081249994 85534.09431249995 83 52
91233.88506249996 91319.60431249996 83 51
92635.91756249998 92720.6633125 83 49
94038.81681250002 94125.38181250003 83 55
95430.88047916672 95493.18581250004 83 76
101392.28114583333 101509.92814583334 83 73
102607.15847916664 102688.90222916663 83 48
102855.56872916665 102937.31247916663 83 49
103938.91147916652 104020.65522916651 83 48
104187.32172916652 104269.06547916651 83 47
104605.43847916649 104687.40572916648 83 48
104855.00372916648 104936.97097916648 83 53
23929.467499999955 24144.521499999955 84 65
32776.53998958327 32867.12523958327 84 45
32867.12523958327 32957.710489583274 84 51
37237.46548958325 37328.050739583254 84 59
40678.74923958326 40888.87723958326 84 69
42013.20557291659 42073.21157291658 84 75
44985.34023958329 45045.34623958328 84 72
47975.68332291666 48034.59357291666 84 72
50946.169322916685 51006.775322916685 84 69
56784.04015625008 56847.73448958342 84 70
57027.75382291674 57088.14398958341 84 67
57148.727989583414 57209.507156250074 84 66
64347.853906250195 64437.1396562502 84 56
64437.1396562502 64595.27228125019 84 71
65081.82290625017 65171.108656250166 84 58
65171.108656250166 65329.71903125016 84 73
65826.04640625016 65916.63165625016 84 66
65916.63165625016 66075.15584375017 84 76
91935.88006249996 92021.10731249997 84 53
93335.48406250002 93421.20331250002 84 56
103273.23847916661 103354.98222916659 84 48
103522.11322916659 103604.08047916657 84 48
7831.552500000005 8058.8080000000045 85 62
13191.710500000008 13282.586500000009 85 64
13464.338500000007 13555.214500000007 85 66
16194.243500000006 16286.307500000003 85 61
16470.435499999996 16562.499499999994 85 59
23523.260999999955 23733.388999999956 85 65
50823.37815625002 50885.563322916685 85 70
53920.07765625006 53980.083656250055 85 69
60645.10690625012 60735.69215625012 85 51
60735.69215625012 60894.21634375012 85 58
76332.96140625003 76423.54665625004 85 64
76423.54665625004 76514.13190625004 85 74
82911.90314583326 82972.6934791666 85 75
34262.66298958327 34353.24823958327 86 51
34353.24823958327 34443.833489583274 86 62
38011.49048958326 38101.78673958326 86 68
39866.16273958326 40082.769239583264 86 67
40275.69523958326 40485.82323958326 86 68
41891.20457291659 41953.38973958326 86 77
44863.33923958329 44925.524406249955 86 74
47848.560572916664 47917.28907291666 86 74
53798.07665625006 53860.26182291673 86 70
56907.55032291675 56967.556322916746 86 69
63606.857906250174 63697.44315625018 86 59
63697.44315625018 63853.229468750185 86 70
9489.060500000007 9716.316000000006 87 61
10279.302500000007 10371.366500000007 87 46
10371.366500000007 10463.430500000008 87 56
18667.975999999973 18895.231499999973 87 54
56784.04015625008 56847.73448958342 87 70
66566.68565625015 66658.45115625016 87 69
66658.45115625016 66758.67840625014 87 78
90531.39806249997 90617.11731249998 87 51
90617.11731249998 90702.83656249997 87 63
8058.8080000000045 8341.613500000005 88 67
11033.13450000001 11125.19850000001 88 51
11125.19850000001 11217.262500000012 88 59
13950.822000000004 14041.407250000002 88 68
14222.577749999999 14313.162999999997 88 68
15444.688999999997 15536.152499999998 88 65
15719.079500000002 15810.543000000003 88 65
17792.156499999983 17884.22049999998 88 51
17884.22049999998 17976.284499999976 88 55
20558.479499999965 20839.720499999963 88 60
22220.948499999955 22502.189499999953 88 60
25369.320499999954 25421.001352083287 88 79
37520.32123958325 37735.251739583255 88 71
38781.079489583266 38871.375739583265 88 70
40678.74923958326 40888.87723958326 88 69
41099.00523958325 41239.09057291659 88 82
79546.12265625005 79597.80350833337 88 79
85769.40681249995 86067.94381249994 88 70
86330.27906249995 86415.99831249994 88 50
86415.99831249994 86501.71756249994 88 54
87032.76606249993 87118.48531249992 88 50
87118.48531249992 87204.20456249993 88 54
87734.27956249994 87819.02531249994 88 53
87819.02531249994 87903.77106249996 88 59
88435.50156249998 88519.85181249998 88 61
89828.91106249999 89914.63031249998 88 50
89914.63031249998 90000.34956249998 88 62
91233.88506249996 91319.60431249996 88 51
91935.88006249996 92021.10731249997 88 53
92635.91756249998 92720.6633125 88 49
93335.48406250002 93421.20331250002 88 56
94038.81681250002 94125.38181250003 88 66
94756.71331250005 94855.72981250005 88 65
9716.316000000006 9997.557000000006 90 64
11785.413500000011 11877.179000000013 90 54
11877.179000000013 11968.944500000014 90 64
18895.231499999973 19176.47249999997 90 60
38294.71273958326 38504.84073958326 90 73
39064.301739583265 39274.42973958326 90 76
14696.8635 14787.7395 91 68
14969.491499999998 15060.367499999998 91 68
17038.58649999999 17130.351999999988 91 56
17130.351999999988 17222.117499999986 91 61
35007.15673958329 35098.03273958329 91 60
35098.03273958329 35188.90873958328 91 65
39467.35573958326 39677.48373958326 91 78
12534.378750000013 12624.96400000001 92 58
12624.96400000001 12715.54925000001 92 68
85534.09431249995 85769.40681249995 92 74
91319.60431249996 91405.32356249997 92 62
92720.6633125 92805.40906250001 92 63
94125.38181250003 94211.94681250003 92 74
13282.586500000009 13373.462500000007 93 61
13373.462500000007 13464.338500000007 93 73
39866.16273958326 40082.769239583264 93 79
92021.10731249997 92106.33456249996 93 63
93421.20331250002 93506.92256250001 93 69
16286.307500000003 16378.3715 94 61
16378.3715 16470.435499999996 94 65
41169.04790624992 41309.13323958325 94 84
35750.28273958328 35841.158739583276 95 63
35841.158739583276 35932.03473958327 95 70
40275.69523958326 40485.82323958326 95 81
40678.74923958326 40888.87723958326 96 82
14041.407250000002 14131.9925 97 64
14131.9925 14222.577749999999 97 74
15536.152499999998 15627.616 97 68
15627.616 15719.079500000002 97 72
36493.40873958327 36584.284739583265 98 68
36584.284739583265 36675.16073958326 98 78
14787.7395 14878.615499999998 100 66
14878.615499999998 14969.491499999998 100 74
41239.09057291659 41336.786008333256 100 86
41309.13323958325 41537.98373958326 103 96
