262752.0063020815 264086.53509583144 35 56
260126.64655208157 261444.72765208155 36 48
265361.26830208144 266691.4601708314 36 48
261422.98380208155 262765.59620833147 38 50
266672.4343020814 268240.1103833314 38 50
258797.62405208164 260139.8908854149 40 49
264056.6373020814 265379.8103687481 40 52
210222.30916874862 212250.2960437486 43 40
257475.03530208167 258830.23982708165 43 45
63865.35881666664 64843.83206666663 45 31
64517.67431666664 66489.44956666663 45 35
61217.824441666635 61875.86344166664 47 32
61875.86344166664 62547.244191666636 47 32
66489.44956666663 67141.76506666663 47 51
67141.76506666663 67794.08056666664 47 48
67794.08056666664 69145.73656666663 47 51
183744.48039583245 184233.71702083244 47 34
263078.1640520814 263730.47955208144 47 42
6743.718249999999 7805.289249999999 48 51
17639.763875 18672.110375000004 48 51
21943.686970833343 23305.722495833346 48 39
27273.87447083334 28626.02678333334 48 39
36717.595220833326 37779.16622083332 48 51
47613.64084583332 48645.98734583332 48 51
51917.563941666645 53279.59946666664 48 39
57247.75144166664 58599.90375416664 48 39
138177.91379999951 139239.48479999954 48 51
149073.95942499943 150106.30592499938 48 51
153377.88252083273 154739.91804583275 48 39
158683.0261458327 160035.17845833272 48 39
182425.02064583247 183077.33614583244 48 34
183403.49389583245 183774.37818958244 48 25
185060.86764583245 187343.9718958324 48 33
207547.58166874855 209552.5166687486 48 44
234338.36670624846 235343.05545624846 48 51
245223.25258124844 246237.64133124836 48 51
249509.2179270817 250871.25345208173 48 39
254814.36155208168 256166.51386458165 48 39
260444.51055208157 261096.82605208157 48 38
265679.13230208145 266168.3689270814 48 38
179780.04777083252 180432.3632708325 49 34
181084.67877083248 181736.99427083248 49 34
187017.8141458324 187996.2873958324 49 32
6036.00425 6743.718249999999 50 44
9491.193749999997 11404.519374999996 50 39
16932.049874999997 17639.763875 50 44
23273.106720833348 24732.592320833348 50 39
28598.84697083334 30474.917970833336 50 39
36009.881220833326 36717.595220833326 50 44
39465.070720833326 41378.39634583333 50 39
46905.92684583332 47613.64084583332 50 44
53246.98369166664 54706.46929166664 50 39
58572.723941666634 61217.824441666635 50 39
65184.81856666663 66706.88806666664 50 37
114029.92908958299 116057.91596458301 50 40
137470.1997999995 138177.91379999951 50 44
140925.3892999995 142672.74904999955 50 39
148366.24542499942 149073.95942499943 50 44
154707.30227083273 156166.78787083272 50 39
160007.9986458327 161382.6346083327 50 39
179103.34077083255 179604.77314583253 50 32
184722.95364583243 185387.02539583243 50 26
187670.12964583238 189300.91839583236 50 35
206895.26616874858 207882.47791874857 50 42
208882.7241687486 210743.2629187486 50 40
233630.65270624845 234338.36670624846 50 44
237074.68245624844 238822.04220624844 50 39
244515.53858124843 245223.25258124844 50 44
250838.63767708172 252298.1232770817 50 39
256139.33405208166 257480.47126458163 50 39
261749.14155208154 262401.45705208153 50 42
263404.3218020814 264056.6373020814 50 46
266998.59205208137 267650.9075520814 50 38
269320.7988020814 269956.8064145813 50 36
271975.59705208143 272611.6046645815 50 36
273996.7068020815 275001.99018333154 50 28
275413.8855520815 276673.4850020815 50 24
162681.8296458327 163334.1451458327 51 51
163334.1451458327 163986.46064583273 51 48
163986.46064583273 165338.11664583272 51 51
177125.88414583253 177776.04225833254 51 31
178107.47139583254 178481.85032916587 51 32
5328.29025 6036.00425 52 49
16224.335874999993 16932.049874999997 52 49
22277.153720833343 22935.192720833347 52 27
22935.192720833347 23305.722495833346 52 28
25921.58897083335 27287.583616666674 52 39
27602.89397083334 28260.93297083334 52 29
28260.93297083334 28626.02678333334 52 29
35302.16722083333 36009.881220833326 52 49
46198.212845833325 46905.92684583332 52 49
52251.030691666645 52909.06969166664 52 27
52909.06969166664 53279.59946666664 52 28
55895.46594166663 57261.46058749997 52 39
57576.77094166664 58234.80994166664 52 29
58234.80994166664 58599.90375416664 52 29
62547.244191666636 64191.516566666636 52 34
63865.35881666664 64843.83206666663 52 31
64517.67431666664 66489.44956666663 52 35
136762.4857999995 137470.1997999995 52 49
147658.5314249994 148366.24542499942 52 49
153711.34927083275 154369.38827083274 52 27
154369.38827083274 154739.91804583275 52 28
157355.7845208327 158696.73529166603 52 39
159012.04564583272 159670.0846458327 52 29
159670.0846458327 160035.17845833272 52 29
175778.0415208325 176283.8297708325 52 34
178430.8168958325 178940.26189583255 52 34
180106.2055208325 180595.4421458325 52 27
180758.5210208325 181114.57656458247 52 28
181410.83652083247 182063.15202083247 52 29
182063.15202083247 182531.02191458247 52 29
184396.79589583245 185052.41979583242 52 29
185060.86764583245 187343.9718958324 52 33
204873.81766874855 205887.55966874855 52 29
206225.47366874857 207547.58166874855 52 59
207547.58166874855 209552.5166687486 52 44
232922.93870624842 233630.65270624845 52 49
243807.82458124842 244515.53858124843 52 49
249842.68467708174 250500.7236770817 52 27
250500.7236770817 250871.25345208173 52 28
253487.1199270817 254828.070697915 52 39
255143.3810520817 255801.4200520817 52 29
255801.4200520817 256166.51386458165 52 29
259123.78180208162 259776.09730208162 52 39
260770.66830208155 261422.98380208155 52 38
264382.79505208146 265035.11055208143 52 41
266005.2900520814 266501.9410520814 52 38
204197.98966874857 205549.64566874856 53 29
206895.26616874858 207882.47791874857 53 42
1317.3799999999999 2304.4384999999993 54 32
3316.3344999999995 4297.719 54 33
8131.446999999998 8817.122062499997 54 40
12210.554874999996 13189.028124999997 54 32
14200.924124999996 15182.308624999996 54 33
31285.426970833338 32272.485470833337 54 32
33284.38147083334 34263.00172083334 54 33
38105.32397083333 38790.999033333326 54 40
42184.43184583332 43162.905095833325 54 32
44174.801095833325 45156.185595833325 54 33
61217.824441666635 61875.86344166664 54 32
61875.86344166664 62547.244191666636 54 32
65184.81856666663 66706.88806666664 54 44
87552.10031666646 88041.33694166645 54 34
132732.3289333329 133719.3874333329 54 32
139565.64254999952 140251.31761249952 54 40
141633.10329999952 142672.74904999955 54 35
143644.75042499954 144623.22367499952 54 32
145635.1196749995 146616.50417499946 54 33
174473.41052083255 175117.57207708253 54 34
177460.78039583255 178107.47139583254 54 32
182751.17839583245 183403.49389583245 54 26
196922.5458437488 197607.7166958321 54 38
209552.5166687486 210222.30916874862 54 38
210222.30916874862 211580.50354374858 54 40
228935.2564562485 229899.85945624846 54 36
230899.52695624845 231880.91145624843 54 33
235680.96945624848 236502.54358124846 54 40
239794.04358124846 240772.51683124845 54 36
241784.41283124845 242765.79733124844 54 33
273996.7068020815 275001.99018333154 54 28
275413.8855520815 276673.4850020815 54 24
1975.4189999999996 3316.3344999999995 55 32
3974.3734999999997 5682.14725 55 39
8789.942249999998 9523.630641666663 55 35
10906.621749999997 12862.870374999997 55 39
12862.870374999997 14200.924124999996 55 32
14858.963124999995 16578.192874999997 55 39
20579.07597083334 22112.643970833342 55 39
24602.129220833347 25962.358689583347 55 39
26247.746720833347 26647.289964583346 55 29
26900.06222083334 27287.583616666674 55 30
29968.046970833333 31943.46597083334 55 39
31943.46597083334 33284.38147083334 55 32
33942.42047083334 35656.02422083333 55 39
38763.81922083333 39497.5076125 55 35
40880.49872083333 42836.747345833326 55 39
42836.747345833326 44174.801095833325 55 32
44832.84009583333 46552.06984583332 55 39
50552.95294166664 52086.52094166664 55 39
54576.00619166664 55936.235660416634 55 39
56221.62369166664 56621.16693541664 55 29
56873.93919166664 57261.46058749997 55 30
59901.74644166664 61842.96149166663 55 33
62547.244191666636 64191.516566666636 55 41
63865.35881666664 64843.83206666663 55 37
64517.67431666664 66489.44956666663 55 42
86232.64056666647 86884.95606666646 55 34
87211.11381666646 87581.99811041645 55 25
88868.48756666643 91151.59181666638 55 33
111355.20158958301 113360.136589583 55 44
122075.23646458298 123577.82708958296 55 44
131414.9489333329 132567.81918333287 55 39
132567.81918333287 133390.3679333329 55 30
133390.3679333329 134402.26393333287 55 32
136058.3725499995 137116.3427999995 55 51
140224.1377999995 140946.03095833285 55 35
140946.03095833285 142340.81729999953 55 40
142340.81729999953 143481.67154999953 55 39
143481.67154999953 144297.0659249995 55 30
146293.15867499946 148012.3884249994 55 39
152013.27152083273 153546.83952083276 55 39
156036.32477083273 157396.5542395827 55 39
157681.94227083272 158334.2577708327 55 29
158334.2577708327 158696.73529166603 55 30
161377.19864583272 162899.2681458327 55 38
169232.11452083272 169884.4300208327 55 34
170536.7455208327 171025.98214583268 55 34
171839.75702083265 172492.07252083262 55 34
173144.3880208326 173633.62464583258 55 34
179429.49852083254 179799.0736395825 55 32
180432.3632708325 180921.59989583248 55 31
181736.99427083248 182176.81418749914 55 32
184070.63814583246 184722.95364583243 55 26
195615.0190124989 196198.12501249881 55 38
196761.07801249882 196930.6997874988 55 35
197569.99305416542 198255.08982916537 55 34
200187.33366874862 201530.26116874855 55 38
202182.57666874854 203187.26541874855 55 44
203522.16166874857 205549.64566874856 55 29
204873.81766874855 205887.55966874855 55 35
206225.47366874857 207547.58166874855 55 59
210910.7110437486 212250.2960437486 55 38
212902.6115437486 213907.3002937486 55 39
227631.3233312485 228772.17758124848 55 39
228772.17758124848 229255.83770624848 55 30
229581.99545624846 230570.50745624845 55 32
231557.56595624847 233276.79570624843 55 39
236339.46470624846 237782.39645624845 55 35
238490.11045624845 239467.88583124848 55 39
239467.88583124848 240120.20133124848 55 30
240446.35908124846 241455.39333124846 55 32
242442.45183124847 244161.6815812484 55 39
248144.6069270817 249678.17492708174 55 39
252167.6601770817 253527.8896458317 55 39
253813.2776770817 254465.59317708167 55 29
254465.59317708167 254828.070697915 55 30
257801.19305208165 258453.50855208165 55 37
259449.9395520816 260126.64655208157 55 39
263730.47955208144 264086.53509583144 55 42
264708.9528020815 265361.26830208144 55 41
267998.2100520814 268634.2176645814 55 52
270646.57455208135 271282.5821645814 55 37
273314.7338020815 274045.0132229149 55 28
274712.78705208155 275428.4917708315 55 24
276190.6923020815 279644.5170020815 55 23
83587.66769166649 84239.98319166648 56 34
84892.29869166647 85544.61419166645 56 34
90825.43406666639 91803.90731666637 56 32
144297.0659249995 145306.1001749995 56 32
206895.26616874858 207882.47791874857 56 51
2658.2954999999993 3974.3734999999997 57 38
13542.885124999997 14529.943624999996 57 38
22606.173220833345 23273.106720833348 57 32
23925.42222083335 24602.129220833347 57 32
27931.913470833337 28598.84697083334 57 32
29251.162470833337 29968.046970833333 57 32
32626.342470833337 33942.42047083334 57 38
43516.76209583332 44503.82059583333 57 38
52580.05019166664 53246.98369166664 57 32
53899.299191666636 54576.00619166664 57 32
57905.79044166664 58572.723941666634 57 32
59225.03944166664 59901.74644166664 57 32
61217.824441666635 61875.86344166664 57 38
61875.86344166664 62547.244191666636 57 38
64843.83206666663 66489.44956666663 57 46
69145.73656666663 69798.05206666663 57 31
69798.05206666663 70450.36756666662 57 29
70450.36756666662 72407.31406666663 57 31
82910.96069166649 83412.39306666648 57 32
88530.57356666644 89194.64531666643 57 26
91477.74956666637 93108.53831666634 57 35
110702.88608958301 111690.09783958302 57 42
112690.344089583 114550.88283958299 57 40
121422.920964583 122083.60887083299 57 42
123410.37896458297 124749.96396458299 57 34
124749.96396458299 125773.262089583 57 28
126108.158339583 126799.69594374967 57 28
127433.502877083 128190.75354583297 57 28
132074.28993333288 132732.3289333329 57 35
134073.24443333287 135066.3356833328 57 38
135401.23193333283 136387.3920499995 57 47
142992.43492499954 143644.75042499954 57 35
144977.0806749995 145964.13917499947 57 38
154040.36877083275 154707.30227083273 57 32
155359.61777083273 156036.32477083273 57 32
159341.06514583272 160007.9986458327 57 32
160660.31414583273 161377.19864583272 57 32
172165.9147708326 172818.2302708326 57 31
172818.2302708326 173470.5457708326 57 31
173470.5457708326 173959.7823958326 57 30
174122.86127083257 174503.30831458254 57 30
174799.56827083253 175451.88377083253 57 31
175451.88377083253 175806.71781249918 57 31
176122.1570208325 176607.17527083252 57 31
176768.84802083255 177268.21505208255 57 28
177784.12589583255 178430.8168958325 57 32
183077.33614583244 183744.48039583245 57 29
187017.8141458324 187996.2873958324 57 32
187670.12964583238 189300.91839583236 57 35
196274.36001249883 196766.51397499882 57 38
196922.5458437488 197607.7166958321 57 45
198224.92970833203 198911.43990624868 57 38
199531.48213749862 200217.49378958193 57 35
201530.26116874855 202852.36916874853 57 42
207547.58166874855 209552.5166687486 57 53
212250.2960437486 213572.40404374857 57 37
228282.9409562485 228935.2564562485 57 35
230247.16195624848 231064.03670624847 57 40
239141.7280812485 239794.04358124846 57 35
241126.37383124846 242113.43233124845 57 40
250171.70417708173 250838.63767708172 57 32
251490.9531770817 252167.6601770817 57 32
255472.4005520817 256139.33405208166 57 32
256791.64955208165 257475.03530208167 57 32
261096.82605208157 261444.72765208155 57 38
262075.29930208152 262752.0063020815 57 42
266331.4478020814 266691.4601708314 57 38
267324.7498020814 267998.2100520814 57 42
80933.5040666665 81591.7458166665 58 31
81915.0913166665 82289.47024999984 58 32
7805.289249999999 8222.278354166665 59 37
20926.37847083334 21596.38447083334 59 28
21596.38447083334 22112.643970833342 59 27
24928.28697083335 25580.60247083335 59 29
25580.60247083335 25962.358689583347 59 29
26573.90447083335 26932.677995833343 59 32
37779.16622083332 38196.15532499999 59 37
50900.255441666646 51570.26144166665 59 28
51570.26144166665 52086.52094166664 59 27
54902.16394166664 55554.479441666634 59 29
55554.479441666634 55936.235660416634 59 29
56547.78144166664 56906.55496666664 59 32
59901.74644166664 61842.96149166663 59 39
66489.44956666663 67141.76506666663 59 61
67141.76506666663 67794.08056666664 59 57
67794.08056666664 69145.73656666663 59 61
79585.66144166653 80091.44969166652 59 34
82238.43681666651 82747.88181666649 59 34
83913.82544166649 84403.06206666648 59 27
84566.14094166647 84922.19648541647 59 28
85218.45644166647 85870.77194166645 59 29
85870.77194166645 86338.64183541646 59 29
88204.41581666644 88860.03971666643 59 29
88868.48756666643 91151.59181666638 59 33
108681.43758958303 109695.17958958301 59 29
110033.09358958302 111355.20158958301 59 59
111355.20158958301 113360.136589583 59 44
119401.47246458301 120415.214464583 59 29
120753.128464583 121431.074908333 59 59
122075.23646458298 123577.82708958296 59 44
135066.3356833328 135452.42830416618 59 36
139239.48479999954 139656.47390416617 59 37
152360.57402083272 153030.58002083274 59 28
153030.58002083274 153546.83952083276 59 27
156362.4825208327 157014.7980208327 59 29
157014.7980208327 157396.5542395827 59 29
158008.1000208327 158415.7972083327 59 32
161377.19864583272 162899.2681458327 59 38
169558.2722708327 170210.5877708327 59 29
170210.5877708327 170558.48937083269 59 29
170862.90327083267 171262.37633333268 59 30
171498.77052083265 171888.68068333264 59 30
178777.18302083254 179266.41964583253 59 32
195615.0190124989 196198.12501249881 59 45
196761.07801249882 196930.6997874988 59 42
197569.99305416542 198255.08982916537 59 41
198879.10535624868 199561.12214166528 59 34
200187.33366874862 201530.26116874855 59 45
200860.46866874857 202182.57666874854 59 59
202182.57666874854 203187.26541874855 59 53
203522.16166874857 205549.64566874856 59 35
206895.26616874858 207882.47791874857 59 50
208882.7241687486 210216.72756458193 59 40
211580.50354374858 212331.8354812486 59 53
212902.6115437486 213907.3002937486 59 47
235343.05545624846 235841.26008124847 59 37
248491.9094270817 249161.91542708172 59 28
249161.91542708172 249678.17492708174 59 27
252493.8179270817 253146.1334270817 59 29
253146.1334270817 253527.8896458317 59 29
254139.43542708168 254547.13261458167 59 32
258127.35080208164 258797.62405208164 59 37
259776.09730208162 260139.8908854149 59 39
265035.11055208143 265379.8103687481 59 41
268324.3678020814 268650.52555208135 59 28
268650.52555208135 268976.68330208136 59 28
268976.68330208136 269320.7988020814 59 28
270972.7323020814 271298.8900520814 59 24
271298.8900520814 271625.0478020814 59 24
271625.0478020814 271975.59705208143 59 24
273314.7338020815 274045.0132229149 59 28
274712.78705208155 275428.4917708315 59 29
276190.6923020815 279644.5170020815 59 28
6743.718249999999 7805.289249999999 60 51
17639.763875 18672.110375000004 60 51
18672.110375000004 19066.951125000003 60 37
23599.264470833346 24251.579970833347 60 29
24251.579970833347 24732.592320833348 60 29
28925.004720833334 29577.320220833335 60 30
29577.320220833335 30474.917970833336 60 29
36717.595220833326 37779.16622083332 60 51
47613.64084583332 48645.98734583332 60 51
48645.98734583332 49040.82809583331 60 37
53573.141441666645 54225.456941666635 60 29
54225.456941666635 54706.46929166664 60 29
58898.88169166664 59551.19719166664 60 30
59551.19719166664 61217.824441666635 60 29
108005.60958958304 109357.26558958302 60 29
110702.88608958301 111690.09783958302 60 42
118725.64446458299 119426.816014583 60 29
121422.920964583 122083.60887083299 60 42
134740.17793333283 135401.23193333283 60 40
138177.91379999951 139239.48479999954 60 51
149073.95942499943 150106.30592499938 60 51
150106.30592499938 151215.6026749994 60 37
155033.46002083275 155685.7755208327 60 29
155685.7755208327 156166.78787083272 60 29
160334.15639583275 160986.4718958327 60 30
160986.4718958327 161382.6346083327 60 29
176445.50252083252 176930.52077083255 60 31
196274.36001249883 196766.51397499882 60 45
198224.92970833203 198911.43990624868 60 45
199531.48213749862 200217.49378958193 60 42
201530.26116874855 202852.36916874853 60 42
204873.81766874855 205887.55966874855 60 37
206225.47366874857 207547.58166874855 60 56
212250.2960437486 213572.40404374857 60 37
218267.61654374853 219770.20716874857 60 44
234338.36670624846 235343.05545624846 60 51
245223.25258124844 246237.64133124836 60 51
246237.64133124836 247346.93808124837 60 37
251164.79542708173 251817.1109270817 60 29
251817.1109270817 252298.1232770817 60 29
256465.49180208167 257117.80730208164 60 30
257117.80730208164 257480.47126458163 60 29
262401.45705208153 262765.59620833147 60 42
267650.9075520814 268240.1103833314 60 37
269646.9565520813 269964.96035833133 60 25
269973.11430208135 270299.27205208136 60 25
270299.27205208136 270646.57455208135 60 25
272301.75480208144 272622.47658958146 60 25
272627.91255208146 272954.07030208147 60 25
272954.07030208147 273314.7338020815 60 25
273996.7068020815 275001.99018333154 60 34
275413.8855520815 276673.4850020815 60 29
64191.516566666636 64517.67431666664 61 45
64517.67431666664 65184.81856666663 61 50
78281.03044166656 78933.34594166654 61 34
81268.4003166665 81915.0913166665 61 32
86558.79831666646 87211.11381666646 61 26
100730.16576458304 101415.33661666636 61 38
113360.136589583 114550.88283958299 61 38
114029.92908958299 115388.123464583 61 40
127433.502877083 128190.75354583297 61 28
2658.2954999999993 5682.14725 62 38
6036.00425 6743.718249999999 62 44
10906.621749999997 14200.924124999996 62 39
13542.885124999997 16578.192874999997 62 38
16932.049874999997 17639.763875 62 44
19066.951125000003 20599.335283333337 62 40
21267.36497083334 21943.686970833343 62 32
24251.579970833347 24732.592320833348 62 41
25254.444720833348 25921.58897083335 62 32
29577.320220833335 30474.917970833336 62 41
29968.046970833333 33284.38147083334 62 39
32626.342470833337 35656.02422083333 62 38
36009.881220833326 36717.595220833326 62 44
40880.49872083333 44174.801095833325 62 39
43516.76209583332 46552.06984583332 62 38
46905.92684583332 47613.64084583332 62 44
49040.82809583331 50573.21225416664 62 40
51241.241941666645 51917.563941666645 62 32
54225.456941666635 54706.46929166664 62 41
55228.321691666635 55895.46594166663 62 32
59551.19719166664 61217.824441666635 62 41
63865.35881666664 64509.52037291664 62 49
66489.44956666663 67141.76506666663 62 58
67141.76506666663 67794.08056666664 62 56
67794.08056666664 69145.73656666663 62 59
73039.73444166663 73692.04994166661 62 34
74344.3654416666 74833.60206666659 62 34
75647.37694166659 76299.69244166659 62 34
76952.00794166658 77441.24456666657 62 34
79929.77694166653 80414.79519166652 62 31
80576.4679416665 81075.83497291649 62 28
83237.11844166648 83606.69356041649 62 32
84239.98319166648 84729.21981666647 62 31
85544.61419166645 85984.43410833312 62 32
87878.25806666644 88530.57356666644 62 26
99422.63893333299 100092.851858333 62 38
100568.69793333302 100738.31970833303 62 35
101377.61297499969 102062.70974999972 62 34
103994.95358958305 105337.88108958304 62 38
105990.19658958304 106994.88533958304 62 44
107329.78158958303 109357.26558958302 62 29
108681.43758958303 109695.17958958301 62 35
110033.09358958302 111355.20158958301 62 59
114718.330964583 116057.91596458301 62 38
116710.23146458299 117714.92021458299 62 39
118049.81646458298 119426.816014583 62 29
119401.47246458301 120415.214464583 62 35
120753.128464583 121431.074908333 62 59
123410.37896458297 124749.96396458299 62 34
124749.96396458299 125773.262089583 62 28
126108.158339583 126799.69594374967 62 28
128759.49493333294 130419.15368333292 62 28
131414.9489333329 134402.26393333287 62 39
134073.24443333287 137116.3427999995 62 38
137470.1997999995 138177.91379999951 62 44
142340.81729999953 145306.1001749995 62 39
144977.0806749995 148012.3884249994 62 38
148366.24542499942 149073.95942499943 62 44
150501.14667499939 152033.5308333327 62 40
152701.56052083275 153377.88252083273 62 32
155685.7755208327 156166.78787083272 62 41
156688.6402708327 157355.7845208327 62 32
160986.4718958327 161382.6346083327 62 43
165338.11664583272 165990.4321458327 62 31
165990.4321458327 166642.7476458327 62 29
166642.7476458327 168599.69414583268 62 31
169884.4300208327 170536.7455208327 62 29
171183.57827083266 171669.26377083265 62 30
175125.72602083252 175778.0415208325 62 31
188648.60289583236 189300.91839583236 62 41
190617.30564583233 190966.15093749898 62 29
191267.75214583232 191629.6735958323 62 29
191925.7911458323 192263.0361333323 62 28
192583.83014583227 192976.07275416562 62 28
193266.70664583228 193612.17712083226 62 28
193924.74564583224 194299.57242499889 62 28
194581.8862624989 194930.09856666555 62 29
195239.9252624989 195699.49751249887 62 29
196121.89001249883 196285.23193749881 62 37
198879.10535624868 199561.12214166528 62 41
200860.46866874857 202182.57666874854 62 59
204197.98966874857 205549.64566874856 62 34
211580.50354374858 212331.8354812486 62 53
217615.30104374856 218275.98894999854 62 42
219602.75904374858 220439.99966874855 62 34
220942.34404374854 221798.19404374855 62 32
222300.53841874853 223137.7790437485 62 32
223640.1234187485 224397.3740874984 62 28
227631.3233312485 230570.50745624845 62 32
230247.16195624848 233276.79570624843 62 38
233630.65270624845 234338.36670624846 62 44
235680.96945624848 238822.04220624844 62 38
238490.11045624845 240120.20133124848 62 39
239794.04358124846 241455.39333124846 62 30
241126.37383124846 242113.43233124845 62 38
241784.41283124845 242765.79733124844 62 30
242442.45183124847 244161.6815812484 62 38
244515.53858124843 245223.25258124844 62 44
246632.48208124837 248164.8662395817 62 40
248832.89592708173 249509.2179270817 62 32
251817.1109270817 252298.1232770817 62 41
252819.97567708167 253487.1199270817 62 32
257117.80730208164 257480.47126458163 62 43
258453.50855208165 258830.23982708165 62 37
262401.45705208153 262765.59620833147 62 49
267650.9075520814 268240.1103833314 62 51
268324.3678020814 268650.52555208135 62 34
268650.52555208135 268976.68330208136 62 34
268976.68330208136 269320.7988020814 62 34
269646.9565520813 269964.96035833133 62 30
269973.11430208135 270299.27205208136 62 30
270299.27205208136 270646.57455208135 62 30
270972.7323020814 271298.8900520814 62 29
271298.8900520814 271625.0478020814 62 29
271625.0478020814 271975.59705208143 62 29
272301.75480208144 272622.47658958146 62 30
272627.91255208146 272954.07030208147 62 30
272954.07030208147 273314.7338020815 62 30
273314.7338020815 274045.0132229149 62 33
61217.824441666635 61875.86344166664 63 47
61875.86344166664 62547.244191666636 63 47
110702.88608958301 111690.09783958302 63 51
121422.920964583 122083.60887083299 63 51
162681.8296458327 163334.1451458327 63 61
163334.1451458327 163986.46064583273 63 57
163986.46064583273 165338.11664583272 63 61
201530.26116874855 202852.36916874853 63 51
212250.2960437486 213572.40404374857 63 45
5328.29025 6036.00425 64 49
16224.335874999993 16932.049874999997 64 49
18672.110375000004 19066.951125000003 64 37
35302.16722083333 36009.881220833326 64 49
46198.212845833325 46905.92684583332 64 49
48645.98734583332 49040.82809583331 64 37
62547.244191666636 63205.28319166664 64 49
63528.62869166664 64191.516566666636 64 43
69145.73656666663 69798.05206666663 64 37
69798.05206666663 70450.36756666662 64 35
70450.36756666662 72407.31406666663 64 37
75973.5346916666 76625.85019166658 64 31
76625.85019166658 77278.16569166657 64 31
77278.16569166657 77767.40231666656 64 30
77930.48119166656 78310.92823541655 64 30
78607.18819166656 79259.50369166654 64 31
79259.50369166654 79614.3377333332 64 31
81591.7458166665 82238.43681666651 64 32
86884.95606666646 87552.10031666646 64 29
90825.43406666639 91803.90731666637 64 32
91477.74956666637 93108.53831666634 64 35
100081.979933333 100574.13389583303 64 38
100730.16576458304 101415.33661666636 64 45
102032.54962916639 102719.05982708304 64 38
103339.10205833307 104025.11371041638 64 35
105337.88108958304 106659.98908958303 64 42
111355.20158958301 113360.136589583 64 53
116057.91596458301 117380.02396458299 64 37
122075.23646458298 123577.82708958296 64 53
126108.158339583 126799.69594374967 64 34
136762.4857999995 137470.1997999995 64 49
147658.5314249994 148366.24542499942 64 49
150106.30592499938 151215.6026749994 64 37
172492.07252083262 173144.3880208326 64 31
173796.70352083258 174298.13589583256 64 30
187017.8141458324 187670.12964583238 64 42
188322.44514583237 188974.76064583237 64 41
188974.76064583237 189627.07614583234 64 42
202182.57666874854 203187.26541874855 64 53
203522.16166874857 204873.81766874855 64 38
212902.6115437486 213907.3002937486 64 47
215593.85254374854 216607.59454374854 64 29
216945.50854374855 217623.45498749855 64 59
218267.61654374853 219770.20716874857 64 44
232922.93870624842 233630.65270624845 64 49
243807.82458124842 244515.53858124843 64 49
246237.64133124836 247346.93808124837 64 37
214918.0245437486 215619.19609374856 65 29
217615.30104374856 218275.98894999854 65 42
10198.907749999997 11404.519374999996 66 44
19781.407125 20599.335283333337 66 35
23599.264470833346 23925.42222083335 66 41
23925.42222083335 24602.129220833347 66 45
27080.702210416675 27273.87447083334 66 48
28925.004720833334 29251.162470833337 66 41
29251.162470833337 29968.046970833333 66 45
40172.784720833326 41378.39634583333 66 44
49755.28409583331 50573.21225416664 66 35
53573.141441666645 53899.299191666636 66 41
53899.299191666636 54576.00619166664 66 45
57054.57918124997 57247.75144166664 66 49
58898.88169166664 59225.03944166664 66 41
59225.03944166664 59901.74644166664 66 45
62876.26369166664 63528.62869166664 66 44
73365.89219166661 74018.2076916666 66 29
74018.2076916666 74366.1092916666 66 29
74670.5231916666 75069.99625416659 66 30
75306.39044166658 75696.3006041666 66 30
82584.8029416665 83074.03956666648 66 32
99422.63893333299 100092.851858333 66 45
100568.69793333302 100738.31970833303 66 42
101377.61297499969 102062.70974999972 66 41
102686.72527708304 103368.74206249973 66 34
103994.95358958305 105337.88108958304 66 45
104668.08858958303 105990.19658958304 66 59
105990.19658958304 106994.88533958304 66 53
107329.78158958303 109357.26558958302 66 35
110702.88608958301 111690.09783958302 66 50
112690.344089583 114029.92908958299 66 40
115388.123464583 116139.455402083 66 53
116710.23146458299 117714.92021458299 66 47
118049.81646458298 119426.816014583 66 35
123410.37896458297 124749.96396458299 66 40
124749.96396458299 125773.262089583 66 33
128759.49493333294 130419.15368333292 66 34
141633.10329999952 142672.74904999955 66 44
151215.6026749994 152033.5308333327 66 35
155033.46002083275 155359.61777083273 66 41
155359.61777083273 156036.32477083273 66 45
158497.3366458327 158683.0261458327 66 40
160334.15639583275 160660.31414583273 66 41
160660.31414583273 161377.19864583272 66 45
187996.2873958324 188648.60289583236 66 45
189300.91839583236 189953.23389583235 66 44
191596.7716458323 192254.8106458323 66 36
193595.72614583225 194253.76514583224 66 31
201530.26116874855 202852.36916874853 66 50
223640.1234187485 224397.3740874984 66 28
237782.39645624845 238822.04220624844 66 44
247346.93808124837 248164.8662395817 66 35
251164.79542708173 251490.9531770817 66 41
251490.9531770817 252167.6601770817 66 45
254628.67205208167 254814.36155208168 66 40
256465.49180208167 256791.64955208165 66 41
256791.64955208165 257475.03530208167 66 45
261749.14155208154 262075.29930208152 66 45
262075.29930208152 262752.0063020815 66 48
266998.59205208137 267324.7498020814 66 45
267324.7498020814 267998.2100520814 66 48
4953.1965 5682.14725 67 53
5328.29025 6036.00425 67 65
6036.00425 6743.718249999999 67 61
6743.718249999999 7805.289249999999 67 67
7805.289249999999 8222.278354166665 67 47
9116.099999999999 9523.630641666663 67 42
9491.193749999997 10906.621749999997 67 50
15849.242124999995 16578.192874999997 67 53
16224.335874999993 16932.049874999997 67 65
16932.049874999997 17639.763875 67 61
17639.763875 18968.240937500002 67 67
19066.951125000003 19840.945125000002 67 40
20352.850200000004 20579.07597083334 67 45
20579.07597083334 22112.643970833342 67 45
23273.106720833348 23917.26827708335 67 45
25921.58897083335 26647.289964583346 67 45
26573.90447083335 26717.957477083346 67 44
26717.957477083346 26862.010483333343 67 44
26862.010483333343 27006.06348958334 67 45
27006.06348958334 27172.020006250008 67 45
27172.020006250008 27287.583616666674 67 42
28598.84697083334 29240.290545833337 67 45
34927.07347083333 35656.02422083333 67 53
35302.16722083333 36009.881220833326 67 65
36009.881220833326 36717.595220833326 67 61
36717.595220833326 37779.16622083332 67 67
37779.16622083332 38196.15532499999 67 47
39089.976970833326 39497.5076125 67 42
39465.070720833326 40880.49872083333 67 50
45823.119095833325 46552.06984583332 67 53
46198.212845833325 46905.92684583332 67 65
46905.92684583332 47613.64084583332 67 61
47613.64084583332 48942.11790833332 67 67
49040.82809583331 49814.82209583331 67 40
50326.72717083331 50552.95294166664 67 45
50552.95294166664 52086.52094166664 67 45
53246.98369166664 53888.42726666664 67 45
55895.46594166663 56621.16693541664 67 45
56547.78144166664 56691.83444791664 67 44
56691.83444791664 56835.887454166645 67 44
56835.887454166645 56979.94046041664 67 45
56979.94046041664 57145.89697708331 67 45
57145.89697708331 57261.46058749997 67 44
58572.723941666634 59216.885497916635 67 45
59901.74644166664 61842.96149166663 67 45
63205.28319166664 63702.27994166664 67 49
80253.12244166652 80738.1406916665 67 31
100081.979933333 100574.13389583303 67 45
102032.54962916639 102719.05982708304 67 45
103339.10205833307 104025.11371041638 67 42
105337.88108958304 106659.98908958303 67 42
108681.43758958303 109695.17958958301 67 37
110033.09358958302 111355.20158958301 67 56
116057.91596458301 117380.02396458299 67 37
119401.47246458301 120415.214464583 67 35
127433.502877083 128190.75354583297 67 34
136762.4857999995 137470.1997999995 67 65
137470.1997999995 138177.91379999951 67 61
138177.91379999951 139239.48479999954 67 67
139239.48479999954 139656.47390416617 67 47
140550.29554999952 140946.03095833285 67 42
140925.3892999995 141653.74495833289 67 50
147658.5314249994 148366.24542499942 67 65
148366.24542499942 149073.95942499943 67 61
149073.95942499943 150501.14667499939 67 67
150501.14667499939 151275.1406749994 67 40
151787.04574999938 152013.27152083273 67 45
152013.27152083273 153546.83952083276 67 45
154707.30227083273 155348.74584583272 67 45
157355.7845208327 158415.7972083327 67 45
158415.7972083327 158590.1813958327 67 35
158590.1813958327 158696.73529166603 67 36
160007.9986458327 160654.87818333274 67 45
161377.19864583272 162899.2681458327 67 54
162681.8296458327 163334.1451458327 67 58
163334.1451458327 163986.46064583273 67 56
163986.46064583273 165338.11664583272 67 59
187670.12964583238 188322.44514583237 67 48
189627.07614583234 190279.39164583234 67 47
190279.39164583234 190786.26264583232 67 36
190938.73264583232 191432.26189583231 67 33
192254.8106458323 192937.6871458323 67 32
194253.76514583224 194910.90576249888 67 36
194910.90576249888 195615.0190124989 67 33
200860.46866874857 202182.57666874854 67 56
205887.55966874855 206895.26616874858 67 60
208882.7241687486 210216.72756458193 67 50
214242.1965437486 215619.19609374856 67 29
215593.85254374854 216607.59454374854 67 35
216945.50854374855 217623.45498749855 67 59
219602.75904374858 220439.99966874855 67 34
220942.34404374854 221798.19404374855 67 32
222300.53841874853 223137.7790437485 67 32
224966.1154749984 226404.48639166515 67 28
232922.93870624842 233630.65270624845 67 65
233630.65270624845 234338.36670624846 67 61
234338.36670624846 235343.05545624846 67 67
236845.95420624845 237782.39645624845 67 45
237074.68245624844 238490.11045624845 67 50
243807.82458124842 244515.53858124843 67 65
244515.53858124843 245223.25258124844 67 61
246632.48208124837 247406.47608124837 67 40
247918.38115624836 248144.6069270817 67 45
248144.6069270817 249678.17492708174 67 45
250838.63767708172 251482.79923333172 67 45
253487.1199270817 254547.13261458167 67 45
254547.13261458167 254721.5168020817 67 35
254721.5168020817 254828.070697915 67 36
256139.33405208166 256786.2135895817 67 45
257475.03530208167 258830.23982708165 67 54
258797.62405208164 260139.8908854149 67 47
261422.98380208155 262058.99141458154 67 48
264056.6373020814 264708.9528020815 67 50
264708.9528020815 265379.8103687481 67 50
266672.4343020814 267308.4419145814 67 48
267998.2100520814 269337.10668958136 67 57
273314.7338020815 273996.7068020815 67 38
274712.78705208155 275413.8855520815 67 32
277676.20830208156 279644.5170020815 67 26
66489.44956666663 67141.76506666663 68 58
67141.76506666663 67794.08056666664 68 56
67794.08056666664 69145.73656666663 68 59
185713.18314583245 186365.4986458324 68 50
217615.30104374856 218275.98894999854 68 51
239794.04358124846 240446.35908124846 68 51
1317.3799999999999 2304.4384999999993 69 50
4632.61525 5328.29025 69 51
8452.028249999998 8817.122062499997 69 42
10198.907749999997 11404.519374999996 69 44
12210.554874999996 13189.028124999997 69 50
15520.222624999995 16224.335874999993 69 51
19781.407125 19939.182825000004 69 47
19939.182825000004 20096.958525000005 69 47
20096.958525000005 20265.621318750003 69 45
20265.621318750003 20459.793291666676 69 45
20459.793291666676 20599.335283333337 69 50
22606.173220833345 23305.722495833346 69 45
26647.289964583346 26788.624989583343 69 40
26788.624989583343 26900.06222083334 69 39
26932.677995833343 27063.14109583334 69 41
27602.89397083334 27931.913470833337 69 45
27931.913470833337 28626.02678333334 69 45
31285.426970833338 32272.485470833337 69 50
34600.915720833334 35302.16722083333 69 51
38425.90522083333 38790.999033333326 69 42
40172.784720833326 41378.39634583333 69 44
42184.43184583332 43162.905095833325 69 50
45494.09959583333 46198.212845833325 69 51
49755.28409583331 49913.05979583331 69 47
49913.05979583331 50070.83549583331 69 47
50070.83549583331 50239.49828958331 69 45
50239.49828958331 50433.670262499974 69 45
50433.670262499974 50573.21225416664 69 52
52580.05019166664 53279.59946666664 69 45
56621.16693541664 56762.501960416645 69 40
56762.501960416645 56873.93919166664 69 39
56906.55496666664 57037.01806666664 69 41
57576.77094166664 57905.79044166664 69 45
57905.79044166664 58599.90375416664 69 45
65184.81856666663 66706.88806666664 69 61
73692.04994166661 74344.3654416666 69 29
74991.19819166658 75476.88369166659 69 30
78933.34594166654 79585.66144166653 69 31
92456.22281666636 93108.53831666634 69 41
94424.92556666632 94773.77085833298 69 29
95075.3720666663 95437.2935166663 69 29
95733.41106666629 96070.65605416629 69 28
96391.4500666663 96783.69267499963 69 28
97074.3265666663 97419.7970416663 69 28
97732.3655666663 98107.19234583297 69 28
98389.50618333298 98737.71848749965 69 29
99047.54518333299 99507.117433333 69 29
102686.72527708304 103368.74206249973 69 41
104668.08858958303 105990.19658958304 69 59
108005.60958958304 109357.26558958302 69 34
115388.123464583 116139.455402083 69 53
132732.3289333329 133719.3874333329 69 50
139886.2237999995 140251.31761249952 69 42
141633.10329999952 142672.74904999955 69 44
142838.7149249995 142992.43492499954 69 44
143644.75042499954 144623.22367499952 69 50
151215.6026749994 151373.3783749994 69 47
151373.3783749994 151531.15407499936 69 47
151531.15407499936 151699.81686874936 69 45
151699.81686874936 151893.98884166605 69 45
151893.98884166605 152033.5308333327 69 45
154040.36877083275 154739.91804583275 69 45
158334.2577708327 158497.3366458327 69 40
159012.04564583272 159341.06514583272 69 45
159341.06514583272 160035.17845833272 69 45
165338.11664583272 165990.4321458327 69 37
165990.4321458327 166642.7476458327 69 35
166642.7476458327 168599.69414583268 69 37
168832.1802708327 169064.66639583273 69 44
174122.86127083257 174473.41052083255 69 45
174473.41052083255 175117.57207708253 69 51
180106.2055208325 180758.5210208325 69 46
180758.5210208325 181084.67877083248 69 48
181084.67877083248 182297.4370624991 69 48
185387.02539583243 186039.34089583243 69 45
186039.34089583243 186691.6563958324 69 45
187343.9718958324 187996.2873958324 69 42
189953.23389583235 190290.65544583232 69 49
191596.7716458323 192263.0361333323 69 50
192937.6871458323 193595.72614583225 69 36
207547.58166874855 208217.3741687486 69 62
208702.3924187486 209552.5166687486 69 46
209552.5166687486 210743.2629187486 69 45
218267.61654374853 219770.20716874857 69 53
228096.0277812485 228221.4529562485 69 44
229255.83770624848 230247.16195624848 69 50
236170.50770624846 236502.54358124846 69 44
236665.62245624844 237074.68245624844 69 45
237782.39645624845 238822.04220624844 69 44
240120.20133124848 240772.51683124845 69 47
247346.93808124837 247504.71378124837 69 47
247504.71378124837 247662.48948124834 69 47
247662.48948124834 247831.15227499834 69 45
247831.15227499834 248025.32424791504 69 45
248025.32424791504 248164.8662395817 69 45
250171.70417708173 250871.25345208173 69 45
254465.59317708167 254628.67205208167 69 40
255143.3810520817 255472.4005520817 69 45
255472.4005520817 256166.51386458165 69 45
260444.51055208157 261444.72765208155 69 41
265679.13230208145 266005.2900520814 69 44
266005.2900520814 266331.4478020814 69 44
266331.4478020814 266672.4343020814 69 44
105337.88108958304 106659.98908958303 70 51
116057.91596458301 117380.02396458299 70 45
131083.0171833329 131921.8199333329 70 45
210222.30916874862 211580.50354374858 70 53
238490.11045624845 238988.00808124847 70 50
1152.87025 1975.4189999999996 71 47
1975.4189999999996 3316.3344999999995 71 46
4297.719 4953.1965 71 49
6036.00425 6743.718249999999 71 61
8789.942249999998 9491.193749999997 71 50
9491.193749999997 10906.621749999997 71 50
10906.621749999997 11558.239374999996 71 50
12047.475999999997 12862.870374999997 71 47
12862.870374999997 14200.924124999996 71 46
15182.308624999996 15849.242124999995 71 49
16932.049874999997 17639.763875 71 61
19066.951125000003 19840.945125000002 71 50
19861.783425 20016.582225000006 71 47
20016.582225000006 20138.635125000004 71 47
20177.707800000004 20340.510612500006 71 45
21943.686970833343 22935.192720833347 71 45
24602.129220833347 25962.358689583347 71 51
27273.87447083334 27926.429812500002 71 45
29968.046970833333 30627.387970833337 71 47
31120.917220833337 31943.46597083334 71 47
31943.46597083334 33284.38147083334 71 46
34263.00172083334 34927.07347083333 71 49
36009.881220833326 36717.595220833326 71 61
38763.81922083333 39465.070720833326 71 50
39465.070720833326 40880.49872083333 71 50
40880.49872083333 41532.11634583333 71 50
42021.35297083333 42836.747345833326 71 47
42836.747345833326 44174.801095833325 71 46
45156.185595833325 45823.119095833325 71 49
46905.92684583332 47613.64084583332 71 61
49040.82809583331 49814.82209583331 71 50
49835.660395833314 49990.45919583331 71 47
49990.45919583331 50112.51209583331 71 47
50151.58477083331 50314.38758333331 71 45
51917.563941666645 52909.06969166664 71 45
54576.00619166664 55936.235660416634 71 51
57247.75144166664 57894.82312499997 71 49
76299.69244166659 76952.00794166658 71 31
77604.32344166657 78105.75581666655 71 30
90825.43406666639 91477.74956666637 71 42
92130.06506666636 92782.38056666635 71 41
92782.38056666635 93434.69606666634 71 42
105990.19658958304 106994.88533958304 71 53
107329.78158958303 108681.43758958303 71 38
116710.23146458299 117714.92021458299 71 47
130751.08543333292 131414.9489333329 71 48
131414.9489333329 132074.28993333288 71 50
132567.81918333287 133390.3679333329 71 47
133390.3679333329 134402.26393333287 71 46
134571.22093333286 134740.17793333283 71 44
136058.3725499995 137116.3427999995 71 51
137470.1997999995 138177.91379999951 71 61
140224.1377999995 140925.3892999995 71 50
140925.3892999995 141653.74495833289 71 50
142340.81729999953 142755.73198749952 71 50
142755.73198749952 142915.57492499953 71 40
142915.57492499953 143481.67154999953 71 40
143481.67154999953 144297.0659249995 71 47
144297.0659249995 145306.1001749995 71 46
146954.41817499945 148012.3884249994 71 51
148366.24542499942 149073.95942499943 71 61
150501.14667499939 151275.1406749994 71 50
151295.9789749994 151450.77777499938 71 47
151450.77777499938 151572.83067499936 71 47
151611.90334999934 151774.70616249938 71 45
153377.88252083273 154369.38827083274 71 45
156036.32477083273 157396.5542395827 71 51
158683.0261458327 159332.83965833273 71 45
168599.69414583268 168754.6848958327 71 48
168754.6848958327 168909.67564583273 71 48
168909.67564583273 169232.11452083272 71 50
173796.70352083258 174122.86127083257 71 49
176768.84802083255 177125.88414583253 71 44
177460.78039583255 177784.12589583255 71 45
177784.12589583255 178699.68764583254 71 48
178622.19227083251 178777.18302083254 71 44
179429.49852083254 179780.04777083252 71 46
179780.04777083252 180432.3632708325 71 51
184722.95364583243 185060.86764583245 71 48
185060.86764583245 185713.18314583245 71 53
186365.4986458324 187017.8141458324 71 48
190279.39164583234 190938.73264583232 71 50
191432.26189583231 191629.6735958323 71 47
192254.8106458323 192976.07275416562 71 46
194910.90576249888 195699.49751249887 71 51
203187.26541874855 204197.98966874857 71 40
206895.26616874858 207882.47791874857 71 60
208540.7196687486 208882.7241687486 71 50
210910.7110437486 212250.2960437486 71 49
214242.1965437486 215619.19609374856 71 35
219602.75904374858 220439.99966874855 71 40
220942.34404374854 221798.19404374855 71 37
224966.1154749984 226404.48639166515 71 34
227631.3233312485 228029.6414312485 71 48
228029.6414312485 228129.2209562485 71 40
228159.9649562485 228282.9409562485 71 40
228772.17758124848 229581.99545624846 71 47
229899.85945624846 230899.52695624845 71 46
232218.82545624845 233276.79570624843 71 51
233630.65270624845 234338.36670624846 71 61
236001.55070624844 236339.46470624846 71 44
236502.54358124846 236845.95420624845 71 45
237074.68245624844 238490.11045624845 71 50
238822.04220624844 239141.7280812485 71 50
239467.88583124848 240120.20133124848 71 44
240949.44533124845 241455.39333124846 71 46
243103.71133124843 244161.6815812484 71 56
244515.53858124843 245223.25258124844 71 61
246632.48208124837 247406.47608124837 71 50
247427.31438124838 247582.11318124837 71 47
247582.11318124837 247704.16608124832 71 47
247743.23875624832 247906.04156874836 71 45
249509.2179270817 250500.7236770817 71 45
252167.6601770817 253527.8896458317 71 51
254814.36155208168 255464.1750645817 71 45
260126.64655208157 260770.66830208155 71 45
265361.26830208144 265988.9821645814 71 53
273655.72030208155 274045.0132229149 71 39
275063.33630208153 275428.4917708315 71 28
659.341 1317.3799999999999 72 50
2658.2954999999993 3974.3734999999997 72 50
3974.3734999999997 4632.61525 72 47
5328.29025 6036.00425 72 65
8131.446999999998 8789.942249999998 72 50
11558.239374999996 12210.554874999996 72 48
13542.885124999997 14529.943624999996 72 50
14858.963124999995 15520.222624999995 72 47
16224.335874999993 16932.049874999997 72 65
18672.110375000004 19066.951125000003 72 47
30627.387970833337 31285.426970833338 72 50
32626.342470833337 33942.42047083334 72 50
33942.42047083334 34600.915720833334 72 47
35302.16722083333 36009.881220833326 72 65
38105.32397083333 38763.81922083333 72 50
41532.11634583333 42184.43184583332 72 48
43516.76209583332 44503.82059583333 72 50
44832.84009583333 45494.09959583333 72 47
46198.212845833325 46905.92684583332 72 65
48645.98734583332 49040.82809583331 72 47
130419.15368333292 131083.0171833329 72 51
132074.28993333288 132732.3289333329 72 50
134073.24443333287 134486.74243333287 72 50
134486.74243333287 134655.69943333283 72 40
134655.69943333283 135066.3356833328 72 40
135401.23193333283 136387.3920499995 72 47
136762.4857999995 137470.1997999995 72 65
139565.64254999952 140224.1377999995 72 50
142672.74904999955 142838.7149249995 72 44
142992.43492499954 143644.75042499954 72 48
144977.0806749995 145635.1196749995 72 50
146293.15867499946 146869.93967499945 72 47
146869.93967499945 147283.4376749994 72 47
147658.5314249994 148366.24542499942 72 65
150106.30592499938 151215.6026749994 72 47
168677.18952083268 168832.1802708327 72 44
169064.66639583273 169281.03818333268 72 45
172165.9147708326 173633.62464583258 72 48
173470.5457708326 173796.70352083258 72 45
176607.17527083252 176930.52077083255 72 44
176930.52077083255 177268.21505208255 72 44
177125.88414583253 177776.04225833254 72 49
178699.68764583254 178940.26189583255 72 44
179103.34077083255 179429.49852083254 72 46
184396.79589583245 185052.41979583242 72 51
186691.6563958324 187343.9718958324 72 44
190938.73264583232 191596.7716458323 72 50
192937.6871458323 193612.17712083226 72 50
194253.76514583224 194930.09856666555 72 47
204873.81766874855 205887.55966874855 72 44
206225.47366874857 207547.58166874855 72 66
208379.0469187486 208702.3924187486 72 46
215593.85254374854 216607.59454374854 72 35
222300.53841874853 223137.7790437485 72 37
223640.1234187485 224397.3740874984 72 34
227460.8300812485 227963.25508124853 72 45
227963.25508124853 228096.0277812485 72 44
228282.9409562485 228935.2564562485 72 48
230570.50745624845 231228.54645624847 72 50
231557.56595624847 232547.84495624845 72 47
232922.93870624842 233630.65270624845 72 65
235841.26008124847 236170.50770624846 72 44
236339.46470624846 236665.62245624844 72 50
239141.7280812485 239794.04358124846 72 51
240772.51683124845 241126.37383124846 72 49
241619.90308124846 242113.43233124845 72 45
242442.45183124847 243019.23283124843 72 53
243019.23283124843 243432.73083124842 72 47
243807.82458124842 244515.53858124843 72 65
246237.64133124836 247346.93808124837 72 47
69145.73656666663 69798.05206666663 73 40
69798.05206666663 70450.36756666662 73 38
70450.36756666662 72407.31406666663 73 40
91803.90731666637 92456.22281666636 73 45
93108.53831666634 93760.85381666632 73 44
95404.3915666663 96062.4305666663 73 36
97403.3460666663 98061.3850666663 73 31
105337.88108958304 106659.98908958303 73 50
129091.42668333295 129755.29018333294 73 53
145306.1001749995 145964.13917499947 73 50
162681.8296458327 163334.1451458327 73 58
163334.1451458327 163986.46064583273 73 56
163986.46064583273 165338.11664583272 73 59
171419.97245833266 171669.26377083265 73 46
182063.15202083247 182233.64527083247 73 48
506.871 1152.87025 74 42
3316.3344999999995 4297.719 74 46
7805.289249999999 8222.278354166665 74 47
11404.519374999996 12047.475999999997 74 42
14529.943624999996 15182.308624999996 74 49
30474.917970833336 31120.917220833337 74 42
33284.38147083334 34263.00172083334 74 46
37779.16622083332 38196.15532499999 74 47
41378.39634583333 42021.35297083333 74 42
44503.82059583333 45156.185595833325 74 49
66489.44956666663 67141.76506666663 74 69
67141.76506666663 67794.08056666664 74 66
67794.08056666664 69145.73656666663 74 70
91477.74956666637 92130.06506666636 74 48
93434.69606666634 94087.01156666632 74 47
94087.01156666632 94593.88256666632 74 36
94746.35256666632 95239.8818166663 74 33
96062.4305666663 96745.3070666663 74 32
98061.3850666663 98718.52568333299 74 36
98718.52568333299 99422.63893333299 74 33
104668.08858958303 105990.19658958304 74 56
109695.17958958301 110702.88608958301 74 60
112690.344089583 114029.92908958299 74 50
120415.214464583 121422.920964583 74 60
123410.37896458297 123745.27521458297 74 47
128415.26659583295 128594.52624583295 74 62
128759.49493333294 129423.35843333293 74 65
129423.35843333293 130087.22193333293 74 59
130087.22193333293 130751.08543333292 74 53
131921.8199333329 132567.81918333287 74 42
134402.26393333287 134571.22093333286 74 44
135066.3356833328 135452.42830416618 74 47
139239.48479999954 139656.47390416617 74 47
145964.13917499947 146616.50417499946 74 49
146785.46117499945 146954.41817499945 74 47
169232.11452083272 170210.5877708327 74 54
169884.4300208327 171262.37633333268 74 48
171183.57827083266 171341.17439583267 74 50
171341.17439583267 171498.77052083265 74 46
171498.77052083265 171839.75702083265 74 53
171839.75702083265 172492.07252083262 74 53
174799.56827083253 175125.72602083252 74 46
175125.72602083252 176283.8297708325 74 46
176283.8297708325 176607.17527083252 74 44
176445.50252083252 176768.84802083255 74 48
178777.18302083254 179070.72499583254 74 48
182176.81418749914 182425.02064583247 74 48
182425.02064583247 184233.71702083244 74 53
184233.71702083244 184722.95364583243 74 48
190786.26264583232 190966.15093749898 74 42
193595.72614583225 194299.57242499889 74 46
204197.98966874857 205549.64566874856 74 40
208217.3741687486 208540.7196687486 74 50
226293.8424749985 226459.8083499985 74 57
227291.13056041516 227583.01691041517 74 49
228221.4529562485 228772.17758124848 74 44
231228.54645624847 231880.91145624843 74 48
235343.05545624846 235841.26008124847 74 47
235680.96945624848 236001.55070624844 74 50
239064.86808124848 239467.88583124848 74 51
241455.39333124846 241784.41283124845 74 50
242277.94208124845 242765.79733124844 74 49
242934.75433124846 243103.71133124843 74 47
245495.0507062484 245721.4680812484 74 54
262401.45705208153 262765.59620833147 74 58
262752.0063020815 264086.53509583144 74 57
267650.9075520814 268240.1103833314 74 60
273996.7068020815 274337.6933020815 74 42
274337.6933020815 274712.78705208155 74 39
275413.8855520815 275764.4348020815 74 32
275764.4348020815 276190.6923020815 74 27
276190.6923020815 278418.96630208154 74 32
89520.80306666641 90173.11856666641 75 50
226624.7792062485 226955.37617499853 75 51
6743.718249999999 7805.289249999999 76 67
14200.924124999996 14858.963124999995 76 46
17639.763875 18327.994875 76 67
36717.595220833326 37779.16622083332 76 67
44174.801095833325 44832.84009583333 76 46
47613.64084583332 48301.87184583332 76 67
72639.80019166663 72872.28631666662 76 44
77930.48119166656 78281.03044166656 76 45
78281.03044166656 78933.34594166654 76 51
83913.82544166649 84566.14094166647 76 46
84566.14094166647 84892.29869166647 76 48
84892.29869166647 86105.05698333312 76 48
89194.64531666643 89846.96081666641 76 45
89846.96081666641 90499.2763166664 76 45
91151.59181666638 91803.90731666637 76 42
93760.85381666632 94098.27536666632 76 49
95404.3915666663 96070.65605416629 76 50
96745.3070666663 97403.3460666663 76 36
111355.20158958301 112024.99408958302 76 62
112510.012339583 113360.136589583 76 46
113360.136589583 114550.88283958299 76 45
122075.23646458298 122745.02896458299 76 62
123230.04721458297 123577.82708958296 76 46
126539.28567291633 126760.624714583 76 47
126760.624714583 126869.465995833 76 50
126929.68620833299 127075.309495833 76 50
127100.653045833 127268.47838958299 76 50
127268.47838958299 127409.041045833 76 50
127433.502877083 127539.504145833 76 50
127595.60586458299 127756.65665833298 76 50
127756.65665833298 127919.38400208298 76 50
127919.38400208298 128083.82220833297 76 50
128083.82220833297 128256.55744583295 76 50
128303.58111041627 128457.50584583294 76 55
128585.92335833296 129091.42668333295 76 59
129755.29018333294 130419.15368333292 76 54
134740.17793333283 135401.23193333283 76 46
138177.91379999951 139239.48479999954 76 67
145635.1196749995 146293.15867499946 76 46
149073.95942499943 149762.1904249994 76 67
171262.37633333268 171419.97245833266 76 44
171669.26377083265 171888.68068333264 76 43
176122.1570208325 176445.50252083252 76 48
182297.4370624991 182531.02191458247 76 48
184070.63814583246 184396.79589583245 76 52
202182.57666874854 203187.26541874855 76 62
203522.16166874857 204873.81766874855 76 45
207882.47791874857 208379.0469187486 76 56
212902.6115437486 213907.3002937486 76 62
226127.87659999848 226404.48639166515 76 54
226459.8083499985 226775.57981041516 76 53
226789.4102999985 226974.73886041518 76 48
227122.65137083185 227378.42501041514 76 48
231064.03670624847 231557.56595624847 76 45
234338.36670624846 235343.05545624846 76 67
242113.43233124845 242442.45183124847 76 46
245223.25258124844 245440.69108124843 76 67
245440.69108124843 245549.4103312484 76 54
245549.4103312484 245893.52583124838 76 63
114029.92908958299 115388.123464583 77 53
17983.879375 18672.110375000004 78 62
47957.75634583332 48645.98734583332 78 62
72407.31406666663 72562.30481666663 78 48
72562.30481666663 72717.29556666662 78 48
72717.29556666662 73039.73444166663 78 50
77604.32344166657 77930.48119166656 78 49
80576.4679416665 80933.5040666665 78 44
81268.4003166665 81915.0913166665 78 45
81591.7458166665 82507.3075666665 78 48
82429.8121916665 82584.8029416665 78 44
83237.11844166648 83587.66769166649 78 46
83587.66769166649 84239.98319166648 78 51
88530.57356666644 88868.48756666643 78 48
88868.48756666643 89520.80306666641 78 53
90173.11856666641 90825.43406666639 78 48
94087.01156666632 94746.35256666632 78 50
95239.8818166663 95437.2935166663 78 47
96062.4305666663 96783.69267499963 78 46
98718.52568333299 99507.117433333 78 51
106994.88533958304 108005.60958958304 78 40
110702.88608958301 111690.09783958302 78 60
112348.339589583 112690.344089583 78 50
114718.330964583 116057.91596458301 78 49
117714.92021458299 118725.64446458299 78 40
121431.074908333 121594.153783333 78 57
121594.153783333 121757.232658333 78 59
121757.232658333 121920.31153333299 78 57
121920.31153333299 122075.23646458298 78 56
123068.37446458297 123410.37896458297 78 50
123745.27521458297 124080.17146458299 78 47
125773.262089583 126323.72200624966 78 44
126844.348777083 127007.112195833 78 45
127015.63685833299 127142.892295833 78 45
127184.75432708299 127276.850795833 78 45
127351.462633333 127515.042314583 78 45
127515.042314583 127667.73664583299 78 45
127675.82028333299 127797.07484583298 78 44
127837.84456458298 127927.53794583298 78 45
128001.56733333299 128190.75354583297 78 45
128193.49537499963 128322.94379583294 78 45
149418.0749249994 150106.30592499938 78 62
165338.11664583272 165990.4321458327 78 40
165990.4321458327 166642.7476458327 78 38
166642.7476458327 168599.69414583268 78 40
201530.26116874855 202852.36916874853 78 60
212250.2960437486 212413.3749187486 78 60
212413.3749187486 212576.45379374857 78 60
212576.45379374857 212739.53266874858 78 60
212739.53266874858 212902.6115437486 78 60
225298.04722499842 225629.97897499843 78 58
225961.91072499845 226293.8424749985 78 56
226955.37617499853 227175.67661041516 78 53
245386.33145624842 245495.0507062484 78 54
245721.4680812484 246237.64133124836 78 60
261749.14155208154 262075.29930208152 78 54
262075.29930208152 262752.0063020815 78 57
266998.59205208137 267324.7498020814 78 54
267324.7498020814 267998.2100520814 78 57
270299.27205208136 270668.3184020814 78 48
272954.07030208147 273331.7831270815 78 48
18327.994875 18968.240937500002 79 65
48301.87184583332 48942.11790833332 79 65
72484.80944166663 72639.80019166663 79 44
72872.28631666662 73088.65810416662 79 45
75973.5346916666 77441.24456666657 79 48
77278.16569166657 77604.32344166657 79 45
80414.79519166652 80738.1406916665 79 44
80738.1406916665 81075.83497291649 79 44
80933.5040666665 81591.7458166665 79 49
82507.3075666665 82747.88181666649 79 44
82910.96069166649 83237.11844166648 79 46
88204.41581666644 88860.03971666643 79 51
90499.2763166664 91151.59181666638 79 44
94746.35256666632 95404.3915666663 79 50
96745.3070666663 97419.7970416663 79 50
98061.3850666663 98737.71848749965 79 47
108681.43758958303 109695.17958958301 79 44
110033.09358958302 111355.20158958301 79 66
112186.666839583 112510.012339583 79 46
119401.47246458301 120415.214464583 79 44
120753.128464583 121431.074908333 79 66
121512.614345833 121675.693220833 79 54
121675.693220833 121838.77209583299 79 54
121838.77209583299 122001.850970833 79 52
122001.850970833 122410.13271458299 79 52
122906.70171458297 123230.04721458297 79 47
125438.365839583 126108.158339583 79 46
126323.72200624966 126593.17658958299 79 48
149762.1904249994 150501.14667499939 79 65
162681.8296458327 163334.1451458327 79 69
163334.1451458327 163986.46064583273 79 66
163986.46064583273 165338.11664583272 79 70
200860.46866874857 202182.57666874854 79 66
211580.50354374858 212331.8354812486 79 66
212331.8354812486 212494.9143562486 79 54
212494.9143562486 212657.99323124858 79 55
212657.99323124858 212821.07210624858 79 55
212821.07210624858 213572.40404374857 79 55
216607.59454374854 217615.30104374856 79 60
219602.75904374858 219937.65529374857 79 47
224621.8871374984 224801.1467874984 79 62
224966.1154749984 225132.0813499984 79 65
225132.0813499984 225464.01309999844 79 61
225464.01309999844 225795.94484999846 79 53
225795.94484999846 226127.87659999848 79 59
245893.52583124838 246632.48208124837 79 65
258797.62405208164 260139.8908854149 79 56
261422.98380208155 262058.99141458154 79 57
264056.6373020814 264708.9528020815 79 59
264708.9528020815 265379.8103687481 79 59
266672.4343020814 267308.4419145814 79 57
267998.2100520814 269337.10668958136 79 68
270646.57455208135 271282.5821645814 79 50
273314.7338020815 273996.7068020815 79 45
274712.78705208155 275413.8855520815 79 38
277676.20830208156 279644.5170020815 79 31
75227.59237916658 75476.88369166659 80 46
85870.77194166645 86041.26519166645 80 48
104323.97308958303 104619.3388937497 80 58
125097.266464583 125773.262089583 80 46
69145.73656666663 69798.05206666663 81 48
69798.05206666663 70450.36756666662 81 45
70450.36756666662 72407.31406666663 81 48
73039.73444166663 74018.2076916666 81 54
73692.04994166661 75069.99625416659 81 48
74991.19819166658 75148.79431666658 81 50
75148.79431666658 75306.39044166658 81 46
75306.39044166658 75647.37694166659 81 53
75647.37694166659 76299.69244166659 81 53
78607.18819166656 80091.44969166652 81 46
80091.44969166652 80414.79519166652 81 44
80253.12244166652 80576.4679416665 81 48
82584.8029416665 82878.3449166665 81 48
85984.43410833312 86232.64056666647 81 48
86232.64056666647 88041.33694166645 81 53
88041.33694166645 88530.57356666644 81 48
94593.88256666632 94773.77085833298 81 42
97403.3460666663 98107.19234583297 81 46
99422.63893333299 99538.092883333 81 45
99591.595933333 99760.552933333 81 45
99760.552933333 99929.50993333301 81 45
99929.50993333301 100081.979933333 81 45
100081.979933333 100168.72097916635 81 45
100243.82273124969 100348.54145208302 81 45
100405.61905833303 100568.69793333302 81 45
100568.69793333302 100657.66481666635 81 45
100730.16576458304 100850.73470416637 81 45
100894.60397083304 100990.21693958303 81 45
101056.59711249969 101191.68931249969 81 45
101215.94022499968 101377.61297499969 81 45
101377.61297499969 101523.1184499997 81 45
101539.2857249997 101700.95847499972 81 45
101700.95847499972 101829.48292291637 81 45
101865.44219583303 102021.67770416637 81 45
102032.54962916639 102166.89925833303 81 45
102196.84842291636 102330.42394374969 81 45
102358.08492291636 102524.05079791637 81 44
102524.05079791637 102686.72527708304 81 44
102686.72527708304 102796.2959124997 81 43
102851.61787083304 103014.93631874972 81 42
103014.93631874972 103176.60906874972 81 42
103176.60906874972 103339.10205833307 81 43
103339.10205833307 103455.73689583306 81 43
103502.34799166638 103669.60022499971 81 43
103669.60022499971 103832.5243062497 81 43
103832.5243062497 103951.08432291639 81 43
103994.95358958305 104159.46333958305 81 43
104214.29992291637 104496.03083958302 81 52
104496.03083958302 105337.88108958304 81 54
108005.60958958304 109357.26558958302 81 40
112024.99408958302 112348.339589583 81 50
118725.64446458299 118894.60146458299 81 48
118894.60146458299 119063.558464583 81 50
119063.558464583 119232.515464583 81 49
119232.515464583 119401.47246458301 81 50
122745.02896458299 123068.37446458297 81 55
124080.17146458299 125270.91771458299 81 53
218267.61654374853 218937.40904374857 81 62
219422.4272937486 219770.20716874857 81 46
219937.65529374857 220272.55154374856 81 47
223472.6752937485 223721.6628562485 81 57
223640.1234187485 223746.1246874985 81 50
223802.2264062485 223963.27719999847 81 50
223963.27719999847 224126.00454374845 81 50
224126.00454374845 224290.44274999842 81 50
224290.44274999842 224463.1779874984 81 50
224510.2016520817 224664.12638749837 81 55
224792.54389999842 225076.75939166505 81 59
225629.97897499843 225961.91072499845 81 59
260444.51055208157 261444.72765208155 81 49
265679.13230208145 266005.2900520814 81 52
266005.2900520814 266331.4478020814 81 52
266331.4478020814 266672.4343020814 81 52
269646.9565520813 269973.11430208135 81 48
269973.11430208135 270629.20942708134 81 48
272301.75480208144 272627.91255208146 81 48
272627.91255208146 273296.70062708145 81 48
220272.55154374856 220607.44779374855 82 47
75069.99625416659 75227.59237916658 83 44
75476.88369166659 75696.3006041666 83 43
79929.77694166653 80253.12244166652 83 48
86105.05698333312 86338.64183541646 83 48
87878.25806666644 88204.41581666644 83 52
99507.117433333 99676.074433333 83 40
99676.074433333 99845.031433333 83 41
99845.031433333 100005.744933333 83 40
100005.744933333 100092.851858333 83 39
100163.33188749968 100286.56689791636 83 40
100324.29053958303 100470.85060833303 83 40
100487.15849583303 100574.13389583303 83 40
100649.58117916636 100738.31970833303 83 41
100812.34909583304 100905.5712874997 83 40
100976.74421041635 101136.06311249969 83 40
101136.06311249969 101296.77659999969 83 41
101296.77659999969 101415.33661666636 83 40
101458.44934999969 101620.1220999997 83 40
101620.1220999997 101703.90728333304 83 41
101782.87182708304 101870.97439166639 83 40
101949.11684999971 102062.70974999972 83 41
102114.80450416637 102276.99373541636 83 42
102276.99373541636 102441.06786041637 83 41
102441.06786041637 102562.77616874971 83 38
102605.88890208304 102719.05982708304 83 39
102768.63493333303 102915.23812291637 83 38
102934.09994374971 103095.77269374972 83 38
103095.77269374972 103243.97271458307 83 39
103257.56262083307 103368.74206249973 83 39
103420.0931166664 103513.31530833305 83 38
103585.87616249971 103705.88065208304 83 38
103751.6879312497 103913.36068124972 83 38
103913.36068124972 104025.11371041638 83 39
104104.62675624971 104323.97308958303 83 45
105990.19658958304 106994.88533958304 83 62
107329.78158958303 108681.43758958303 83 45
111690.09783958302 112186.666839583 83 56
116710.23146458299 117714.92021458299 83 62
118049.81646458298 118734.09231458299 83 45
118810.12296458299 118979.079964583 83 42
118979.079964583 119148.03696458299 83 44
119148.03696458299 119316.993964583 83 42
119316.993964583 119426.816014583 83 47
122410.13271458299 122906.70171458297 83 58
126108.158339583 126539.28567291633 83 53
213907.3002937486 214918.0245437486 83 40
217623.45498749855 217786.53386249853 83 57
217786.53386249853 217949.61273749854 83 59
217949.61273749854 218112.69161249854 83 57
218112.69161249854 218267.61654374853 83 56
219260.7545437486 219602.75904374858 83 50
220607.44779374855 220942.34404374854 83 47
223305.2271687485 223640.1234187485 83 59
223721.6628562485 223874.35718749848 83 45
223882.44082499846 224003.69538749845 83 44
224044.46510624845 224134.15848749844 83 45
224208.18787499843 224397.3740874984 83 45
224400.11591666506 224529.5643374984 83 45
260126.64655208157 260770.66830208155 83 54
265361.26830208144 265988.9821645814 83 63
269320.7988020814 269956.8064145813 83 54
270972.7323020814 271608.7399145814 83 52
271975.59705208143 272611.6046645815 83 54
273655.72030208155 274045.0132229149 83 47
275063.33630208153 275428.4917708315 83 34
215593.85254374854 216607.59454374854 84 44
216945.50854374855 217623.45498749855 84 66
217704.99442499856 217868.07329999853 84 54
217868.07329999853 218031.15217499854 84 54
218031.15217499854 218194.23104999855 84 52
218194.23104999855 218602.51279374855 84 52
219099.08179374857 219422.4272937486 84 47
220942.34404374854 221289.64654374856 84 49
223137.7790437485 223472.6752937485 84 61
105337.88108958304 106659.98908958303 85 60
116057.91596458301 116220.994839583 85 60
116220.994839583 116384.07371458299 85 60
116384.07371458299 116547.152589583 85 60
116547.152589583 116710.23146458299 85 60
200516.35316874855 200811.71897291523 85 58
221289.64654374856 221630.74591874855 85 52
104668.08858958303 105990.19658958304 86 66
115388.123464583 116139.455402083 86 66
116139.455402083 116302.534277083 86 54
116302.534277083 116465.613152083 86 55
116465.613152083 116628.69202708299 86 55
116628.69202708299 117380.02396458299 86 55
165338.11664583272 165990.4321458327 86 48
165990.4321458327 166642.7476458327 86 45
166642.7476458327 168599.69414583268 86 48
195615.0190124989 195730.47296249887 86 45
195783.97601249887 195952.93301249883 86 45
195952.93301249883 196121.89001249883 86 45
196121.89001249883 196274.36001249883 86 45
196274.36001249883 196361.10105833213 86 45
196436.20281041547 196540.9215312488 86 45
196597.99913749882 196761.07801249882 86 45
196761.07801249882 196850.04489583216 86 45
196922.5458437488 197043.11478333213 86 45
197086.98404999878 197182.59701874875 86 45
197248.97719166544 197384.06939166543 86 45
197408.32030416545 197569.99305416542 86 45
197569.99305416542 197715.4985291654 86 45
197731.66580416542 197893.33855416538 86 45
197893.33855416538 198021.86300208207 86 45
198057.82227499873 198214.05778333204 86 45
198224.92970833203 198359.27933749868 86 45
198389.22850208203 198522.80402291537 86 45
198550.46500208203 198716.43087708202 86 44
198716.43087708202 198879.10535624868 86 44
198879.10535624868 198988.67599166534 86 43
199043.99794999868 199207.31639791533 86 42
199207.31639791533 199368.9891479153 86 42
199368.9891479153 199531.48213749862 86 43
199531.48213749862 199648.11697499861 86 43
199694.72807083194 199861.98030416528 86 43
199861.98030416528 200024.90438541528 86 43
200024.90438541528 200143.46440208194 86 43
200187.33366874862 200351.84341874858 86 43
200406.6800020819 200688.41091874856 86 52
200688.41091874856 201530.26116874855 86 54
214918.0245437486 215086.9815437486 86 48
215086.9815437486 215255.93854374858 86 50
215255.93854374858 215424.89554374857 86 49
215424.89554374857 215593.85254374854 86 50
218937.40904374857 219260.7545437486 86 55
221630.74591874855 221965.64216874854 86 55
222970.3309187485 223305.2271687485 86 64
262752.0063020815 264086.53509583144 86 68
271298.8900520814 272008.21282708144 86 58
273996.7068020815 274337.6933020815 86 50
274337.6933020815 274712.78705208155 86 47
275413.8855520815 275764.4348020815 86 38
275764.4348020815 276190.6923020815 86 32
276190.6923020815 278418.96630208154 86 38
221965.64216874854 222635.43466874852 87 58
222635.43466874852 222970.3309187485 87 65
195699.49751249887 195868.45451249887 88 40
195868.45451249887 196037.41151249883 88 41
196037.41151249883 196198.12501249881 88 40
196198.12501249881 196285.23193749881 88 39
196355.71196666546 196478.94697708215 88 40
196516.67061874882 196663.2306874988 88 40
196679.53857499882 196766.51397499882 88 40
196841.96125833216 196930.6997874988 88 41
197004.7291749988 197097.95136666545 88 40
197169.1242895821 197328.44319166543 88 40
197328.44319166543 197489.15667916543 88 41
197489.15667916543 197607.7166958321 88 40
197650.8294291654 197812.5021791654 88 40
197812.5021791654 197896.28736249873 88 41
197975.25190624874 198063.35447083204 88 40
198141.49692916538 198255.08982916537 88 41
198307.18458333204 198469.37381458204 88 42
198469.37381458204 198633.44793958202 88 41
198633.44793958202 198755.15624791535 88 38
198798.2689812487 198911.43990624868 88 39
198961.01501249868 199107.618202082 88 38
199126.48002291532 199288.15277291532 88 38
199288.15277291532 199436.35279374864 88 39
199449.94269999862 199561.12214166528 88 39
199612.47319583196 199705.69538749862 88 38
199778.25624166528 199898.26073124862 88 38
199944.0680104153 200105.74076041527 88 38
200105.74076041527 200217.49378958193 88 39
200297.00683541526 200516.35316874855 88 45
214242.1965437486 214926.4723937486 88 45
215002.5030437486 215171.4600437486 88 42
215171.4600437486 215340.41704374857 88 44
215340.41704374857 215509.37404374854 88 42
215509.37404374854 215619.19609374856 88 47
218602.51279374855 219099.08179374857 88 58
222467.98654374853 222802.88279374852 88 57
222802.88279374852 223137.7790437485 88 57
