385744.48533333285 386377.81850833294 35 50
83770.402125 85074.75012499999 36 53
131046.67409999999 132351.0221 36 53
347543.2743583324 348847.62235833233 36 53
387171.0873333329 387801.060833333 36 33
84748.66312499999 85115.511 38 51
132024.9351 132394.50036666665 38 51
348521.53535833233 348888.3832333323 38 51
384425.6448333328 385045.2101333328 38 48
85074.75012499999 85726.92412499999 40 53
132351.0221 133003.19609999997 40 53
170648.1620166662 171130.37859999956 40 33
202208.7404416659 202690.95702499925 40 33
348847.62235833233 349499.7963583323 40 53
11315.4985 11993.538766666667 41 57
43400.530249999996 44081.30455 41 57
85726.92412499999 86365.222125 41 40
107364.03947499995 108391.13822499996 41 49
112746.62459999998 114054.91609999997 41 28
133003.19609999997 133641.49409999995 41 40
154701.5957249998 155728.69447499973 41 49
160066.26722499967 160900.53713124964 41 26
162802.86584999965 163175.81480833294 41 40
166723.20226666622 167098.51284999953 41 34
174525.1598499994 174896.98897499943 41 29
194377.02273333268 194749.97169166597 41 40
198284.82939999923 198660.13998333254 41 34
206083.3121083324 206455.14123333243 41 29
246070.91981666553 246700.27231666553 41 50
251909.80410833214 253174.22310833214 41 30
274798.0470249989 275446.8360249989 41 50
280650.256524999 281653.09716666566 41 28
283377.52852499904 283753.9593166656 41 40
287291.64492499887 287649.03264999896 41 34
291317.3390666658 291705.79374166584 41 33
307239.20973333257 307919.98403333256 41 57
349499.7963583323 350138.09435833234 41 40
371123.4343333326 372150.5330833326 41 49
376488.10583333246 377623.9827083324 41 29
379208.25283333246 379827.8181333324 41 40
383121.29683333274 383740.8621333327 41 40
391613.937583333 394125.70281249966 41 28
10659.3305 11348.306900000001 43 59
42744.36224999999 43436.07268333333 43 59
79095.19887499997 79450.87868749998 43 46
86365.222125 87003.52012500001 43 45
106760.64347499993 107716.98072499996 43 44
126400.49759999999 126753.75851666667 43 46
133641.49409999995 134279.79209999996 43 45
154089.0957249998 155054.53697499976 43 44
306583.04173333256 307274.7521666659 43 59
342891.42560833244 343231.27927499905 43 46
350138.09435833234 350776.39235833235 43 45
370520.0383333325 371476.37558333256 43 44
191595.79023333266 192487.61013958266 44 27
223149.89839999902 224406.75289999903 44 30
239242.03064999892 240374.1056499989 44 49
267969.15785833215 269101.23285833217 44 49
10003.1625 10711.277133333333 45 57
13239.8395 13921.6575 45 19
42088.19424999999 42799.042916666665 45 57
77166.42887499998 78497.37270833332 45 54
87003.52012500001 87670.18662500003 45 42
106150.73622499993 106802.31015624995 45 44
124471.72759999998 125805.38882499999 45 54
134279.79209999996 134946.45859999995 45 42
153479.5659749998 154134.0957249998 45 44
245458.67481666553 246070.91981666553 45 50
274185.80202499893 274798.0470249989 45 50
305926.87373333256 306637.7223999992 45 57
309143.79085833253 309810.4573583325 45 24
340962.6556083325 342293.59944166575 45 56
350776.39235833235 351443.0588583324 45 42
369910.13108333247 370561.7050145825 45 44
12627.8345 13285.294033333334 46 44
44712.86625 45355.29294791666 46 45
78443.02487499997 79122.37279166665 46 49
87670.18662500003 91079.87012500002 46 45
105534.94672499994 106172.79505624993 46 42
125748.32359999999 126427.67151666667 46 53
134946.45859999995 138356.1420999999 46 45
152870.03622499979 153504.31845416644 46 42
239808.06814999893 240914.6461499989 46 53
246700.27231666553 247981.92724166551 46 46
268535.19535833213 269641.77335833217 46 53
275446.8360249989 276722.37965833227 46 46
308551.5457333325 309191.0130687492 46 48
342239.25160833244 342917.3377124991 46 53
351443.0588583324 354819.40903333237 46 45
369294.3415833324 369932.1899145825 46 42
386077.81858333293 386411.15183333296 47 38
386411.15183333296 386768.29458333296 47 42
386768.29458333296 387171.0873333329 47 38
6600.4839999999995 7991.925958333333 48 27
15962.9105 18713.2649375 48 27
33346.74125000001 34240.38052500001 48 26
38685.51574999999 40079.76669791666 48 27
48022.950625 50792.08591666666 48 27
65406.78137499999 66749.617375 48 27
79776.39962499998 83080.747125 48 43
83770.402125 85074.75012499999 48 64
108728.21697499997 111439.70589166663 48 33
127052.6716 130357.0191 48 43
131046.67409999999 132351.0221 48 64
156065.77322499972 158740.42414166636 48 29
236283.13614999893 238142.65988333226 48 37
242599.20206666554 243726.18606666554 48 56
244858.36206666555 245458.67481666553 48 51
247960.42185833218 250571.73628333214 48 37
265010.2633583322 267050.73944999883 48 37
271326.32927499886 272453.3132749989 48 56
273585.4892749989 274185.80202499893 48 51
276700.87427499896 279340.59778333234 48 37
302524.1952333325 303918.44618124916 48 30
311851.71035833255 314620.8456499992 48 27
329235.5411083325 330578.3771083325 48 29
343549.2718583324 346821.0106583323 48 43
347543.2743583324 348847.62235833233 48 64
372487.6118333326 375159.45376041584 48 29
387502.652333333 387834.21733333304 48 26
387834.21733333304 388165.78233333305 48 28
388165.78233333305 388497.34733333305 48 26
388497.34733333305 388828.91233333305 48 30
388828.91233333305 389160.47733333305 48 22
389160.47733333305 389509.31458333303 48 25
389509.31458333303 389858.151833333 48 23
389858.151833333 390213.265583333 48 28
390213.265583333 390568.379333333 48 24
390568.379333333 391019.64283333294 48 26
391019.64283333294 391613.937583333 48 24
186958.42873333264 187667.21977083266 49 30
218512.536899999 219221.327937499 49 30
233304.880899999 236431.57364999893 49 54
243154.75756666556 244297.61456666555 49 58
262032.0081083322 265278.4925249989 49 54
271881.8847749989 273024.7417749989 49 58
7980.69 10659.3305 50 37
11971.6665 12791.8765 50 49
14565.5725 15989.14038125 50 29
23931.550000000007 25256.83102291667 50 52
40065.72175 42744.36224999999 50 37
44056.698249999994 45023.8115 50 49
46625.612625 48052.0949375 50 34
55991.59012500002 57319.75199583335 50 52
76528.13087499997 77211.64164999998 50 50
84748.66312499999 85115.511 50 60
123833.42959999997 124519.59994999999 50 50
132024.9351 132394.50036666665 50 60
303904.4012333325 306583.04173333256 50 37
307895.37773333257 308856.17623333255 50 49
310454.37235833256 311880.8546708326 50 34
319820.3498583326 321148.51172916585 50 51
340324.3576083325 341007.86838333245 50 50
348521.53535833233 348888.3832333323 50 60
384751.7318333328 385077.81883333286 50 33
385077.81883333286 385411.1520833329 50 37
385411.1520833329 385744.48533333285 50 33
187617.76923333263 190270.79056458262 51 34
219171.877399999 221824.898731249 51 34
229807.847399999 230985.33639999904 51 40
258534.97460833215 259712.4636083322 51 40
25219.380000000005 26927.35500000001 52 37
57279.42012500002 58987.39512500001 52 37
85074.75012499999 85726.92412499999 52 64
103679.27722499995 105667.44672499993 52 43
132351.0221 133003.19609999997 52 64
151014.36672499977 153003.6996124998 52 43
170967.33509999956 171289.96514166618 52 29
171289.96514166618 171614.3615583329 52 27
171614.3615583329 171941.68193333285 52 24
171941.68193333285 172253.92988333284 52 29
172253.92988333284 172563.2603499995 52 23
172563.2603499995 172885.2939749995 52 25
172885.2939749995 173207.33964166616 52 22
173207.33964166616 173534.67243333277 52 29
173534.67243333277 173862.03134999945 52 27
173862.03134999945 174184.04014166608 52 29
174184.04014166608 174525.1598499994 52 26
202527.91352499925 202850.5435666659 52 29
202850.5435666659 203176.07185833255 52 27
203176.07185833255 203499.83419166587 52 27
203499.83419166587 203812.08214166583 52 28
203812.08214166583 204121.4126083325 52 23
204121.4126083325 204443.4462333325 52 26
204443.4462333325 204765.49189999915 52 24
204765.49189999915 205092.8246916658 52 29
205092.8246916658 205420.18360833245 52 27
205420.18360833245 205742.1923999991 52 29
205742.1923999991 206083.3121083324 52 26
230985.33639999904 232144.78389999902 52 58
259712.4636083322 260871.9111083322 52 58
321108.17985833256 322816.15485833253 52 37
348847.62235833233 349499.7963583323 52 64
367438.67208333244 369426.8415833324 52 43
4019.270499999999 6746.551458333333 53 30
11315.4985 11993.538766666667 53 57
23931.550000000007 25256.83102291667 53 52
28580.06000000001 29320.216970833342 53 30
36103.47475 38831.58320833333 53 30
43400.530249999996 44081.30455 53 57
55991.59012500002 57319.75199583335 53 52
60640.100125000004 61383.07876666667 53 30
75889.83287499996 76544.08832499998 53 48
85726.92412499999 86365.222125 53 48
99799.58722499998 102731.90872499996 53 28
107364.03947499995 108391.13822499996 53 54
111420.36459999997 113155.55476666664 53 28
123195.13159999996 123852.04662499997 53 48
133003.19609999997 133641.49409999995 53 48
147125.7059749998 150066.99822499978 53 28
154701.5957249998 155728.69447499973 53 54
158717.9522249997 160484.80667291634 53 32
163121.4669749996 163444.68218333292 53 26
163444.68218333292 163772.57364166627 53 28
163772.57364166627 164096.95801666626 53 26
164096.95801666626 164420.75801666625 53 24
164420.75801666625 164741.11189166622 53 22
164741.11189166622 165066.14164166624 53 25
165066.14164166624 165386.5324333329 53 22
165386.5324333329 165712.09839166625 53 29
165712.09839166625 166033.54726666622 53 25
166033.54726666622 166378.3747666662 53 27
166378.3747666662 166723.20226666622 53 25
167044.1650166662 167370.95197499954 53 24
167370.95197499954 167693.67880833286 53 26
167693.67880833286 168015.77418333286 53 23
168015.77418333286 168325.05243333286 53 25
168325.05243333286 168637.62093333286 53 22
168637.62093333286 168956.78197499953 53 25
168956.78197499953 169274.8111416662 53 22
169274.8111416662 169600.92380833288 53 28
169600.92380833288 169925.27051666618 53 25
169925.27051666618 170286.7162666662 53 28
170286.7162666662 170648.1620166662 53 27
174842.6411416661 175172.33797499942 53 28
175172.33797499942 175494.3715999994 53 29
175494.3715999994 175818.19605833272 53 26
175818.19605833272 177737.18239166605 53 32
179020.64189166602 179665.803391666 53 33
179665.803391666 180310.964891666 53 36
180310.964891666 180952.731891666 53 40
180952.731891666 181623.64639166597 53 46
181623.64639166597 182355.35389166596 53 49
194695.62385833263 195018.83906666594 53 26
195018.83906666594 195346.7305249993 53 29
195346.7305249993 195671.1148999993 53 26
195671.1148999993 195994.91489999925 53 27
195994.91489999925 196315.26877499925 53 23
196315.26877499925 196627.76877499925 53 26
196627.76877499925 196948.15956666594 53 23
196948.15956666594 197273.72552499926 53 29
197273.72552499926 197595.17439999926 53 25
197595.17439999926 197940.00189999922 53 27
197940.00189999922 198284.82939999923 53 26
198605.7921499992 198932.57910833257 53 26
198932.57910833257 199258.10739999922 53 27
199258.10739999922 199580.20277499923 53 23
199580.20277499923 199889.48102499923 53 26
199889.48102499923 200198.75927499926 53 23
200198.75927499926 200517.36039999925 53 25
200517.36039999925 200835.3895666659 53 23
200835.3895666659 201161.50223333258 53 28
201161.50223333258 201485.8489416659 53 26
201485.8489416659 201847.29469166588 53 28
201847.29469166588 202208.7404416659 53 26
206400.7933999991 206730.4902333324 53 27
206730.4902333324 207052.5238583324 53 29
207052.5238583324 207376.3483166657 53 28
207376.3483166657 209295.33464999904 53 33
210578.79414999904 211223.955649999 53 33
211223.955649999 211869.117149999 53 36
211869.117149999 212509.13102499902 53 40
212509.13102499902 213184.653024999 53 46
213184.653024999 213916.360524999 53 49
227962.56589999903 229040.496524999 53 47
231567.86089999904 233304.880899999 53 58
233876.309399999 234757.17539999896 53 52
246070.91981666553 246700.27231666553 53 59
250546.16810833215 252409.8041749988 53 37
256689.6931083321 257767.62373333212 53 49
260294.98810833218 262032.0081083322 53 58
262603.4366083322 263484.30260833225 53 52
274798.0470249989 275446.8360249989 53 59
279286.620524999 281172.9836583323 53 37
283700.19585833227 284025.78794166556 53 27
284025.78794166556 284349.6264833322 53 29
284349.6264833322 284672.3451916655 53 28
284672.3451916655 284999.6394416655 53 29
284999.6394416655 285322.8546499989 53 25
285322.8546499989 285642.0277333321 53 28
285642.0277333321 285966.98406666546 53 26
285966.98406666546 286289.68994166545 53 29
286289.68994166545 286612.27069166553 53 27
286612.27069166553 286953.1796916655 53 29
286953.1796916655 287291.64492499887 53 27
287617.1177499989 287940.1413166656 53 26
287940.1413166656 288261.97374999896 53 28
288261.97374999896 288589.35844166565 53 26
288589.35844166565 288911.3744666656 53 25
288911.3744666656 289233.2760916656 53 23
289233.2760916656 289562.76337499893 53 26
289562.76337499893 289892.4733916657 53 23
289892.4733916657 290226.765724999 53 28
290226.765724999 290555.91186666576 53 27
290555.91186666576 290940.5273666658 53 28
290940.5273666658 291317.3390666658 53 27
291642.63584166585 291968.91846666584 53 22
291968.91846666584 292293.56370833254 53 26
292293.56370833254 292620.54356666596 53 24
292620.54356666596 292945.111191666 53 26
292945.111191666 293270.8475666661 53 23
293270.8475666661 293617.0090833327 53 26
293617.0090833327 293964.6354583327 53 23
293964.6354583327 294309.9738333327 53 24
294309.9738333327 294659.2214833327 53 22
294659.2214833327 295075.8882333327 53 24
295075.8882333327 295517.06473333266 53 23
295517.06473333266 297917.0647333326 53 30
299942.09073333256 302670.26269166585 53 34
307239.20973333257 307919.98403333256 53 57
319820.3498583326 321148.51172916585 53 51
324468.85985833255 325211.8384999992 53 30
339686.0596083325 340340.31505833246 53 48
349499.7963583323 350138.09435833234 53 48
363558.9820833324 366491.30358333234 53 28
371123.4343333326 372150.5330833326 53 54
375139.79083333246 376918.33844166575 53 33
379534.3398333324 379860.42683333246 53 28
379860.42683333246 380186.51383333246 53 29
380186.51383333246 380512.6008333325 53 28
380512.6008333325 380838.6878333325 53 32
380838.6878333325 381164.7748333326 53 29
381164.7748333326 381490.8618333326 53 29
381490.8618333326 381816.94883333263 53 28
381816.94883333263 382143.03583333263 53 32
382143.03583333263 382469.1228333327 53 29
382469.1228333327 382795.2098333327 53 30
382795.2098333327 383121.29683333274 53 28
383447.3838333327 383773.47083333274 53 28
383773.47083333274 384099.55783333274 53 31
384099.55783333274 384425.6448333328 53 28
6600.4839999999995 7991.925958333333 55 27
10659.3305 11348.306900000001 55 59
25219.380000000005 26927.35500000001 55 37
29283.53525000001 32040.307654166674 55 25
38685.51574999999 40079.76669791666 55 27
42744.36224999999 43436.07268333333 55 59
57279.42012500002 58987.39512500001 55 37
61343.57537500001 64103.169449999994 55 24
71996.91737499998 73993.55589999998 55 50
75251.53487499998 75905.79032499997 55 45
86365.222125 87003.52012500001 55 53
103679.27722499995 105667.44672499993 55 43
106760.64347499993 107716.98072499996 55 50
119302.21609999996 121301.51419999996 55 50
122556.83359999997 123213.74862499996 55 45
133641.49409999995 134279.79209999996 55 53
151014.36672499977 153003.6996124998 55 43
154089.0957249998 155054.53697499976 55 50
166033.54726666622 166747.3958229162 55 37
182355.35389166596 185406.2313062493 55 49
197595.17439999926 198309.02295624925 55 37
213916.360524999 216960.3394729157 55 48
230413.90789999903 231567.86089999904 55 40
259141.03510833217 260294.98810833218 55 40
286612.27069166553 287334.1981249989 55 37
302524.1952333325 303918.44618124916 55 30
306583.04173333256 307274.7521666659 55 59
321108.17985833256 322816.15485833253 55 37
325172.33510833257 327931.9291833325 55 21
335793.1441083326 337789.78263333254 55 50
339047.7616083325 339702.0170583325 55 45
350138.09435833234 350776.39235833235 55 53
367438.67208333244 369426.8415833324 55 43
370520.0383333325 371476.37558333256 55 50
166723.20226666622 168674.85498333286 56 42
179020.64189166602 179665.803391666 56 33
179665.803391666 180310.964891666 56 36
180310.964891666 180952.731891666 56 40
180952.731891666 181623.64639166597 56 46
181623.64639166597 182355.35389166596 56 49
186299.08823333264 186980.4067499993 56 34
190262.45723333265 191638.47317083264 56 29
198284.82939999923 200235.60138333257 56 42
210578.79414999904 211223.955649999 56 33
211223.955649999 211869.117149999 56 36
211869.117149999 212509.13102499902 56 40
212509.13102499902 213184.653024999 56 46
213184.653024999 213916.360524999 56 49
217853.196399999 218534.51491666568 56 34
221816.565399999 223187.13244999902 56 29
226201.04889999903 227344.00939999902 56 43
231567.86089999904 233304.880899999 56 58
234465.913149999 235630.96214999896 56 45
250546.16810833215 252409.8041749988 56 37
254928.17610833215 256071.13660833216 56 45
260294.98810833218 262032.0081083322 56 58
263193.0403583323 264358.0893583322 56 45
279286.620524999 281172.9836583323 56 37
287291.64492499887 289269.38719374896 56 42
295517.06473333266 297917.0647333326 56 32
4019.270499999999 6746.551458333333 57 30
9329.005 10659.3305 57 37
10003.1625 10711.277133333333 57 57
13239.8395 13921.6575 57 27
28580.06000000001 29320.216970833342 57 30
36103.47475 38831.58320833333 57 30
41414.03674999999 42744.36224999999 57 37
42088.19424999999 42799.042916666665 57 57
45307.540125 45981.697625 57 29
60640.100125000004 61383.07876666667 57 30
71307.26237499999 72024.38989583332 57 47
74613.23687499999 75288.76892499997 57 48
75889.83287499996 76544.08832499998 57 48
87003.52012500001 87670.18662500003 57 50
91740.48604166668 94371.41453333333 57 37
94334.482725 95766.4222125 57 33
101147.90222499998 102731.90872499996 57 26
106150.73622499993 106802.31015624995 57 50
108728.21697499997 110222.72210833331 57 38
111420.36459999997 113155.55476666664 57 34
118612.56109999998 119332.43587291663 57 47
121918.53559999996 122596.72722499997 57 48
123195.13159999996 123852.04662499997 57 48
134279.79209999996 134946.45859999995 57 50
139014.33778333323 141654.3446916665 57 37
141614.57197499985 143071.4421166665 57 33
148474.0209749998 150066.99822499978 57 26
153479.5659749998 154134.0957249998 57 50
156065.77322499972 157560.27835833305 57 37
158717.9522249997 160484.80667291634 57 32
245458.67481666553 246070.91981666553 57 59
274185.80202499893 274798.0470249989 57 59
299942.09073333256 302670.26269166585 57 34
305252.7162333325 306583.04173333256 57 37
305926.87373333256 306637.7223999992 57 57
309143.79085833253 309810.4573583325 57 29
324468.85985833255 325211.8384999992 57 30
335103.48910833255 335820.6166291659 57 47
338409.46360833256 339084.9956583325 57 48
339686.0596083325 340340.31505833246 57 48
350776.39235833235 351443.0588583324 57 50
355509.6049833324 358137.52489166573 57 37
358100.5930833324 359532.53257083247 57 33
364907.2970833324 366491.30358333234 57 26
369910.13108333247 370561.7050145825 57 50
372487.6118333326 373982.11696666584 57 37
375139.79083333246 376918.33844166575 57 33
381164.7748333326 381857.7097083326 57 37
391613.937583333 394125.70281249966 57 27
6600.4839999999995 7991.925958333333 58 30
7980.69 9365.521864583332 58 37
12627.8345 13285.294033333334 58 44
38685.51574999999 40079.76669791666 58 30
40065.72175 41453.362604166665 58 37
44712.86625 45355.29294791666 58 45
70675.683375 71338.87156249999 58 47
73315.59837499997 73974.93887499998 58 48
73974.93887499998 74650.47092499997 58 44
75251.53487499998 75905.79032499997 58 45
87670.18662500003 91079.87012500002 58 53
95749.46922499998 98740.11697499998 58 22
99799.58722499998 101178.80111041664 58 28
105534.94672499994 106172.79505624993 58 48
110046.89797499999 111439.70589166663 58 32
117980.98209999998 118647.04384999997 58 47
120620.89709999996 121280.23759999996 58 48
121280.23759999996 121958.42922499996 58 44
122556.83359999997 123213.74862499996 58 45
134946.45859999995 138356.1420999999 58 53
143051.20622499986 146073.2189749998 58 22
147125.7059749998 148507.72884999978 58 28
152870.03622499979 153504.31845416644 58 48
157384.45422499973 158740.42414166636 58 28
164741.11189166622 165551.36755833292 58 37
182355.35389166596 185406.2313062493 58 49
186958.42873333264 187667.21977083266 58 30
196315.26877499925 197112.99469166592 58 37
213916.360524999 216960.3394729157 58 48
218512.536899999 219221.327937499 58 30
230985.33639999904 232144.78389999902 58 58
235048.43764999896 236120.09264999896 58 45
240374.1056499989 241014.6461499989 58 51
246700.27231666553 247981.92724166551 58 46
249250.74485833215 250571.73628333214 58 37
259712.4636083322 260871.9111083322 58 58
263775.5648583322 264847.2198583322 58 45
269101.23285833217 269741.77335833217 58 51
275446.8360249989 276722.37965833227 58 46
277991.197274999 279340.59778333234 58 37
285322.8546499989 286072.24723333213 58 37
294683.5270437494 295940.398066666 58 32
302524.1952333325 303918.44618124916 58 30
303904.4012333325 305292.0420874992 58 37
308551.5457333325 309191.0130687492 58 54
334471.9101083326 335135.0982958326 58 47
337111.82510833256 337771.16560833255 58 48
337771.16560833255 338446.69765833253 58 44
339047.7616083325 339702.0170583325 58 45
351443.0588583324 354819.40903333237 58 53
359515.57958333247 362499.5118333324 58 28
363558.9820833324 364938.195968749 58 28
369294.3415833324 369932.1899145825 58 48
373806.2928333325 375159.45376041584 58 29
390568.379333333 391628.64346874965 58 27
14565.5725 15989.14038125 59 25
20016.790250000002 22624.646000000004 59 51
23931.550000000007 25256.83102291667 59 52
46625.612625 48052.0949375 59 31
52076.830375000005 54698.10102083334 59 51
55991.59012500002 57319.75199583335 59 52
235630.96214999896 236431.57364999893 59 42
240914.6461499989 242043.64656666556 59 53
264358.0893583322 265278.4925249989 59 39
269641.77335833217 270770.77377499884 59 53
310454.37235833256 311880.8546708326 59 36
315905.5901083326 318513.4458583326 59 51
319820.3498583326 321148.51172916585 59 51
4019.270499999999 6746.551458333333 60 34
10003.1625 10711.277133333333 60 40
11315.4985 11993.538766666667 60 40
15962.9105 18713.2649375 60 32
18705.216 20982.662750000003 60 39
22592.450250000005 25219.380000000005 60 43
25219.380000000005 26927.35500000001 60 37
29283.53525000001 30683.083983333345 60 24
31992.339250000008 33401.61931250001 60 30
36103.47475 38831.58320833333 60 34
42088.19424999999 42799.042916666665 60 40
43400.530249999996 44081.30455 60 40
48022.950625 50792.08591666666 60 32
50765.256125 53042.70287500001 60 39
54652.49037500001 57279.42012500002 60 43
57279.42012500002 58987.39512500001 60 37
61343.57537500001 62745.945779166665 60 24
64052.379375000004 65462.01393958333 60 30
68072.473375 70675.683375 60 42
70044.104375 70696.73600833332 60 46
71307.26237499999 72024.38989583332 60 47
71996.91737499998 73354.05990416664 60 50
74613.23687499999 75288.76892499997 60 48
75251.53487499998 75905.79032499997 60 45
75889.83287499996 76544.08832499998 60 48
91740.48604166668 94371.41453333333 60 37
101147.90222499998 102731.90872499996 60 33
103679.27722499995 105667.44672499993 60 43
105992.84147499994 106172.79505624993 60 64
106602.74872499994 106802.31015624995 60 65
107209.40034999995 107716.98072499996 60 69
108728.21697499997 110874.77784999997 60 38
115377.77209999997 118004.66631249998 60 46
118612.56109999998 119332.43587291663 60 47
119302.21609999996 120662.10588124997 60 50
121918.53559999996 122596.72722499997 60 48
122556.83359999997 123213.74862499996 60 45
123195.13159999996 123852.04662499997 60 48
139014.33778333323 141654.3446916665 60 37
148474.0209749998 150066.99822499978 60 33
151014.36672499977 153003.6996124998 60 43
153323.3159749998 153504.31845416644 60 64
153932.8457249998 154134.0957249998 60 65
154545.3457249998 155054.53697499976 60 69
156065.77322499972 158380.8734749997 60 38
160740.42472499967 161414.58222499967 60 37
161414.58222499967 162088.73972499967 60 37
162088.73972499967 162802.86584999965 60 37
162802.86584999965 164751.52855833288 60 40
187617.76923333263 188974.91176249928 60 34
190262.45723333265 191638.47317083264 60 34
192327.49773333265 193001.65523333265 60 37
193001.65523333265 193675.81273333266 60 37
193675.81273333266 194377.02273333268 60 37
194377.02273333268 196325.6854416659 60 40
219171.877399999 220529.01992916566 60 34
221816.565399999 223187.13244999902 60 34
226777.97189999901 227653.28764999902 60 45
230985.33639999904 232144.78389999902 60 67
236283.13614999893 238142.65988333226 60 37
241477.60906666555 242599.20206666554 60 51
244858.36206666555 245458.67481666553 60 61
247960.42185833218 249297.13659583215 60 37
255505.09910833213 256380.41485833214 60 48
259712.4636083322 260871.9111083322 60 67
265010.2633583322 267050.73944999883 60 37
270204.7362749988 271326.32927499886 60 51
273585.4892749989 274185.80202499893 60 61
276700.87427499896 278037.58901249897 60 37
281332.07452499896 282013.892524999 60 37
282013.892524999 282695.710524999 60 37
282695.710524999 283377.52852499904 60 35
283377.52852499904 285360.4890708322 60 40
294659.2214833327 297917.0647333326 60 32
299942.09073333256 302670.26269166585 60 34
305926.87373333256 306637.7223999992 60 40
307239.20973333257 307919.98403333256 60 40
311851.71035833255 314620.8456499992 60 32
314594.01585833257 316871.4626083325 60 39
318481.25010833255 321108.17985833256 60 43
321108.17985833256 322816.15485833253 60 37
325172.33510833257 326574.7055124992 60 21
327881.1391083325 329290.7736729159 60 27
331868.7001083326 334492.9627416659 60 46
335103.48910833255 335820.6166291659 60 47
335793.1441083326 337150.28663749923 60 50
338409.46360833256 339084.9956583325 60 48
339047.7616083325 339702.0170583325 60 45
339686.0596083325 340340.31505833246 60 48
355509.6049833324 358137.52489166573 60 37
364907.2970833324 366491.30358333234 60 33
367438.67208333244 369426.8415833324 60 43
369752.2363333325 369932.1899145825 60 64
370362.14358333254 370561.7050145825 60 63
370968.79520833254 371476.37558333256 60 64
372487.6118333326 374802.7120833325 60 38
377185.7803333324 377859.93783333246 60 33
377859.93783333246 378534.0953333325 60 36
378534.0953333325 379208.25283333246 60 33
379208.25283333246 381458.2531333326 60 36
73974.93887499998 74650.47092499997 61 44
121280.23759999996 121958.42922499996 61 44
165386.5324333329 166045.04151666624 61 37
179020.64189166602 179665.803391666 61 33
179665.803391666 180310.964891666 61 36
180310.964891666 180952.731891666 61 40
180952.731891666 181623.64639166597 61 46
181623.64639166597 182355.35389166596 61 49
182355.35389166596 185406.2313062493 61 49
188936.45023333264 190270.79056458262 61 24
196948.15956666594 197606.66864999925 61 37
210578.79414999904 211223.955649999 61 33
211223.955649999 211869.117149999 61 36
211869.117149999 212509.13102499902 61 40
212509.13102499902 213184.653024999 61 46
213184.653024999 213916.360524999 61 49
213916.360524999 216960.3394729157 61 48
220490.558399999 221824.898731249 61 23
243726.18606666554 244858.36206666555 61 58
272453.3132749989 273585.4892749989 61 58
285966.98406666546 286919.0887916655 61 39
337771.16560833255 338446.69765833253 61 44
11971.6665 12791.8765 62 56
20016.790250000002 22624.646000000004 62 51
28580.06000000001 29320.216970833342 62 30
30637.93725000001 32040.307654166674 62 23
44056.698249999994 45023.8115 62 56
52076.830375000005 54698.10102083334 62 51
60640.100125000004 61383.07876666667 62 30
62697.977375 64103.169449999994 62 23
70675.683375 72024.38989583332 62 47
71996.91737499998 73993.55589999998 62 50
95749.46922499998 98740.11697499998 62 22
99799.58722499998 101178.80111041664 62 35
117980.98209999998 119332.43587291663 62 47
119302.21609999996 121301.51419999996 62 50
143051.20622499986 146073.2189749998 62 22
147125.7059749998 148507.72884999978 62 35
228556.625399999 229807.847399999 62 43
257283.7526083321 258534.97460833215 62 43
307895.37773333257 308856.17623333255 62 56
315905.5901083326 318513.4458583326 62 51
324468.85985833255 325211.8384999992 62 30
326526.7371083325 327931.9291833325 62 23
334471.9101083326 335820.6166291659 62 47
335793.1441083326 337789.78263333254 62 50
359515.57958333247 362499.5118333324 62 28
363558.9820833324 364938.195968749 62 35
68072.473375 70696.73600833332 63 46
94334.482725 95766.4222125 63 33
115377.77209999997 118004.66631249998 63 46
141614.57197499985 143071.4421166665 63 33
182355.35389166596 185406.2313062493 63 58
213916.360524999 216960.3394729157 63 57
223788.196399999 225006.752899999 63 53
227344.00939999902 228556.625399999 63 45
244297.61456666555 244903.09891249888 63 65
252561.97810833214 253756.74760833214 63 53
256071.13660833216 257283.7526083321 63 45
273024.7417749989 273690.75244166557 63 65
331868.7001083326 334492.9627416659 63 46
358100.5930833324 359532.53257083247 63 37
7274.6415 7991.925958333333 64 44
10659.3305 11348.306900000001 64 51
14565.5725 15962.9105 64 52
17361.8375 18705.216 64 21
18705.216 20982.662750000003 64 39
22592.450250000005 25219.380000000005 64 43
29283.53525000001 30683.083983333345 64 27
31992.339250000008 33401.61931250001 64 34
39359.67324999999 40079.76669791666 64 45
42744.36224999999 43436.07268333333 64 51
46625.612625 48022.950625 64 52
49421.877625 50765.256125 64 31
50765.256125 53042.70287500001 64 39
54652.49037500001 57279.42012500002 64 43
61343.57537500001 62745.945779166665 64 27
64052.379375000004 65462.01393958333 64 34
73974.93887499998 74650.47092499997 64 51
75251.53487499998 75889.83287499996 64 53
81109.73262499998 82045.42089999998 64 40
105534.94672499994 106150.73622499993 64 67
110706.23847499998 111439.70589166663 64 37
121280.23759999996 121958.42922499996 64 51
122556.83359999997 123195.13159999996 64 53
128386.0046 129324.41026666666 64 40
152870.03622499979 153479.5659749998 64 67
158043.79472499972 158740.42414166636 64 37
166033.54726666622 166747.3958229162 64 37
197595.17439999926 198309.02295624925 64 37
237533.13614999893 238142.65988333226 64 46
249250.74485833215 250205.25910833213 64 49
266260.2633583322 267050.73944999883 64 46
277991.197274999 278945.71152499894 64 49
286612.27069166553 287334.1981249989 64 37
291317.3390666658 294683.5270437494 64 38
294659.2214833327 295540.398066666 64 32
303198.3527333325 303918.44618124916 64 47
306583.04173333256 307274.7521666659 64 51
310454.37235833256 311851.71035833255 64 52
313250.6373583325 314594.01585833257 64 31
314594.01585833257 316871.4626083325 64 39
318481.25010833255 321108.17985833256 64 43
325172.33510833257 326574.7055124992 64 27
327881.1391083325 329290.7736729159 64 34
337771.16560833255 338446.69765833253 64 51
339047.7616083325 339686.0596083325 64 53
344882.6048583323 345818.29313333234 64 40
369294.3415833324 369910.13108333247 64 67
374465.6333333325 375159.45376041584 64 37
382469.1228333327 383162.0577083327 64 37
390568.379333333 391628.64346874965 64 30
9329.005 10659.3305 65 48
10003.1625 10711.277133333333 65 73
11315.4985 11993.538766666667 65 52
11971.6665 13094.208375 65 63
13921.6575 14772.230295833333 65 46
15235.814 15989.14038125 65 46
15962.9105 17411.382831249997 65 32
20016.790250000002 22624.646000000004 65 51
30637.93725000001 32040.307654166674 65 26
41414.03674999999 42744.36224999999 65 48
42088.19424999999 42799.042916666665 65 73
43400.530249999996 44081.30455 65 52
44056.698249999994 45164.683000000005 65 63
45981.697625 46835.06309375 65 47
47295.854125 48052.0949375 65 45
48022.950625 49474.3373875 65 32
52076.830375000005 54698.10102083334 65 51
62697.977375 64103.169449999994 65 26
74613.23687499999 75288.76892499997 65 55
75889.83287499996 79122.37279166665 65 55
79776.39962499998 81154.17705833331 65 46
91740.48604166668 94371.41453333333 65 43
94334.482725 95766.4222125 65 37
95749.46922499998 98740.11697499998 65 28
106150.73622499993 106760.64347499993 65 69
108728.21697499997 110874.77784999997 65 49
111420.36459999997 113155.55476666664 65 47
121918.53559999996 122596.72722499997 65 55
123195.13159999996 126427.67151666667 65 55
127052.6716 128433.22681041667 65 46
139014.33778333323 141654.3446916665 65 43
141614.57197499985 143071.4421166665 65 37
143051.20622499986 146073.2189749998 65 28
153479.5659749998 154089.0957249998 65 69
156065.77322499972 158380.8734749997 65 49
158717.9522249997 160484.80667291634 65 47
166723.20226666622 168674.85498333286 65 42
175172.33797499942 175873.7515999994 65 44
198284.82939999923 200235.60138333257 65 42
206730.4902333324 207431.9038583324 65 44
231567.86089999904 232738.84339999902 65 69
235630.96214999896 236283.13614999893 65 44
236283.13614999893 237549.80281458228 65 49
247960.42185833218 249250.74485833215 65 46
249879.17210833213 250546.16810833215 65 46
250546.16810833215 252409.8041749988 65 49
260294.98810833218 261465.97060833222 65 69
264358.0893583322 265010.2633583322 65 47
265010.2633583322 266288.83478333225 65 49
276700.87427499896 277991.197274999 65 46
278619.624524999 279286.620524999 65 46
279286.620524999 281172.9836583323 65 49
287291.64492499887 289269.38719374896 65 42
295517.06473333266 297917.0647333326 65 32
305252.7162333325 306583.04173333256 65 48
305926.87373333256 306637.7223999992 65 73
307239.20973333257 307919.98403333256 65 52
307895.37773333257 308993.79085833253 65 63
309810.4573583325 310663.82282708253 65 51
311124.6138583325 311880.8546708326 65 45
311851.71035833255 313303.09712083254 65 32
315905.5901083326 318513.4458583326 65 51
326526.7371083325 327931.9291833325 65 29
338409.46360833256 339084.9956583325 65 55
339686.0596083325 342917.3377124991 65 56
343549.2718583324 344927.0492916657 65 46
355509.6049833324 358137.52489166573 65 43
358100.5930833324 359532.53257083247 65 37
359515.57958333247 362499.5118333324 65 36
369910.13108333247 370520.0383333325 65 67
372487.6118333326 374802.7120833325 65 49
375139.79083333246 376918.33844166575 65 47
381164.7748333326 381857.7097083326 65 42
387171.0873333329 389474.4308583331 65 42
391613.937583333 394125.70281249966 65 30
69405.806375 70675.683375 66 51
70044.104375 70696.73600833332 66 63
71307.26237499999 71996.91737499998 66 52
71996.91737499998 73354.05990416664 66 51
116711.10509999997 117349.40309999998 66 51
117349.40309999998 118004.66631249998 66 63
118612.56109999998 119302.21609999996 66 52
119302.21609999996 120662.10588124997 66 51
333202.0331083326 333840.33110833255 66 51
333840.33110833255 334492.9627416659 66 63
335103.48910833255 335793.1441083326 66 52
335793.1441083326 337150.28663749923 66 51
7980.69 9365.521864583332 67 53
10659.3305 11348.306900000001 67 75
17361.8375 18705.216 67 46
18061.301 18713.2649375 67 54
18705.216 19671.088499999998 67 59
19349.131 19875.628702083337 67 65
19843.939375 20982.662750000003 67 66
21304.620250000007 22592.450250000005 67 48
21948.535250000004 22624.646000000004 67 55
22592.450250000005 23558.322750000007 67 63
23236.365250000006 23763.597737500007 67 69
23744.936375000005 25219.380000000005 67 68
40065.72175 41453.362604166665 67 54
42744.36224999999 43436.07268333333 67 75
49421.877625 50765.256125 67 46
50121.341125 50792.08591666666 67 54
50765.256125 51731.128625000005 67 59
51409.171125 51935.66882708334 67 65
51903.97950000001 53042.70287500001 67 66
53364.66037500001 54652.49037500001 67 51
54008.57537500001 54698.10102083334 67 59
54652.49037500001 55618.36287500001 67 63
55296.40537500002 55823.637862500014 67 69
55804.97650000002 57279.42012500002 67 68
68072.473375 69427.082975 67 61
70675.683375 71338.87156249999 67 65
73315.59837499997 73974.93887499998 67 45
75251.53487499998 75889.83287499996 67 53
79421.28587499999 80051.39955624998 67 55
81109.73262499998 82045.42089999998 67 51
87670.18662500003 91079.87012500002 67 55
105534.94672499994 106172.79505624993 67 75
106760.64347499993 107364.03947499995 67 70
111056.64009999996 111439.70589166663 67 44
115377.77209999997 116735.04127499997 67 61
117980.98209999998 118647.04384999997 67 65
120620.89709999996 121280.23759999996 67 45
122556.83359999997 123195.13159999996 67 53
126726.5846 127330.44930833332 67 55
128386.0046 129324.41026666666 67 51
134946.45859999995 138356.1420999999 67 60
152870.03622499979 153504.31845416644 67 75
154089.0957249998 154547.94989166645 67 71
158380.8734749997 158740.42414166636 67 44
164741.11189166622 165551.36755833292 67 37
170648.1620166662 174551.75559999945 67 50
174525.1598499994 175201.90787708273 67 53
189595.79073333263 190270.79056458262 67 43
196315.26877499925 197112.99469166592 67 37
202208.7404416659 206109.90785833244 67 50
206083.3121083324 206760.06013541573 67 53
221149.89889999898 221824.898731249 67 43
235048.43764999896 236120.09264999896 67 53
237533.13614999893 238142.65988333226 67 46
247637.84110833218 247960.42185833218 67 48
249250.74485833215 250205.25910833213 67 49
250205.25910833213 250571.73628333214 67 43
263775.5648583322 264847.2198583322 67 53
266260.2633583322 267050.73944999883 67 46
276378.29352499894 276700.87427499896 67 48
277991.197274999 278945.71152499894 67 49
278945.71152499894 279340.59778333234 67 43
285322.8546499989 286072.24723333213 67 37
293270.8475666661 293999.92958333273 67 34
303904.4012333325 305292.0420874992 67 54
306583.04173333256 307274.7521666659 67 75
313250.6373583325 314594.01585833257 67 46
313950.1008583326 314620.8456499992 67 54
314594.01585833257 315559.88835833257 67 59
315237.93085833255 316871.4626083325 67 65
317193.4201083326 318481.25010833255 67 49
317837.33510833257 318513.4458583326 67 59
318481.25010833255 319447.12260833255 67 63
319125.1651083326 319652.39759583253 67 69
319633.73623333254 321108.17985833256 67 67
331868.7001083326 333223.30970833264 67 61
334471.9101083326 335135.0982958326 67 65
337111.82510833256 337771.16560833255 67 45
339047.7616083325 339686.0596083325 67 53
343202.37085833243 343824.27178958233 67 47
344882.6048583323 345818.29313333234 67 51
351443.0588583324 354819.40903333237 67 55
369294.3415833324 369932.1899145825 67 75
370520.0383333325 371123.4343333326 67 67
374802.7120833325 375159.45376041584 67 44
381816.94883333263 382762.6011333327 67 39
382469.1228333327 383162.0577083327 67 42
389858.151833333 390974.51648333296 67 29
390568.379333333 391628.64346874965 67 30
160740.42472499967 161414.58222499967 68 37
161414.58222499967 162088.73972499967 68 37
162088.73972499967 162802.86584999965 68 37
162802.86584999965 164751.52855833288 68 40
168637.62093333286 169274.8111416662 68 42
169274.8111416662 169925.27051666618 68 44
169925.27051666618 170648.1620166662 68 40
175172.33797499942 175873.7515999994 68 44
176460.58639166606 177737.18239166605 68 53
187617.76923333263 189929.12398333263 68 53
190262.45723333265 191638.47317083264 68 47
192327.49773333265 193001.65523333265 68 37
193001.65523333265 193675.81273333266 68 37
193675.81273333266 194377.02273333268 68 37
194377.02273333268 196325.6854416659 68 40
200198.75927499926 200835.3895666659 68 42
200835.3895666659 201485.8489416659 68 44
201485.8489416659 202208.7404416659 68 40
206730.4902333324 207431.9038583324 68 44
208018.73864999905 209295.33464999904 68 53
219171.877399999 221483.232149999 68 53
221816.565399999 223187.13244999902 68 47
224406.75289999903 225612.81339999902 68 53
228556.625399999 229201.78689999902 68 47
232144.78389999902 233304.880899999 68 67
234757.17539999896 235630.96214999896 68 50
236283.13614999893 237549.80281458228 68 49
247960.42185833218 249297.13659583215 68 46
253174.22310833214 254356.74760833214 68 53
257283.7526083321 257928.91410833216 68 47
260871.9111083322 262032.0081083322 68 67
263484.30260833225 264358.0893583322 68 50
265010.2633583322 266288.83478333225 68 49
276700.87427499896 278037.58901249897 68 46
281332.07452499896 282013.892524999 68 37
282013.892524999 282695.710524999 68 37
282695.710524999 283377.52852499904 68 35
283377.52852499904 285360.4890708322 68 40
289233.2760916656 289892.4733916657 68 34
289892.4733916657 290555.91186666576 68 35
290555.91186666576 291317.3390666658 68 34
291317.3390666658 293282.0835249994 68 38
5926.3265 6746.551458333333 69 43
11315.4985 11993.538766666667 69 76
15962.9105 17411.382831249997 69 47
38011.35824999999 38831.58320833333 69 47
43400.530249999996 44081.30455 69 76
48022.950625 49474.3373875 69 47
67717.359625 68172.47335 69 49
71307.26237499999 71996.91737499998 69 66
71996.91737499998 73354.05990416664 69 65
75889.83287499996 76544.08832499998 69 61
79776.39962499998 81154.17705833331 69 57
87003.52012500001 87696.03680000003 69 56
103521.38247499995 103699.89577499994 69 57
106150.73622499993 106802.31015624995 69 76
107364.03947499995 108391.13822499996 69 70
110706.23847499998 111420.36459999997 69 47
115022.65834999997 115477.77207499997 69 49
118612.56109999998 119302.21609999996 69 66
119302.21609999996 120662.10588124997 69 65
123195.13159999996 123852.04662499997 69 61
127052.6716 128433.22681041667 69 57
134279.79209999996 134975.18101666658 69 56
150856.4719749998 151037.56259374978 69 57
153479.5659749998 154134.0957249998 69 76
154701.5957249998 155728.69447499973 69 71
158043.79472499972 158717.9522249997 69 47
244858.36206666555 245458.67481666553 69 61
245458.67481666553 246070.91981666553 69 61
246070.91981666553 246700.27231666553 69 60
273585.4892749989 274185.80202499893 69 61
274185.80202499893 274798.0470249989 69 61
274798.0470249989 275446.8360249989 69 60
301850.03773333255 302670.26269166585 69 47
307239.20973333257 307919.98403333256 69 76
311851.71035833255 313303.09712083254 69 47
331546.1193583326 331968.70008333266 69 49
335103.48910833255 335793.1441083326 69 66
335793.1441083326 337150.28663749923 69 65
339686.0596083325 340340.31505833246 69 61
343549.2718583324 344927.0492916657 69 57
350776.39235833235 351468.9090333324 69 56
367280.7773333324 367459.29063333245 69 57
369910.13108333247 370561.7050145825 69 75
371123.4343333326 372150.5330833326 69 61
374465.6333333325 375139.79083333246 69 47
377185.7803333324 377859.93783333246 69 37
377859.93783333246 378534.0953333325 69 40
378534.0953333325 379208.25283333246 69 37
379208.25283333246 381458.2531333326 69 40
383121.29683333274 385377.81875833287 69 44
385077.81883333286 385744.48533333285 69 48
385744.48533333285 386411.15183333296 69 50
386411.15183333296 387171.0873333329 69 47
387171.0873333329 389474.4308583331 69 47
389160.47733333305 389908.459614583 69 30
11971.6665 13094.208375 70 77
44056.698249999994 45164.683000000005 70 77
67394.778875 68072.473375 70 55
73315.59837499997 73974.93887499998 70 56
76528.13087499997 77211.64164999998 70 68
79421.28587499999 80051.39955624998 70 55
86365.222125 87022.96456458335 70 58
104916.39022499994 105667.44672499993 70 55
106760.64347499993 107716.98072499996 70 78
114700.07759999998 115377.77209999997 70 55
120620.89709999996 121280.23759999996 70 56
123833.42959999997 124519.59994999999 70 68
126726.5846 127330.44930833332 70 55
133641.49409999995 134302.01431666664 70 58
152251.47972499978 153003.6996124998 70 65
154089.0957249998 155054.53697499976 70 78
165386.5324333329 166045.04151666624 70 37
173862.03134999945 174471.39639166612 70 48
174525.1598499994 175201.90787708273 70 53
177098.88439166604 178375.48039166603 70 58
187288.09898333263 187667.21977083266 70 47
189929.12398333263 190270.79056458262 70 43
196948.15956666594 197606.66864999925 70 37
205420.18360833245 206029.5486499991 70 48
206083.3121083324 206760.06013541573 70 53
208657.03664999903 209933.63264999902 70 58
218842.207149999 219221.327937499 70 46
221483.232149999 221824.898731249 70 43
227962.56589999903 229040.496524999 70 50
230413.90789999903 231567.86089999904 70 49
234465.913149999 235048.43764999896 70 53
247006.39481666556 247328.97556666555 70 55
247328.97556666555 247928.1637833322 70 53
247637.84110833218 247960.42185833218 70 48
256689.6931083321 257767.62373333212 70 50
259141.03510833217 260294.98810833218 70 49
263193.0403583323 263775.5648583322 70 53
275756.11427499895 276075.2632749989 70 55
276075.2632749989 276668.61619999894 70 53
276378.29352499894 276700.87427499896 70 48
285966.98406666546 286919.0887916655 70 39
293270.8475666661 293999.92958333273 70 34
293964.6354583327 294683.5270437494 70 37
307895.37773333257 308993.79085833253 70 77
331223.5386083326 331868.7001083326 70 55
337111.82510833256 337771.16560833255 70 56
340324.3576083325 341007.86838333245 70 68
343202.37085833243 343824.27178958233 70 58
350138.09435833234 350795.8367979157 70 58
368675.7850833324 369426.8415833324 70 65
370520.0383333325 371476.37558333256 70 75
381816.94883333263 382762.6011333327 70 45
389858.151833333 390974.51648333296 70 33
4561.334666666667 4693.1849999999995 71 46
21143.641500000005 21948.535250000004 71 46
31315.13825000001 32040.307654166674 71 37
36645.538916666665 36779.461958333326 71 46
53203.68162500001 54008.57537500001 71 46
63375.178374999996 64103.169449999994 71 43
104607.11197499993 105534.94672499994 71 55
151942.20147499978 152870.03622499979 71 65
300484.1548999992 300617.82025416585 71 46
317032.4413583326 317837.33510833257 71 46
327203.9381083325 327931.9291833325 71 48
368366.5068333324 369294.3415833324 71 65
1996.7979999999998 4049.084029166666 72 50
4019.270499999999 4452.921833333333 72 52
4452.921833333333 4669.7474999999995 72 46
4669.7474999999995 5294.7474999999995 72 52
5294.7474999999995 5926.3265 72 44
6600.4839999999995 7980.69 72 48
12950.64025 13239.8395 72 61
13239.8395 13921.6575 72 55
29283.53525000001 31653.738750000008 72 54
31992.339250000008 33401.61931250001 72 47
34078.44875000001 36135.9986 72 50
36103.47475 36537.126083333336 72 52
36537.126083333336 36753.95175 72 46
36753.95175 37366.196749999996 72 52
37366.196749999996 38011.35824999999 72 47
38685.51574999999 40065.72175 72 48
45023.8115 45307.540125 72 59
45307.540125 45981.697625 72 56
61343.57537500001 63713.778874999996 72 54
64052.379375000004 65462.01393958333 72 47
66104.455875 67072.198125 72 50
67072.198125 67717.359625 72 50
77166.42887499998 78443.02487499997 72 67
79095.19887499997 79776.39962499998 72 65
81776.39912499998 83080.747125 72 65
82428.57312499998 83770.402125 72 66
83080.747125 83800.29343333333 72 72
83770.402125 91079.87012500002 72 81
101147.90222499998 102119.08947499997 72 48
102276.98422499996 102731.90872499996 72 51
103047.69822499994 103679.27722499995 72 66
103679.27722499995 104638.03979999994 72 69
107364.03947499995 108054.05947499996 72 80
113409.75459999997 114377.49684999997 72 50
114377.49684999997 115022.65834999997 72 50
124471.72759999998 125748.32359999999 72 70
126400.49759999999 127052.6716 72 65
129052.67109999999 130357.0191 72 65
129704.8451 131046.67409999999 72 66
130357.0191 131079.2828 72 72
131046.67409999999 138356.1420999999 72 81
148474.0209749998 149448.1784749998 72 48
149606.0732249998 150066.99822499978 72 51
150382.7877249998 151014.36672499977 72 66
151014.36672499977 151975.70661874977 72 69
154701.5957249998 155391.61572499975 72 80
168637.62093333286 169274.8111416662 72 42
169274.8111416662 169925.27051666618 72 44
169925.27051666618 170648.1620166662 72 40
170648.1620166662 172582.07756041616 72 50
173207.33964166616 173915.79480833278 72 50
174356.45389166608 174551.75559999945 72 46
177737.18239166605 179020.64189166602 72 53
180230.319704166 180366.815966666 72 60
180871.210141666 181050.557991666 72 64
181537.439516666 181709.012266666 72 68
182885.3274749993 183304.58348333262 72 64
186299.08823333264 186958.42873333264 72 51
189595.79073333263 190262.45723333265 72 43
200198.75927499926 200835.3895666659 72 42
200835.3895666659 201485.8489416659 72 44
201485.8489416659 202208.7404416659 72 40
202208.7404416659 204140.22981874915 72 50
204765.49189999915 205473.94706666577 72 50
205914.60614999908 206109.90785833244 72 46
209295.33464999904 210578.79414999904 72 53
211788.471962499 211924.968224999 72 57
212428.485837499 212605.90524999902 72 63
213096.417712499 213270.018899999 72 69
214449.403399999 214858.691649999 72 60
217853.196399999 218512.536899999 72 51
221149.89889999898 221816.565399999 72 43
225006.752899999 226201.04889999903 72 51
227653.28764999902 228556.625399999 72 47
229201.78689999902 230985.33639999904 72 53
232738.84339999902 234757.17539999896 72 71
238104.56464999894 239242.03064999892 72 60
241477.60906666555 242599.20206666554 72 66
244858.36206666555 245458.67481666553 72 61
245458.67481666553 246070.91981666553 72 61
246070.91981666553 246700.27231666553 72 60
253756.74760833214 254928.17610833215 72 51
256380.41485833214 257283.7526083321 72 47
257928.91410833216 259712.4636083322 72 53
261465.97060833222 263484.30260833225 72 71
266831.6918583322 267969.15785833215 72 60
270204.7362749988 271326.32927499886 72 66
273585.4892749989 274185.80202499893 72 61
274185.80202499893 274798.0470249989 72 61
274798.0470249989 275446.8360249989 72 60
289233.2760916656 289892.4733916657 72 34
289892.4733916657 290555.91186666576 72 35
290555.91186666576 291317.3390666658 72 34
291317.3390666658 293282.0835249994 72 38
297917.0647333326 299974.6145833326 72 50
299942.09073333256 300375.7420666659 72 52
300375.7420666659 300592.5677333325 72 46
300592.5677333325 301204.8762333325 72 52
301204.8762333325 301850.03773333255 72 47
302524.1952333325 303904.4012333325 72 48
308856.17623333255 309143.79085833253 72 63
309143.79085833253 309810.4573583325 72 56
325172.33510833257 327542.5386083325 72 54
327881.1391083325 329290.7736729159 72 47
329933.21560833254 330900.9578583325 72 50
330900.9578583325 331546.1193583326 72 50
340962.6556083325 342239.25160833244 72 67
342891.42560833244 343549.2718583324 72 64
345549.27135833236 346201.44535833236 72 65
346201.44535833236 346853.61935833236 72 66
346853.61935833236 347543.2743583324 72 72
347543.2743583324 354819.40903333237 72 81
364907.2970833324 365878.48433333234 72 48
366036.3790833324 366491.30358333234 72 51
366807.0930833324 367438.67208333244 72 66
367438.67208333244 368397.43465833244 72 69
371123.4343333326 371813.4543333326 72 76
383121.29683333274 385377.81875833287 72 49
389160.47733333305 389908.459614583 72 34
27902.859000000015 28580.06000000001 73 52
59962.899125 60640.100125000004 73 52
77804.72687499998 78497.37270833332 73 70
95357.209725 95749.46922499998 73 50
95749.46922499998 97144.59710416665 73 55
125110.02559999998 125805.38882499999 73 70
142637.29897499984 143051.20622499986 73 49
143051.20622499986 144480.47688124984 73 55
172563.2603499995 173250.8179083328 73 51
179020.64189166602 180230.319704166 73 57
180310.964891666 180884.79709999933 73 74
180952.731891666 181583.41651666598 73 80
181623.64639166597 182363.68722291596 73 89
182355.35389166596 182720.26609166595 73 90
182787.5737749993 182915.0304499993 73 57
182985.43448333262 183661.72623333265 73 64
185969.41798333265 186474.91236666596 73 47
186958.42873333264 187617.76923333263 73 47
204121.4126083325 204808.9701666658 73 51
210578.79414999904 211788.471962499 73 57
211869.117149999 212441.92670208236 73 72
212509.13102499902 213143.47654583232 73 78
213184.653024999 213924.787493749 73 86
213916.360524999 214306.0708583323 73 95
214353.24064999897 214498.90835833232 73 56
214549.413399999 215215.834399999 73 61
217523.526149999 218029.02053333234 73 44
218512.536899999 219171.877399999 73 47
227344.00939999902 227962.56589999903 73 50
246700.27231666553 247296.71749166556 73 63
247006.39481666556 247328.97556666555 73 55
247328.97556666555 247928.1637833322 73 53
256071.13660833216 256689.6931083321 73 50
275446.8360249989 276043.3483749989 73 63
275756.11427499895 276075.2632749989 73 55
276075.2632749989 276668.61619999894 73 53
293964.6354583327 294683.5270437494 73 37
323791.6588583326 324468.85985833255 73 54
341600.95360833243 342293.59944166575 73 70
359123.3200833324 359515.57958333247 73 51
359515.57958333247 360910.70746249915 73 55
4344.508999999999 4561.334666666667 74 47
13094.208375 13285.294033333334 74 57
20982.662750000003 21304.620250000007 74 50
28241.45950000001 28613.92005000001 74 48
31653.738750000008 32040.307654166674 74 47
36428.71325 36645.538916666665 74 47
45164.683000000005 45355.29294791666 74 56
53042.70287500001 53364.66037500001 74 50
60301.499625000004 60786.82700833334 74 48
63713.778874999996 64103.169449999994 74 47
66749.617375 67394.778875 74 54
78769.11187499997 79135.95974999998 74 58
94675.391725 95016.300725 74 49
95016.300725 95723.31859166666 74 52
97105.70822499998 98094.95547499998 74 50
99419.84047499998 99799.58722499998 74 49
99799.58722499998 101178.80111041664 74 49
107716.98072499996 108391.13822499996 74 53
114054.91609999997 114700.07759999998 74 54
126074.41059999999 126443.97586666666 74 58
141955.48097499987 142296.38997499988 74 49
142296.38997499988 143033.96008958318 74 53
144438.81022499985 145428.05747499983 74 50
146752.94247499979 147125.7059749998 74 50
147125.7059749998 148507.72884999978 74 49
155054.53697499976 155728.69447499973 74 51
300267.3292333326 300484.1548999992 74 47
308993.79085833253 309191.0130687492 74 57
316871.4626083325 317193.4201083326 74 50
324130.2593583326 324502.71990833257 74 49
327542.5386083325 327931.9291833325 74 47
330578.3771083325 331223.5386083326 74 54
342565.33860833244 342930.2937645824 74 65
358441.5020833324 358782.41108333244 74 51
358782.41108333244 359476.3536333325 74 53
360871.81858333247 361854.35033333243 74 51
363179.2353333324 363558.9820833324 74 49
363558.9820833324 364938.195968749 74 49
371476.37558333256 372150.5330833326 74 53
89746.53712500002 91079.87012500002 75 51
90413.20362500001 91690.98108333335 75 48
91079.87012500002 91750.38703333333 75 47
91740.48604166668 91819.01450833335 75 39
91886.97570000002 92011.33465833335 75 42
92030.20257500002 92105.40974166669 75 42
92172.17315000002 92251.20436666669 75 39
92314.53882500001 92970.84672500001 75 46
93993.57372500001 94371.41453333333 75 51
94334.482725 94999.255275 75 53
137022.8090999999 138356.1420999999 75 51
137689.47559999992 138945.03084166656 75 50
138356.1420999999 139016.78876458327 75 46
139014.33778333323 139112.09148333324 75 40
139160.1683999999 139274.0082999999 75 43
139302.0456749999 139395.50849166655 75 45
139443.7721249999 139522.89258333322 75 43
139589.95124166657 140250.93597499988 75 47
141273.66297499987 141614.57197499985 75 51
141614.57197499985 142285.02634166653 75 54
178375.48039166603 179297.5237020827 75 61
182688.68714166596 182816.69999999928 75 64
183304.58348333262 183700.1877624993 75 56
185639.74773333265 186299.08823333264 75 47
186628.75848333264 186980.4067499993 75 47
209933.63264999902 210855.67596041568 75 61
214253.439274999 214400.85969166565 75 60
214858.691649999 215254.29592916567 75 53
217193.85589999903 217853.196399999 75 47
218182.866649999 218534.51491666568 75 44
225612.81339999902 227653.28764999902 75 58
244858.36206666555 245458.67481666553 75 72
245458.67481666553 246070.91981666553 75 73
246070.91981666553 246700.27231666553 75 72
254356.74760833214 256380.41485833214 75 58
273585.4892749989 274185.80202499893 75 72
274185.80202499893 274798.0470249989 75 73
274798.0470249989 275446.8360249989 75 72
353519.4093583324 354186.07585833233 75 51
354186.07585833233 354852.7423583324 75 50
354852.7423583324 355509.6049833324 75 47
355509.6049833324 355630.7354208324 75 39
355654.5449416657 355773.1432958324 75 39
355796.507774999 355913.33833749907 75 42
355937.3767958324 356020.4348791657 75 40
356082.9168333324 356736.95708333235 75 42
357759.68408333237 358100.5930833324 75 51
358100.5930833324 358748.32018333237 75 54
27577.691000000013 28241.45950000001 76 47
31315.13825000001 31992.339250000008 76 48
59637.731125000006 60301.499625000004 76 50
63375.178374999996 64052.379375000004 76 48
78443.02487499997 79095.19887499997 76 72
89048.86262500002 90096.53703750002 76 56
98094.95547499998 98740.11697499998 76 51
99062.69772499998 99774.27077499998 76 54
108054.05947499996 108728.21697499997 76 54
125748.32359999999 126400.49759999999 76 70
136325.13459999993 137372.8090124999 76 56
145428.05747499983 146073.2189749998 76 53
146395.7997249998 147110.17416249978 76 54
155391.61572499975 156065.77322499972 76 54
323466.4908583326 324130.2593583326 76 52
327203.9381083325 327881.1391083325 76 48
342239.25160833244 342891.42560833244 76 72
352821.7348583324 353519.4093583324 76 56
361854.35033333243 362499.5118333324 76 53
362822.0925833324 363546.32385833235 76 52
371813.4543333326 372487.6118333326 76 57
4982.2474999999995 5407.905404166667 77 40
27252.523000000012 27902.859000000015 77 51
28580.06000000001 29283.53525000001 77 49
37060.07424999999 37484.476358333326 77 43
59312.56312500001 59962.899125 77 51
60640.100125000004 61343.57537500001 77 49
87003.52012500001 89092.46728125002 77 66
91814.11254583336 91944.66800000002 77 40
91958.95371250002 92077.37236666668 77 42
92100.73684583335 92201.29937500002 77 42
92246.15386250002 92539.02865833335 77 38
92629.93772500003 93004.937625 77 50
93652.66472500001 94334.482725 77 54
97772.37472499997 98417.53622499997 77 54
98740.11697499998 99419.84047499998 77 53
101822.05972499997 102434.87897499996 77 57
102889.80347499995 103521.38247499995 77 58
108391.13822499996 108942.50263749997 77 47
134279.79209999996 134975.18101666658 77 66
134946.45859999995 136371.64623333325 77 60
139087.81962916657 139179.3991666666 77 42
139231.55548749992 139329.8234499999 77 45
139371.92359583324 139463.18960833322 77 45
139517.89258333325 139819.11790833322 77 42
139910.02697499987 140287.8677833332 77 47
140932.75397499985 141600.3674333332 77 54
145105.47672499984 145750.63822499983 77 56
146073.2189749998 146752.94247499979 77 53
149148.1784749998 149763.96797499977 77 57
150224.8929749998 150856.4719749998 77 58
155728.69447499973 156280.05888749973 77 47
183661.72623333265 185969.41798333265 77 47
215215.834399999 217523.526149999 77 47
238675.99314999892 239808.06814999893 77 60
240374.1056499989 241014.6461499989 77 65
242043.64656666556 243154.75756666556 77 68
243726.18606666554 244858.36206666555 77 69
244858.36206666555 245458.67481666553 77 72
245458.67481666553 246070.91981666553 77 73
246070.91981666553 246700.27231666553 77 72
246700.27231666553 247296.71749166556 77 63
267403.1203583322 268535.19535833213 77 60
269101.23285833217 269741.77335833217 77 65
270770.77377499884 271881.8847749989 77 68
272453.3132749989 273585.4892749989 77 69
273585.4892749989 274185.80202499893 77 72
274185.80202499893 274798.0470249989 77 73
274798.0470249989 275446.8360249989 77 72
275446.8360249989 276043.3483749989 77 63
300895.5979833325 301323.15584166587 77 49
323141.32285833254 323791.6588583326 77 54
324468.85985833255 325172.33510833257 77 49
350776.39235833235 352865.33951458236 77 66
355582.65850416577 355725.9735041657 77 39
355725.9735041657 355819.8722541657 77 40
355866.1685458324 355961.4152541657 77 40
356010.4348791658 356305.1390166657 77 40
356396.04808333237 356771.04798333236 77 47
357418.7750833324 358066.5021833324 77 54
361531.76958333247 362176.9310833324 77 56
362499.5118333324 363179.2353333324 77 53
365581.45458333235 366194.27383333235 77 57
366649.1983333324 367280.7773333324 77 58
372150.5330833326 372701.8974958325 77 53
385077.81883333286 385744.48533333285 77 54
385744.48533333285 386411.15183333296 77 56
386411.15183333296 387171.0873333329 77 53
20016.790250000002 21143.641500000005 79 74
23931.550000000007 25824.358062500007 79 73
26927.35500000001 27577.691000000013 79 46
52076.830375000005 53203.68162500001 79 74
55991.59012500002 57884.39818750001 79 73
58987.39512500001 59637.731125000006 79 49
86365.222125 87022.96456458335 79 70
92970.84672500001 93993.57372500001 79 55
98417.53622499997 99062.69772499998 79 59
133641.49409999995 134302.01431666664 79 70
140250.93597499988 141273.66297499987 79 54
145750.63822499983 146395.7997249998 79 59
239808.06814999893 240914.6461499989 79 66
243154.75756666556 244297.61456666555 79 72
268535.19535833213 269641.77335833217 79 66
271881.8847749989 273024.7417749989 79 72
315905.5901083326 317032.4413583326 79 73
319820.3498583326 321713.1579208326 79 72
322816.15485833253 323466.4908583326 79 50
350138.09435833234 350795.8367979157 79 70
356736.95708333235 357759.68408333237 79 58
362176.9310833324 362822.0925833324 79 58
239242.03064999892 240374.1056499989 80 59
242599.20206666554 243726.18606666554 80 66
267969.15785833215 269101.23285833217 80 59
271326.32927499886 272453.3132749989 80 66
25737.932625000005 25910.78350000001 81 56
26602.18700000001 27252.523000000012 81 55
28918.660500000013 29320.216970833342 81 46
57797.972750000015 57970.82362500001 81 56
58662.22712500001 59312.56312500001 81 52
60978.70062500001 61383.07876666667 81 48
85726.92412499999 86407.77532500001 81 69
102434.87897499996 103047.69822499994 81 65
133003.19609999997 133686.70687499997 81 69
149763.96797499977 150382.7877249998 81 65
321626.73248333257 321799.5833583325 81 56
322490.98685833253 323141.32285833254 81 56
324807.46035833255 325211.8384999992 81 48
349499.7963583323 350180.64755833236 81 69
366194.27383333235 366807.0930833324 81 65
83770.402125 85859.902875 82 81
131046.67409999999 133136.17484999998 82 81
347543.2743583324 349632.77510833234 82 81
25824.358062500007 26256.48525000001 83 49
26256.48525000001 26927.35500000001 83 49
57884.39818750001 58316.52537500001 83 49
58316.52537500001 58987.39512500001 83 49
321713.1579208326 322145.2851083325 83 49
322145.2851083325 322816.15485833253 83 51
25910.78350000001 26602.18700000001 84 55
57970.82362500001 58662.22712500001 84 53
321799.5833583325 322490.98685833253 84 58
