44213.44574999996 44621.14394999996 46 29
175656.51811249997 176448.80611249994 46 36
233611.73186249973 234324.46573749973 46 50
259472.11955624938 265224.3275562494 46 21
39330.36299999998 40144.14299999998 48 54
40957.92299999997 41565.535499999976 48 37
45820.112749999964 46362.8460833333 48 30
47438.029749999965 48232.36624999996 48 30
54016.23674999993 54842.56884999994 48 28
60591.51774999991 61417.84984999991 48 28
73630.05924999987 75406.15458333319 48 37
80199.76074999987 81026.09284999987 48 28
86775.04174999992 87601.37384999992 48 28
99902.1869999999 101643.18023749991 48 33
111364.26899999983 112175.07999999983 48 50
112985.89099999983 113526.4316666665 48 43
114611.2004374998 115048.03521249983 48 38
116178.55537083319 116563.29368333319 48 37
170773.43536249988 171587.21536249988 48 69
172400.99536249987 173008.6078624999 48 44
177263.1851124999 177805.91844583323 48 36
178881.10211249994 179731.38561249993 48 36
235240.66386249973 235972.57511249973 48 50
37681.46149999999 38495.24149999998 49 46
42596.631749999964 43410.411749999956 49 34
45005.73374999996 45412.33362499996 49 23
169124.53386249987 169938.31386249987 49 63
174039.70411249995 174853.48411249995 49 41
176448.80611249994 176855.40598749992 49 28
9715.887166666662 10518.921166666662 50 41
11339.213166666661 12152.993166666662 50 36
16266.314666666667 16685.673908333334 50 36
17091.283666666666 17697.491416666668 50 33
17891.21466666667 18626.12156666667 50 36
18705.50766666667 19474.363566666667 50 31
36017.634166666656 36831.414166666655 50 44
68774.2272499999 70411.9594999999 50 27
95005.63574999994 96643.36799999994 50 29
141202.0533729165 142005.0873729165 50 41
142825.37937291648 143639.15937291647 50 36
147752.48087291647 148171.84011458314 50 36
148577.44987291648 149183.65762291648 50 33
149377.3808729165 149993.20862291649 50 36
150191.6738729165 150812.03862291647 50 31
167460.70652916655 168003.22652916654 50 63
234019.00836249974 234505.51366249972 50 54
236864.47261249973 237700.94261249973 50 50
238097.0866124997 239888.40727916636 50 49
261541.08555624943 265224.3275562494 50 18
8102.479666666663 8635.50483333333 51 36
12988.271166666662 13796.606166666661 51 36
13796.606166666661 14401.496166666662 51 31
14604.941166666664 15429.193666666664 51 34
15429.193666666664 16266.314666666667 51 27
34382.878166666655 34924.058499999985 51 39
139588.64587291647 140121.67103958316 51 36
144474.4373729165 144893.03618541648 51 36
145282.7723729165 145887.66237291647 51 31
146091.10737291648 146833.98187291645 51 34
146915.35987291648 147666.43467291645 51 27
165853.3269979166 166334.84365416653 51 53
235658.89886249974 236155.3301624997 51 54
239747.0246124997 240781.50761249967 51 40
241414.04298749965 242244.7767374996 51 40
52372.92724999994 53387.126249999936 52 29
54016.23674999993 54824.412249999936 52 34
58948.208249999916 59962.40724999992 52 29
60591.51774999991 61399.69324999992 52 34
78556.45124999987 79570.65024999986 52 29
80199.76074999987 81007.93624999987 52 34
85131.73224999991 86145.9312499999 52 29
86775.04174999992 87583.21724999991 52 34
115427.48802083316 115862.93028333319 52 33
116900.33968333318 117292.23768333315 52 32
10518.921166666662 11339.213166666661 53 35
12152.993166666662 12988.271166666662 53 31
16678.799166666668 17503.76816666667 53 29
19563.569666666666 20371.90466666667 53 36
22888.211666666673 23712.274666666675 53 36
24536.337666666674 25794.491166666678 53 36
36831.414166666655 37681.46149999999 53 42
38495.24149999998 39105.57649999998 53 50
43410.411749999956 44213.44574999996 53 27
46624.249749999966 47438.029749999965 53 26
49085.286749999956 50099.48574999995 53 27
50728.596249999944 51554.928349999944 53 32
55660.56774999994 56674.76674999992 53 32
57303.87724999992 58128.55874999992 53 32
62235.84874999991 63439.0614374999 53 32
75268.81074999986 76099.01412499986 53 32
76912.12024999986 77736.80174999987 53 28
81844.09174999988 82858.29074999988 53 32
83487.4012499999 84312.08274999991 53 32
88419.37274999992 89622.58543749993 53 32
101942.2314999999 102664.07937499991 53 50
112175.07999999983 112985.89099999983 53 50
113796.70199999983 114404.81024999982 53 35
117698.13768333315 124358.44552083309 53 37
124166.08645833308 129733.05926458312 53 41
142005.0873729165 142825.37937291648 53 35
143639.15937291647 144474.4373729165 53 29
148164.96537291646 148989.93437291647 53 31
151020.3718729165 151828.7068729165 53 36
154316.32887291652 155140.39187291652 53 36
155964.45487291654 156838.41729791652 53 36
168274.48652916652 169124.53386249987 53 60
169938.31386249987 170548.64886249986 53 62
174853.48411249995 175656.51811249997 53 32
178067.32211249994 178881.10211249994 53 31
180650.51411249992 181664.71311249994 53 32
185581.46411249993 186407.7962124999 53 28
192173.63261249987 192999.96471249987 53 28
205283.2568624998 207088.55469583315 53 37
211882.1608624998 212708.4929624998 53 28
218413.66936249982 219217.58046249978 53 28
231553.38836249977 233611.73186249973 53 37
237282.7076124997 238097.0866124997 53 54
243041.60298749956 243855.38298749956 53 50
244669.16298749956 245279.49798749952 53 43
246342.40446458283 246779.30642708275 53 38
247890.94898333267 248285.30296249932 53 37
261541.08555624943 265224.3275562494 53 20
32759.33716666666 33300.517499999994 54 36
35182.35616666665 36017.634166666656 54 36
68774.2272499999 70411.9594999999 54 27
95005.63574999994 96643.36799999994 54 29
164243.33337291653 165042.81137291656 54 36
165042.81137291656 165512.36888124992 54 39
166625.42852916653 167139.41552916652 54 57
6490.914666666664 7033.434666666664 55 36
8887.775166666663 9430.295166666661 55 35
13395.161166666661 14198.051166666663 55 27
40144.14299999998 40957.92299999997 55 36
41766.25799999997 42368.42549999997 55 27
44609.58974999996 45401.87774999996 55 22
45401.87774999996 45917.970231249965 55 22
48232.36624999996 49085.286749999956 55 26
51536.77174999994 52518.85507291661 55 23
52372.92724999994 52985.68124999994 55 35
54824.412249999936 55677.7357291666 55 26
58112.052749999915 59094.13607291658 55 23
58948.208249999916 59560.96224999992 55 35
61399.69324999992 62253.01672916657 55 26
70401.78724999989 72047.20439791655 55 35
77720.29574999986 78702.37907291653 55 22
78556.45124999987 79169.20524999987 55 35
81007.93624999987 81861.25972916654 55 26
84295.5767499999 85277.66007291658 55 23
85131.73224999991 85744.48624999991 55 35
87583.21724999991 88436.54072916659 55 26
96633.19574999994 98279.1553124999 55 35
100715.9669999999 101643.18023749991 55 40
103581.5794999999 104313.4907499999 55 50
124568.91539583309 124992.26767708309 55 37
137977.08087291647 138519.60087291646 55 36
140373.9413729165 140916.4613729165 55 35
144881.3273729165 145684.2173729165 55 27
171587.21536249988 172400.99536249987 55 62
173209.33036249992 173811.49786249993 55 32
176052.66211249994 176463.66151249994 55 27
176844.95011249994 177361.04259374988 55 27
179731.38561249993 180650.51411249992 55 31
200397.21311249989 202028.97024999987 55 30
226637.8323624998 228275.56461249982 55 33
234426.2848624997 234831.14209166644 55 50
239747.0246124997 240781.50761249967 55 40
241414.04298749965 242244.7767374996 55 40
29471.696666666674 30285.17316666667 56 36
31115.006166666666 31923.181666666664 56 36
43003.52174999996 43429.06087499996 56 22
43817.30174999996 44609.58974999996 56 23
46232.14424999997 46629.33587499997 56 26
47031.139749999966 47454.98349999996 56 26
160955.69287291658 161769.16937291657 56 46
162599.00237291658 163407.17787291654 56 41
174446.59411249997 174872.13323749995 56 27
175260.37411249997 176052.66211249994 56 28
177675.2166124999 178072.40823749994 56 31
178474.21211249995 178898.05586249995 56 31
238922.05561249968 239888.40727916636 56 47
3220.960999999999 4024.6039999999994 57 36
4860.515999999999 5664.158999999998 57 30
17503.76816666667 17920.777843750002 57 33
24536.337666666674 25794.491166666678 57 36
49085.286749999956 49698.04074999996 57 38
50728.596249999944 51536.77174999994 57 38
55660.56774999994 56273.32174999993 57 38
57303.87724999992 58112.052749999915 57 38
62235.84874999991 63439.0614374999 57 38
68774.2272499999 70411.9594999999 57 27
72029.34724999988 72855.61326249987 57 40
73630.05924999987 74457.7621458332 57 44
75268.81074999986 75881.56474999986 57 38
76912.12024999986 77720.29574999986 57 33
81844.09174999988 82456.84574999989 57 38
83487.4012499999 84295.5767499999 57 38
88419.37274999992 89622.58543749993 57 38
95005.63574999994 96643.36799999994 57 29
98260.75574999991 99095.85787499991 57 40
99902.1869999999 100732.9207499999 57 42
102354.71599999991 102846.42929999992 57 54
105205.3882499999 106041.8582499999 57 50
106438.00224999992 108229.32291666658 57 49
111769.67449999982 112580.48549999982 57 43
112580.48549999982 112997.71532708316 57 38
113391.29649999982 113999.40474999983 57 31
114202.10749999982 114692.57606666647 57 33
120932.46372708312 121746.24372708311 57 35
124166.08645833308 124821.52627083308 57 41
124977.92664374976 125703.94145624977 57 40
134707.12720624974 135510.77020624976 57 36
136346.68220624977 137150.32520624978 57 36
148989.93437291647 149406.94404999982 57 33
155964.45487291654 156838.41729791652 57 36
180650.51411249992 181263.26811249994 57 38
183938.1546124999 184952.35361249992 57 29
185581.46411249993 186389.63961249992 57 34
190530.32311249987 191544.5221124999 57 29
192173.63261249987 192783.73611249987 57 34
210238.8513624998 211253.0503624998 57 33
211882.1608624998 212690.33636249977 57 34
216814.13236249975 217828.3313624998 57 29
218413.66936249982 219001.3518624998 57 34
236077.13386249973 236485.30221666637 57 50
247145.22882291605 247532.72882291602 57 33
248627.11141458264 249022.5852562493 57 32
1607.286 2136.74 58 36
7288.699666666664 8102.479666666663 58 32
8509.369666666664 8892.861291666663 58 33
9294.66516666666 9734.536291666662 58 36
10122.777166666661 10915.065166666662 58 30
10915.065166666662 11357.86229166666 58 28
11746.10316666666 12559.883166666661 58 26
12559.883166666661 13006.920291666662 58 27
18308.57716666667 19035.132866666667 58 30
21218.026666666672 22042.089666666674 58 36
23712.274666666675 24330.321916666675 58 25
26206.52266666668 26749.25600000001 58 36
27824.439666666676 28360.47850000001 58 36
33558.81516666666 34382.878166666655 58 32
34794.90966666665 35190.83304166665 58 33
35589.24616666666 36034.58791666665 58 36
36424.524166666655 37102.67416666665 58 35
37247.370999999985 37698.41524999999 58 40
38088.35149999999 38902.13149999998 58 45
38902.13149999998 39349.01212499999 58 45
39737.25299999998 40551.032999999974 58 36
40551.032999999974 40978.26749999997 58 36
41364.81299999998 41966.98049999997 58 24
42167.702999999965 42608.49937499996 58 23
47844.91974999996 48249.31999999996 58 26
48639.25624999996 49102.454729166624 58 26
51536.77174999994 52372.92724999994 58 28
54824.412249999936 55660.56774999994 58 31
58112.052749999915 58948.208249999916 58 28
61399.69324999992 62235.84874999991 58 31
70401.78724999989 71349.50187499987 58 42
72824.36324999988 73645.26195624987 58 38
74440.87024999986 75406.15458333319 58 40
77720.29574999986 78556.45124999987 58 27
81007.93624999987 81844.09174999988 58 31
84295.5767499999 85131.73224999991 58 28
87583.21724999991 88419.37274999992 58 31
96633.19574999994 97580.91037499992 58 42
99063.64574999991 99917.4453749999 58 38
103999.8144999999 104496.2457999999 58 54
108087.94024999991 109020.70074999989 58 40
109725.86824999987 110556.60199999984 58 40
115027.67138749982 115456.83840833316 58 31
115806.68028333317 116252.62947083318 58 31
116548.92587083319 116922.14199583317 58 32
117267.14737083316 117782.90643333313 58 32
123353.0097708331 124358.44552083309 58 34
124568.91539583309 124992.26767708309 58 37
125408.15764374976 125862.28407291643 58 37
131486.16620624976 132021.92820624975 58 36
133093.45220624976 133622.90620624975 58 36
138774.86587291647 139588.64587291647 58 32
139995.5358729165 140379.02749791648 58 33
140780.83137291652 141220.7024979165 58 36
141608.9433729165 142401.23137291646 58 30
142401.23137291646 142844.02849791647 58 28
143232.2693729165 144046.0493729165 58 25
144046.0493729165 144493.0864979165 58 26
149794.74337291648 150397.68962291648 58 30
152646.1438729165 153078.7769479165 58 36
155140.39187291652 155758.43912291655 58 25
157689.66837291652 158233.2522062499 58 36
159308.4358729166 159844.47470624992 58 40
164655.36487291654 165056.5457562499 58 32
165454.93643541657 165858.19712916657 58 38
166237.9820291665 166727.15102916653 58 45
167032.3185291665 167477.66027916654 58 52
167867.59652916653 168545.74652916653 58 54
168690.44336249988 169141.48761249988 58 51
169531.42386249988 170345.20386249988 58 55
170345.20386249988 170792.08448749987 58 57
171180.32536249986 171994.1053624999 58 53
171994.1053624999 172421.33986249988 58 48
172807.8853624999 173410.05286249993 58 29
173610.77536249993 174051.57173749997 58 28
179287.99211249992 179749.0759666666 58 31
180155.95411249992 180667.6820916666 58 31
182293.82361249995 183120.15571249992 58 32
187242.6826124999 188256.8816124999 58 32
188885.9921124999 189710.67361249987 58 32
193817.96361249988 195021.1762999999 58 32
206951.2108624998 207781.41423749982 58 30
208594.5203624998 209419.2018624998 58 28
213526.49186249977 214540.6908624998 58 32
215169.80136249977 215994.48286249975 58 32
220040.5961124998 220912.61667499982 58 32
237700.94261249973 238940.961152083 58 45
239747.0246124997 240781.50761249967 58 48
243855.38298749956 244669.16298749956 58 50
245482.94298749953 246093.2779874995 58 35
249428.48525624932 256026.9036562493 58 37
255896.4340312493 256725.46107083265 58 32
257547.0464895826 258432.6292437493 58 32
259472.11955624938 265224.3275562494 58 27
14198.051166666663 14625.809291666663 59 27
126271.58729999978 126736.82351041645 59 41
127189.50673749979 127942.20387291645 59 47
145684.2173729165 146111.97549791646 59 27
199949.45211249986 200397.21311249989 59 39
200397.21311249989 202028.97024999987 59 33
226172.08461249975 226637.8323624998 59 39
226637.8323624998 228275.56461249982 59 35
4024.6039999999994 4860.515999999999 60 27
5664.158999999998 6199.920999999998 60 27
15022.303666666665 15836.083666666666 60 27
20371.90466666667 21218.026666666672 60 30
24536.337666666674 25794.491166666678 60 36
30285.17316666667 31115.006166666666 60 29
31923.181666666664 32759.33716666666 60 30
49497.31824999996 49898.76324999995 60 30
49898.76324999995 50300.208249999945 60 30
50300.208249999945 50728.596249999944 60 30
51140.62774999994 51554.928349999944 60 28
51932.91574999994 52518.85507291661 60 28
52784.95874999995 53186.40374999994 60 30
53186.40374999994 53587.84874999993 60 30
53587.84874999993 54016.23674999993 60 30
54428.268249999936 54842.56884999994 60 31
55220.556249999936 55677.7357291666 60 31
56072.599249999934 56474.044249999926 60 30
56474.044249999926 56875.489249999926 60 30
56875.489249999926 57303.87724999992 60 30
57715.90874999992 58128.55874999992 60 28
58508.196749999915 59094.13607291658 60 28
59360.23974999992 59761.68474999991 60 30
59761.68474999991 60163.12974999991 60 30
60163.12974999991 60591.51774999991 60 30
61003.549249999916 61417.84984999991 60 31
61795.83724999991 62253.01672916657 60 31
68774.2272499999 70411.9594999999 60 32
75680.84224999986 76082.28724999985 60 30
76082.28724999985 76483.73224999984 60 30
76483.73224999984 76912.12024999986 60 30
77324.15174999986 77736.80174999987 60 27
78116.43974999987 78702.37907291653 60 27
78968.48274999986 79369.92774999986 60 30
79369.92774999986 79771.37274999985 60 30
79771.37274999985 80199.76074999987 60 30
80611.79224999987 81026.09284999987 60 31
81404.08024999988 81861.25972916654 60 31
82256.12324999989 82657.56824999988 60 30
82657.56824999988 83059.01324999987 60 30
83059.01324999987 83487.4012499999 60 30
83899.4327499999 84312.08274999991 60 28
84691.72074999992 85277.66007291658 60 28
85543.76374999991 85945.2087499999 60 30
85945.2087499999 86346.6537499999 60 30
86346.6537499999 86775.04174999992 60 30
87187.07324999991 87601.37384999992 60 31
87979.36124999993 88436.54072916659 60 31
95005.63574999994 96643.36799999994 60 34
105623.6232499999 106438.00224999992 60 54
118105.02768333313 118817.08518333314 60 35
120118.68372708312 121017.23247708312 60 34
121339.3537270831 122051.41122708311 60 35
124977.92664374976 125703.94145624977 60 40
125842.84395624977 126353.42926874978 60 38
126716.21808124978 127221.98551874979 60 44
127742.54958124978 129733.05926458312 60 53
135510.77020624976 136346.68220624977 60 27
137150.32520624978 137686.0872062498 60 29
146508.46987291647 147240.87187291647 60 27
151828.7068729165 152646.1438729165 60 30
155964.45487291654 156838.41729791652 60 36
161769.16937291657 162599.00237291658 60 41
163407.17787291654 164243.33337291653 60 40
183101.99911249994 184084.08243541658 60 23
183938.1546124999 184550.90861249992 60 35
186389.63961249992 187259.85059166656 60 27
189694.16761249988 190676.25093541652 60 23
190530.32311249987 191143.07711249986 60 35
192981.80811249986 193835.13159166655 60 29
199542.5621124999 199949.45211249986 60 40
202018.8351124999 203653.97062916655 60 35
209402.6958624998 210384.77918541644 60 22
210238.8513624998 210851.60536249977 60 33
212690.33636249977 213543.65984166643 60 26
215977.97686249975 216917.14023749976 60 23
216814.13236249975 217354.96079999977 60 35
219199.4238624998 220057.76409166647 60 26
225765.1946124998 226390.55236249976 60 40
228265.39236249978 229922.92390624975 60 35
232367.16836249974 233611.73186249973 60 40
241414.04298749965 242244.7767374996 60 48
257124.3767395826 257564.47294791593 60 29
258881.21055624937 259472.11955624938 60 24
259472.11955624938 261583.28937083273 60 36
27010.659666666677 27824.439666666676 61 31
28618.776166666674 29471.696666666674 61 31
158494.65587291657 159308.4358729166 61 35
160102.7723729166 160929.67442708326 61 38
803.643 1607.286 62 27
2392.004999999999 2921.245666666666 62 28
19117.539166666666 19752.58335416667 62 33
22042.089666666674 22888.211666666673 62 31
23300.243166666674 24124.306166666676 62 25
24124.306166666676 24558.042191666675 62 25
68774.2272499999 71012.12224999988 62 49
72824.36324999988 73645.26195624987 62 45
95005.63574999994 97243.53074999993 62 49
99063.64574999991 99917.4453749999 62 45
102767.20049999992 103172.05772916657 62 50
108087.94024999991 109020.70074999989 62 40
109725.86824999987 110556.60199999984 62 40
119304.90372708312 120139.02822708312 62 37
122539.22977083309 123373.3542708331 62 37
125408.15764374976 125862.28407291643 62 37
126271.58729999978 126736.82351041645 62 41
127189.50673749979 127942.20387291645 62 47
132289.80920624975 133093.45220624976 62 27
133878.17120624977 134407.41187291642 62 28
150603.70537291648 151120.73312291648 62 33
153470.20687291652 154316.32887291652 62 31
154728.3603729165 155552.42337291653 62 25
155552.42337291653 155986.15939791655 62 25
165395.8147999999 165530.94996666658 62 47
182293.82361249995 183101.99911249994 62 38
187242.6826124999 187855.43661249988 62 38
188885.9921124999 189694.16761249988 62 38
193817.96361249988 195021.1762999999 62 38
198299.2021124999 198717.43711249987 62 40
199135.6721124999 199561.2112374999 62 42
199949.45211249986 200397.21311249989 62 46
200397.21311249989 202028.97024999987 62 33
203640.45711249986 204483.36271458317 62 33
205283.2568624998 206157.29175833316 62 44
206951.2108624998 207563.96486249982 62 38
208594.5203624998 209402.6958624998 62 33
213526.49186249977 214139.24586249975 62 38
215169.80136249977 215977.97686249975 62 38
220040.5961124998 220912.61667499982 62 38
224521.83461249984 225102.13567499982 62 40
225358.3046124998 225783.8437374998 62 42
226172.08461249975 226637.8323624998 62 46
226637.8323624998 228275.56461249982 62 36
229911.20411249978 230747.05923749975 62 40
231553.38836249977 232384.61184166642 62 44
233152.12492499975 233611.73186249973 62 56
243448.49298749954 244262.27298749957 62 43
244262.27298749957 244681.03061249957 62 38
245076.05298749954 245686.3879874995 62 35
245889.83298749948 246376.99519166615 62 35
249835.3752562493 250547.43275624933 62 35
252662.8112999993 253476.5912999993 62 35
256299.2629687493 256725.46107083265 62 26
257547.0464895826 258022.5340937493 62 38
257970.54784791596 258432.6292437493 62 28
261541.08555624943 265224.3275562494 62 24
6897.804666666664 7312.434916666663 63 32
7695.589666666663 8122.8241666666645 63 32
15836.083666666666 16286.938891666665 63 27
33171.36866666667 33572.549549999996 63 32
33970.84666666666 34388.02856041666 63 32
107262.97124999992 108229.32291666658 63 47
118919.46099791647 119321.85747708312 63 35
122153.78704166645 122556.18352083309 63 35
125842.84395624977 126353.42926874978 63 38
126716.21808124978 127221.98551874979 63 44
127742.54958124978 129733.05926458312 63 53
138383.97087291648 138798.60112291647 63 32
139181.7558729165 139608.99037291648 63 32
147322.24987291647 147773.10509791647 63 27
164243.33337291653 165162.31330416657 63 73
165279.60781249992 165454.93643541657 63 46
165512.36888124992 165680.94996666658 63 47
183101.99911249994 183938.1546124999 63 28
186389.63961249992 187242.6826124999 63 27
189694.16761249988 190530.32311249987 63 28
192981.80811249986 193597.95786249987 63 29
197897.7571124999 198299.2021124999 63 40
198717.43711249987 199542.5621124999 63 47
199542.5621124999 199949.45211249986 63 47
202018.8351124999 202963.0920895832 63 42
204451.26811249982 205299.3282937498 63 35
206140.3998624998 207088.55469583315 63 36
209402.6958624998 210238.8513624998 63 27
212690.33636249977 213526.49186249977 63 31
215977.97686249975 216814.13236249975 63 28
219199.4238624998 219815.5736124998 63 31
224120.38961249983 224730.95211249983 63 40
224940.06961249982 225561.74961249979 63 47
225765.1946124998 226390.55236249976 63 47
228265.39236249978 229213.10698749978 63 42
230714.84711249973 231568.64673749977 63 38
234822.42886249977 235240.66386249973 63 60
246759.48090208278 247182.72882291605 63 33
247520.22882291605 247966.89838333268 63 33
248270.5970874993 248641.31595624928 63 32
248998.4415374993 249445.43900624933 63 32
251849.03129999933 252679.76504999932 63 34
255083.35734374932 256026.9036562493 63 34
256708.27421666597 257227.19284374928 63 32
257124.3767395826 257564.47294791593 63 37
258412.02381458264 259131.21055624937 63 32
258881.21055624937 259478.5850749994 63 30
48232.36624999996 49102.454729166624 64 38
54824.412249999936 55660.56774999994 64 42
61399.69324999992 62235.84874999991 64 42
71215.56724999988 72047.20439791655 64 44
74440.87024999986 75406.15458333319 64 38
75268.81074999986 76099.01412499986 64 40
81007.93624999987 81844.09174999988 64 42
87583.21724999991 88419.37274999992 64 42
97446.97574999993 98279.1553124999 64 44
100715.9669999999 101487.3626249999 64 45
104418.04949999989 104826.21785416658 64 50
165625.94996666658 165828.9763416666 64 48
179731.38561249993 180667.6820916666 64 44
401.8215 1205.4645 65 27
1205.4645 1635.74835625 65 27
2009.1074999999998 2408.5437708333325 65 28
2788.935499999999 3239.3778187499993 65 28
3622.7824999999993 4426.4254999999985 65 25
4426.4254999999985 4880.607074999999 65 24
5262.337499999999 6065.980499999998 65 22
6065.980499999998 6526.517541666664 65 23
19965.01466666667 20783.93616666667 65 30
20783.93616666667 21238.628241666673 65 25
21630.058166666673 22454.121166666675 65 28
22454.121166666675 22908.813241666674 65 30
26618.554166666676 27015.745791666675 65 31
27417.549666666677 27841.393416666677 65 31
28231.32966666668 28635.729916666674 65 31
29025.666166666673 29490.581443750005 65 31
29883.72816666667 30686.61816666667 65 27
30686.61816666667 31133.89094375 65 27
31527.037666666663 32319.325666666664 65 27
32319.325666666664 32774.78834791666 65 26
47438.029749999965 48249.31999999996 65 50
49085.286749999956 50750.91462291661 65 53
72029.34724999988 72855.61326249987 65 48
73630.05924999987 74457.7621458332 65 50
76082.28724999985 76929.28822916653 65 38
98260.75574999991 99095.85787499991 65 48
99902.1869999999 100732.9207499999 65 50
106041.8582499999 107281.87678958326 65 45
108087.94024999991 109020.70074999989 65 48
114506.16162499982 114692.57606666647 65 44
117405.44080833315 117673.04737083314 65 48
117698.13768333315 118817.08518333314 65 53
118511.91768333314 118967.96893541647 65 39
121746.24372708311 122202.29497916646 65 39
131887.98770624975 132308.22602499975 65 27
132691.63070624977 133121.91456249976 65 27
133495.27370624975 133894.70997708308 65 28
134275.10170624976 134725.54402499975 65 28
135108.94870624974 135912.59170624978 65 25
135912.59170624978 136366.77328124977 65 24
136748.5037062498 137552.1467062498 65 23
137552.1467062498 138012.68374791648 65 23
151421.81687291648 152240.7383729165 65 30
152240.7383729165 152666.7454479165 65 30
153058.1753729165 153882.23837291653 65 30
153882.23837291653 154336.93044791653 65 30
158102.55037291654 158499.74199791657 65 31
158901.54587291658 159325.38962291658 65 31
159715.32587291655 160119.7261229166 65 36
160509.6623729166 161003.76321458325 65 31
161367.72437291656 162170.61437291655 65 36
162170.61437291655 162621.32074583322 65 31
163011.03387291657 163803.32187291654 65 31
163803.32187291654 164282.8197249999 65 32
165162.31330416657 165378.92290416657 65 45
165738.5157791666 165858.19712916657 65 49
178881.10211249994 179749.0759666666 65 50
180650.51411249992 181062.5456124999 65 53
181062.5456124999 181463.99061249994 65 30
181463.99061249994 181865.43561249998 65 30
181865.43561249998 182293.82361249995 65 30
182705.85511249994 183120.15571249992 65 28
183498.1431124999 184084.08243541658 65 28
184350.1861124999 184751.63111249992 65 30
184751.63111249992 185153.07611249996 65 28
185153.07611249996 185581.46411249993 65 28
185993.49561249992 186407.7962124999 65 31
186785.7836124999 187259.85059166656 65 27
187654.71411249987 188056.1591124999 65 30
188056.1591124999 188457.60411249992 65 29
188457.60411249992 188885.9921124999 65 30
189298.02361249988 189710.67361249987 65 28
190090.31161249988 190676.25093541652 65 28
190942.35461249985 191343.7996124999 65 30
191343.7996124999 191745.2446124999 65 27
191745.2446124999 192173.63261249987 65 27
192585.66411249986 192999.96471249987 65 31
193377.95211249986 193835.13159166655 65 29
197496.3121124999 197916.15667499992 65 43
199135.6721124999 199561.2112374999 65 50
200397.21311249989 202028.97024999987 65 39
207363.24236249982 207764.68736249986 65 30
207764.68736249986 208166.13236249983 65 30
208166.13236249983 208594.5203624998 65 30
209006.5518624998 209419.2018624998 65 27
209798.8398624998 210384.77918541644 65 27
210650.88286249977 211052.3278624998 65 26
211052.3278624998 211453.7728624998 65 30
211453.7728624998 211882.1608624998 65 26
212294.19236249977 212708.4929624998 65 31
213086.48036249977 213543.65984166643 65 31
213938.52336249975 214339.96836249979 65 30
214339.96836249979 214741.4133624998 65 30
214741.4133624998 215169.80136249977 65 30
215581.83286249975 215994.48286249975 65 28
216374.12086249975 216917.14023749976 65 28
217226.16386249976 217627.6088624998 65 28
217627.6088624998 218029.0538624998 65 30
218029.0538624998 218413.66936249982 65 26
218803.2798624998 219217.58046249978 65 25
219595.5678624998 220057.76409166647 65 26
223718.9446124998 224138.78917499984 65 43
225358.3046124998 225783.8437374998 65 50
226637.8323624998 228275.56461249982 65 46
242939.88048749955 243107.72261249955 65 46
250242.26525624932 250698.31650833265 65 39
253069.70129999932 253781.7587999993 65 35
256299.2629687493 256725.46107083265 65 35
257970.54784791596 258432.6292437493 65 36
259472.11955624938 265224.3275562494 65 36
68367.3372499999 68774.2272499999 66 49
68774.2272499999 70411.9594999999 66 58
94550.86124999994 95005.63574999994 66 49
95005.63574999994 96643.36799999994 66 58
165853.3269979166 165975.08027916655 66 49
196665.5926124999 197078.0771124999 66 38
198299.2021124999 198717.43711249987 66 47
222888.22511249981 223461.0330291665 66 38
224521.83461249984 225102.13567499982 66 47
253884.13461458264 254286.53109374933 66 35
48639.25624999996 49102.454729166624 67 46
54016.23674999993 54824.412249999936 67 45
60591.51774999991 61399.69324999992 67 45
67960.4472499999 68367.3372499999 67 50
70401.78724999989 71012.12224999988 67 41
72824.36324999988 73219.10024999987 67 48
74440.87024999986 75406.15458333319 67 45
75268.81074999986 76082.28724999985 67 48
80199.76074999987 81007.93624999987 67 45
86775.04174999992 87583.21724999991 67 45
94143.97124999994 94550.86124999994 67 50
96633.19574999994 97243.53074999993 67 41
99063.64574999991 99606.1657499999 67 48
109725.86824999987 110556.60199999984 67 48
114611.2004374998 114788.58926458315 67 44
114788.58926458315 114958.0949854165 67 44
114963.1859416665 115110.8236729165 67 44
115134.26326041648 115261.5067354165 67 44
115301.1577854165 115427.48802083316 67 44
115466.33208333317 115626.14227916651 67 44
115626.14227916651 115784.80528333319 67 44
115784.80528333319 115928.55528333317 67 44
115942.44417708319 116096.76521874985 67 43
116096.76521874985 116178.55537083319 67 43
116252.62947083318 116408.49372291652 67 42
116408.49372291652 116548.92587083319 67 42
116548.92587083319 116724.38218333317 67 42
116724.38218333317 116856.73505833317 67 42
116900.33968333318 117009.35124583317 67 42
117075.79030833316 117191.87643333316 67 42
117267.14737083316 117553.08580833316 67 38
117553.08580833316 117782.90643333313 67 42
165950.72962291655 166119.31109166652 67 51
180155.95411249992 180667.6820916666 67 50
196269.4486124999 196665.5926124999 67 38
197078.0771124999 197897.7571124999 67 47
197897.7571124999 198299.2021124999 67 47
198717.43711249987 199542.5621124999 67 56
200397.21311249989 202626.94336249988 67 49
204451.26811249982 205299.3282937498 67 43
222492.0811124998 223094.46736249982 67 38
223300.7096124998 223919.6671124998 67 47
224120.38961249983 224730.95211249983 67 47
224940.06961249982 225561.74961249979 67 56
226637.8323624998 228875.72736249978 67 49
230714.84711249973 231568.64673749977 67 45
251035.25129999933 251869.3757999993 67 37
254269.57734374935 255103.70184374932 67 37
256708.27421666597 257227.19284374928 67 40
258412.02381458264 259131.21055624937 67 40
48232.36624999996 49085.286749999956 68 50
75881.56474999986 76099.01412499986 68 35
166047.19568541655 166237.9820291665 68 52
179731.38561249993 180650.51411249992 68 50
250649.80857083265 251052.20504999935 68 35
253476.5912999993 253932.64255208266 68 39
26879.95783333334 27015.745791666675 69 38
56273.32174999993 56674.76674999992 69 49
62848.6027499999 63439.0614374999 69 50
66717.0872499999 67135.3222499999 69 50
67553.5572499999 67979.09637499989 69 53
68367.3372499999 68774.2272499999 69 58
68774.2272499999 70411.9594999999 69 58
71113.84474999989 71215.56724999988 69 45
72554.09291666654 72855.61326249987 69 45
76082.28724999985 76929.28822916653 69 44
82456.84574999989 82858.29074999988 69 49
92900.61124999994 93318.84624999994 69 50
93737.08124999994 94162.62037499994 69 53
94550.86124999994 95005.63574999994 69 58
95005.63574999994 96643.36799999994 69 58
97345.25324999992 97446.97574999993 69 45
98796.0157499999 99095.85787499991 69 42
101478.8857499999 101643.18023749991 69 56
113999.40474999983 114404.81024999982 69 51
114701.37186874982 114854.87448541648 69 41
114875.51858541649 115027.67138749982 69 39
115048.03521249983 115217.97607291648 69 39
115217.97607291648 115360.6343604165 69 39
115385.0930166665 115547.02832083318 69 39
115547.02832083318 115694.18028333317 69 38
115705.11778333317 115806.68028333317 69 38
115862.93028333319 116019.60469791653 69 38
116019.60469791653 116175.46894999985 69 38
116175.46894999985 116331.33320208319 69 36
116331.33320208319 116485.65424374984 69 36
116485.65424374984 116592.02930833318 69 36
116636.14693333318 116812.61743333317 69 36
116812.61743333317 116922.14199583317 69 37
116987.54893333318 117098.11174583317 69 36
117168.14224583317 117292.23768333315 69 37
132155.86870624975 132308.22602499975 69 46
158363.95403958324 158499.74199791657 69 41
166143.04527916652 166334.84365416653 69 53
186389.63961249992 187242.6826124999 69 42
193377.95211249986 193817.96361249988 69 39
195873.3046124999 196279.3522124999 69 43
196665.5926124999 197078.0771124999 69 45
197496.3121124999 197916.15667499992 69 51
202829.64611249985 203653.97062916655 69 44
206140.3998624998 207781.41423749982 69 38
213086.48036249977 213543.65984166643 69 40
219815.5736124998 220057.76409166647 69 40
222095.9371124998 222501.9847124998 69 43
222888.22511249981 223461.0330291665 69 45
223718.9446124998 224138.78917499984 69 51
229079.17236249978 229922.92390624975 69 44
232367.16836249974 233160.84666458308 69 45
234663.97126249975 234822.42886249977 69 51
250884.64373749934 251035.25129999933 69 54
254118.96978124935 254269.57734374935 69 54
257334.9971270826 257564.47294791593 69 50
259131.21055624937 261583.28937083273 69 45
19117.539166666666 19563.569666666666 70 59
22454.121166666675 22908.813241666674 70 54
26206.52266666668 26749.25600000001 70 50
26749.25600000001 27010.659666666677 70 38
27010.659666666677 27824.439666666676 70 45
46493.547916666634 46629.33587499997 70 44
52372.92724999994 53387.126249999936 70 45
58948.208249999916 59962.40724999992 70 45
66315.6422499999 66717.0872499999 70 50
67135.3222499999 67960.4472499999 70 59
67960.4472499999 68367.3372499999 70 59
70401.78724999989 71062.98349999989 70 49
71062.98349999989 71164.70599999987 70 45
71164.70599999987 71349.50187499987 70 45
72289.08758333321 72824.36324999988 70 45
73087.52124999986 73630.05924999987 70 45
78556.45124999987 79570.65024999986 70 45
85131.73224999991 86145.9312499999 70 45
92499.16624999995 92900.61124999994 70 50
93318.84624999994 94143.97124999994 70 59
94143.97124999994 94550.86124999994 70 59
96633.19574999994 97294.39199999993 70 49
97294.39199999993 97396.11449999992 70 45
97396.11449999992 97580.91037499992 70 45
99334.9057499999 99673.9807499999 70 45
103163.34449999989 103581.5794999999 70 60
131486.16620624976 132021.92820624975 70 50
132021.92820624975 132289.80920624975 70 46
132289.80920624975 133093.45220624976 70 50
150812.03862291647 151020.3718729165 70 59
153882.23837291653 154336.93044791653 70 54
157689.66837291652 158233.2522062499 70 50
158233.2522062499 158494.65587291657 70 44
158494.65587291657 159308.4358729166 70 45
166237.9820291665 166431.70527916652 70 55
177936.6202791666 178072.40823749994 70 44
192981.80811249986 193597.95786249987 70 42
195461.27311249988 196269.4486124999 70 47
196269.4486124999 196665.5926124999 70 45
197078.0771124999 197897.7571124999 70 56
203640.45711249986 204483.36271458317 70 44
205283.2568624998 206157.29175833316 70 50
207764.68736249986 208611.68834166648 70 38
212690.33636249977 213526.49186249977 70 42
219199.4238624998 219385.9416624998 70 47
219397.49586249978 219815.5736124998 70 41
221683.9056124998 222294.00911249983 70 47
222492.0811124998 223094.46736249982 70 45
223300.7096124998 223919.6671124998 70 56
229911.20411249978 230747.05923749975 70 48
231553.38836249977 232384.61184166642 70 50
234324.46573749973 234505.51366249972 70 49
234426.2848624997 234584.74246249974 70 53
234584.74246249974 234743.20006249976 70 54
234743.20006249976 234831.14209166644 70 54
246203.57211249947 246305.99317291615 70 44
249135.78838124932 249403.39494374933 70 48
249428.48525624932 250547.43275624933 70 53
250547.43275624933 250698.31650833265 70 49
250649.80857083265 250747.83450833266 70 50
250807.96411458266 250892.58225833267 70 51
250959.99729999935 251052.20504999935 70 54
253069.70129999932 253781.7587999993 70 51
253781.7587999993 253932.64255208266 70 49
253884.13461458264 253982.16055208267 70 50
254042.29015833267 254126.90830208268 70 51
254194.32334374933 254286.53109374933 70 54
255896.4340312493 256551.87384374932 70 59
257547.0464895826 258022.5340937493 70 56
261541.08555624943 265224.3275562494 70 31
166334.84365416653 166528.56690416654 71 56
199949.45211249986 200397.21311249989 71 49
200397.21311249989 202028.97024999987 71 49
204451.26811249982 204689.44384374982 71 49
226390.55236249976 226637.8323624998 71 41
226637.8323624998 228275.56461249982 71 49
236311.72276249973 236468.11536249972 71 53
241414.04298749965 241820.9329874996 71 68
2264.3724999999995 2408.5437708333325 72 42
4860.515999999999 5664.158999999998 72 42
15836.083666666666 16286.938891666665 72 48
18705.50766666667 19117.539166666666 72 56
20783.93616666667 21238.628241666673 72 51
24536.337666666674 25382.459666666677 72 50
25794.491166666678 26304.38014791668 72 47
26618.554166666676 26879.95783333334 72 43
27417.549666666677 27841.393416666677 72 50
28489.62733333334 28635.729916666674 72 41
31115.006166666666 31923.181666666664 72 49
45820.112749999964 46362.8460833333 72 50
46362.8460833333 46624.249749999966 72 44
46624.249749999966 47438.029749999965 72 45
55660.56774999994 56474.044249999926 72 53
56474.044249999926 57089.68324999992 72 53
62235.84874999991 63049.3252499999 72 53
63049.3252499999 63879.1582499999 72 53
65914.1972499999 66334.0418124999 72 54
67553.5572499999 67979.09637499989 72 63
71012.12224999988 71113.84474999989 72 45
71215.56724999988 72029.34724999988 72 50
72029.34724999988 72418.95774999987 72 49
81844.09174999988 82657.56824999988 72 53
82657.56824999988 83273.20724999989 72 53
88419.37274999992 89232.84924999993 72 53
89232.84924999993 90062.68224999994 72 53
92097.72124999994 92517.56581249993 72 54
93737.08124999994 94162.62037499994 72 63
97243.53074999993 97345.25324999992 72 45
97446.97574999993 98260.75574999991 72 50
98260.75574999991 98796.0157499999 72 49
111364.26899999983 112580.48549999982 72 60
113796.70199999983 114202.10749999982 72 58
131243.17245624977 131586.62158124978 72 47
131887.98770624975 132155.86870624975 72 46
132691.63070624977 133121.91456249976 72 50
133750.53870624976 133894.70997708308 72 46
136346.68220624977 137150.32520624978 72 49
147322.24987291647 147752.48087291647 72 53
150397.68962291648 150603.70537291648 72 53
150603.70537291648 151003.0107687498 72 59
152240.7383729165 152666.7454479165 72 51
155964.45487291654 156253.8485395832 72 50
157454.04162291653 157787.72784791654 72 41
158102.55037291654 158363.95403958324 72 43
158901.54587291658 159325.38962291658 72 50
159973.62353958326 160119.7261229166 72 41
162599.00237291658 163407.17787291654 72 56
166431.70527916652 166625.42852916653 72 57
177263.1851124999 177805.91844583323 72 50
177805.91844583323 178067.32211249994 72 44
178067.32211249994 178881.10211249994 72 45
185581.46411249993 186389.63961249992 72 45
192585.66411249986 192981.80811249986 72 41
195873.3046124999 196279.3522124999 72 51
199542.5621124999 199949.45211249986 72 50
202018.8351124999 202626.94336249988 72 41
204653.97086249982 205059.37636249978 72 42
206140.3998624998 207088.55469583315 72 45
206951.2108624998 207764.68736249986 72 48
212294.19236249977 212708.4929624998 72 43
219001.3518624998 219217.58046249978 72 40
219595.5678624998 220040.5961124998 72 46
222095.9371124998 222501.9847124998 72 51
225968.63961249977 226617.2256958331 72 42
228265.39236249978 228875.72736249978 72 41
230714.84711249973 231257.36711249978 72 48
234505.51366249972 234663.97126249975 72 50
235972.57511249973 236155.3301624997 72 53
236077.13386249973 236233.52646249972 72 56
236233.52646249972 236389.91906249974 72 56
236389.91906249974 236485.30221666637 72 56
241617.48798749963 242024.3779874996 72 60
242838.15798749955 243041.60298749956 72 58
246269.58188124947 246342.40446458283 72 44
246342.40446458283 246483.89912916612 72 44
246522.2747833328 246640.17025416612 72 44
246696.10258541614 246840.4351291661 72 44
246863.26320833273 247023.45229166604 72 44
247023.45229166604 247110.85382291602 72 44
247182.72882291605 247340.54132291605 72 44
247340.54132291605 247498.35382291605 72 44
247498.35382291605 247654.64244583267 72 44
247654.64244583267 247808.96348749934 72 43
247808.96348749934 247890.94898333267 72 43
247966.89838333268 248126.708579166 72 42
248126.708579166 248262.7845874993 72 42
248270.5970874993 248448.66247916597 72 42
248448.66247916597 248598.70233124928 72 42
248627.11141458264 248730.1013312493 72 42
248808.4997499993 248980.73614374932 72 42
248998.4415374993 249283.4333812493 72 38
249283.4333812493 249445.43900624933 72 42
250729.67790833267 250844.95113333268 72 51
252255.9212999993 252662.8112999993 72 53
252662.8112999993 253476.5912999993 72 62
253964.00395208265 254079.27717708267 72 51
255490.2473437493 256026.9036562493 72 53
27824.439666666676 28360.47850000001 73 50
28360.47850000001 28618.776166666674 73 40
28618.776166666674 29471.696666666674 73 50
45401.87774999996 45917.970231249965 73 56
46232.14424999997 46493.547916666634 73 43
47031.139749999966 47454.98349999996 73 50
65083.4777499999 65495.962249999895 73 48
66717.0872499999 67135.3222499999 73 59
91267.00174999995 91679.48624999994 73 48
92900.61124999994 93318.84624999994 73 59
107675.4557499999 108229.32291666658 73 62
152852.15962291652 153058.1753729165 73 55
159308.4358729166 159844.47470624992 73 53
159844.47470624992 160102.7723729166 73 44
160102.7723729166 160929.67442708326 73 51
166528.56690416654 166727.15102916653 73 58
176984.36177916656 177361.04259374988 73 52
177675.2166124999 177936.6202791666 73 43
178474.21211249995 178898.05586249995 73 50
207563.96486249982 207781.41423749982 73 35
1607.286 2136.74 74 50
2136.74 2392.004999999999 74 41
2392.004999999999 2921.245666666666 74 50
7161.067166666664 7312.434916666663 74 44
15429.193666666664 16266.314666666667 74 48
18308.57716666667 18705.50766666667 74 55
21630.058166666673 22888.211666666673 74 54
22888.211666666673 24330.321916666675 74 59
24330.321916666675 24558.042191666675 74 43
33429.66633333333 33572.549549999996 74 44
64687.333749999896 65083.4777499999 74 48
65495.962249999895 66315.6422499999 74 59
66315.6422499999 66717.0872499999 74 59
67135.3222499999 67960.4472499999 74 70
71622.45724999988 72047.20439791655 74 48
73356.0865833332 73645.26195624987 74 45
90870.85774999994 91267.00174999995 74 48
91679.48624999994 92499.16624999995 74 59
92499.16624999995 92900.61124999994 74 59
93318.84624999994 94143.97124999994 74 70
97853.86574999991 98279.1553124999 74 48
99606.1657499999 99917.4453749999 74 43
107262.97124999992 108087.94024999991 74 67
108087.94024999991 108529.04199999991 74 69
111149.98324999982 111769.67449999982 74 60
131015.63858124976 131486.16620624976 74 50
133093.45220624976 133622.90620624975 74 50
133622.90620624975 133878.17120624977 74 46
133878.17120624977 134407.41187291642 74 50
138647.23337291647 138798.60112291647 74 43
146915.35987291648 147322.24987291647 74 53
149993.20862291649 150191.6738729165 74 50
150191.6738729165 150586.5373937498 74 56
153058.1753729165 154316.32887291652 74 58
154316.32887291652 155758.43912291655 74 59
155758.43912291655 155986.15939791655 74 43
157029.4731229165 157454.04162291653 74 43
166625.42852916653 166828.8735291665 74 60
176712.90211249993 177263.1851124999 74 52
187855.43661249988 188256.8816124999 74 49
192173.63261249987 192783.73611249987 74 45
194430.71761249987 195021.1762999999 74 50
195461.27311249988 196269.4486124999 74 56
198299.2021124999 198717.43711249987 74 50
199135.6721124999 199561.2112374999 74 53
199949.45211249986 200397.21311249989 74 58
200397.21311249989 202028.97024999987 74 67
204248.56536249985 204483.36271458317 74 45
207764.68736249986 208611.68834166648 74 44
211882.1608624998 212690.33636249977 74 45
214139.24586249975 214540.6908624998 74 49
218413.66936249982 218585.74733333313 74 49
218608.4746124998 219001.3518624998 74 43
221683.9056124998 222294.00911249983 74 56
224730.95211249983 225358.3046124998 74 42
225561.74961249979 226172.08461249975 74 45
226390.55236249976 226637.8323624998 74 49
226637.8323624998 228275.56461249982 74 58
230446.96611249977 230747.05923749975 74 45
233204.45536249975 234426.2848624997 74 73
236155.3301624997 236311.72276249973 74 54
237073.59011249972 237700.94261249973 74 61
240578.0626124997 240984.95261249965 74 64
242024.3779874996 242431.26798749957 74 60
242634.71298749957 242939.88048749955 74 60
245076.05298749954 245482.94298749953 74 60
246305.99317291615 246376.99519166615 74 44
246434.36613749946 246588.56000416612 74 41
246609.2041041661 246741.30750416612 74 39
246779.30642708275 246889.35244166607 74 39
246943.99635416604 247032.98700416603 74 39
247104.49734791604 247262.41632291605 74 39
247262.41632291605 247418.66632291605 74 38
247418.66632291605 247520.22882291605 74 38
247575.93871458268 247731.802966666 74 38
247731.802966666 247883.03758749933 74 38
247887.78442499932 248047.59462083268 74 36
248047.59462083268 248205.82253749933 74 36
248205.82253749933 248301.47942499933 74 36
248359.37672916596 248521.5791749993 74 40
248538.2135812493 248641.31595624928 74 39
248715.0410812493 248885.3890187493 74 36
248902.8693249993 249022.5852562493 74 37
251849.03129999933 252645.85754999932 74 53
255083.35734374932 255844.58071874932 74 53
2009.1074999999998 2264.3724999999995 75 46
2788.935499999999 3239.3778187499993 75 50
6490.914666666664 7033.434666666664 75 50
7033.434666666664 7288.699666666664 75 42
7288.699666666664 8102.479666666663 75 50
15022.303666666665 15836.083666666666 75 52
17891.21466666667 18626.12156666667 75 54
19965.01466666667 21218.026666666672 75 54
21218.026666666672 22042.089666666674 75 65
24124.306166666676 24536.337666666674 75 43
25382.459666666677 26206.52266666668 75 49
28231.32966666668 28489.62733333334 75 44
29025.666166666673 29490.581443750005 75 50
32759.33716666666 33300.517499999994 75 55
33300.517499999994 33558.81516666666 75 44
33558.81516666666 34382.878166666655 75 59
44609.58974999996 45412.33362499996 75 55
106850.48674999992 107281.87678958326 75 62
130803.56458124975 131121.6755812498 75 49
133495.27370624975 133750.53870624976 75 46
134275.10170624976 134725.54402499975 75 50
137977.08087291647 138519.60087291646 75 50
138519.60087291646 138774.86587291647 75 44
138774.86587291647 139588.64587291647 75 50
146508.46987291647 146915.35987291648 75 52
149586.06212291648 149794.74337291648 75 51
149794.74337291648 150175.13510208315 75 55
151421.81687291648 152646.1438729165 75 59
152646.1438729165 152852.15962291652 75 58
155552.42337291653 155964.45487291654 75 43
156538.09320624988 156817.1888729165 75 42
156817.1888729165 157241.7573729165 75 50
157241.7573729165 157689.66837291652 75 40
159715.32587291655 159973.62353958326 75 44
160509.6623729166 161003.76321458325 75 52
166727.15102916653 166930.5960291665 75 61
176448.80611249994 176844.95011249994 75 55
183938.1546124999 184952.35361249992 75 45
190942.35461249985 191544.5221124999 75 45
197897.7571124999 198299.2021124999 75 50
198717.43711249987 199542.5621124999 75 59
199542.5621124999 199949.45211249986 75 59
202018.8351124999 202694.5109458332 75 49
202762.07852916652 202963.0920895832 75 45
204045.86261249986 204451.26811249982 75 45
204856.6736124998 205283.2568624998 75 42
210650.88286249977 211253.0503624998 75 45
217226.16386249976 217828.3313624998 75 45
218803.2798624998 219199.4238624998 75 45
224321.11211249983 224940.06961249982 75 42
225149.1871124998 225765.1946124998 75 50
225968.63961249977 226617.2256958331 75 50
228265.39236249978 228943.54236249978 75 49
229011.35736249978 229213.10698749978 75 41
230986.10711249974 231325.18211249975 75 45
234874.70823749976 236077.13386249973 75 74
240781.50761249967 241086.67511249965 75 60
241195.79773749964 241617.48798749963 75 60
241820.9329874996 242227.8229874996 75 60
242431.26798749957 242838.15798749955 75 62
244872.60798749956 245279.49798749952 75 60
245279.49798749952 245686.3879874995 75 60
251442.14129999932 251869.3757999993 75 58
254676.46734374933 255103.70184374932 75 58
256708.27421666597 257545.30384374925 75 48
3220.960999999999 4860.515999999999 76 55
16266.314666666667 16685.673908333334 76 58
29471.696666666674 31115.006166666666 76 55
39105.57649999998 39349.01212499999 76 69
42368.42549999997 42608.49937499996 76 50
64291.18974999989 64697.237349999894 76 54
65083.4777499999 65495.962249999895 76 57
65914.1972499999 66334.0418124999 76 64
90474.71374999994 90880.76134999994 76 54
91267.00174999995 91679.48624999994 76 57
92097.72124999994 92517.56581249993 76 64
103004.8868999999 103163.34449999989 76 52
108512.08824999991 108715.5332499999 76 62
110946.53824999984 111149.98324999982 76 61
119154.29616458311 119304.90372708312 76 50
122388.6222083331 122539.22977083309 76 51
129718.50958124977 130155.00008124976 76 55
134707.12720624974 136346.68220624977 76 55
151221.09437291647 151413.45343541648 76 56
160955.69287291658 162599.00237291658 76 61
166828.8735291665 167032.3185291665 76 62
170548.64886249986 170792.08448749987 76 69
173811.49786249993 174051.57173749997 76 50
176052.66211249994 176463.66151249994 76 53
217020.14811249977 217226.16386249976 76 48
220383.9556958331 220653.3501124998 76 46
4426.4254999999985 4880.607074999999 77 49
6897.804666666664 7161.067166666664 77 46
7695.589666666663 8122.8241666666645 77 50
8761.639999999996 8892.861291666663 77 49
11339.213166666661 12152.993166666662 77 54
14604.941166666664 15429.193666666664 77 55
16678.799166666668 17697.491416666668 77 51
17697.491416666668 17920.777843750002 77 52
19563.569666666666 20371.90466666667 77 66
24970.428166666676 25794.491166666678 77 53
30686.61816666667 31133.89094375 77 49
33171.36866666667 33429.66633333333 77 49
33970.84666666666 34388.02856041666 77 53
35053.20733333332 35190.83304166665 77 56
37681.46149999999 38495.24149999998 77 59
42167.702999999965 42596.631749999964 77 54
43410.411749999956 44621.14394999996 77 62
63879.1582499999 64687.333749999896 77 59
64687.333749999896 65083.4777499999 77 57
65495.962249999895 66315.6422499999 77 70
89032.12674999994 89622.58543749993 77 50
90062.68224999994 90870.85774999994 77 59
90870.85774999994 91267.00174999995 77 57
91679.48624999994 92499.16624999995 77 70
98528.38574999991 99063.64574999991 77 45
102664.07937499991 102846.42929999992 77 49
102767.20049999992 102925.65809999991 77 53
102925.65809999991 103084.1156999999 77 54
103084.1156999999 103172.05772916657 77 54
105623.6232499999 107262.97124999992 77 69
110743.09324999983 111048.26074999983 77 62
113526.4316666665 113999.40474999983 77 51
114202.10749999982 114506.16162499982 77 56
118817.08518333314 118967.96893541647 77 49
118919.46099791647 119017.48693541647 77 50
119077.61654166646 119162.23468541645 77 51
119229.64972708312 119321.85747708312 77 54
121339.3537270831 122051.41122708311 77 51
122051.41122708311 122202.29497916646 77 49
122153.78704166645 122251.81297916644 77 50
122311.94258541643 122396.56072916642 77 51
122463.97577083309 122556.18352083309 77 54
124568.91539583309 124992.26767708309 77 50
124977.92664374976 125703.94145624977 77 53
125842.84395624977 126353.42926874978 77 53
126716.21808124978 127221.98551874979 77 62
127742.54958124978 129733.05926458312 77 65
129936.75483124977 130373.24533124977 77 53
130373.24533124977 130591.49058124976 77 51
130591.49058124976 131015.63858124976 77 55
135912.59170624978 136366.77328124977 77 49
138383.97087291648 138647.23337291647 77 46
139181.7558729165 139608.99037291648 77 50
140247.80620624984 140379.02749791648 77 44
142825.37937291648 143639.15937291647 77 52
146091.10737291648 146833.98187291645 77 55
148164.96537291646 149183.65762291648 77 54
149183.65762291648 149377.3808729165 77 52
149377.3808729165 149777.3532687498 77 54
151020.3718729165 151221.09437291647 77 58
156253.8485395832 156538.09320624988 77 45
162170.61437291655 162621.32074583322 77 56
166930.5960291665 167139.41552916652 77 64
169124.53386249987 169938.31386249987 77 59
173610.77536249993 174039.70411249995 77 54
174853.48411249995 176448.80611249994 77 62
187242.6826124999 188056.1591124999 77 53
188056.1591124999 188671.7981124999 77 53
190530.32311249987 191143.07711249986 77 49
193817.96361249988 194631.4401124999 77 53
194631.4401124999 195461.27311249988 77 53
197496.3121124999 197916.15667499992 77 54
199135.6721124999 199561.2112374999 77 63
202694.5109458332 202829.64611249985 77 45
202829.64611249985 203640.45711249986 77 50
203843.1598624999 204248.56536249985 77 45
210238.8513624998 210851.60536249977 77 45
213526.49186249977 214339.96836249979 77 53
214339.96836249979 214955.60736249978 77 53
216814.13236249975 217020.14811249977 77 50
220040.5961124998 220315.28377916646 77 53
220315.28377916646 220452.62761249978 77 47
220452.62761249978 220854.07261249982 77 53
220854.07261249982 221683.9056124998 77 53
223919.6671124998 224521.83461249984 77 45
225561.74961249979 226172.08461249975 77 53
228943.54236249978 229079.17236249978 77 41
229079.17236249978 229689.50736249977 77 50
229911.20411249978 230446.96611249977 77 49
236468.11536249972 237282.7076124997 77 74
242227.8229874996 242634.71298749957 77 63
243041.60298749956 244669.16298749956 77 60
244262.27298749957 245076.05298749954 77 64
245482.94298749953 245889.83298749948 77 60
251035.25129999933 251849.03129999933 77 63
254269.57734374935 255083.35734374932 77 63
34382.878166666655 34924.058499999985 78 56
34924.058499999985 35182.35616666665 78 56
35182.35616666665 36017.634166666656 78 63
104652.6383999999 104809.0309999999 78 54
108715.5332499999 108918.9782499999 78 63
144474.4373729165 144893.03618541648 78 56
167032.3185291665 167246.51252916653 78 65
196665.5926124999 197078.0771124999 78 48
198299.2021124999 198717.43711249987 78 59
223094.46736249982 223718.9446124998 78 40
224730.95211249983 225358.3046124998 78 50
239334.5401124997 240171.1726124997 78 62
8102.479666666663 8635.50483333333 79 52
8635.50483333333 8887.775166666663 79 49
8887.775166666663 9430.295166666661 79 57
12988.271166666662 14401.496166666662 79 59
14401.496166666662 14625.809291666663 79 50
17503.76816666667 17891.21466666667 79 55
41966.98049999997 42368.42549999997 79 51
42596.631749999964 43429.06087499996 79 57
64291.18974999989 64697.237349999894 79 64
90474.71374999994 90880.76134999994 79 64
102846.42929999992 103004.8868999999 79 50
104313.4907499999 104574.4420999999 79 56
104574.4420999999 104730.8346999999 79 56
104730.8346999999 104826.21785416658 79 56
108918.9782499999 109122.42324999988 79 64
110539.64824999984 110743.09324999983 79 63
118999.33033541647 119114.60356041645 79 48
120525.57372708312 121017.23247708312 79 53
120932.46372708312 121746.24372708311 79 62
122233.65637916645 122348.92960416643 79 48
123759.89977083309 124358.44552083309 79 53
124166.08645833308 124821.52627083308 79 56
130155.00008124976 130582.39702916643 79 56
139588.64587291647 140121.67103958316 79 52
140121.67103958316 140373.9413729165 79 46
140373.9413729165 140916.4613729165 79 57
144881.3273729165 145887.66237291647 79 59
145887.66237291647 146111.97549791646 79 50
147752.48087291647 148171.84011458314 79 59
148989.93437291647 149361.23726874983 79 55
167139.41552916652 167353.60952916654 79 66
168138.85652916654 168545.74652916653 79 61
173410.05286249993 173811.49786249993 79 56
174039.70411249995 174872.13323749995 79 57
196269.4486124999 196665.5926124999 79 48
197078.0771124999 197897.7571124999 79 59
197897.7571124999 198299.2021124999 79 59
198717.43711249987 199542.5621124999 79 70
202626.94336249988 202762.07852916652 79 45
203235.05161249987 203653.97062916655 79 48
203640.45711249986 204045.86261249986 79 49
205059.37636249978 205299.3282937498 79 42
220246.6118624998 220383.9556958331 79 47
222690.1531124998 223300.7096124998 79 40
223509.8271124998 224120.38961249983 79 50
224321.11211249983 224940.06961249982 79 50
225149.1871124998 225765.1946124998 79 59
228875.72736249978 229011.35736249978 79 45
229486.06236249977 229922.92390624975 79 48
231257.36711249978 231568.64673749977 79 45
238922.05561249968 239747.0246124997 79 67
239959.0986124997 240188.1263624997 79 69
240374.6176124997 240781.50761249967 79 63
240984.95261249965 241414.04298749965 79 60
245686.3879874995 246093.2779874995 79 61
258412.02381458264 259457.9150145827 79 64
14198.051166666663 14604.941166666664 80 50
34794.90966666665 35053.20733333332 80 55
35589.24616666666 36034.58791666665 80 61
41766.25799999997 42167.702999999965 80 57
145684.2173729165 146091.10737291648 80 50
167246.51252916653 167460.70652916655 80 67
173209.33036249992 173610.77536249993 80 57
238509.5711124997 238940.961152083 80 62
8509.369666666664 8761.639999999996 81 49
9294.66516666666 9715.887166666662 81 59
9715.887166666662 11339.213166666661 81 68
36017.634166666656 37681.46149999999 81 68
63879.1582499999 64687.333749999896 81 70
90062.68224999994 90870.85774999994 81 70
101529.7469999999 102767.20049999992 81 73
104496.2457999999 104652.6383999999 81 52
105414.50574999991 106041.8582499999 81 61
109122.42324999988 109325.86824999987 81 65
110336.20324999985 110641.37074999984 81 64
113256.16133333315 113796.70199999983 81 55
120118.68372708312 120932.46372708312 81 53
123353.0097708331 124114.23314583309 81 53
139995.5358729165 140247.80620624984 81 49
140780.83137291652 141202.0533729165 81 59
141202.0533729165 142825.37937291648 81 68
167353.60952916654 167477.66027916654 81 69
167460.70652916655 168003.22652916654 81 73
168003.22652916654 168274.48652916652 81 61
168274.48652916652 169124.53386249987 81 60
195873.3046124999 196279.3522124999 81 54
196665.5926124999 197078.0771124999 81 57
197496.3121124999 197916.15667499992 81 64
222294.00911249983 222888.22511249981 81 45
223094.46736249982 223718.9446124998 81 48
223919.6671124998 224521.83461249984 81 54
245889.83298749948 246203.57211249947 81 62
10915.065166666662 11357.86229166666 82 54
37247.370999999985 37698.41524999999 82 64
41565.535499999976 41966.98049999997 82 55
103215.6238749999 104418.04949999989 82 74
109325.86824999987 109525.86824999985 82 66
110132.75824999985 110336.20324999985 82 65
119711.79372708312 120139.02822708312 82 58
122946.11977083309 123373.3542708331 82 58
142401.23137291646 142844.02849791647 82 54
167867.59652916653 168138.85652916654 82 63
168690.44336249988 169141.48761249988 82 64
173008.6078624999 173410.05286249993 82 58
195461.27311249988 196269.4486124999 82 59
196269.4486124999 196665.5926124999 82 57
197078.0771124999 197897.7571124999 82 70
220653.3501124998 220912.61667499982 82 50
221889.92136249982 222492.0811124998 82 50
222690.1531124998 223300.7096124998 82 48
223509.8271124998 224120.38961249983 82 59
230179.08511249977 230714.84711249973 82 45
237282.7076124997 238922.05561249968 82 69
240171.1726124997 240578.0626124997 82 62
246093.2779874995 246267.76131666615 82 63
41364.81299999998 41766.25799999997 84 60
104809.0309999999 105623.6232499999 84 74
109929.31324999985 110234.48074999984 84 66
112175.07999999983 113391.29649999982 84 64
119304.90372708312 120118.68372708312 84 63
122539.22977083309 123353.0097708331 84 63
172807.8853624999 173209.33036249992 84 60
195873.3046124999 196279.3522124999 84 64
222294.00911249983 222888.22511249981 84 54
39330.36299999998 41565.535499999976 85 94
109525.86824999985 109827.59074999986 85 67
170773.43536249988 173008.6078624999 85 93
109725.86824999987 109929.31324999985 86 68
195461.27311249988 196269.4486124999 86 70
221889.92136249982 222492.0811124998 86 59
