451187.8799833319 453835.3541979152 34 25
21224.19149999999 23301.037499999988 39 25
64236.613875 66313.459875 39 25
107249.03625000008 109325.88225000008 39 25
269044.7153291665 271113.5028291665 39 27
393638.80023333186 395693.6762333318 39 27
448505.1399833318 449144.32623333175 39 36
453799.98198333185 455530.4995583319 39 27
6643.227 7290.18046875 43 36
27867.41849999999 28514.371968749987 43 36
70879.84087500001 71526.79434374999 43 36
113892.26325000009 114539.21671875007 43 36
136721.50775000002 137122.28555625005 43 41
157697.88370625002 158098.66151250002 43 41
199129.84803749993 199530.62584374993 43 41
240559.22886874992 240960.00667499992 43 41
275694.00282916654 276366.3420479166 43 39
400272.64523333183 400925.28970208176 43 39
448828.1374833318 449302.4206083318 43 31
7263.318 8169.71215 44 34
28487.509499999986 29393.90364999999 44 34
71499.931875 72406.326025 44 34
114512.35425000008 115418.74840000007 44 34
276339.4795791666 277245.8737291666 44 36
400898.4272333318 401804.8213833318 44 36
2076.8459999999995 2766.095833333333 46 30
4700.968 5384.088133333333 46 33
7979.6505 9944.966625 46 36
23301.037499999988 23990.28733333332 46 30
25925.159499999987 26608.27963333332 46 33
29203.841999999986 31169.158124999987 46 36
66313.459875 67002.70970833334 46 30
68937.581875 69620.70200833333 46 33
72216.264375 74181.58050000001 46 36
109325.88225000008 110015.13208333342 46 30
111950.00425000007 112633.12438333342 46 33
115228.68675000007 117194.00287500008 46 36
271113.5028291665 271817.34564166644 46 33
273758.8393291665 274441.9594624999 46 36
277055.8120791666 279010.8193291666 46 39
395693.6762333318 396397.1916083318 46 33
398331.15423333185 399014.2743666652 46 36
401614.75973333174 403570.40189999837 46 39
442038.1384833317 442692.20842083165 46 30
442684.13348333165 443367.347004165 46 27
449144.32623333175 449460.5149833318 46 36
449460.5149833318 449776.7037333318 46 33
449795.9599020819 450745.92348333186 46 37
451187.8799833319 453835.3541979152 46 30
131145.0045000001 131720.13606250007 47 36
152109.18795625004 152684.31951875004 47 36
193551.2609125 194123.91916249998 47 36
234980.64174374996 235553.29999374997 47 36
6023.136 6663.896699999999 48 31
27247.327499999985 27888.088199999987 48 31
70259.74987500001 70900.51057500001 48 31
113272.17225000008 113912.93295000009 48 31
128473.2277500001 129048.35931250008 48 36
138964.755 140301.53435833333 48 46
149434.04295625008 149772.03295625007 48 36
159941.13095624998 161277.91031458334 48 46
190882.7819125 191455.4401625 48 36
201371.46028749994 202704.90664583322 48 46
232312.16274374994 232884.82099374998 48 36
242800.84111874993 244134.28747708324 48 46
275081.0073291665 275714.64692916657 48 34
399653.3222333319 400293.50463333185 48 34
138644.78925 139097.304575 50 39
159621.16520625 160073.68053124996 50 39
201051.90328749994 201619.27036249993 50 39
242481.28411874993 242933.3906937499 50 39
438183.3329833317 438819.9244833317 50 40
2737.9299999999994 4700.968 51 36
5362.052 6046.3894125 51 36
21224.19149999999 23301.037499999988 51 36
23962.121499999987 25925.159499999987 51 36
26586.243499999986 27270.580912499987 51 36
64236.613875 66313.459875 51 36
66974.543875 68937.581875 51 36
69598.665875 70283.0032875 51 36
107249.03625000008 109325.88225000008 51 36
109986.96625000008 111950.00425000007 51 36
112611.08825000007 113295.42566250009 51 36
138324.8235 138964.755 51 43
159301.19945625 159941.13095624998 51 43
200732.3462874999 201371.46028749994 51 43
242161.72711874993 242800.84111874993 51 43
269044.7153291665 271113.5028291665 51 39
271788.5703291665 273758.8393291665 51 39
274419.92332916654 275103.99466041656 51 39
294711.04245416645 295364.9219541664 51 32
298577.26882916637 299062.50320416637 51 42
315067.8051437494 315721.6846437494 51 32
318934.03151874937 319419.26589374937 51 42
340884.1311812491 341278.0099520824 51 36
347675.32180624903 348367.2518520823 51 39
348334.807306249 349146.535462499 51 36
361857.7587895823 362251.6375604156 51 36
368648.9494145823 369340.87946041557 51 39
369308.43491458223 370120.16307083226 51 36
393638.80023333186 395693.6762333318 51 39
396368.74373333185 398331.15423333185 51 39
398992.2382333319 399676.54684583185 51 39
414771.16860833176 415407.7601083318 51 36
416054.8913583318 416671.81085833174 51 36
417330.24160833174 417977.0721083317 51 36
418627.8858583317 419281.76535833173 51 36
419935.6448583317 420572.2363583317 51 36
421219.36760833167 421758.7757333316 51 36
422494.7178583317 422969.00098333176 51 36
423766.68210833176 424420.56160833174 51 36
436907.98273333174 437245.8612833317 51 38
443348.5054833317 443987.69173333165 51 40
138004.85775000002 138644.78925 53 45
158981.23370625 159621.16520625 53 45
185777.52153749994 187062.40423749996 53 36
200412.7892874999 201051.90328749994 53 45
227206.9023687499 228491.7850687499 53 36
241842.17011874993 242481.28411874993 53 45
341251.0586812491 341887.65018124913 53 36
362224.6862895823 362861.27778958227 53 36
435624.2599833317 436260.85148333176 53 38
437524.9022333317 437875.6756333317 53 36
438835.7539458317 439467.0557333317 53 36
442702.975004165 443405.0300458317 53 32
135709.46200000003 136645.22180833336 54 36
156685.83795625 157621.59776458336 54 36
198117.80228749992 199053.56209583324 54 36
239547.18311874993 240482.94292708326 54 36
2737.9299999999994 3452.052970833333 55 30
13159.4505 13813.33 55 38
15727.547000000002 16389.098350000004 55 42
23962.121499999987 24676.24447083332 55 30
34383.641999999985 35037.52149999998 55 38
36951.73849999997 37613.289849999965 55 42
66974.543875 67688.66684583334 55 30
77396.064375 78049.94387500001 55 38
79964.16087500003 80625.71222500002 55 42
109986.96625000008 110701.08922083341 55 30
120408.48675000008 121062.36625000008 55 38
122976.5832500001 123638.1346000001 55 42
136394.56800000003 136884.97762500003 55 46
137044.96050000004 137364.92625000002 55 46
137364.92625000002 137684.89200000002 55 42
137684.89200000002 138324.8235 55 48
146780.98712500007 148116.1433625001 55 57
157370.94395625 157861.35358125003 55 46
158021.33645625002 158341.30220625002 55 46
158341.30220625002 158661.26795625003 55 42
158661.26795625003 159301.19945625 55 48
167757.15870625008 169092.31494375007 55 57
188319.22528749995 190275.6236125 55 38
198802.90828749991 199293.31791249994 55 46
199453.30078749993 199773.26653749993 55 46
199773.26653749993 200093.2322874999 55 42
200093.2322874999 200732.3462874999 55 48
229748.6061187499 231705.00444374993 55 38
240232.2891187499 240722.69874374993 55 46
240882.68161874992 241202.64736874992 55 46
241202.64736874992 241522.61311874993 55 42
241522.61311874993 242161.72711874993 55 48
271788.5703291665 272517.3207999998 55 33
282236.61770416657 282890.49720416655 55 38
284804.7142041666 285466.26555416663 55 42
294057.1629541665 294711.04245416645 55 36
295364.9219541664 296001.5134541664 55 43
297930.4383291663 298577.26882916637 55 43
304286.92932916636 304742.67382916634 55 45
314413.9256437495 315067.8051437494 55 36
315721.6846437494 316358.27614374936 55 43
318287.2010187493 318934.03151874937 55 43
324643.6920187493 325099.43651874934 55 45
340564.91443124914 341251.0586812491 55 36
343810.13168124907 344446.72318124905 55 43
361538.5420395823 362224.6862895823 55 36
364783.75928958226 365420.35078958224 55 43
396368.74373333185 397089.63570416515 55 33
406815.2667333317 407482.8232333318 55 38
409383.4692333318 410045.0205833318 55 42
417977.0721083317 418469.5912333317 55 31
419281.76535833173 419935.6448583317 55 32
423127.09535833175 423608.3874833317 55 36
424420.56160833174 425092.8051083318 55 32
440742.40598333173 441407.1165583317 55 30
442038.1384833317 442692.20842083165 55 36
443671.5029833317 444145.78610833164 55 36
453799.98198333185 455530.4995583319 55 25
16381.426500000003 17286.30030208333 56 30
37605.617999999966 38510.491802083314 56 30
59900.836375000006 61336.37287500001 56 30
80618.04037500004 81514.74068333337 56 30
102913.25875000008 104348.79525000008 56 30
123630.46275000011 124431.8056312501 56 30
135065.93300000005 135927.42183333336 56 40
156042.30895625002 156903.79778958333 56 40
184817.62428749987 185137.5900374999 56 33
185137.5900374999 185457.55578749994 56 35
185457.55578749994 185777.52153749994 56 32
185777.52153749994 187062.40423749996 56 44
197474.27328749996 198335.76212083327 56 40
226247.00511874983 226566.97086874984 56 33
226566.97086874984 226886.93661874987 56 35
226886.93661874987 227206.9023687499 56 32
227206.9023687499 228491.7850687499 56 44
238903.65411874992 239765.14295208326 56 40
285458.5937041666 286363.4160791666 56 30
290200.4457041666 290837.0372041666 56 36
293406.3492041665 293898.8683291665 56 36
296648.6447041664 296989.69475416635 56 44
299220.79782916635 299874.6773291664 56 48
301792.0653291664 302243.2395791664 56 54
303030.49032916635 303657.05682916637 56 55
305538.28407916636 306158.3750791664 56 44
310557.20839374955 311193.7998937495 56 36
313763.11189374945 314255.63101874944 56 36
317005.40739374934 317346.45744374936 56 44
319577.56051874935 320231.4400187494 56 48
322148.82801874937 322600.0022687494 56 54
323387.25301874935 324013.81951874937 56 55
325895.04676874937 326515.1377687494 56 44
341887.65018124913 342534.7814312491 56 31
342534.7814312491 343151.70093124907 56 39
349113.703556249 351236.0167895823 56 39
362861.27778958227 363508.40903958224 56 31
363508.40903958224 364125.32853958226 56 39
370087.3311645822 372209.6443979156 56 39
410037.3487333318 410934.04904166504 56 30
415407.7601083318 416054.8913583318 56 31
416671.81085833174 417330.24160833174 56 32
420572.2363583317 421219.36760833167 56 31
421836.28710833157 422409.25748333166 56 32
439467.0557333317 439804.9342833317 56 40
441388.47573333175 442059.67164999834 56 27
451187.8799833319 453835.3541979152 56 30
180640.4125374999 181956.32652083322 57 45
222069.79336874984 223385.70735208315 57 45
436260.85148333176 436907.98273333174 57 36
2076.8459999999995 2766.095833333333 58 30
3413.9099999999994 4700.968 58 43
12519.519 13178.521985416668 58 34
13813.33 14439.8965 58 34
17027.472999999998 18528.344691666658 58 35
23301.037499999988 23990.28733333332 58 30
24638.101499999986 25925.159499999987 58 43
33743.71049999999 34402.71348541666 58 34
35037.52149999998 35664.08799999998 58 34
38251.664499999984 39752.53619166666 58 35
43109.46699999999 43806.35971666666 58 29
44431.63499999999 45236.50398333332 58 28
45156.62299999999 46513.36914999999 58 29
61336.37287500001 64236.613875 58 27
66313.459875 67002.70970833334 58 30
67650.523875 68937.581875 58 43
76756.13287500001 77415.13586041667 58 34
78049.94387500001 78676.51037500003 58 34
81264.08687500004 82974.37336250002 58 35
86121.88937500003 86818.7820916667 58 29
87444.05737500002 88248.92635833335 58 28
88169.04537500002 89525.79152500002 58 29
104348.79525000008 107249.03625000008 58 27
109325.88225000008 110015.13208333342 58 30
110662.94625000008 111950.00425000007 58 43
119768.55525000008 120427.55823541674 58 34
121062.36625000008 121688.9327500001 58 34
124276.5092500001 125777.38094166676 58 35
141556.050125 142893.08484583336 58 43
162532.22170625 163869.25642708334 58 43
175532.90366250003 176008.9061625 58 55
176810.49428749995 177361.45803749998 58 54
178078.02978749995 178638.44509999995 58 54
179363.4087874999 179917.4399749999 58 54
216962.28449375 217438.28699375 58 55
218239.87511874991 218790.83886874994 58 54
219507.4106187499 220067.82593124988 58 54
220792.78961874984 221346.82080624983 58 54
271113.5028291665 271817.34564166644 58 33
272479.17782916647 273758.8393291665 58 46
281596.68620416656 282255.68918958324 58 34
282890.49720416655 283517.06370416656 58 34
286104.6402041666 287626.6998958332 58 35
291484.16845416656 292101.0879541665 58 36
296001.5134541664 296648.6447041664 58 37
300528.5568291664 301158.6045791664 58 56
304897.69657916634 305373.01307916635 58 45
306792.0205791663 307248.3003979163 58 40
307410.70507916634 307909.6494104163 58 36
311840.9311437495 312457.8506437495 58 36
316358.27614374936 317005.40739374934 58 37
320885.31951874937 321515.3672687494 58 56
325254.45926874934 325729.77576874936 58 45
327154.9260187493 327611.20583749923 58 40
327773.6105187493 328270.49347499927 58 36
337937.7726812491 338938.2339312491 58 33
340245.6976812491 340884.1311812491 58 36
343151.70093124907 343810.13168124907 58 36
344446.72318124905 344779.8395312491 58 40
348334.807306249 349146.535462499 58 36
358911.40028958226 359911.86153958226 58 33
361219.3252895823 361857.7587895823 58 36
364125.32853958226 364783.75928958226 58 36
365420.35078958224 365753.46713958227 58 36
369308.43491458223 370120.16307083226 58 36
380920.3428979154 381921.79714791535 58 50
383494.6641479154 384500.3861479153 58 54
386080.0756479153 393638.80023333186 58 47
395693.6762333318 396397.1916083318 58 33
397051.4927333318 398331.15423333185 58 46
406175.3352333317 406834.7371312484 58 34
407482.8232333318 408109.3897333318 58 34
410683.3952333317 412197.42279999837 58 35
417653.6568583317 418311.29660833173 58 27
418311.29660833173 418657.85533541505 58 26
418954.8256083317 419608.7051083317 58 28
419608.7051083317 419954.510747915 58 30
422810.9066083317 423156.7034624984 58 31
423450.09285833174 423796.65158541506 58 31
424093.6218583317 424747.50135833176 58 30
424747.50135833176 425119.1541708318 58 30
432200.3614833317 434258.76198333176 58 36
438503.3352333317 438835.7539458317 58 31
439136.5137333317 439495.1858499984 58 31
440083.97523333173 440434.74863333174 58 36
443987.69173333165 444303.8804833317 58 39
444303.8804833317 444620.0692333317 58 36
444639.3254020817 445589.28898333176 58 40
57901.514375 58691.61877083334 59 28
100913.93675000008 101704.04114583341 59 28
131482.9945000001 131799.1832500001 59 32
131799.1832500001 132118.7763750001 59 32
132118.7763750001 132441.7738750001 59 32
132441.7738750001 132766.74250000008 59 36
132766.74250000008 133083.33175000007 59 29
133083.33175000007 133399.92100000006 59 29
133399.92100000006 133762.41500000007 59 29
152447.17795625003 152763.36670625006 59 32
152763.36670625006 153089.87945625006 59 32
153089.87945625006 153416.39220625008 59 32
153416.39220625008 153743.11845625006 59 36
153743.11845625006 154059.70770625005 59 29
154059.70770625005 154376.29695625004 59 29
154376.29695625004 154738.79095625004 59 29
174895.8639125 175532.90366250003 59 49
182248.30528749988 182568.2710374999 59 27
182568.2710374999 182877.93253749987 59 30
182877.93253749987 183197.48953749987 59 28
193889.2509125 194202.1419125 59 32
194202.1419125 194521.8437875 59 32
194521.8437875 194848.3565375 59 32
194848.3565375 195175.08278749997 59 36
195175.08278749997 195491.67203749996 59 29
195491.67203749996 195808.26128749995 59 29
195808.26128749995 196170.75528749995 59 29
216325.24474374996 216962.28449375 59 49
223677.6861187498 223997.65186874985 59 27
223997.65186874985 224307.3133687498 59 30
224307.3133687498 224626.87036874983 59 28
235318.63174374995 235631.52274374996 59 32
235631.52274374996 235951.22461874995 59 32
235951.22461874995 236277.73736874998 59 32
236277.73736874998 236604.46361874996 59 36
236604.46361874996 236921.05286874995 59 29
236921.05286874995 237237.64211874994 59 29
237237.64211874994 237600.13611874994 59 29
432893.26398333174 434941.5109833317 59 38
15066.463000000002 15727.547000000002 60 39
36290.654499999975 36951.73849999997 60 39
58555.393875 59925.35685625001 60 30
59900.836375000006 61336.37287500001 60 36
79303.07687500003 79964.16087500003 60 39
101567.81625000008 102937.77923125008 60 30
102913.25875000008 104348.79525000008 60 36
122315.4992500001 122976.5832500001 60 39
128811.21775000008 129127.40650000008 60 30
129127.40650000008 129464.9402500001 60 30
129464.9402500001 129802.4740000001 60 32
129802.4740000001 130140.0077500001 60 32
130140.0077500001 130463.42300000013 60 29
130463.42300000013 130786.8382500001 60 29
130786.8382500001 131145.0045000001 60 29
133762.41500000007 135087.03895000005 60 46
140596.76599999997 140916.73175 60 33
140916.73175 141175.2447 60 36
141236.493125 141556.050125 60 34
145469.15712500006 146123.34737500007 60 54
149772.03295625007 150091.58995625007 60 30
150091.58995625007 150429.12370625007 60 30
150429.12370625007 150766.65745625008 60 32
150766.65745625008 151104.19120625008 60 32
151104.19120625008 151427.6064562501 60 29
151427.6064562501 151751.02170625006 60 29
151751.02170625006 152109.18795625004 60 29
154738.79095625004 156063.41490625002 60 46
161573.14195624998 161893.10770624998 60 33
161893.10770624998 162151.41628124999 60 36
162212.66470624998 162532.22170625 60 34
166445.32870625006 167099.51895625005 60 54
170410.21453750005 170905.80941250004 60 38
171712.1431625 172265.43172499997 60 36
172989.17166249998 173556.855225 60 38
174272.50591249997 174895.8639125 60 47
180640.4125374999 181956.32652083322 60 54
183197.48953749987 184507.1182583332 60 33
184817.62428749987 185137.5900374999 60 39
185137.5900374999 185457.55578749994 60 42
185457.55578749994 185777.52153749994 60 38
191220.7719125 191533.6629125 60 30
191533.6629125 191871.1966625 60 30
191871.1966625 192208.7304125 60 32
192208.7304125 192546.2641625 60 32
192546.2641625 192869.67941250003 60 29
192869.67941250003 193193.09466250002 60 29
193193.09466250002 193551.2609125 60 29
196170.75528749995 197495.37923749996 60 46
209181.8087875 210516.96502499998 60 57
211834.86461874997 212328.66299374998 60 38
213141.52399374996 213694.81255624996 60 36
214418.55249374994 214986.23605624997 60 38
215701.88674374996 216325.24474374996 60 47
222069.79336874984 223385.70735208315 60 54
224626.87036874983 225936.49908958314 60 33
226247.00511874983 226566.97086874984 60 39
226566.97086874984 226886.93661874987 60 42
226886.93661874987 227206.9023687499 60 38
232650.15274374996 232963.04374374996 60 30
232963.04374374996 233300.57749375 60 30
233300.57749375 233638.11124375 60 32
233638.11124375 233975.64499375 60 32
233975.64499375 234299.06024375002 60 29
234299.06024375002 234622.47549374998 60 29
234622.47549374998 234980.64174374996 60 29
237600.13611874994 238924.76006874992 60 46
250589.31386875 251924.47010625 60 57
284143.6302041666 284804.7142041666 60 39
290837.0372041666 291484.16845416656 60 31
292759.5187041665 293406.3492041665 60 36
297272.0075791664 297622.78097916633 60 36
299874.6773291664 300528.5568291664 60 51
302396.67657916644 302867.0204541664 60 46
306158.3750791664 306623.44332916633 60 40
311193.7998937495 311840.9311437495 60 31
313116.28139374946 313763.11189374945 60 36
317628.77026874933 317979.54366874933 60 36
320231.4400187494 320885.31951874937 60 51
322753.4392687494 323223.78314374934 60 46
326515.1377687494 327072.4903312493 60 40
336015.17980624904 336662.0853062491 60 36
336662.0853062491 337299.3391812491 60 31
341571.0609312491 342204.2394312491 60 31
342204.2394312491 342562.9115479157 60 31
346369.20468124904 347048.2120916657 60 39
347675.32180624903 348367.2518520823 60 39
350546.36855624896 351236.0167895823 60 36
356988.8074145822 357635.7129145823 60 36
357635.7129145823 358272.9667895823 60 31
362544.6885395823 363177.8670395823 60 31
363177.8670395823 363536.5391562489 60 31
367342.83228958223 368021.8396999989 60 39
368648.9494145823 369340.87946041557 60 39
371519.9961645822 372209.6443979156 60 36
378024.0888979156 380765.41796666547 60 39
408722.38523333176 409383.4692333318 60 39
415091.1708583318 415724.34935833176 60 31
415724.34935833176 416083.02147499844 60 31
416361.76535833173 416988.40010833176 60 33
416988.40010833176 417357.19287916506 60 32
420255.6471083317 420888.82560833165 60 31
420888.82560833165 421247.49772499833 60 31
421526.2416083316 422073.7290458316 60 29
422152.87635833165 422521.0669208317 60 30
425092.8051083318 426428.78382291505 60 42
434258.76198333176 435624.2599833317 60 36
435944.26223333174 436577.4407333317 60 31
436577.4407333317 436936.1128499984 60 31
437214.8567333317 437556.5611583317 60 33
437841.4914833317 438221.06476249837 60 32
441388.47573333175 442059.67164999834 60 32
292101.0879541665 292759.5187041665 61 32
312457.8506437495 313116.28139374946 61 32
334739.829556249 335356.74905624904 61 36
335356.74905624904 336015.17980624904 61 32
337299.3391812491 338097.3810562491 61 36
345093.8544312491 345710.7739312491 61 41
347018.95055624907 347713.791793749 61 36
349113.703556249 350584.42029374896 61 39
355713.4571645822 356330.37666458223 61 36
356330.37666458223 356988.8074145822 61 32
358272.9667895823 359071.0086645823 61 36
366067.4820395823 366684.4015395823 61 39
367992.57816458226 368687.4194020822 61 36
370087.3311645822 371558.0479020822 61 39
4700.968 5384.088133333333 62 31
9301.8185 10736.067389583333 62 35
25925.159499999987 26608.27963333332 62 31
30526.009999999987 31960.258889583318 62 35
42448.382999999994 43770.55099999999 62 32
57901.514375 58691.61877083334 62 34
68937.581875 69620.70200833333 62 31
73538.432375 74972.68126458334 62 35
85460.80537500003 86782.97337500003 62 32
100913.93675000008 101704.04114583341 62 34
111950.00425000007 112633.12438333342 62 31
116550.85475000007 117985.10363958341 62 35
141556.050125 142893.08484583336 62 51
144163.4881250001 144818.6128750001 62 45
146123.34737500007 146780.98712500007 62 51
162532.22170625 163869.25642708334 62 51
165139.6597062501 165794.78445625008 62 45
167099.51895625005 167757.15870625008 62 51
178408.57178749997 178715.06953749995 62 39
178715.06953749995 179021.56728749993 62 39
179021.56728749993 179363.4087874999 62 39
219837.9526187499 220144.45036874988 62 39
220144.45036874988 220450.94811874986 62 39
220450.94811874986 220792.78961874984 62 39
257715.8428437499 258362.67334374986 62 36
258362.67334374986 260296.71009374977 62 41
263555.47809374967 266257.1261354164 62 32
273758.8393291665 274441.9594624999 62 34
278379.59820416657 279820.3300937499 62 37
303657.05682916637 304286.92932916636 62 47
324013.81951874937 324643.6920187493 62 47
333456.10680624907 334092.6983062491 62 39
334092.6983062491 334739.829556249 62 31
338938.2339312491 339576.6674312491 62 36
339576.6674312491 340102.0501437491 62 36
354429.73441458226 355066.32591458224 62 39
355066.32591458224 355713.4571645822 62 31
359911.86153958226 360550.2950395823 62 36
360550.2950395823 361075.6777520823 62 36
375436.66352291557 376445.5718562489 62 39
381246.5006479154 381889.49739791534 62 53
383817.6616479154 384468.0863979153 62 58
386392.96664791525 387059.8591479152 62 49
398331.15423333185 399014.2743666652 62 34
402936.92773333174 404398.9791229151 62 37
426719.9243583318 427039.4813583318 62 32
427039.4813583318 427359.0383583319 62 36
427359.0383583319 427689.1441083319 62 32
443007.1309833317 443367.347004165 62 49
450745.92348333186 451215.0893791652 62 39
1415.762 2098.882133333333 63 29
2737.9299999999994 3452.052970833333 63 45
4067.7895 4709.2315499999995 63 45
5362.052 8169.71215 63 34
7979.6505 9328.2009375 63 40
11899.428 12538.183668750002 63 36
14439.8965 15066.463000000002 63 36
18392.667499999992 21224.19149999999 63 28
22639.95349999999 23323.073633333323 63 29
23962.121499999987 24676.24447083332 63 45
25291.98099999999 25933.423049999987 63 45
26586.243499999986 29393.90364999999 63 34
29203.841999999986 30552.392437499988 63 40
33123.61949999998 33762.37516874998 63 36
35664.08799999998 36290.654499999975 63 36
39616.85899999999 42448.382999999994 63 28
43770.55099999999 45156.62299999999 63 32
47818.062624999984 49801.31462499999 63 32
49140.23062499999 51509.273124999985 63 27
50517.64712499999 51867.360291666664 63 30
58555.393875 59925.35685625001 63 36
65652.375875 66335.49600833334 63 29
66974.543875 67688.66684583334 63 45
68304.40337500001 68945.845425 63 45
69598.665875 72406.326025 63 34
72216.264375 73564.8148125 63 40
76136.04187500001 76774.79754375001 63 36
78676.51037500003 79303.07687500003 63 36
82629.28137500002 85460.80537500003 63 28
86782.97337500003 88169.04537500002 63 32
90830.48500000004 92813.73700000005 63 32
92152.65300000005 94521.69550000003 63 27
93530.06950000004 94879.7826666667 63 30
101567.81625000008 102937.77923125008 63 36
108664.79825000008 109347.91838333341 63 29
109986.96625000008 110701.08922083341 63 45
111316.82575000008 111958.26780000007 63 45
112611.08825000007 115418.74840000007 63 34
115228.68675000007 116577.23718750007 63 40
119148.46425000008 119787.21991875008 63 36
121688.9327500001 122315.4992500001 63 36
125641.70375000009 128473.2277500001 63 28
140596.76599999997 140916.73175 63 39
140916.73175 141175.2447 63 43
141236.493125 141556.050125 63 40
144818.6128750001 145307.44950000008 63 50
161573.14195624998 161893.10770624998 63 39
161893.10770624998 162151.41628124999 63 43
162212.66470624998 162532.22170625 63 40
165794.78445625008 166283.62108125005 63 50
177133.90953749997 177437.3075375 63 39
177437.3075375 177743.80528749994 63 39
177743.80528749994 178078.02978749995 63 39
179679.9980374999 179996.5872874999 63 37
179996.5872874999 180309.8705374999 63 37
180309.8705374999 180640.4125374999 63 30
188319.22528749995 188958.33928749996 63 38
218563.29036874993 218866.68836874995 63 39
218866.68836874995 219173.18611874993 63 39
219173.18611874993 219507.4106187499 63 39
221109.37886874983 221425.96811874985 63 37
221425.96811874985 221739.25136874986 63 37
221739.25136874986 222069.79336874984 63 30
229748.6061187499 230387.72011874992 63 38
252231.71459375 252871.64609374997 63 35
252871.64609374997 253525.83634374998 63 35
257392.42759374992 258039.25809374987 63 33
258039.25809374987 258675.95659374984 63 33
270460.47732916643 271136.00507916644 63 32
271788.5703291665 272517.3207999998 63 49
273133.0573291665 273767.1028791665 63 49
274419.92332916654 277245.8737291666 63 36
277055.8120791666 278405.98064166657 63 44
280983.6907041666 281615.3508729166 63 36
283517.06370416656 284143.6302041666 63 36
287491.02270416653 290200.4457041666 63 28
290520.44795416656 291153.62645416654 63 31
291153.62645416654 291512.29857083317 63 31
291791.0424541665 292417.67720416654 63 33
292417.67720416654 292786.46997499984 63 32
293082.9339541665 293740.57370416645 63 31
293740.57370416645 294068.0609458331 63 31
294384.10270416643 294721.9404458331 63 32
295037.98220416636 295394.5683520831 63 32
295684.9242041664 296318.1027041664 63 37
296318.1027041664 296677.06554166635 63 37
296958.6902041664 297303.6665041664 63 33
297588.59682916634 297957.38959999965 63 36
298253.8535791664 298904.2085791664 63 38
298904.2085791664 299250.7673062497 63 42
299547.73757916637 300201.6170791664 63 43
300201.6170791664 300558.2032270831 63 43
304587.65107916633 305052.71932916634 63 40
305207.74207916635 305701.05796666635 63 38
308049.7900791663 309318.0933041663 63 42
310877.21064374957 311510.38914374955 63 31
311510.38914374955 311869.0612604162 63 31
312147.8051437495 312774.4398937495 63 33
312774.4398937495 313143.2326645828 63 32
313439.6966437495 314097.33639374946 63 31
314097.33639374946 314424.8236354161 63 31
314740.8653937494 315078.703135416 63 32
315394.74489374936 315751.33104166604 63 32
316041.6868937494 316674.8653937494 63 37
316674.8653937494 317033.82823124935 63 37
317315.45289374935 317660.4291937493 63 33
317945.35951874935 318314.15228958265 63 36
318610.61626874935 319260.97126874933 63 38
319260.97126874933 319607.5299958327 63 42
319904.50026874937 320558.37976874935 63 43
320558.37976874935 320914.9659166661 63 43
324944.41376874933 325409.4820187493 63 40
325564.5047687493 326057.82065624936 63 38
328409.1105187493 329649.05737083254 63 42
330905.4678062492 331542.05930624914 63 36
331542.05930624914 332189.1905562491 63 31
332189.1905562491 332806.11005624913 63 39
332806.11005624913 333456.10680624907 63 36
336335.1455562491 336825.55518124904 63 31
336983.48318124906 337421.7056020824 63 31
338619.0171812491 339257.4506812491 63 41
339257.4506812491 339926.4809312491 63 36
339926.4809312491 340564.91443124914 63 40
344130.1339312491 344763.31243124907 63 36
344779.8395312491 345121.98454791575 63 36
345710.7739312491 346369.20468124904 63 36
351879.09541458235 352515.68691458233 63 36
352515.68691458233 353162.8181645823 63 31
353162.8181645823 353779.73766458227 63 39
353779.73766458227 354429.73441458226 63 36
357308.77316458226 357799.18278958224 63 31
357957.11078958225 358395.33321041556 63 31
359592.6447895823 360231.0782895823 63 41
360231.0782895823 360900.1085395823 63 36
360900.1085395823 361538.5420395823 63 40
365103.7615395823 365736.94003958226 63 31
365753.46713958227 366095.61215624894 63 31
366684.4015395823 367342.83228958223 63 32
376729.7272729156 377675.17064791557 63 39
378024.0888979156 380765.41796666547 63 39
382535.49239791534 383341.24033541535 63 54
385114.0813979153 385926.6518354153 63 54
395054.5622333318 395716.1784833318 63 32
396368.74373333185 397089.63570416515 63 49
397705.37223333184 398339.4177833318 63 49
398992.2382333319 401804.8213833318 63 36
401614.75973333174 402963.31017083174 63 44
405562.3397333317 406193.99990208173 63 36
408109.3897333318 408722.38523333176 63 36
412061.7456083317 414771.16860833176 63 28
427689.1441083319 428986.9080041651 63 37
440742.40598333173 441407.1165583317 63 36
442361.13598333165 442692.20842083165 63 49
443348.5054833317 444639.3254020817 63 55
445926.8227333317 446566.0089833317 63 37
453799.98198333185 455530.4995583319 63 29
143203.59087500002 143523.55662500006 64 36
143523.55662500006 143843.5223750001 64 38
143843.5223750001 144163.4881250001 64 36
164179.76245625003 164499.72820625003 64 36
164499.72820625003 164819.69395625006 64 38
164819.69395625006 165139.6597062501 64 36
173319.7136625 173635.9024125 64 28
173635.9024125 173942.40016249998 64 28
173942.40016249998 174272.50591249997 64 28
188638.78228749995 189114.7847875 64 35
203000.13828749987 203320.1040374999 64 33
203320.1040374999 203578.7430187499 64 36
203640.0697874999 203960.0355374999 64 34
214749.09449374996 215065.28324374996 64 28
215065.28324374996 215371.78099374994 64 28
215371.78099374994 215701.88674374996 64 28
230068.16311874992 230544.16561874992 64 35
244429.5191187499 244749.4848687499 64 33
244749.4848687499 245008.1238499999 64 36
245069.4506187499 245389.41636874992 64 34
252551.68034375 253191.61184374997 64 37
253191.61184374997 254971.07296874994 64 40
254809.36534374996 255445.95684374994 64 36
255445.95684374994 256100.53609374995 64 35
259976.74434374977 260616.67584374975 64 27
260616.67584374975 261243.51559374976 64 27
266560.1229687497 267218.1011145831 64 41
301158.6045791664 301792.0653291664 64 51
321515.3672687494 322148.82801874937 64 51
372852.7230229156 373855.2381062489 64 39
2076.8459999999995 2766.095833333333 65 45
4700.968 5384.088133333333 65 45
9301.8185 9919.1295 65 50
16381.426500000003 17286.30030208333 65 36
23301.037499999988 23990.28733333332 65 45
25925.159499999987 26608.27963333332 65 45
30526.009999999987 31143.32099999999 65 50
37605.617999999966 38510.491802083314 65 36
45156.62299999999 46513.36914999999 65 35
49140.23062499999 50517.64712499999 65 32
56540.803374999996 57231.038499999995 65 28
62712.99787500001 64236.613875 65 32
66313.459875 67002.70970833334 65 45
68937.581875 69620.70200833333 65 45
73538.432375 74155.74337500002 65 50
80618.04037500004 81514.74068333337 65 36
88169.04537500002 89525.79152500002 65 35
92152.65300000005 93530.06950000004 65 32
99553.22575000007 100243.46087500006 65 28
105725.42025000007 107249.03625000008 65 32
109325.88225000008 110015.13208333342 65 45
111950.00425000007 112633.12438333342 65 45
116550.85475000007 117168.16575000009 65 50
123630.46275000011 124431.8056312501 65 36
172035.5584125 172342.05616249997 65 25
172342.05616249997 172654.94716249997 65 26
172654.94716249997 172989.17166249998 65 26
174572.86641249998 174923.95953958333 65 39
175202.3616625 175540.8925875 65 42
175852.46066250003 176162.1550375 65 38
176162.1550375 176468.65278749997 65 38
176468.65278749997 176810.49428749995 65 38
178408.57178749997 178715.06953749995 65 46
178715.06953749995 179021.56728749993 65 46
179021.56728749993 179363.4087874999 65 46
188958.33928749996 189604.5539125 65 36
203960.0355374999 205293.90650833325 65 43
207869.97878749997 208524.16903749996 65 54
213464.93924374998 213771.43699374996 65 25
213771.43699374996 214084.32799374996 65 26
214084.32799374996 214418.55249374994 65 26
216002.24724374997 216353.34037083332 65 39
216631.74249374997 216970.27341875 65 42
217281.84149375 217591.53586874995 65 38
217591.53586874995 217898.03361874993 65 38
217898.03361874993 218239.87511874991 65 38
219837.9526187499 220144.45036874988 65 46
220144.45036874988 220450.94811874986 65 46
220450.94811874986 220792.78961874984 65 46
230387.72011874992 231033.93474374994 65 36
245389.41636874992 246723.28733958327 65 43
249277.48386875 249931.67411874997 65 54
255129.36759374995 255762.54609374993 65 38
255762.54609374993 257715.8428437499 65 40
257715.8428437499 258362.67334374986 65 44
258362.67334374986 260296.71009374977 65 49
260296.71009374977 260936.64159374975 65 29
260936.64159374975 262246.1028687497 65 33
263555.47809374967 266257.1261354164 65 32
266894.19403124973 267548.5478979164 65 44
271113.5028291665 271817.34564166644 65 49
273758.8393291665 274441.9594624999 65 49
278379.59820416657 278984.9822041666 65 54
285458.5937041666 286363.4160791666 65 36
302089.8025791664 302550.1135791664 65 44
302703.5505791664 303142.75016041636 65 46
303343.7735791664 303970.34007916634 65 42
303970.34007916634 304314.495489583 65 42
305848.32957916637 306189.37962916633 65 38
306468.4205791663 306954.4252604163 65 40
322446.5652687494 322906.87626874936 65 44
323060.3132687494 323499.51284999936 65 46
323700.5362687494 324327.10276874935 65 42
324327.10276874935 324671.258179166 65 42
326205.0922687494 326546.14231874933 65 38
326825.1832687493 327317.3306999993 65 40
332496.0645562491 333122.6993062491 65 33
333122.6993062491 333617.8144312491 65 32
333776.1090562491 334409.28755624907 65 31
334409.28755624907 334767.9596729157 65 31
335046.70355624903 335673.33830624906 65 33
335673.33830624906 336167.16353749903 65 32
337299.3391812491 337937.7726812491 65 49
342841.65543124906 343468.2901812491 65 33
343468.2901812491 343971.8393062491 65 32
347018.95055624907 347713.791793749 65 36
353469.69216458226 354096.3269145823 65 33
354096.3269145823 354591.44203958224 65 32
354749.7366645823 355382.91516458226 65 31
355382.91516458226 355741.5872812489 65 31
356020.3311645822 356646.9659145822 65 33
356646.9659145822 357140.7911458322 65 32
358272.9667895823 358911.40028958226 65 49
363815.28303958225 364441.9177895822 65 33
364441.9177895822 364945.46691458224 65 32
367992.57816458226 368687.4194020822 65 36
374139.3935229156 375091.7565229156 65 39
375436.66352291557 376445.5718562489 65 39
381559.3916479154 381921.79714791535 65 55
384130.5526479154 384500.3861479153 65 61
386718.48464791523 387382.8566479152 65 51
395693.6762333318 396397.1916083318 65 49
398331.15423333185 399014.2743666652 65 49
402936.92773333174 403545.11873333174 65 54
410037.3487333318 410934.04904166504 65 36
439773.9297333317 440115.6341583317 65 33
440400.56448333175 440750.39490833174 65 32
441388.47573333175 442038.1384833317 65 56
450426.3664833319 451187.8799833319 65 47
451187.8799833319 453835.3541979152 65 36
49801.31462499999 51509.273124999985 66 32
55201.68612499999 55896.954275 66 28
92813.73700000005 94521.69550000003 66 32
98214.10850000005 98909.37665000005 66 28
140916.73175 141605.03583750004 66 55
144163.4881250001 144818.6128750001 66 54
146457.57187500008 146809.1529583334 66 53
161893.10770624998 162581.20741875 66 55
165139.6597062501 165794.78445625008 66 54
167433.74345625006 167785.3245395834 66 53
189278.04116249998 189924.1109125 66 36
230707.42199374994 231353.49174374994 66 36
252231.71459375 252871.64609374997 66 41
252871.64609374997 253525.83634374998 66 41
257392.42759374992 258039.25809374987 66 39
258039.25809374987 258675.95659374984 66 39
331225.4700562492 331858.64855624916 66 31
331858.64855624916 332217.3206729158 66 31
336015.17980624904 337421.7056020824 66 45
352199.0976645823 352832.2761645823 66 31
352832.2761645823 353190.948281249 66 31
356988.8074145822 358395.33321041556 66 45
381889.49739791534 382845.1538979153 66 58
384468.0863979153 385426.97239791526 66 63
1415.762 2098.882133333333 67 44
5362.052 6046.3894125 67 47
7979.6505 9301.8185 67 57
9618.407749999998 10229.175 67 48
10591.669 12519.519 67 36
17027.472999999998 17704.368049999997 67 42
19808.429499999987 21224.19149999999 67 32
21224.19149999999 23301.037499999988 67 31
22639.95349999999 23323.073633333323 67 44
26586.243499999986 27270.580912499987 67 47
29203.841999999986 30526.009999999987 67 57
30842.59924999999 31453.366499999986 67 48
31815.860499999984 33743.71049999999 67 36
38251.664499999984 38928.55954999998 67 42
41032.62099999999 42448.382999999994 67 32
50517.64712499999 51867.360291666664 67 36
61336.37287500001 62747.914075 67 32
64236.613875 66313.459875 67 31
65652.375875 66335.49600833334 67 44
69598.665875 70283.0032875 67 47
72216.264375 73538.432375 67 57
73855.02162500001 74465.78887500001 67 48
74828.28287500002 76756.13287500001 67 36
81264.08687500004 81940.98192500003 67 42
84045.04337500002 85460.80537500003 67 32
93530.06950000004 94879.7826666667 67 36
104348.79525000008 105760.33645000006 67 32
107249.03625000008 109325.88225000008 67 31
108664.79825000008 109347.91838333341 67 44
112611.08825000007 113295.42566250009 67 47
115228.68675000007 116550.85475000007 67 57
116867.44400000008 117478.21125000008 67 48
117840.70525000009 119768.55525000008 67 36
124276.5092500001 124953.4043000001 67 42
127057.46575000009 128473.2277500001 67 32
140262.5415 140940.72918125 67 53
143203.59087500002 143523.55662500006 67 43
143523.55662500006 143843.5223750001 67 45
143843.5223750001 144163.4881250001 67 43
145149.15487500007 145502.57957500007 67 45
147118.97712500006 147772.8566250001 67 49
161238.91745625 161917.07448125 67 53
164179.76245625003 164499.72820625003 67 43
164499.72820625003 164819.69395625006 67 45
164819.69395625006 165139.6597062501 67 43
166125.32645625007 166478.75115625004 67 45
168095.14870625007 168749.02820625008 67 49
170740.75653750007 171060.64016250003 67 25
171060.64016250003 171370.3016625 67 25
171370.3016625 171712.1431625 67 27
173319.7136625 173635.9024125 67 34
173635.9024125 173942.40016249998 67 34
173942.40016249998 174272.50591249997 67 34
177133.90953749997 177437.3075375 67 46
177437.3075375 177743.80528749994 67 46
177743.80528749994 178078.02978749995 67 46
179679.9980374999 179996.5872874999 67 48
179996.5872874999 180309.8705374999 67 45
180309.8705374999 180640.4125374999 67 45
182248.30528749988 182568.2710374999 67 39
182568.2710374999 182877.93253749987 67 43
182877.93253749987 183197.48953749987 67 40
183197.48953749987 184507.1182583332 67 45
189604.5539125 190275.6236125 67 38
203000.13828749987 203320.1040374999 67 39
203320.1040374999 203578.7430187499 67 43
203640.0697874999 203960.0355374999 67 40
206564.3097875 207219.4345375 67 45
208524.16903749996 209181.8087875 67 51
212165.40661874998 212483.49374374995 67 25
212483.49374374995 212799.68249374998 67 25
212799.68249374998 213141.52399374996 67 27
214749.09449374996 215065.28324374996 67 34
215065.28324374996 215371.78099374994 67 34
215371.78099374994 215701.88674374996 67 34
218563.29036874993 218866.68836874995 67 46
218866.68836874995 219173.18611874993 67 46
219173.18611874993 219507.4106187499 67 46
221109.37886874983 221425.96811874985 67 48
221425.96811874985 221739.25136874986 67 45
221739.25136874986 222069.79336874984 67 45
223677.6861187498 223997.65186874985 67 39
223997.65186874985 224307.3133687498 67 43
224307.3133687498 224626.87036874983 67 40
224626.87036874983 225936.49908958314 67 45
231033.93474374994 231705.00444374993 67 38
244429.5191187499 244749.4848687499 67 39
244749.4848687499 245008.1238499999 67 43
245069.4506187499 245389.41636874992 67 40
247993.69061875 248626.93961875 67 45
249931.67411874997 250589.31386875 67 51
252551.68034375 253191.61184374997 67 45
253191.61184374997 254971.07296874994 67 47
254809.36534374996 255445.95684374994 67 43
255445.95684374994 256100.53609374995 67 42
259976.74434374977 260616.67584374975 67 33
260616.67584374975 261243.51559374976 67 33
267232.3445104164 267879.92183541646 67 41
267920.73341041646 268498.3121729165 67 45
269044.7153291665 271113.5028291665 67 34
270460.47732916643 271136.00507916644 67 47
274419.92332916654 275103.99466041656 67 52
277055.8120791666 278212.7090791666 67 63
278696.1874541666 279295.0277041666 67 53
279675.9317041666 281596.68620416656 67 36
286104.6402041666 286802.7232541666 67 42
288906.7847041666 290200.4457041666 67 32
292417.67720416654 292786.46997499984 67 50
300848.55907916644 301468.6500791664 67 42
301468.6500791664 301819.3579104164 67 45
307101.3628291663 307588.57687291637 67 36
308049.7900791663 309318.0933041663 67 42
312774.4398937495 313143.2326645828 67 50
321205.3217687494 321825.4127687494 67 42
321825.4127687494 322176.1205999994 67 45
327464.2682687493 327951.4823124993 67 36
328409.1105187493 329649.05737083254 67 42
334739.829556249 336167.16353749903 67 45
337618.5559312491 338097.3810562491 67 45
339926.4809312491 340884.1311812491 67 45
348712.419556249 349146.535462499 67 51
355713.4571645822 357140.7911458322 67 45
358592.18353958224 359071.0086645823 67 45
360900.1085395823 361857.7587895823 67 45
369686.04716458224 370120.16307083226 67 51
372852.7230229156 373855.2381062489 67 39
376729.7272729156 377675.17064791557 67 39
393638.80023333186 395693.6762333318 67 34
395054.5622333318 395716.1784833318 67 47
398992.2382333319 399676.54684583185 67 52
401614.75973333174 402936.92773333174 67 63
403253.51698333176 403848.5167333317 67 53
404254.58073333174 406175.3352333317 67 36
410683.3952333317 411359.57845833164 67 42
413477.50760833174 414771.16860833176 67 32
429284.4537333318 429607.4512333318 67 32
429607.4512333318 429930.4487333318 67 36
429930.4487333318 430267.98248333175 67 32
434258.76198333176 435624.2599833317 67 36
441061.96298333176 441407.1165583317 67 54
446249.8202333317 446724.1033583317 67 33
6023.136 6663.896699999999 68 61
8971.2765 9328.2009375 68 48
9919.1295 10591.669 68 49
17681.352499999997 18528.344691666658 68 33
18392.667499999992 19832.025533333323 68 34
27247.327499999985 27888.088199999987 68 59
30195.467999999986 30552.392437499988 68 48
31143.32099999999 31815.860499999984 68 49
38905.54399999999 39752.53619166666 68 33
39616.85899999999 41056.21703333333 68 34
53849.039124999996 54541.819762499996 68 28
60554.71587500001 61363.617854166674 68 30
70259.74987500001 70900.51057500001 68 61
73207.890375 73564.8148125 68 48
74155.74337500002 74828.28287500002 68 49
81917.96637500003 82974.37336250002 68 33
82629.28137500002 84068.63940833336 68 34
96861.46150000005 97554.24213750006 68 28
103567.13825000009 104376.04022916674 68 30
113272.17225000008 113912.93295000009 68 61
116220.31275000007 116577.23718750007 68 48
117168.16575000009 117840.70525000009 68 49
124930.3887500001 125777.38094166676 68 33
125641.70375000009 127081.06178333343 68 34
139942.9845 140301.53435833333 68 53
160919.36045625 161277.91031458334 68 53
172035.5584125 172342.05616249997 68 31
172342.05616249997 172654.94716249997 68 31
172654.94716249997 172989.17166249998 68 31
174572.86641249998 174923.95953958333 68 39
175202.3616625 175540.8925875 68 42
175852.46066250003 176162.1550375 68 45
176162.1550375 176468.65278749997 68 45
176468.65278749997 176810.49428749995 68 45
203960.0355374999 205293.90650833325 68 51
207219.4345375 207708.2711625 68 50
213464.93924374998 213771.43699374996 68 31
213771.43699374996 214084.32799374996 68 31
214084.32799374996 214418.55249374994 68 31
216002.24724374997 216353.34037083332 68 39
216631.74249374997 216970.27341875 68 42
217281.84149375 217591.53586874995 68 45
217591.53586874995 217898.03361874993 68 45
217898.03361874993 218239.87511874991 68 45
245389.41636874992 246723.28733958327 68 51
248626.93961875 249115.77624374998 68 50
255129.36759374995 255762.54609374993 68 45
255762.54609374993 257715.8428437499 68 47
260296.71009374977 260936.64159374975 68 36
260936.64159374975 262246.1028687497 68 39
267574.48151041643 268215.15977291646 68 44
268271.20035208313 269044.7153291665 68 45
275081.0073291665 275714.64692916657 68 58
278047.4380791666 278405.98064166657 68 53
278984.9822041666 279675.9317041666 68 54
286779.7077041666 287626.6998958332 68 33
287491.02270416653 288928.3457208332 68 34
292759.5187041665 293898.8683291665 68 54
307720.0473291663 308049.7900791663 68 36
313116.28139374946 314255.63101874944 68 54
328082.95276874927 328409.1105187493 68 36
333456.10680624907 334767.9596729157 68 50
336662.0853062491 337937.7726812491 68 59
337937.7726812491 338619.0171812491 68 45
338619.0171812491 340102.0501437491 68 52
346369.20468124904 347048.2120916657 68 39
348005.064556249 348367.2518520823 68 51
350546.36855624896 350913.296024999 68 52
354429.73441458226 355741.5872812489 68 50
357635.7129145823 358911.40028958226 68 59
358911.40028958226 359592.6447895823 68 45
359592.6447895823 361075.6777520823 68 52
367342.83228958223 368021.8396999989 68 39
368978.69216458226 369340.87946041557 68 51
371519.9961645822 371886.92363333225 68 52
374139.3935229156 375091.7565229156 68 39
387059.8591479152 393638.80023333186 68 56
399653.3222333319 400293.50463333185 68 58
402606.3857333318 402963.31017083174 68 53
403545.11873333174 404254.58073333174 68 54
411337.2747333317 412197.42279999837 68 33
412061.7456083317 413499.06862499844 68 34
430267.98248333175 431580.9214833317 68 37
432200.3614833317 434258.76198333176 68 36
432893.26398333174 434941.5109833317 68 38
442684.13348333165 443348.5054833317 68 54
450106.80948333186 450445.00730833184 68 45
10229.175 10736.067389583333 69 49
31453.366499999986 31960.258889583318 69 49
74465.78887500001 74972.68126458334 69 49
117478.21125000008 117985.10363958341 69 49
145803.38162500007 146156.76982500005 69 45
146457.57187500008 146809.1529583334 69 45
147445.91687500008 148099.7963750001 69 49
148099.7963750001 148530.72998958343 69 41
166779.55320625007 167132.94140625003 69 45
167433.74345625006 167785.3245395834 69 45
168422.08845625006 169075.96795625007 69 49
169075.96795625007 169506.9015708334 69 41
205604.41253749994 205924.37828749997 69 36
205924.37828749997 206244.34403749998 69 38
206244.34403749998 206564.3097875 69 36
247033.79336874993 247353.75911874996 69 36
247353.75911874996 247673.72486875 69 38
247673.72486875 247993.69061875 69 36
258675.95659374984 259322.78709374982 69 50
259322.78709374982 259976.74434374977 69 50
268626.65507916646 269295.4231833331 69 46
279295.0277041666 279820.3300937499 69 54
330905.4678062492 333617.8144312491 69 45
334739.829556249 335356.74905624904 69 59
351879.09541458235 354591.44203958224 69 39
355713.4571645822 356330.37666458223 69 59
378336.97989791556 378982.4536479155 69 54
378982.4536479155 379424.80992916547 69 53
379624.3203979155 380093.59027291543 69 56
380253.19864791544 380765.41796666547 69 58
382212.49489791534 382845.1538979153 69 59
382845.1538979153 383341.24033541535 69 60
384791.0838979153 385426.97239791526 69 60
385426.97239791526 385926.6518354153 69 59
403848.5167333317 404398.9791229151 69 54
437841.4914833317 438221.06476249837 69 50
6643.227 7290.18046875 70 62
10591.669 13813.33 70 50
21224.19149999999 23301.037499999988 70 45
27867.41849999999 28514.371968749987 70 62
31815.860499999984 35037.52149999998 70 50
64236.613875 66313.459875 70 45
70879.84087500001 71526.79434374999 70 62
74828.28287500002 78049.94387500001 70 50
107249.03625000008 109325.88225000008 70 45
113892.26325000009 114539.21671875007 70 62
117840.70525000009 121062.36625000008 70 50
145149.15487500007 145502.57957500007 70 53
166125.32645625007 166478.75115625004 70 53
170740.75653750007 171060.64016250003 70 30
171060.64016250003 171370.3016625 70 30
171370.3016625 171712.1431625 70 33
212165.40661874998 212483.49374374995 70 30
212483.49374374995 212799.68249374998 70 30
212799.68249374998 213141.52399374996 70 33
258999.37184374983 259646.20234374978 70 54
259646.20234374978 261566.93084374972 70 54
263555.47809374967 266257.1261354164 70 38
269044.7153291665 271113.5028291665 70 49
275694.00282916654 276366.3420479166 70 60
279675.9317041666 282890.49720416655 70 50
292101.0879541665 292759.5187041665 70 54
293740.57370416645 294057.1629541665 70 50
294068.0609458331 295037.98220416636 70 54
297930.4383291663 299062.50320416637 70 63
310231.6509812495 310718.9160187495 70 51
312457.8506437495 313116.28139374946 70 54
314097.33639374946 314413.9256437495 70 50
314424.8236354161 315394.74489374936 70 54
318287.2010187493 319419.26589374937 70 63
330583.0069041659 331032.13877916586 70 51
334092.6983062491 334767.9596729157 70 59
335046.70355624903 335673.33830624906 70 54
335673.33830624906 336167.16353749903 70 54
337618.5559312491 338097.3810562491 70 50
338260.8509312491 338938.2339312491 70 45
339926.4809312491 340884.1311812491 70 50
345400.7284312491 346027.36318124906 70 33
346027.36318124906 346468.9084520824 70 32
347018.95055624907 347675.32180624903 70 52
349113.703556249 350584.42029374896 70 54
350872.52630624897 351338.81743541564 70 47
355066.32591458224 355741.5872812489 70 59
356020.3311645822 356646.9659145822 70 54
356646.9659145822 357140.7911458322 70 54
358592.18353958224 359071.0086645823 70 50
359234.4785395823 359911.86153958226 70 45
360900.1085395823 361857.7587895823 70 50
366374.3560395823 367000.99078958225 70 33
367000.99078958225 367442.5360604156 70 32
367992.57816458226 368648.9494145823 70 52
370087.3311645822 371558.0479020822 70 54
371846.1539145822 372312.4450437489 70 47
375749.55452291557 376388.74077291554 70 53
376388.74077291554 376995.52006041555 70 53
377039.3887729156 377675.17064791557 70 53
377675.17064791557 378336.97989791556 70 53
378659.80364791554 379305.1036479155 70 56
380594.18514791544 382535.49239791534 70 64
383171.6666479153 385114.0813979153 70 65
385757.07814791525 387571.27185624855 70 65
393638.80023333186 395693.6762333318 70 49
400272.64523333183 400925.28970208176 70 60
404254.58073333174 407482.8232333318 70 50
418627.8858583317 419608.7051083317 70 54
423766.68210833176 424747.50135833176 70 55
426719.9243583318 427039.4813583318 70 32
427039.4813583318 427359.0383583319 70 36
427359.0383583319 427689.1441083319 70 32
427689.1441083319 428986.9080041651 70 37
429284.4537333318 429607.4512333318 70 32
429607.4512333318 429930.4487333318 70 36
429930.4487333318 430267.98248333175 70 32
437524.9022333317 438183.3329833317 70 54
442038.1384833317 442684.13348333165 70 54
446566.0089833317 446882.19773333176 70 37
446882.19773333176 447198.3864833318 70 33
447217.6426520818 448167.6062333318 70 38
137684.89200000002 138351.48731250002 71 45
147772.8566250001 148116.1433625001 71 49
148424.4745708334 148904.95267708343 71 42
158661.26795625003 159327.86326875002 71 45
168749.02820625008 169092.31494375007 71 49
169400.64615208338 169881.1242583334 71 42
189604.5539125 190243.6679125 71 54
200093.2322874999 200758.97603749993 71 45
202346.3567874999 202704.90664583322 71 56
206564.3097875 207219.4345375 71 54
208858.39353749997 209209.97462083332 71 53
209519.79878749998 210173.6782875 71 49
210173.6782875 210516.96502499998 71 49
210825.29623333333 211305.77433958332 71 42
231033.93474374994 231673.04874374994 71 54
241522.61311874993 242188.35686874992 71 45
243775.7376187499 244134.28747708324 71 56
247993.69061875 248626.93961875 71 54
250265.89861874998 250617.47970208334 71 53
250927.30386875 251581.18336875 71 49
251581.18336875 251924.47010625 71 49
257069.01234374993 258999.37184374983 71 56
332189.1905562491 332806.11005624913 71 59
351202.67603958235 351879.09541458235 71 45
353162.8181645823 353779.73766458227 71 59
372176.3036479156 372852.7230229156 71 45
376072.55202291557 376729.7272729156 71 56
431554.29173333175 432200.3614833317 71 59
7263.318 8169.71215 72 62
28487.509499999986 29393.90364999999 72 59
71499.931875 72406.326025 72 62
114512.35425000008 115418.74840000007 72 62
129802.4740000001 130476.89863541677 72 47
134069.28900000005 134716.11950000006 72 47
136036.40175000005 136394.56800000003 72 47
136394.56800000003 138004.85775000002 72 49
139623.4275 140262.5415 72 53
145803.38162500007 146156.76982500005 72 53
148099.7963750001 148530.72998958343 72 49
148754.55165208344 149121.82959375007 72 44
150766.65745625008 151441.08209166673 72 47
155045.66495625002 155692.49545625 72 47
157012.77770625 157370.94395625 72 47
157370.94395625 158981.23370625 72 49
160599.80345625 161238.91745625 72 53
166779.55320625007 167132.94140625003 72 53
169075.96795625007 169506.9015708334 72 49
169730.7232333334 170098.00117500007 72 44
186417.45303749994 187030.44853749996 72 56
188319.22528749995 189636.5096125 72 55
192208.7304125 192883.1550479167 72 47
196477.62928749996 197124.45978749995 72 47
198444.74203749993 198802.90828749991 72 47
198802.90828749991 200412.7892874999 72 49
203320.1040374999 204009.02124999993 72 55
205604.41253749994 205924.37828749997 72 43
205924.37828749997 206244.34403749998 72 45
206244.34403749998 206564.3097875 72 43
207549.97653749998 207903.40123749996 72 45
209846.7385375 210500.6180375 72 49
210500.6180375 210931.55165208332 72 49
211155.37331458332 211522.65125624998 72 44
227846.83386874988 228459.8293687499 72 56
229748.6061187499 231065.89044374993 72 55
233638.11124375 234312.53587916665 72 47
237907.01011874992 238553.8406187499 72 47
239874.12286874992 240232.2891187499 72 47
240232.2891187499 241842.17011874993 72 49
244749.4848687499 245438.40208124992 72 55
247033.79336874993 247353.75911874996 72 43
247353.75911874996 247673.72486875 72 45
247673.72486875 247993.69061875 72 43
248957.48161875 249310.90631874997 72 45
251254.24361874998 251908.12311875002 72 52
251908.12311875002 253839.11959375 72 54
253839.11959375 254485.95009374994 72 51
254485.95009374994 256410.58159374996 72 54
276339.4795791666 277245.8737291666 72 57
290200.4457041666 291512.29857083317 72 54
293898.8683291665 294068.0609458331 72 50
297588.59682916634 298046.3287937497 72 54
298904.2085791664 299220.79782916635 72 54
299220.79782916635 300201.6170791664 72 63
305848.32957916637 306189.37962916633 72 55
310557.20839374955 311869.0612604162 72 54
314255.63101874944 314424.8236354161 72 50
317945.35951874935 318403.0914833327 72 54
319260.97126874933 319577.56051874935 72 54
319577.56051874935 320558.37976874935 72 63
326205.0922687494 326546.14231874933 72 55
330905.4678062492 332217.3206729158 72 59
332496.0645562491 333122.6993062491 72 54
333122.6993062491 333617.8144312491 72 57
335356.74905624904 336015.17980624904 72 59
337937.7726812491 338619.0171812491 72 49
338619.0171812491 340102.0501437491 72 56
346699.73380624905 347048.2120916657 72 52
351538.3005145823 352005.766387499 72 45
351879.09541458235 353190.948281249 72 59
353469.69216458226 354096.3269145823 72 54
354096.3269145823 354591.44203958224 72 57
356330.37666458223 356988.8074145822 72 59
358911.40028958226 359592.6447895823 72 49
359592.6447895823 361075.6777520823 72 56
367673.36141458224 368021.8396999989 72 52
372511.92812291556 373159.2207729156 72 45
373159.2207729156 373798.40702291555 72 53
373798.40702291555 374345.8345229156 72 52
374449.0550229156 375091.7565229156 72 53
375091.7565229156 375467.95262291556 72 52
400898.4272333318 401804.8213833318 72 57
414771.16860833176 416054.8913583318 72 54
418469.5912333317 418657.85533541505 72 50
419935.6448583317 421219.36760833167 72 54
423608.3874833317 423796.65158541506 72 50
430267.98248333175 431580.9214833317 72 37
431873.8487333317 432526.87423333176 72 54
437214.8567333317 437841.4914833317 72 50
441708.0327333317 442059.67164999834 72 50
143523.55662500006 144342.95491250008 73 61
164499.72820625003 165319.12649375008 73 61
186097.48728749994 186723.95078749995 73 54
186723.95078749995 187350.00553749996 73 54
227526.8681187499 228153.3316187499 73 54
228153.3316187499 228779.3863687499 73 54
253525.83634374998 254162.53484374998 73 54
254162.53484374998 254809.36534374996 73 53
261243.51559374976 261890.34609374971 73 46
291791.0424541665 292417.67720416654 73 50
295364.9219541664 296677.06554166635 73 59
297272.0075791664 297930.4383291663 73 58
299062.50320416637 299250.7673062497 73 54
309911.65691666625 310344.5784812495 73 52
312147.8051437495 312774.4398937495 73 50
315721.6846437494 317033.82823124935 73 59
317628.77026874933 318287.2010187493 73 58
319419.26589374937 319607.5299958327 73 54
330265.6945791659 330649.5103937492 73 52
332806.11005624913 333456.10680624907 73 62
338260.8509312491 338938.2339312491 73 49
348334.807306249 349113.703556249 73 55
353779.73766458227 354429.73441458226 73 62
359234.4785395823 359911.86153958226 73 49
369308.43491458223 370087.3311645822 73 55
373482.2182729156 374139.3935229156 73 56
13813.33 14439.8965 74 46
18392.667499999992 19832.025533333323 74 51
35037.52149999998 35664.08799999998 74 46
39616.85899999999 41056.21703333333 74 51
46478.79099999999 47155.11449999999 74 56
62712.99787500001 64236.613875 74 45
78049.94387500001 78676.51037500003 74 46
82629.28137500002 84068.63940833336 74 51
89491.21337500002 90167.53687500002 74 56
105725.42025000007 107249.03625000008 74 45
121062.36625000008 121688.9327500001 74 46
125641.70375000009 127081.06178333343 74 51
129464.9402500001 129822.16346875009 74 47
132441.7738750001 133112.35243125007 74 48
134392.70425000007 134978.47962500007 74 50
135382.52225000004 135927.42183333336 74 50
135709.46200000003 136084.15725000002 74 48
137684.89200000002 138351.48731250002 74 54
142861.749375 143555.55320000005 74 65
144505.3296250001 144832.38545833342 74 54
148424.4745708334 148904.95267708343 74 50
149090.84717708343 149586.13845625008 74 45
150429.12370625007 150786.34692500005 74 47
153416.39220625008 154088.7283875 74 48
155369.08020625004 155954.85558125004 74 50
156358.89820625 156903.79778958333 74 50
156685.83795625 157051.57905000003 74 48
158661.26795625003 159327.86326875002 74 54
163837.92095625 164531.72478125003 74 65
165481.50120625008 165808.5570395834 74 54
169400.64615208338 169881.1242583334 74 50
170067.0187583334 170558.95843750006 74 45
175532.90366250003 176829.3601770833 74 57
189924.1109125 190563.2249125 74 49
191871.1966625 192228.41988125 74 47
194848.3565375 195520.69271874995 74 48
196801.04453749995 197386.81991249995 74 50
197790.86253749995 198335.76212083327 74 50
198117.80228749992 198501.45169374993 74 48
200093.2322874999 200758.97603749993 74 54
202665.9137874999 203344.1014687499 74 60
208204.2032875 208557.59148749997 74 45
208858.39353749997 209209.97462083332 74 45
210825.29623333333 211305.77433958332 74 50
211491.66883958332 211983.60851874997 74 45
216962.28449375 218258.74100833325 74 57
231353.49174374994 231992.60574374994 74 49
233300.57749375 233657.80071249997 74 47
236277.73736874998 236950.0735499999 74 48
238230.42536874994 238816.20074374994 74 50
239220.2433687499 239765.14295208326 74 50
239547.18311874993 239927.84780624992 74 48
241522.61311874993 242188.35686874992 74 54
244095.2946187499 244773.4822999999 74 60
249611.70836875 249965.09656874998 74 45
250265.89861874998 250617.47970208334 74 45
261566.93084374972 262213.7613437497 74 48
282890.49720416655 283517.06370416656 74 46
287491.02270416653 288928.3457208332 74 51
303970.34007916634 304314.495489583 74 53
307720.0473291663 308049.7900791663 74 53
308359.1323291663 308977.81682916626 74 52
309597.1995916662 310137.5447312495 74 54
324327.10276874935 324671.258179166 74 53
328082.95276874927 328409.1105187493 74 53
328718.45276874927 329337.13726874924 74 52
329953.7958666659 330444.67964583257 74 54
343468.2901812491 343971.8393062491 74 57
364441.9177895822 364945.46691458224 74 57
387382.8566479152 387770.9939937485 74 56
392346.81023333175 393638.80023333186 74 48
407482.8232333318 408109.3897333318 74 46
412061.7456083317 413499.06862499844 74 51
415724.34935833176 416083.02147499844 74 51
418311.29660833173 418627.8858583317 74 50
420888.82560833165 421247.49772499833 74 51
423127.09535833175 423450.09285833174 74 55
428959.6986083318 429639.7509833318 74 61
432526.87423333176 434258.76198333176 74 54
436907.98273333174 437524.9022333317 74 54
440400.56448333175 440750.39490833174 74 50
445589.28898333176 445983.3472958317 74 50
448167.6062333318 448561.6645458318 74 46
13159.4505 13813.33 75 60
14439.8965 15066.463000000002 75 49
15066.463000000002 15727.547000000002 75 51
15727.547000000002 16389.098350000004 75 54
17027.472999999998 17704.368049999997 75 64
19808.429499999987 21224.19149999999 75 54
34383.641999999985 35037.52149999998 75 60
35664.08799999998 36290.654499999975 75 49
36290.654499999975 36951.73849999997 75 51
36951.73849999997 37613.289849999965 75 54
38251.664499999984 38928.55954999998 75 64
41032.62099999999 42448.382999999994 75 54
44431.63499999999 45236.50398333332 75 55
46824.57249999999 47471.703749999986 75 55
53849.039124999996 54541.819762499996 75 34
55201.68612499999 55896.954275 75 34
56540.803374999996 57231.038499999995 75 34
61336.37287500001 62522.545875 75 56
62522.545875 62747.914075 75 42
77396.064375 78049.94387500001 75 60
78676.51037500003 79303.07687500003 75 49
79303.07687500003 79964.16087500003 75 51
79964.16087500003 80625.71222500002 75 54
81264.08687500004 81940.98192500003 75 64
84045.04337500002 85460.80537500003 75 54
87444.05737500002 88248.92635833335 75 55
89836.99487500002 90484.12612500002 75 55
96861.46150000005 97554.24213750006 75 34
98214.10850000005 98909.37665000005 75 34
99553.22575000007 100243.46087500006 75 34
104348.79525000008 105534.96825000008 75 56
105534.96825000008 105760.33645000006 75 42
120408.48675000008 121062.36625000008 75 60
121688.9327500001 122315.4992500001 75 49
122315.4992500001 122976.5832500001 75 51
122976.5832500001 123638.1346000001 75 54
124276.5092500001 124953.4043000001 75 64
127057.46575000009 128473.2277500001 75 54
128473.2277500001 129718.09056250009 75 49
129802.4740000001 130476.89863541677 75 56
132118.7763750001 132471.3819791668 75 46
134069.28900000005 134716.11950000006 75 57
134716.11950000006 135065.93300000005 75 52
135065.93300000005 135409.7672291667 75 51
136036.40175000005 136394.56800000003 75 56
136394.56800000003 138004.85775000002 75 58
139310.5365 139942.9845 75 57
142531.05012500004 142893.08484583336 75 61
148754.55165208344 149121.82959375007 75 52
149434.04295625008 150682.27401875006 75 49
150766.65745625008 151441.08209166673 75 56
153089.87945625006 153446.32254166674 75 46
155045.66495625002 155692.49545625 75 57
155692.49545625 156042.30895625002 75 52
156042.30895625002 156397.04117708333 75 51
157012.77770625 157370.94395625 75 56
157370.94395625 158981.23370625 75 58
160286.91245625 160919.36045625 75 57
163507.22170625 163869.25642708334 75 61
169730.7232333334 170098.00117500007 75 52
176810.49428749995 178102.82043749996 75 54
179363.4087874999 180025.3049187499 75 54
185137.5900374999 186097.48728749994 75 57
190243.6679125 190882.7819125 75 52
190882.7819125 192124.34697500002 75 49
192208.7304125 192883.1550479167 75 56
194521.8437875 194878.28687291668 75 46
196477.62928749996 197124.45978749995 75 57
197124.45978749995 197474.27328749996 75 52
197474.27328749996 197839.90349999993 75 51
198444.74203749993 198802.90828749991 75 56
198802.90828749991 200412.7892874999 75 58
202030.13278749993 202665.9137874999 75 56
207549.97653749998 207903.40123749996 75 53
211155.37331458332 211522.65125624998 75 52
218239.87511874991 219587.29160208325 75 54
220792.78961874984 221454.68574999983 75 54
226566.97086874984 227526.8681187499 75 57
231673.04874374994 232312.16274374994 75 52
232312.16274374994 233553.72780624998 75 49
233638.11124375 234312.53587916665 75 56
235951.22461874995 236307.66770416664 75 46
237907.01011874992 238553.8406187499 75 57
238553.8406187499 238903.65411874992 75 52
238903.65411874992 239261.11083749993 75 51
239874.12286874992 240232.2891187499 75 56
240232.2891187499 241842.17011874993 75 58
243459.51361874992 244095.2946187499 75 56
248957.48161875 249310.90631874997 75 53
261890.34609374971 262537.17659374967 75 49
282236.61770416657 282890.49720416655 75 60
283517.06370416656 284143.6302041666 75 49
284143.6302041666 284804.7142041666 75 51
284804.7142041666 285466.26555416663 75 54
286104.6402041666 286802.7232541666 75 64
288906.7847041666 290200.4457041666 75 54
291484.16845416656 292101.0879541665 75 54
296958.6902041664 297588.59682916634 75 56
304286.92932916636 304447.3142624997 75 62
307101.3628291663 307410.70507916634 75 53
307410.70507916634 307909.6494104163 75 58
308049.7900791663 308668.4745791663 75 58
308668.4745791663 309287.15907916625 75 55
309287.15907916625 309730.0397166662 75 54
311840.9311437495 312457.8506437495 75 54
317315.45289374935 317945.35951874935 75 56
324643.6920187493 324804.0769520826 75 62
327464.2682687493 327773.6105187493 75 53
327773.6105187493 328270.49347499927 75 58
328409.1105187493 329027.79501874925 75 58
329027.79501874925 329646.4795187492 75 55
329646.4795187492 330041.44283749926 75 54
336015.17980624904 336825.55518124904 75 59
343151.70093124907 343810.13168124907 75 63
347675.32180624903 348334.807306249 75 56
356988.8074145822 357799.18278958224 75 59
364125.32853958226 364783.75928958226 75 60
368648.9494145823 369308.43491458223 75 56
379305.1036479155 379783.9287729155 75 59
390965.7317333318 392159.0286083318 75 57
392159.0286083318 392992.8052333318 75 40
406815.2667333317 407482.8232333318 75 60
408109.3897333318 408722.38523333176 75 49
408722.38523333176 409383.4692333318 75 51
409383.4692333318 410045.0205833318 75 54
410683.3952333317 411359.57845833164 75 64
413477.50760833174 414771.16860833176 75 54
416054.8913583318 416988.40010833176 75 55
416671.81085833174 417357.19287916506 75 54
417330.24160833174 418469.5912333317 75 58
421219.36760833167 421526.2416083316 75 55
421526.2416083316 421836.28710833157 75 50
421836.28710833157 422152.87635833165 75 54
422152.87635833165 422494.7178583317 75 51
422494.7178583317 422810.9066083317 75 55
422969.00098333176 423156.7034624984 75 50
423450.09285833174 423766.68210833176 75 50
429607.4512333318 430286.04607083177 75 57
432200.3614833317 432893.26398333174 75 59
434258.76198333176 435624.2599833317 75 52
435624.2599833317 436936.1128499984 75 54
440083.97523333173 440742.40598333173 75 54
440742.40598333173 441388.47573333175 75 56
448505.1399833318 449795.9599020819 75 55
17988.226499999993 18350.83349999999 76 56
39212.41799999998 39575.02499999999 76 56
82224.84037500003 82587.44737500002 76 56
125237.2627500001 125599.8697500001 76 56
170410.21453750005 171731.00905208333 76 49
183531.26778749988 184151.42503749987 76 60
184151.42503749987 184507.1182583332 76 57
187030.44853749996 187669.56253749997 76 58
204931.87178749996 205293.90650833325 76 61
211834.86461874997 213160.3898833333 76 49
224960.6486187498 225580.80586874983 76 60
225580.80586874983 225936.49908958314 76 57
228459.8293687499 229098.9433687499 76 58
246361.25261874995 246723.28733958327 76 61
256100.53609374995 256727.17084374995 76 56
262213.7613437497 262860.5918437497 76 51
287086.5817041666 287449.18870416656 76 56
301468.6500791664 301819.3579104164 76 59
321825.4127687494 322176.1205999994 76 59
411634.65773333167 412015.3462124983 76 56
426393.4116083317 427071.4370583318 76 61
430577.64398333174 431019.69783333177 76 54
12519.519 13178.521985416668 77 58
13813.33 14439.8965 77 55
16841.737499999996 17286.30030208333 77 57
17834.789499999995 18141.663499999988 77 56
18141.663499999988 18392.667499999992 77 53
18392.667499999992 19832.025533333323 77 61
33743.71049999999 34402.71348541666 77 58
35037.52149999998 35664.08799999998 77 55
38065.928999999975 38510.491802083314 77 57
39058.98099999998 39365.85499999999 77 56
39365.85499999999 39616.85899999999 77 53
39616.85899999999 41056.21703333333 77 61
42448.382999999994 43806.35971666666 77 60
46148.24899999999 46513.36914999999 77 54
47155.11449999999 47629.99837499999 77 57
59900.836375000006 61336.37287500001 77 67
62332.093875000006 62712.99787500001 77 46
76756.13287500001 77415.13586041667 77 58
78049.94387500001 78676.51037500003 77 55
81078.35137500003 81514.74068333337 77 57
82071.40337500004 82378.27737500002 77 56
82378.27737500002 82629.28137500002 77 53
82629.28137500002 84068.63940833336 77 61
85460.80537500003 86818.7820916667 77 60
89160.67137500002 89525.79152500002 77 54
90167.53687500002 90642.42075000005 77 57
102913.25875000008 104348.79525000008 77 67
105344.51625000009 105725.42025000007 77 46
119768.55525000008 120427.55823541674 77 58
121062.36625000008 121688.9327500001 77 55
124090.7737500001 124431.8056312501 77 57
125083.8257500001 125390.6997500001 77 56
125390.6997500001 125641.70375000009 77 53
125641.70375000009 127081.06178333343 77 61
129464.9402500001 129822.16346875009 77 56
131145.0045000001 132361.0245000001 77 52
132441.7738750001 133112.35243125007 77 58
134392.70425000007 134978.47962500007 77 60
135382.52225000004 135927.42183333336 77 60
135709.46200000003 136084.15725000002 77 58
149090.84717708343 149586.13845625008 77 54
150429.12370625007 150786.34692500005 77 56
152109.18795625004 153334.76401875005 77 52
153416.39220625008 154088.7283875 77 58
155369.08020625004 155954.85558125004 77 60
156358.89820625 156903.79778958333 77 60
156685.83795625 157051.57905000003 77 58
170067.0187583334 170558.95843750006 77 54
171712.1431625 173016.71682916666 77 47
174272.50591249997 174923.95953958333 77 48
175532.90366250003 176829.3601770833 77 68
178078.02978749995 179392.4294687499 77 57
182568.2710374999 183244.7747895832 77 62
183844.55103749988 184304.86203749987 77 62
187350.00553749996 187989.11953749997 77 50
190563.2249125 191034.8774125 77 54
191871.1966625 192228.41988125 77 56
193551.2609125 194766.72835 77 52
194848.3565375 195520.69271874995 77 58
196801.04453749995 197386.81991249995 77 60
197790.86253749995 198335.76212083327 77 60
198117.80228749992 198501.45169374993 77 58
208204.2032875 208557.59148749997 77 53
211491.66883958332 211983.60851874997 77 54
213141.52399374996 214454.36121041662 77 47
215701.88674374996 216353.34037083332 77 48
216962.28449375 218258.74100833325 77 68
219507.4106187499 220821.81029999984 77 57
223997.65186874985 224674.15562083316 77 62
225273.93186874982 225734.2428687498 77 62
228779.3863687499 229418.5003687499 77 50
231992.60574374994 232571.28841041663 77 54
233300.57749375 233657.80071249997 77 56
234980.64174374996 236196.10918124998 77 52
236277.73736874998 236950.0735499999 77 58
238230.42536874994 238816.20074374994 77 60
239220.2433687499 239765.14295208326 77 60
239547.18311874993 239927.84780624992 77 58
249611.70836875 249965.09656874998 77 53
256410.58159374996 257069.01234374993 77 58
262537.17659374967 263184.00709374965 77 52
281596.68620416656 282255.68918958324 77 58
282890.49720416655 283517.06370416656 77 55
285918.90470416663 286363.4160791666 77 57
286933.14470416657 287240.0187041666 77 56
287240.0187041666 287491.02270416653 77 53
287491.02270416653 288928.3457208332 77 61
296648.6447041664 297113.71295416635 77 61
301792.0653291664 301950.8585291664 77 61
304587.65107916633 304897.69657916634 77 54
306468.4205791663 306744.25702499965 77 56
306792.0205791663 307248.3003979163 77 58
308977.81682916626 309333.56041666627 77 51
317005.40739374934 317470.47564374935 77 61
322148.82801874937 322307.6212187494 77 61
324944.41376874933 325254.45926874934 77 54
326825.1832687493 327108.2124624993 77 56
327154.9260187493 327611.20583749923 77 58
329337.13726874924 329845.52607916587 77 51
333456.10680624907 334409.28755624907 77 64
342841.65543124906 343468.2901812491 77 56
347338.16730624903 347713.791793749 77 52
354429.73441458226 355382.91516458226 77 64
363815.28303958225 364441.9177895822 77 57
368311.7949145823 368687.4194020822 77 52
387700.59351874853 388077.2309291652 77 58
390608.0779833318 391625.9432333318 77 57
391971.2469833318 392346.81023333175 77 44
406175.3352333317 406834.7371312484 77 58
407482.8232333318 408109.3897333318 77 55
410497.65973333176 410934.04904166504 77 57
411485.96623333165 411783.3492333316 77 56
411783.3492333316 412061.7456083317 77 53
412061.7456083317 413499.06862499844 77 61
422810.9066083317 423127.09535833175 77 50
423288.5941083317 423608.3874833317 77 50
427039.4813583318 427706.8423249985 77 60
430897.2009833318 431554.29173333175 77 62
432893.26398333174 434941.5109833317 77 57
439773.9297333317 440400.56448333175 77 50
445269.7319833318 445926.8227333317 77 53
447848.0492333318 448505.1399833318 77 49
47471.703749999986 48479.14662499999 78 59
90484.12612500002 91491.56900000005 78 59
180974.19078749992 181594.3480374999 78 61
181594.3480374999 181956.32652083322 78 60
205924.37828749997 206743.776575 78 61
222403.57161874985 223023.72886874987 78 61
223023.72886874987 223385.70735208315 78 60
247353.75911874996 248161.6726375 78 61
262860.5918437497 263555.47809374967 78 53
304897.69657916634 305207.74207916635 78 55
325254.45926874934 325564.5047687493 78 55
379938.75952291547 380594.18514791544 78 63
382535.49239791534 383171.6666479153 78 61
385114.0813979153 385757.07814791525 78 63
427992.54210833187 428336.7222083318 78 54
11899.428 12538.183668750002 79 62
14439.8965 15066.463000000002 79 58
17681.352499999997 17988.226499999993 79 60
33123.61949999998 33762.37516874998 79 62
35664.08799999998 36290.654499999975 79 58
38905.54399999999 39212.41799999998 79 60
43770.55099999999 45156.62299999999 79 60
47818.062624999984 49140.23062499999 79 60
48479.14662499999 49801.31462499999 79 63
51839.815124999994 52486.94637499999 79 62
58555.393875 59900.836375000006 79 67
76136.04187500001 76774.79754375001 79 62
78676.51037500003 79303.07687500003 79 58
81917.96637500003 82224.84037500003 79 60
86782.97337500003 88169.04537500002 79 60
90830.48500000004 92152.65300000005 79 60
91491.56900000005 92813.73700000005 79 63
94852.23750000003 95499.36875000004 79 62
101567.81625000008 102913.25875000008 79 67
119148.46425000008 119787.21991875008 79 62
121688.9327500001 122315.4992500001 79 58
124930.3887500001 125237.2627500001 79 60
128473.2277500001 129718.09056250009 79 59
132118.7763750001 132471.3819791668 79 54
134716.11950000006 135065.93300000005 79 62
135065.93300000005 135409.7672291667 79 61
142211.49312500004 142690.82862500002 79 61
149434.04295625008 150682.27401875006 79 59
153089.87945625006 153446.32254166674 79 54
155692.49545625 156042.30895625002 79 62
156042.30895625002 156397.04117708333 79 61
163187.66470625 163667.00020625 79 61
170410.21453750005 171731.00905208333 79 59
172989.17166249998 174300.03895833332 79 52
176810.49428749995 178102.82043749996 79 64
179363.4087874999 180025.3049187499 79 63
181287.47403749992 181917.7632874999 79 63
187669.56253749997 188319.22528749995 79 53
190882.7819125 192124.34697500002 79 59
194521.8437875 194878.28687291668 79 54
197124.45978749995 197474.27328749996 79 62
197474.27328749996 197839.90349999993 79 61
201717.24178749992 202186.5782874999 79 61
205262.57103749993 205956.37486249994 79 65
206906.1512875 207233.20712083334 79 54
211834.86461874997 213160.3898833333 79 59
214418.55249374994 215729.41978958328 79 52
218239.87511874991 219587.29160208325 79 64
220792.78961874984 221454.68574999983 79 63
222716.85486874986 223347.14411874983 79 63
229098.9433687499 229748.6061187499 79 53
232312.16274374994 233553.72780624998 79 59
235951.22461874995 236307.66770416664 79 54
238553.8406187499 238903.65411874992 79 62
238903.65411874992 239261.11083749993 79 61
243146.6226187499 243615.95911874992 79 61
246691.95186874992 247385.75569374996 79 65
248313.65636875 248640.71220208335 79 54
263184.00709374965 264558.1515937497 79 54
280983.6907041666 281615.3508729166 79 62
283517.06370416656 284143.6302041666 79 58
286779.7077041666 287086.5817041666 79 60
302089.8025791664 302396.67657916644 79 56
305207.74207916635 305538.28407916636 79 56
305538.28407916636 306158.3750791664 79 62
322446.5652687494 322753.4392687494 79 56
325564.5047687493 325895.04676874937 79 56
325895.04676874937 326515.1377687494 79 62
342534.7814312491 343151.70093124907 79 61
346027.36318124906 346468.9084520824 79 54
363508.40903958224 364125.32853958226 79 62
367000.99078958225 367442.5360604156 79 55
390281.56523333176 390965.7317333318 79 58
405562.3397333317 406193.99990208173 79 62
408109.3897333318 408722.38523333176 79 58
411337.2747333317 411634.65773333167 79 60
422652.81223333173 422969.00098333176 79 50
425408.99385833176 425805.77713333175 79 56
428305.43310833187 428959.6986083318 79 62
439467.0557333317 440083.97523333173 79 54
15066.463000000002 15727.547000000002 80 61
16688.3005 17027.472999999998 80 59
36290.654499999975 36951.73849999997 80 61
37912.49199999997 38251.664499999984 80 59
45156.62299999999 46478.79099999999 80 60
49140.23062499999 50517.64712499999 80 63
51729.63445833332 52170.357124999995 80 58
52170.357124999995 52803.535625 80 56
57201.887375 58691.61877083334 80 63
79303.07687500003 79964.16087500003 80 61
80924.91437500002 81264.08687500004 80 59
88169.04537500002 89491.21337500002 80 60
92152.65300000005 93530.06950000004 80 63
94742.05683333336 95182.77950000003 80 58
95182.77950000003 95815.95800000006 80 56
100214.30975000007 101704.04114583341 80 63
122315.4992500001 122976.5832500001 80 61
123937.3367500001 124276.5092500001 80 59
131145.0045000001 132361.0245000001 80 63
152109.18795625004 153334.76401875005 80 63
171712.1431625 173016.71682916666 80 56
174272.50591249997 174923.95953958333 80 58
178078.02978749995 179392.4294687499 80 68
187989.11953749997 188638.78228749995 80 55
193551.2609125 194766.72835 80 63
204612.31478749993 205091.65028749994 80 61
213141.52399374996 214454.36121041662 80 56
215701.88674374996 216353.34037083332 80 58
219507.4106187499 220821.81029999984 80 68
229418.5003687499 230068.16311874992 80 55
234980.64174374996 236196.10918124998 80 63
246041.69561874995 246521.03111874993 80 61
256727.17084374995 257392.42759374992 80 61
264892.3760937497 266257.1261354164 80 45
284143.6302041666 284804.7142041666 80 61
285765.4677041666 286104.6402041666 80 59
302396.67657916644 302703.5505791664 80 57
306158.3750791664 306623.44332916633 80 62
322753.4392687494 323060.3132687494 80 57
326515.1377687494 327072.4903312493 80 62
341251.0586812491 342562.9115479157 80 67
345710.7739312491 346369.20468124904 80 58
346369.20468124904 347018.95055624907 80 56
362224.6862895823 363536.5391562489 80 65
366684.4015395823 367342.83228958223 80 61
367342.83228958223 367992.57816458226 80 56
388018.0147208318 388669.87123333185 80 60
389955.05248333176 390608.0779833318 80 60
408722.38523333176 409383.4692333318 80 61
410344.2227333318 410683.3952333317 80 59
425728.5508583317 426393.4116083317 80 62
431216.7579833318 431580.9214833317 80 56
438183.3329833317 439495.1858499984 80 63
444950.17498333176 445288.37280833174 80 49
447528.4922333318 447866.6900583318 80 46
49801.31462499999 51509.273124999985 81 63
55862.770124999995 57231.038499999995 81 63
92813.73700000005 94521.69550000003 81 63
98875.19250000005 100243.46087500006 81 63
264558.1515937497 265560.82509374974 81 50
302703.5505791664 303030.49032916635 81 58
323060.3132687494 323387.25301874935 81 58
10591.669 12519.519 82 59
15727.547000000002 16389.098350000004 82 63
31815.860499999984 33743.71049999999 82 59
36951.73849999997 37613.289849999965 82 63
50517.64712499999 51619.45379166665 82 67
51619.45379166665 51839.815124999994 82 58
52486.94637499999 53157.476124999994 82 60
54510.123125 55896.954275 82 63
74828.28287500002 76756.13287500001 82 59
79964.16087500003 80625.71222500002 82 63
93530.06950000004 94631.8761666667 82 67
94631.8761666667 94852.23750000003 82 58
95499.36875000004 96169.89850000004 82 60
97522.54550000005 98909.37665000005 82 63
117840.70525000009 119768.55525000008 82 59
122976.5832500001 123638.1346000001 82 63
141901.83162500002 142531.05012500004 82 61
162878.00320625002 163507.22170625 82 61
172989.17166249998 174300.03895833332 82 63
214418.55249374994 215729.41978958328 82 63
263555.47809374967 264892.3760937497 82 55
279675.9317041666 281596.68620416656 82 59
284804.7142041666 285466.26555416663 82 63
303030.49032916635 304286.92932916636 82 63
323387.25301874935 324643.6920187493 82 63
345400.7284312491 346027.36318124906 82 63
366374.3560395823 367000.99078958225 82 61
377358.9818979156 378024.0888979156 82 56
389638.8637333318 390281.56523333176 82 61
404254.58073333174 406175.3352333317 82 59
409383.4692333318 410045.0205833318 82 63
428618.3241083318 428986.9080041651 82 56
445926.8227333317 447217.6426520818 82 58
16381.426500000003 16688.3005 83 62
37605.617999999966 37912.49199999997 83 63
52803.535625 53849.039124999996 83 63
80618.04037500004 80924.91437500002 83 62
95815.95800000006 96861.46150000005 83 63
123630.46275000011 123937.3367500001 83 62
285458.5937041666 285765.4677041666 83 62
388346.87373333186 388992.8687333318 83 61
410037.3487333318 410344.2227333318 83 62
16534.863500000003 16841.737499999996 84 59
37759.05499999997 38065.928999999975 84 59
51509.273124999985 51729.63445833332 84 58
53157.476124999994 54541.819762499996 84 63
60554.71587500001 61363.617854166674 84 64
80771.47737500003 81078.35137500003 84 59
94521.69550000003 94742.05683333336 84 58
96169.89850000004 97554.24213750006 84 63
103567.13825000009 104376.04022916674 84 64
123783.8997500001 124090.7737500001 84 59
184475.78278749986 185377.5643499999 84 63
204305.81703749995 204931.87178749996 84 61
225905.16361874982 226806.94518124984 84 63
245735.19786874994 246361.25261874995 84 61
285612.0307041666 285918.90470416663 84 59
300528.5568291664 301792.0653291664 84 67
320885.31951874937 322148.82801874937 84 67
345093.8544312491 345710.7739312491 84 65
366067.4820395823 366684.4015395823 84 65
374775.56777291565 375436.66352291557 84 56
388669.87123333185 389315.8662333318 84 63
389315.8662333318 389955.05248333176 84 62
410190.78573333175 410497.65973333176 84 59
426048.1078583317 426428.78382291505 84 57
343810.13168124907 345109.1981312491 85 71
364783.75928958226 366082.8257395823 85 71
181917.7632874999 182800.5171624999 86 66
223347.14411874983 224229.89799374982 86 66
388992.8687333318 389638.8637333318 86 64
59209.273375000004 59925.35685625001 87 68
102221.69575000009 102937.77923125008 87 68
