65286.40463541658 65483.38413541657 36 59
84994.87583333315 85191.85533333315 36 59
63637.73213541657 63834.71163541657 38 59
83346.20333333315 83543.18283333315 38 59
187357.62760208332 188034.98110208331 40 58
66110.74088541657 66307.72038541657 41 59
85819.21208333316 86016.19158333316 41 59
170410.46969999972 170607.44919999974 41 59
173718.47444999978 173915.45394999976 41 41
177653.7401999998 177967.7826999998 41 46
197327.92111458333 197542.7131145833 41 40
177865.36569999982 178172.6166999998 42 48
64462.06838541657 64659.04788541657 43 59
84170.53958333316 84367.51908333314 43 59
178070.19969999982 178377.4506999998 43 49
181745.07619999995 182053.16369999995 43 49
178275.03369999983 178582.28469999984 44 51
124544.70378124999 124754.05478124999 45 47
124959.50628124998 125370.40928124997 45 44
125370.40928124997 125591.26964374997 45 44
137682.69102291638 137892.0420229164 45 47
138097.4935229164 138508.39652291642 45 44
138508.39652291642 138729.25688541646 45 44
178479.86769999983 178789.74369999985 45 52
184437.35269999996 184642.18669999996 45 44
184642.18669999996 184795.8122 45 36
184847.02069999996 185051.85469999997 45 36
185051.85469999997 185256.68869999997 45 36
37438.79148958331 37635.77098958331 46 59
38263.127739583295 38460.107239583296 46 59
40695.6252395833 40892.6047395833 46 59
41519.961489583286 41716.94098958329 46 59
50532.409687499945 50729.38918749994 46 59
51356.74593749993 51553.725437499925 46 59
53798.72068749993 53995.700187499926 46 59
54623.05693749992 54820.03643749992 46 59
70250.24413541653 70447.22363541654 46 59
71074.58038541654 71271.55988541653 46 59
73518.19738541654 73715.17688541654 46 59
74342.53363541655 74539.51313541654 46 59
89974.63858333312 90171.61808333312 46 59
90798.97483333312 90995.95433333312 46 59
93241.88908333311 93438.86858333311 46 59
94066.2253333331 94263.2048333331 46 59
113017.22128124985 113243.73878124985 46 35
119629.28678124992 119854.86778124992 46 35
124340.00928125001 124544.70378124999 46 47
124754.05478124999 125164.95778124998 46 50
125164.95778124998 125575.86078124997 46 50
125575.86078124997 125856.55856041664 46 44
137477.99652291636 137682.69102291638 46 47
137892.0420229164 138302.94502291642 46 50
138302.94502291642 138713.84802291644 46 50
138713.84802291644 138994.5458020831 46 44
168761.7971999997 168958.7766999997 46 59
169586.13344999973 169783.11294999972 46 59
171234.80594999975 171431.78544999976 46 59
172069.80194999973 172266.78144999975 46 41
172894.13819999975 173091.11769999977 46 41
174542.8106999998 174739.79019999978 46 41
178684.70169999983 178996.11644999983 46 55
185256.68869999997 185466.77269999997 46 48
192091.33461458323 192309.38961458326 46 38
193841.74661458333 194058.98061458333 46 35
195580.7391145833 195797.15811458332 46 35
199077.03011458326 199552.91811458327 46 47
124136.06628125 124340.00928125001 47 49
137274.05352291637 137477.99652291636 47 49
65483.38413541657 65688.82113541657 48 54
65688.82113541657 65899.88888541657 48 54
65899.88888541657 66110.74088541657 48 54
85191.85533333315 85397.29233333316 48 54
85397.29233333316 85608.36008333316 48 54
85608.36008333316 85819.21208333316 48 54
123932.12328124998 124136.06628125 48 49
137070.1105229164 137274.05352291637 48 49
123729.66678124998 123932.12328124998 49 47
136867.65402291642 137070.1105229164 49 47
63834.71163541657 64040.14863541657 50 54
64040.14863541657 64251.21638541657 50 54
64251.21638541657 64462.06838541657 50 54
79990.03067291653 80393.49435624987 50 36
83543.18283333315 83748.61983333316 50 54
83748.61983333316 83959.68758333314 50 54
83959.68758333314 84170.53958333316 50 54
99713.7223708331 100117.18605416642 50 36
108695.74628124971 109315.5777812497 50 24
112802.99678124985 113017.22128124985 50 35
115308.95228124985 115925.52528124987 50 24
119415.06228124992 119629.28678124992 50 35
122300.94678124998 122504.14378124996 50 44
122504.14378124996 122707.34078124995 50 37
122707.34078124995 122910.53778124994 50 37
122910.53778124994 123122.29728124994 50 39
123527.21028124997 123729.66678124998 50 44
128461.00602291666 129073.26452291665 50 29
135438.93402291648 135642.13102291647 50 44
135642.13102291647 135845.32802291645 50 37
135845.32802291645 136048.52502291644 50 37
136048.52502291644 136260.28452291645 50 39
136665.19752291642 136867.65402291642 50 44
141598.99326458308 142211.25176458308 50 29
186693.64290416666 186829.50212291666 50 64
7084.28425 7295.136249999999 51 28
29915.022239583297 30125.8742395833 51 28
80782.75105833318 81187.65601041651 51 36
100506.44275624974 100911.34770833307 51 36
109110.14078124969 109469.6555312497 51 24
115722.47978124986 116077.80940624986 51 24
123122.29728124994 123324.75378124995 51 41
123324.75378124995 123527.21028124997 51 42
128871.65152291664 129224.47427291663 51 29
132771.82052291656 132998.33802291655 51 35
136260.28452291645 136462.74102291645 51 41
136462.74102291645 136665.19752291642 51 42
142009.63876458307 142362.46151458306 51 29
145912.72576458295 146128.59976458293 51 35
161238.02794999958 161448.87994999957 51 28
186906.05860208333 187357.62760208332 51 67
68536.59863541657 68852.22199791655 52 34
88260.99308333315 88576.61644583313 52 34
111358.06328124976 111667.06203124978 52 31
117967.45278124986 118276.89753124987 52 31
120680.78528124989 120882.5202812499 52 44
120882.5202812499 121084.25528124992 52 39
121084.25528124992 121285.99028124993 52 39
121285.99028124993 121492.54478124995 52 39
133820.24102291657 134021.97602291655 52 44
134021.97602291655 134223.71102291654 52 39
134223.71102291654 134425.44602291653 52 39
134425.44602291653 134630.53202291654 52 39
182785.2112 182990.77519999997 52 39
182990.77519999997 183144.94819999996 52 35
183196.33919999996 183401.90319999994 52 35
183401.90319999994 183611.22519999993 52 35
187357.62760208332 188034.98110208331 52 69
7295.136249999999 7706.607547916666 53 32
12996.405999999992 13870.057491666657 53 25
14608.05349999999 15013.87049999999 53 30
17893.660749999995 18299.477749999995 53 30
30125.8742395833 30537.34553749997 53 32
35827.1439895833 36700.795481249974 53 21
66307.72038541657 66513.15738541658 53 54
66513.15738541658 66724.22513541658 53 54
66724.22513541658 66935.07713541658 53 54
68323.29388541655 68634.59313541657 53 34
79990.03067291653 80393.49435624987 53 36
81578.59483333316 82527.61639583315 53 36
86016.19158333316 86221.62858333316 53 54
86221.62858333316 86432.69633333315 53 54
86432.69633333315 86643.54833333315 53 54
88031.76508333314 88358.98758333315 53 34
99713.7223708331 100117.18605416642 53 36
101302.28653124972 102261.8255937497 53 36
108695.74628124971 109315.5777812497 53 29
111565.83378124978 112489.31553124983 53 35
112592.04128124984 112802.99678124985 53 36
115308.95228124985 115925.52528124987 53 29
118175.22328124987 119101.3810312499 53 35
119204.10678124991 119415.06228124992 53 36
128461.00602291666 129073.26452291665 53 35
141598.99326458308 142211.25176458308 53 35
161448.87994999957 161860.35124791623 53 32
167150.14969999963 168023.80119166634 53 27
170607.44919999974 170812.88619999972 53 54
170812.88619999972 171023.95394999973 53 54
171023.95394999973 171234.80594999975 53 54
173915.45394999976 174120.89094999977 53 37
174120.89094999977 174331.95869999978 53 37
174331.95869999978 174542.8106999998 53 37
186484.72168958336 186593.1010041667 53 62
188665.7781020833 188982.30060208327 53 56
189505.95476874997 189817.40313958333 53 52
190336.82625208338 190602.54312708337 53 49
191190.5445020833 191459.05637708327 53 41
197542.7131145833 197757.5051145833 53 35
197757.5051145833 197972.29711458329 53 35
197972.29711458329 198198.96861458325 53 35
198198.96861458325 198640.96911458328 53 38
67730.33038541657 67937.86761041656 54 38
68125.63938541657 68333.17661041656 54 34
87438.80158333314 87646.33880833314 54 38
87834.11058333314 88041.64780833313 54 34
183611.22519999993 183816.05919999993 54 44
183816.05919999993 184020.89319999993 54 35
184020.89319999993 184225.72719999994 54 35
184225.72719999994 184437.35269999996 54 35
186279.15092916667 186410.64476458333 54 59
15013.87049999999 15429.988499999992 55 23
18299.477749999995 18715.595749999993 55 23
64659.04788541657 64864.484885416576 55 54
64864.484885416576 65075.55263541657 55 54
65075.55263541657 65286.40463541658 55 54
84367.51908333314 84572.95608333315 55 54
84572.95608333315 84784.02383333315 55 54
84784.02383333315 84994.87583333315 55 54
107031.4372812497 107551.46728124972 55 24
113658.61878124982 114176.02278124983 55 24
126821.40652291663 127336.85077291664 55 29
132557.59602291655 132771.82052291656 55 35
139959.39376458316 140474.83801458316 55 29
145698.50126458294 145912.72576458295 55 35
146128.59976458293 146330.21276458295 55 35
175792.9156999998 176521.5701999998 55 55
186076.85479999997 186181.8123145833 55 57
67528.04063541658 67829.15763541656 56 34
87236.51183333315 87537.62883333315 56 34
107859.6227812497 108381.17078124969 56 24
114481.66728124986 114998.90678124985 56 24
127640.53552291666 128155.09152291667 56 29
140778.52276458312 141293.0787645831 56 29
185875.74719999998 186036.74519999998 56 55
3238.0422500000004 3435.358750000001 57 30
5677.495250000002 6077.043250000001 57 32
6077.043250000001 6485.9712500000005 57 32
6681.09325 6886.96775 57 28
9765.7645 9963.080999999998 57 30
14810.96199999999 15221.929499999991 57 23
15429.988499999992 15830.367249999992 57 23
18096.569249999993 18507.536749999992 57 23
18715.595749999993 19115.974499999993 57 23
26068.780239583306 26266.096739583303 57 30
28508.2332395833 28907.781239583303 57 32
28907.781239583303 29316.7092395833 57 32
29511.831239583298 29717.7057395833 57 28
32596.502489583294 32897.98573958329 57 30
47176.237027083276 47579.700710416604 57 36
60270.55397499991 60674.017658333236 57 36
78400.77713541656 78608.31436041655 57 36
98124.46883333313 98332.00605833312 57 36
110953.15028124975 111155.60678124976 57 29
111970.7467812498 112489.31553124983 57 35
117564.84878124986 117766.15078124986 57 29
118581.92028124988 119101.3810312499 57 35
131112.66252291662 131421.6612729166 57 31
144253.56776458301 144562.56651458298 57 31
147729.75692916627 148136.23492916624 57 44
157391.7859499996 157693.2691999996 57 30
159831.23894999956 160024.91244999957 57 32
160230.78694999954 160639.71494999956 57 32
160834.8369499996 161040.71144999957 57 28
163919.50819999963 164220.99144999962 57 30
176418.78819999984 176624.35219999982 57 50
177244.0721999998 177551.32319999978 57 55
185669.43419999996 185875.74719999998 57 51
1582.5085 1994.2574999999997 58 30
2826.29325 3135.1050000000005 58 23
3643.692250000001 3844.0397500000013 58 25
6485.9712500000005 6681.09325 58 32
6886.96775 7084.28425 58 28
8110.2307500000015 8521.979750000002 58 30
9354.0155 9662.82725 58 23
10171.414499999997 10371.761999999997 58 25
13792.958999999992 14204.430297916657 58 28
15221.929499999991 15528.99849999999 58 23
15830.367249999992 16242.116249999992 58 23
18507.536749999992 18814.60574999999 58 23
19115.974499999993 19527.723499999993 58 23
24413.246489583307 24824.995489583307 58 30
25657.031239583306 25965.842989583307 58 23
26474.430239583307 26674.777739583304 58 25
29316.7092395833 29511.831239583298 58 32
29717.7057395833 29915.022239583297 58 28
30940.968739583303 31352.717739583302 58 30
32184.7534895833 32493.5652395833 58 23
33002.15248958329 33305.02898958329 58 25
36623.69698958331 37031.81617916665 58 28
37635.77098958331 37841.2079895833 58 54
37841.2079895833 38052.2757395833 58 54
38052.2757395833 38263.127739583295 58 54
38460.107239583296 38665.544239583294 58 54
38665.544239583294 38876.611989583296 58 54
38876.611989583296 39087.46398958329 58 54
39087.46398958329 39901.156214583294 58 57
39891.2734895833 40392.8802395833 58 52
40892.6047395833 41098.04173958329 58 54
41098.04173958329 41309.109489583294 58 54
41309.109489583294 41519.961489583286 58 54
41716.94098958329 41922.377989583285 58 54
41922.377989583285 42114.99618958328 58 54
42133.44573958328 42344.29773958328 58 54
42344.29773958328 43157.98996458328 58 57
43148.10723958328 43655.159239583285 58 52
47968.95741249994 48373.86236458328 58 36
50729.38918749994 50934.82618749994 58 54
50934.82618749994 51145.89393749993 58 54
51145.89393749993 51356.74593749993 58 54
51553.725437499925 51759.16243749993 58 54
51759.16243749993 51970.23018749993 58 54
51970.23018749993 52181.082187499924 58 54
52181.082187499924 52994.77441249993 58 57
52984.891687499934 53496.76768749993 58 52
53995.700187499926 54201.137187499924 58 54
54201.137187499924 54412.20493749992 58 54
54412.20493749992 54623.05693749992 58 54
54820.03643749992 55025.47343749991 58 54
55025.47343749991 55218.09163749991 58 54
55236.54118749991 55447.3931874999 58 54
55447.3931874999 56261.08541249991 58 57
56251.202687499914 56752.80943749991 58 52
61063.27436041657 61468.17931249991 58 36
66935.07713541658 67142.61436041657 58 38
67330.38613541657 67537.92336041656 58 34
67927.98488541656 68135.52211041655 58 34
70447.22363541654 70652.66063541654 58 54
70652.66063541654 70863.72838541653 58 54
70863.72838541653 71074.58038541654 58 54
71271.55988541653 71476.99688541653 58 54
71476.99688541653 71688.06463541654 58 54
71688.06463541654 71898.91663541654 58 54
71898.91663541654 72712.60886041654 58 57
72702.72613541654 73210.15663541654 58 52
73715.17688541654 73920.61388541655 58 54
73920.61388541655 74131.68163541653 58 54
74131.68163541653 74342.53363541655 58 54
74539.51313541654 74744.95013541654 58 54
74744.95013541654 74956.01788541654 58 54
74956.01788541654 75166.86988541654 58 54
75166.86988541654 75980.56211041655 58 57
75970.67938541654 76472.28613541654 58 52
78796.08613541655 79003.62336041656 58 32
79990.03067291653 80393.49435624987 58 36
80782.75105833318 81187.65601041651 58 36
82441.65983333315 83240.34583333315 58 36
86643.54833333315 86851.08555833316 58 38
87038.85733333316 87246.39455833315 58 34
87636.45608333315 87843.99330833314 58 34
90171.61808333312 90377.05508333312 58 54
90377.05508333312 90588.12283333312 58 54
90588.12283333312 90798.97483333312 58 54
90995.95433333312 91201.39133333311 58 54
91201.39133333311 91412.45908333312 58 54
91412.45908333312 91623.31108333312 58 54
91623.31108333312 92437.00330833312 58 57
92427.12058333312 92940.94633333312 58 52
93438.86858333311 93644.3055833331 58 54
93644.3055833331 93855.3733333331 58 54
93855.3733333331 94066.2253333331 58 54
94263.2048333331 94468.64183333311 58 54
94468.64183333311 94679.70958333311 58 54
94679.70958333311 94890.56158333311 58 54
94890.56158333311 95704.2538083331 58 57
95694.37108333311 96195.9778333331 58 52
98519.77783333312 98727.31505833312 58 32
99713.7223708331 100117.18605416642 58 36
100506.44275624974 100911.34770833307 58 36
102175.8690312497 102980.41278124972 58 36
103307.18203124971 103531.48103124971 58 26
103531.48103124971 103746.53503124972 58 26
104179.91353124972 104405.08803124973 58 26
104405.08803124973 104623.41253124972 58 26
107031.4372812497 107551.46728124972 58 29
109110.14078124969 109469.6555312497 58 29
111155.60678124976 112071.9750312498 58 35
112386.58978124983 112592.04128124984 58 39
113658.61878124982 114176.02278124983 58 29
115722.47978124986 116077.80940624986 58 29
117766.15078124986 118683.59453124988 58 35
118998.6552812499 119204.10678124991 58 39
126821.40652291663 127336.85077291664 58 35
128871.65152291664 129224.47427291663 58 35
131320.4330229166 132243.91477291656 58 35
132346.64052291654 132557.59602291655 58 36
139959.39376458316 140474.83801458316 58 35
142009.63876458307 142362.46151458306 58 35
144461.338264583 145384.82001458295 58 35
145487.54576458293 145698.50126458294 58 36
147528.76110416627 147830.56342916627 58 43
155736.2521999996 156148.0011999996 58 29
156980.0369499996 157288.8486999996 58 23
157797.4359499996 158100.31244999962 58 25
160639.71494999956 160834.8369499996 58 32
161040.71144999957 161238.02794999958 58 28
162263.9744499996 162675.72344999958 58 30
163507.75919999962 163816.57094999962 58 23
164325.1581999996 164628.03469999964 58 25
167946.70269999967 168375.77256666633 58 28
168958.7766999997 169164.2136999997 58 54
169164.2136999997 169375.28144999972 58 54
169375.28144999972 169586.13344999973 58 54
169783.11294999972 169988.5499499997 58 54
169988.5499499997 170199.6176999997 58 54
170199.6176999997 170410.46969999972 58 54
171431.78544999976 171858.0869499997 58 54
171858.0869499997 172069.80194999973 58 34
172266.78144999975 172472.21844999972 58 37
172472.21844999972 172683.28619999974 58 37
172683.28619999974 172894.13819999975 58 37
173091.11769999977 173296.55469999975 58 37
173296.55469999975 173507.62244999976 58 37
173507.62244999976 173718.47444999978 58 37
174739.79019999978 175156.82859999978 58 37
176521.5701999998 176727.1341999998 58 50
176829.91619999977 177346.48919999978 58 50
178894.78569999983 179097.44719999982 58 50
181947.73769999994 182158.58969999992 58 44
182158.58969999992 182364.90269999995 58 34
182364.90269999995 182571.21569999997 58 34
182571.21569999997 182785.2112 58 34
185466.77269999997 185669.43419999996 58 49
189087.80810208325 189309.45085208328 58 47
189921.0013895833 190232.66551875003 58 44
192309.38961458326 192527.44461458328 58 31
192527.44461458328 192745.4996145833 58 31
192745.4996145833 192963.55461458332 58 31
192963.55461458332 193613.27961458336 58 38
194058.98061458333 194276.21461458332 58 31
194276.21461458332 194493.44861458332 58 31
194493.44861458332 194710.68261458332 58 31
194710.68261458332 195353.1731145833 58 35
195797.15811458332 196013.5771145833 58 30
196013.5771145833 196227.74061458334 58 30
196227.74061458334 196453.52511458332 58 30
196453.52511458332 197100.35511458333 58 35
199552.91811458327 200028.80611458325 58 49
76775.03113541655 77178.69113541655 59 36
96498.7228333331 96902.3828333331 59 36
110543.68278124974 110750.69378124973 59 32
117156.53578124987 117363.54678124987 59 32
1994.2574999999997 2416.1772499999997 60 23
4049.0977500000013 4460.067750000001 60 25
8521.979750000002 8943.899500000001 60 23
10576.819999999998 10987.789999999999 60 25
15628.87624999999 16036.241749999992 60 23
18914.48349999999 19321.848999999995 60 23
24824.995489583307 25246.915239583304 60 23
26879.835739583308 27290.805739583306 60 25
31352.717739583302 31774.6374895833 60 23
33407.557989583285 33818.52798958329 60 25
39489.72298958329 39901.156214583294 60 52
48764.80118749994 49713.82274999995 60 36
52583.34118749993 52994.77441249993 60 52
61859.118135416575 62808.13969791658 60 36
68946.85813541657 69394.37101041655 60 25
72301.17563541654 72712.60886041654 60 52
77178.69113541655 77590.47263541655 60 30
78598.43163541656 78805.96886041656 60 32
79196.03038541655 79589.98938541653 60 36
80782.75105833318 81187.65601041651 60 36
88671.25258333315 89118.76545833313 60 25
92025.57008333312 92437.00330833312 60 52
96902.3828333331 97314.16433333312 60 30
98322.12333333312 98529.66055833313 60 32
98919.72208333311 99313.6810833331 60 36
100506.44275624974 100911.34770833307 60 36
110750.69378124973 110953.15028124975 60 35
117363.54678124987 117564.84878124986 60 35
121492.54478124995 121695.74178124993 60 44
121695.74178124993 121897.47678124995 60 38
121897.47678124995 122099.21178124996 60 38
122099.21178124996 122300.94678124998 60 39
134630.53202291654 134833.72902291652 60 44
134833.72902291652 135035.4640229165 60 38
135035.4640229165 135237.1990229165 60 38
135237.1990229165 135438.93402291648 60 39
147328.4923854163 147705.39535833293 60 42
156148.0011999996 156569.9209499996 60 23
158202.84144999963 158613.81144999963 60 25
162675.72344999958 163097.64319999958 60 23
164730.56369999965 165141.53369999962 60 25
176624.35219999982 176934.57719999977 60 55
179097.44719999982 179303.76019999982 60 50
190762.05175208332 191030.00725208333 60 34
191620.91741041664 191853.50452916662 60 35
67132.73163541658 67340.26886041657 61 34
86841.20283333315 87048.74005833315 61 34
119854.86778124992 120067.69428124993 61 46
120067.69428124993 120274.39128124992 61 39
120274.39128124992 120477.5882812499 61 39
120477.5882812499 120680.78528124989 61 39
132998.33802291655 133207.15002291658 61 46
133207.15002291658 133413.8470229166 61 39
133413.8470229166 133617.04402291658 61 39
133617.04402291658 133820.24102291657 61 39
2416.1772499999997 2826.29325 62 23
4867.012750000002 5270.550250000001 62 31
5270.550250000001 5677.495250000002 62 31
8943.899500000001 9354.0155 62 23
11394.734999999999 11890.411249999996 62 31
12996.405999999992 13440.655999999992 62 30
13792.958999999992 14204.430297916657 62 32
25246.915239583304 25657.031239583306 62 23
27697.7507395833 28101.2882395833 62 31
28101.2882395833 28508.2332395833 62 31
31774.6374895833 32184.7534895833 62 23
34225.472989583286 34721.1492395833 62 31
35827.1439895833 36271.39398958331 62 30
36623.69698958331 37031.81617916665 62 32
38052.2757395833 38263.127739583295 62 49
39891.2734895833 40392.8802395833 62 52
51145.89393749993 51356.74593749993 62 49
52984.891687499934 53496.76768749993 62 52
70863.72838541653 71074.58038541654 62 49
72702.72613541654 73210.15663541654 62 52
76976.86113541655 77250.17259374988 62 30
77590.47263541655 77969.26087708322 62 36
78993.74063541656 79205.87936041654 62 32
79589.98938541653 79850.48513541653 62 31
81578.59483333316 81989.79541874981 62 36
82900.09483333316 83134.48833333315 62 33
90588.12283333312 90798.97483333312 62 49
92427.12058333312 92940.94633333312 62 52
96700.5528333331 96973.86429166644 62 30
97314.16433333312 97692.95257499978 62 36
98717.43233333313 98929.57105833311 62 32
99313.6810833331 99574.1768333331 62 31
101302.28653124972 101713.48711666637 62 36
102634.30403124972 102868.69753124971 62 33
103307.18203124971 103531.48103124971 62 33
103531.48103124971 103746.53503124972 62 33
104179.91353124972 104405.08803124973 62 33
104405.08803124973 104623.41253124972 62 33
110341.48578124974 110543.68278124974 62 35
116953.18728124986 117156.53578124987 62 35
124340.00928125001 124649.37928124999 62 54
124754.05478124999 125164.95778124998 62 49
125164.95778124998 125575.86078124997 62 48
125575.86078124997 125856.55856041664 62 41
126201.02297708332 126514.36477291666 62 35
130707.74952291665 130910.20602291664 62 29
131725.34602291658 132243.91477291656 62 35
137477.99652291636 137787.3665229164 62 54
137892.0420229164 138302.94502291642 62 49
138302.94502291642 138713.84802291644 62 48
138713.84802291644 138994.5458020831 62 41
139339.01021874978 139652.35201458313 62 35
143848.24476458307 144050.90626458303 62 29
144866.25126458297 145384.82001458295 62 35
147128.95498958297 147512.8556499996 62 41
156569.9209499996 156980.0369499996 62 23
159020.7564499996 159215.13244999957 62 31
159424.29394999956 159831.23894999956 62 31
163097.64319999958 163507.75919999962 62 23
165548.4786999996 166044.1549499996 62 31
167150.14969999963 167594.3996999997 62 32
167946.70269999967 168375.77256666633 62 32
179303.76019999982 179505.00769999984 62 49
188876.79310208326 189099.98285208325 62 47
189297.2318854166 189515.4861770833 62 47
189713.80488958332 189995.24680208333 62 44
190128.68651875 190342.11688958335 62 44
198414.57861458327 198845.79861458327 62 41
199077.03011458326 199552.91811458327 62 61
4460.067750000001 4765.276500000002 63 25
10987.789999999999 11292.998749999999 63 25
12190.932499999995 12638.946624999993 63 23
13391.875499999993 13870.057491666657 63 28
16242.116249999992 17053.17174999999 63 30
27290.805739583306 27596.014489583304 63 25
33818.52798958329 34123.736739583284 63 25
35021.67048958331 35469.684614583304 63 27
36222.61348958331 36700.795481249974 63 28
38876.611989583296 39087.46398958329 63 49
39087.46398958329 39499.7090145833 63 57
51970.23018749993 52181.082187499924 63 49
52181.082187499924 52593.32721249993 63 57
71688.06463541654 71898.91663541654 63 49
71898.91663541654 72311.16166041655 63 57
77380.52113541654 77593.82474374988 63 30
77992.72563541654 78297.31463541655 63 32
79393.00988541653 79613.79107499987 63 31
81983.67183333315 82527.61639583315 63 31
82441.65983333315 82927.44074166649 63 36
91412.45908333312 91623.31108333312 63 49
91623.31108333312 92035.55610833313 63 57
97104.2128333331 97317.51644166645 63 30
97716.41733333311 98021.00633333312 63 32
99116.7015833331 99337.48277291642 63 31
101707.3635312497 102261.8255937497 63 31
102175.8690312497 102661.64993958305 63 36
106613.52228124971 106822.47978124971 63 39
106822.47978124971 107031.4372812497 63 36
107031.4372812497 107235.92228124972 63 35
107235.92228124972 107448.74878124971 63 35
107859.6227812497 108381.17078124969 63 29
109727.24278124972 109933.47078124972 63 45
110139.28878124972 110341.48578124974 63 30
113243.73878124985 113451.17878124984 63 39
113451.17878124984 113658.61878124982 63 36
113658.61878124982 113862.38178124983 63 35
113862.38178124983 114074.14128124983 63 35
114481.66728124986 114998.90678124985 63 29
116334.79878124986 116541.02678124986 63 45
116749.83878124987 116953.18728124986 63 30
123932.12328124998 124238.03778125 63 52
124544.70378124999 124959.50628124998 63 45
124959.50628124998 125370.40928124997 63 40
125370.40928124997 125591.26964374997 63 40
125782.97317499998 126107.34091041665 63 35
126412.01752291666 126616.71202291665 63 39
126616.71202291665 126821.40652291663 63 36
126821.40652291663 127023.86302291664 63 35
127023.86302291664 127235.62252291664 63 35
127640.53552291666 128155.09152291667 63 35
129481.10552291664 129687.33352291664 63 45
130910.20602291664 131826.57427291656 63 35
132141.18902291657 132346.64052291654 63 39
137070.1105229164 137376.02502291638 63 52
137682.69102291638 138097.4935229164 63 45
138097.4935229164 138508.39652291642 63 40
138508.39652291642 138729.25688541646 63 40
138920.96041666644 139245.32815208312 63 35
139550.0047645831 139754.69926458315 63 39
139754.69926458315 139959.39376458316 63 36
139959.39376458316 140161.85026458313 63 35
140161.85026458313 140373.60976458318 63 35
140778.52276458312 141293.0787645831 63 35
142619.09276458307 142825.32076458307 63 45
144050.90626458303 144967.47951458296 63 35
145282.09426458296 145487.54576458293 63 39
146930.17332083298 147320.15015624964 63 40
158613.81144999963 158919.02019999962 63 25
165141.53369999962 165446.7424499996 63 25
166344.6761999996 166792.6903249996 63 25
167545.6191999997 168023.80119166634 63 28
179505.00769999984 179706.25519999987 63 48
179706.25519999987 179907.5026999999 63 48
190549.63675208334 190815.95425208332 63 27
190975.28275208332 191244.6492520833 63 34
191406.15000208328 191628.24181041663 63 34
191845.82757916662 192102.23736458327 63 35
198845.79861458327 199314.97411458325 63 53
16848.11374999999 17256.64424999999 64 30
45586.98348958329 45794.52071458328 64 36
58681.30043749992 58888.837662499915 64 36
130298.28202291665 130505.29302291668 64 32
143438.57226458305 143645.58326458308 64 32
198630.18861458325 199077.03011458326 64 47
1788.3829999999998 2047.1862499999997 65 23
2205.3252499999994 2621.2352499999997 65 23
2621.2352499999997 3032.16775 65 23
3032.16775 3336.7005000000004 65 25
3435.358750000001 3643.692250000001 65 23
3844.0397500000013 4049.0977500000013 65 25
4252.570250000002 4663.540250000002 65 25
4663.540250000002 4964.200750000002 65 24
5061.388750000002 5474.022750000001 65 24
5474.022750000001 5774.332000000001 65 24
5871.168750000001 6128.511875000001 65 26
6281.708750000001 6583.53225 65 27
8316.105250000002 8574.908500000001 65 23
8733.0475 9148.9575 65 23
9148.9575 9559.89 65 23
9559.89 9864.42275 65 25
9963.080999999998 10171.414499999997 65 23
10371.761999999997 10576.819999999998 65 25
10780.292499999998 11191.262499999999 65 25
11191.262499999999 11491.922999999999 65 24
16036.241749999992 16439.432749999993 65 25
17053.17174999999 17628.519249999994 65 25
19321.848999999995 19614.871620833328 65 25
20338.77899999999 20761.61822916666 65 25
21970.97999999998 22376.50561249998 65 25
23597.393749999977 24007.566743749976 65 25
24619.12098958331 24877.924239583306 65 23
25036.063239583305 25451.973239583305 65 23
25451.973239583305 25862.905739583308 65 23
25862.905739583308 26167.438489583303 65 25
26266.096739583303 26474.430239583307 65 23
26674.777739583304 26879.835739583308 65 25
27083.308239583308 27494.278239583306 65 25
27494.278239583306 27794.9387395833 65 24
27892.126739583302 28304.7607395833 65 24
28304.7607395833 28605.069989583302 65 24
28701.906739583304 28959.249864583304 65 26
29112.4467395833 29414.2702395833 65 27
31146.8432395833 31405.6464895833 65 23
31563.7854895833 31979.6954895833 65 23
31979.6954895833 32390.6279895833 65 23
32390.6279895833 32695.160739583294 65 25
32793.81898958329 33102.32623958329 65 23
33202.499989583295 33611.03048958329 65 25
33611.03048958329 34022.00048958328 65 25
34022.00048958328 34322.66098958329 65 24
37227.07648958331 37438.79148958331 65 60
37438.79148958331 37635.77098958331 65 55
37635.77098958331 38210.4147395833 65 54
45982.292489583284 46189.829714583284 65 32
47176.237027083276 47579.700710416604 65 36
47968.95741249994 48373.86236458328 65 36
49627.866187499945 50320.69468749994 65 36
50320.69468749994 50532.409687499945 65 60
50532.409687499945 50729.38918749994 65 55
50729.38918749994 51304.032937499935 65 54
59076.609437499916 59284.146662499916 65 32
60270.55397499991 60674.017658333236 65 36
61063.27436041657 61468.17931249991 65 36
62722.18313541658 63426.01713541657 65 36
63426.01713541657 63637.73213541657 65 60
69383.69713541656 70038.52913541654 65 37
70038.52913541654 70250.24413541653 65 60
70250.24413541653 70447.22363541654 65 55
70447.22363541654 71021.86738541654 65 54
77791.59913541655 78034.62698958322 65 32
79786.96888541653 80079.70061041653 65 31
81578.59483333316 81781.13333333316 65 50
83134.48833333315 83346.20333333315 65 60
89108.09158333314 89762.92358333312 65 37
89762.92358333312 89974.63858333312 65 60
89974.63858333312 90171.61808333312 65 55
90171.61808333312 90746.26183333312 65 54
97515.29083333311 97758.31868749978 65 32
99510.6605833331 99803.3923083331 65 31
101302.28653124972 101504.82503124973 65 50
106388.34778124971 106718.00103124972 65 37
108276.31228124969 108486.0292812497 65 40
108486.0292812497 108695.74628124971 65 37
109521.0147812497 109727.24278124972 65 42
114895.55828124986 115102.25528124985 65 40
115102.25528124985 115308.95228124985 65 37
116128.57078124984 116334.79878124986 65 42
123527.21028124997 123830.89503124998 65 48
124754.05478124999 125164.95778124998 65 49
125164.95778124998 125575.86078124997 65 48
125575.86078124997 125856.55856041664 65 41
125991.32556458333 126514.36477291666 65 35
128053.12002291669 128257.06302291667 65 40
128257.06302291667 128461.00602291666 65 37
129274.87752291662 129481.10552291664 65 42
130505.29302291668 130707.74952291665 65 35
136665.19752291642 136968.8822729164 65 48
137892.0420229164 138302.94502291642 65 49
138302.94502291642 138713.84802291644 65 48
138713.84802291644 138994.5458020831 65 41
139129.31280624977 139652.35201458313 65 35
141191.10726458312 141395.0502645831 65 40
141395.0502645831 141598.99326458308 65 37
142412.86476458304 142619.09276458307 65 42
143645.58326458308 143848.24476458307 65 35
146731.9339791663 147128.95498958297 65 39
151714.77700624953 152125.43097291622 65 29
153306.3966208329 153716.1735874996 65 27
154904.93256041632 155316.20201458293 65 28
155942.1266999996 156200.92994999958 65 23
156359.0689499996 156774.97894999958 65 23
156774.97894999958 157185.9114499996 65 23
157185.9114499996 157490.44419999962 65 25
157589.10244999963 157897.6096999996 65 23
157997.7834499996 158406.31394999963 65 25
158406.31394999963 158817.28394999963 65 25
158817.28394999963 159117.94444999957 65 24
159215.13244999957 159627.76644999956 65 24
159627.76644999956 159928.07569999958 65 24
160024.91244999957 160282.25557499958 65 26
160435.45244999955 160737.27594999957 65 27
162469.8489499996 162728.6521999996 65 23
162886.7911999996 163302.7011999996 65 23
163302.7011999996 163713.6336999996 65 23
163713.6336999996 164018.1664499996 65 25
164116.82469999962 164425.3319499996 65 23
164525.50569999963 164934.03619999965 65 25
164934.03619999965 165345.00619999963 65 25
165345.00619999963 165645.6666999996 65 24
179907.5026999999 180108.75019999992 65 46
180316.54969999995 181152.29131249993 65 49
198414.57861458327 198845.79861458327 65 49
199552.91811458327 200028.80611458325 65 60
43962.821489583286 44365.42548958328 66 36
57055.554437499915 57459.21443749992 66 36
123324.75378124995 123628.43853124997 66 42
124544.70378124999 124959.50628124998 66 45
124959.50628124998 125370.40928124997 66 40
125370.40928124997 125591.26964374997 66 40
136462.74102291645 136766.4257729164 66 42
137682.69102291638 138097.4935229164 66 45
138097.4935229164 138508.39652291642 66 40
138508.39652291642 138729.25688541646 66 40
146531.82576458296 146768.4449041663 66 39
150510.33950624955 150707.11250624957 66 48
180108.75019999992 180316.54969999995 66 45
181137.09169999993 181552.54777499993 66 52
12190.932499999995 12638.946624999993 67 32
19527.723499999993 20348.95262499999 67 30
21156.69399999999 21980.880999999983 67 30
22783.10774999998 23607.294749999975 67 30
35021.67048958331 35469.684614583304 67 32
38263.127739583295 38460.107239583296 67 55
38460.107239583296 38895.061539583294 67 54
39087.46398958329 39489.72298958329 67 63
42344.29773958328 42756.54276458328 67 57
44365.42548958328 44776.678989583284 67 30
45784.63798958329 45992.17521458329 67 32
46382.236739583284 46776.19573958328 67 36
47968.95741249994 48373.86236458328 67 36
51356.74593749993 51553.725437499925 67 55
51553.725437499925 51988.67973749993 67 54
52181.082187499924 52583.34118749993 67 63
55447.3931874999 55859.63821249991 67 57
57459.21443749992 57870.995937499916 67 30
58878.95493749992 59086.49216249992 67 32
59476.553687499916 59870.51268749991 67 36
61063.27436041657 61468.17931249991 67 36
68946.85813541657 69394.37101041655 67 30
71074.58038541654 71271.55988541653 67 55
71271.55988541653 71706.51418541654 67 54
71898.91663541654 72301.17563541654 67 65
75166.86988541654 75579.11491041655 67 57
78193.85213541654 78499.60438541656 67 32
81477.87060833316 81662.14196458316 67 47
88671.25258333315 89118.76545833313 67 30
90798.97483333312 90995.95433333312 67 55
90995.95433333312 91430.90863333312 67 54
91623.31108333312 92025.57008333312 67 65
94890.56158333311 95302.8066083331 67 57
97917.54383333311 98223.29608333313 67 32
101201.56230624973 101385.83366249972 67 47
109315.5777812497 109521.0147812497 67 39
115925.52528124987 116128.57078124984 67 39
123122.29728124994 123425.98203124997 67 47
125782.97317499998 126107.34091041665 67 35
129073.26452291665 129274.87752291662 67 39
130096.08502291664 130298.28202291665 67 35
136260.28452291645 136563.96927291644 67 47
138920.96041666644 139245.32815208312 67 35
142211.25176458308 142412.86476458304 67 39
143235.22376458306 143438.57226458305 67 35
146330.21276458295 146556.18733541627 67 38
150111.24650624956 150308.01950624958 67 49
150707.11250624957 150910.87550624955 67 43
150910.87550624955 151724.75240624952 67 48
152512.8090062495 153404.78312083293 67 33
154111.48362083294 154915.59109791633 67 29
166344.6761999996 166792.6903249996 67 32
181542.41469999994 181947.73769999994 67 49
198630.18861458325 199077.03011458326 67 56
106163.17328124972 106613.52228124971 68 40
109110.14078124969 109469.6555312497 68 36
115722.47978124986 116077.80940624986 68 36
121695.74178124993 121998.34428124996 68 37
122910.53778124994 123223.52553124995 68 39
125991.32556458333 126241.29751041665 68 35
128871.65152291664 129224.47427291663 68 36
129893.88802291662 130096.08502291664 68 30
134833.72902291652 135136.3315229165 68 37
136048.52502291644 136361.51277291647 68 39
139129.31280624977 139379.28475208313 68 35
142009.63876458307 142362.46151458306 68 36
143031.87526458304 143235.22376458306 68 30
4663.540250000002 4867.012750000002 69 46
7697.389249999998 7898.51575 69 50
11191.262499999999 11394.734999999999 69 46
17464.14174999999 17683.311749999993 69 48
17683.311749999993 17893.660749999995 69 47
20338.77899999999 20761.61822916666 69 30
21970.97999999998 22376.50561249998 69 30
23597.393749999977 24007.566743749976 69 30
27494.278239583306 27697.7507395833 69 46
30528.127239583304 30729.253739583302 69 50
34022.00048958328 34225.472989583286 69 46
39489.72298958329 39891.2734895833 69 65
39990.1007395833 40187.7552395833 69 59
42746.55673958328 43157.98996458328 69 52
44164.12348958328 44436.719947916616 69 30
44776.678989583284 45155.46723124995 69 36
46179.94698958329 46392.08571458328 69 32
46776.19573958328 47036.691489583274 69 31
48764.80118749994 49176.001772916614 69 36
50086.30118749995 50314.83484999995 69 33
52583.34118749993 52984.891687499934 69 65
53083.71893749993 53281.37343749993 69 59
55849.65218749991 56261.08541249991 69 52
57257.38443749992 57530.69589583325 69 30
57870.995937499916 58249.784179166585 69 36
59274.26393749992 59486.40266249991 69 32
59870.51268749991 60131.008437499906 69 31
61859.118135416575 62270.318720833246 69 36
63180.61813541658 63418.85966458324 69 33
66110.74088541657 66307.72038541657 69 55
66307.72038541657 66742.67468541657 69 54
67330.38613541657 67528.04063541658 69 50
68125.63938541657 68323.29388541655 69 50
69810.65213541655 70038.52913541654 69 39
72301.17563541654 72702.72613541654 69 65
72801.55338541654 72999.20788541654 69 56
75569.12888541655 75980.56211041655 69 52
79196.03038541655 79613.79107499987 69 49
81377.43204583316 81492.95509583315 69 48
85819.21208333316 86016.19158333316 69 55
86016.19158333316 86451.14588333316 69 54
87038.85733333316 87236.51183333315 69 50
87834.11058333314 88031.76508333314 69 50
89535.04658333313 89762.92358333312 69 39
92025.57008333312 92427.12058333312 69 65
92525.94783333312 92723.60233333312 69 56
95292.82058333312 95704.2538083331 69 52
98919.72208333311 99337.48277291642 69 49
101101.12374374972 101216.64679374972 69 48
105723.16128124973 106163.17328124972 69 40
121492.54478124995 121796.60928124994 69 35
124136.06628125 124442.35653125 69 46
134630.53202291654 134934.59652291652 69 35
137274.05352291637 137580.34377291636 69 46
148322.47080416625 148694.09129791622 69 40
149711.42800624957 149908.20100624958 69 49
150308.01950624958 150510.33950624955 69 43
151714.77700624953 152125.43097291622 69 35
153306.3966208329 153716.1735874996 69 32
154904.93256041632 155316.20201458293 69 33
158817.28394999963 159020.7564499996 69 43
161851.13294999956 162052.25944999958 69 50
165345.00619999963 165548.4786999996 69 46
170410.46969999972 170607.44919999974 69 55
170607.44919999974 171182.09294999973 69 54
171234.80594999975 171486.56864999974 69 55
173718.47444999978 173915.45394999976 69 39
173915.45394999976 174490.09769999978 69 38
174542.8106999998 174794.5733999998 69 39
180717.64569999994 181152.29131249993 69 47
183816.05919999993 184123.31019999995 69 45
198845.79861458327 199314.97411458325 69 64
1370.7935 1788.3829999999998 70 47
4867.012750000002 5061.388750000002 70 52
5061.388750000002 5677.495250000002 70 48
7295.136249999999 7706.607547916666 70 55
7898.51575 8110.2307500000015 70 47
11394.734999999999 11589.110999999997 70 56
12996.405999999992 13191.527999999993 70 54
13191.527999999993 13391.875499999993 70 50
13538.216999999991 13687.946499999991 70 45
13792.958999999992 14204.430297916657 70 55
14396.33849999999 14608.05349999999 70 47
17053.17174999999 17412.267374999992 70 54
17412.267374999992 17628.519249999994 70 43
19527.723499999993 20348.95262499999 70 37
21156.69399999999 21980.880999999983 70 37
22783.10774999998 23607.294749999975 70 37
27697.7507395833 27892.126739583302 70 52
27892.126739583302 28508.2332395833 70 48
30125.8742395833 30537.34553749997 70 55
30729.253739583302 30940.968739583303 70 47
34225.472989583286 34419.84898958329 70 56
35827.1439895833 36022.265989583306 70 54
36022.265989583306 36222.61348958331 70 50
36368.95498958331 36518.684489583306 70 45
36623.69698958331 37031.81617916665 70 55
38052.2757395833 38263.127739583295 70 59
39287.18448958329 39499.7090145833 70 59
39891.2734895833 40088.927989583295 70 63
40088.927989583295 40291.965239583296 70 57
40291.965239583296 40493.7952395833 70 64
40493.7952395833 40695.6252395833 70 59
41309.109489583294 41519.961489583286 70 49
42344.29773958328 42746.55673958328 70 63
43148.10723958328 43655.159239583285 70 52
44566.72748958328 44780.03109791661 70 30
45178.93198958328 45483.52098958329 70 32
46579.21623958328 46799.997429166615 70 31
49169.87818749995 49713.82274999995 70 31
49627.866187499945 50113.64709583328 70 36
51145.89393749993 51356.74593749993 70 59
52380.80268749992 52593.32721249993 70 59
52984.891687499934 53182.54618749993 70 63
53182.54618749993 53389.263937499934 70 57
53389.263937499934 53597.41868749993 70 64
53597.41868749993 53798.72068749993 70 59
54412.20493749992 54623.05693749992 70 49
55447.3931874999 55849.65218749991 70 63
56251.202687499914 56752.80943749991 70 52
57661.04443749991 57874.34804583324 70 30
58273.24893749991 58577.83793749992 70 32
59673.53318749991 59894.31437708325 70 31
62264.19513541658 62808.13969791658 70 31
62722.18313541658 63209.24801874991 70 36
67231.55888541657 67429.21338541657 70 51
67429.21338541657 67626.86788541658 70 48
67626.86788541658 67829.15763541656 70 45
68026.81213541656 68224.46663541657 70 51
68224.46663541657 68422.12113541656 70 48
68422.12113541656 68634.59313541657 70 45
69161.12863541656 69394.37101041655 70 38
69383.69713541656 69821.09649791654 70 43
70863.72838541653 71074.58038541654 70 59
72098.63713541653 72311.16166041655 70 59
72702.72613541654 72900.38063541654 70 63
72900.38063541654 73103.41788541654 70 56
73103.41788541654 73316.89538541654 70 62
73316.89538541654 73518.19738541654 70 59
74131.68163541653 74342.53363541655 70 49
75166.86988541654 75569.12888541655 70 65
75970.67938541654 76472.28613541654 70 52
76573.20113541654 76775.03113541655 70 46
79092.56788541656 79299.44462291653 70 42
79589.98938541653 79850.48513541653 70 46
80682.64667083319 80872.72624583318 70 50
81277.36085624983 81412.50449583316 70 50
81679.86408333316 81882.40258333315 70 46
82900.09483333316 83134.48833333315 70 40
86940.03008333316 87137.68458333316 70 51
87137.68458333316 87335.33908333315 70 48
87335.33908333315 87537.62883333315 70 45
87735.28333333314 87932.93783333314 70 51
87932.93783333314 88130.59233333314 70 48
88130.59233333314 88358.98758333315 70 45
88885.52308333314 89118.76545833313 70 38
89108.09158333314 89545.49094583312 70 43
90588.12283333312 90798.97483333312 70 59
91823.03158333313 92035.55610833313 70 59
92427.12058333312 92624.77508333312 70 63
92624.77508333312 92832.27433333312 70 56
92832.27433333312 93041.26058333312 70 62
93041.26058333312 93241.88908333311 70 59
93855.3733333331 94066.2253333331 70 49
94890.56158333311 95292.82058333312 70 65
95694.37108333311 96195.9778333331 70 52
96296.8928333331 96498.7228333331 70 46
98816.25958333311 99023.1363208331 70 42
99313.6810833331 99574.1768333331 70 46
100406.33836874974 100596.41794374974 70 50
101001.0525541664 101136.19619374973 70 50
101403.55578124973 101606.09428124972 70 46
102634.30403124972 102868.69753124971 70 40
102868.69753124971 103092.12803124971 70 38
105498.86228124973 105943.16728124973 70 52
105943.16728124973 106388.34778124971 70 43
108695.74628124971 108901.1832812497 70 40
108901.1832812497 109110.14078124969 70 37
112386.58978124983 112910.10903124984 70 50
115308.95228124985 115511.99778124984 70 40
115511.99778124984 115722.47978124986 70 37
118998.6552812499 119522.17453124991 70 50
120067.69428124993 120375.98978124991 70 35
121285.99028124993 121594.14328124994 70 39
122707.34078124995 123016.41753124994 70 39
123729.66678124998 124034.09478125 70 44
128461.00602291666 128663.46252291663 70 40
128663.46252291663 128871.65152291664 70 37
133207.15002291658 133515.4455229166 70 35
134425.44602291653 134732.13052291653 70 39
135845.32802291645 136154.40477291646 70 39
136867.65402291642 137172.08202291638 70 44
141598.99326458308 141801.44976458306 70 40
141801.44976458306 142009.63876458307 70 37
148522.45730416625 148914.5110187496 70 45
149908.20100624958 150111.24650624956 70 44
150910.87550624955 151724.75240624952 70 57
152512.8090062495 153404.78312083293 70 39
154111.48362083294 154915.59109791633 70 35
159020.7564499996 159215.13244999957 70 49
159215.13244999957 159831.23894999956 70 46
161448.87994999957 161860.35124791623 70 55
162052.25944999958 162263.9744499996 70 47
165548.4786999996 165742.8546999996 70 56
167150.14969999963 167345.27169999966 70 54
167345.27169999966 167545.6191999997 70 50
167691.96069999968 167841.69019999966 70 45
167946.70269999967 168375.77256666633 70 55
168550.08219999968 168761.7971999997 70 60
170199.6176999997 170508.95944999973 70 49
171431.78544999976 171666.67104999974 70 55
171637.22244999974 171858.0869499997 70 54
171858.0869499997 172069.80194999973 70 43
173507.62244999976 173816.96419999978 70 34
174739.79019999978 175109.4006999998 70 39
174945.2271999998 175156.82859999978 70 38
175164.12519999978 175375.7506999998 70 53
181542.41469999994 181947.73769999994 70 52
185466.77269999997 185669.43419999996 70 59
190232.66551875003 190342.11688958335 70 62
191923.1916979166 192091.33461458323 70 52
192091.33461458323 192472.93086458326 70 55
193613.27961458336 193893.33968958334 70 32
196669.13511458333 197100.35511458333 70 32
199077.03011458326 199552.91811458327 70 72
3435.358750000001 3643.692250000001 71 50
5474.022750000001 5774.332000000001 71 47
9963.080999999998 10171.414499999997 71 50
16439.432749999993 16848.11374999999 71 50
26266.096739583303 26474.430239583307 71 50
28304.7607395833 28605.069989583302 71 47
32793.81898958329 33002.15248958329 71 50
64462.06838541657 64659.04788541657 71 55
64659.04788541657 65094.00218541657 71 54
77590.47263541655 78034.62698958322 71 51
84170.53958333316 84367.51908333314 71 55
84367.51908333314 84802.47338333316 71 54
97314.16433333312 97758.31868749978 71 51
122504.14378124996 122808.93928124994 71 40
135642.13102291647 135946.92652291644 71 40
146731.9339791663 147128.95498958297 71 37
149311.6095062496 149508.3825062496 71 49
157589.10244999963 157797.4359499996 71 45
159627.76644999956 159928.07569999958 71 46
164116.82469999962 164325.1581999996 71 50
3238.0422500000004 3435.358750000001 72 54
3643.692250000001 3844.0397500000013 72 52
5677.495250000002 5871.168750000001 72 51
5871.168750000001 6485.9712500000005 72 50
6681.09325 6886.96775 72 50
7084.28425 7295.136249999999 72 50
7697.389249999998 7898.51575 72 50
8004.373250000001 8316.105250000002 72 47
9765.7645 9963.080999999998 72 54
10171.414499999997 10371.761999999997 72 52
12190.932499999995 12384.605999999994 72 56
13391.875499999993 13489.43649999999 72 50
13489.43649999999 13586.99749999999 72 45
13586.99749999999 13792.958999999992 72 50
16647.76624999999 17053.17174999999 72 52
17360.392999999993 17464.14174999999 72 43
17788.486249999994 18096.569249999993 72 47
22069.989999999983 22270.613249999984 72 45
26068.780239583306 26266.096739583303 72 52
26474.430239583307 26674.777739583304 72 52
28508.2332395833 28701.906739583304 72 51
28701.906739583304 29316.7092395833 72 50
29511.831239583298 29717.7057395833 72 50
29915.022239583297 30125.8742395833 72 50
30528.127239583304 30729.253739583302 72 50
30835.1112395833 31146.8432395833 72 47
32596.502489583294 32793.81898958329 72 54
33002.15248958329 33202.499989583295 72 52
35021.67048958331 35215.34398958331 72 56
36222.61348958331 36320.17448958331 72 50
36320.17448958331 36417.735489583305 72 45
36417.735489583305 36623.69698958331 72 50
38876.611989583296 39087.46398958329 72 59
39689.4434895833 39901.156214583294 72 59
40187.7552395833 40392.8802395833 72 57
42133.44573958328 42344.29773958328 72 49
42746.55673958328 43148.10723958328 72 63
43246.934489583284 43444.58898958328 72 59
44977.80548958328 45220.83334374995 72 32
46973.175239583274 47265.90696458327 72 31
48764.80118749994 48967.339687499945 72 50
51970.23018749993 52181.082187499924 72 59
52783.06168749993 52994.77441249993 72 59
53281.37343749993 53496.76768749993 72 57
55236.54118749991 55447.3931874999 72 49
55849.65218749991 56251.202687499914 72 63
56350.02993749991 56547.68443749991 72 59
58072.122437499915 58315.150291666585 72 32
60067.492187499905 60360.2239124999 72 31
61859.118135416575 62061.65663541658 72 50
65286.40463541658 65483.38413541657 72 55
65483.38413541657 66058.02788541658 72 54
66110.74088541657 66307.72038541657 72 66
66307.72038541657 66742.67468541657 72 64
66724.22513541658 66935.07713541658 72 49
67132.73163541658 67330.38613541657 72 49
67528.04063541658 67730.33038541657 72 46
67927.98488541656 68125.63938541657 72 49
68323.29388541655 68536.59863541657 72 46
71688.06463541654 71898.91663541654 72 59
72500.89613541654 72712.60886041654 72 59
72999.20788541654 73210.15663541654 72 56
74956.01788541654 75166.86988541654 72 49
75569.12888541655 75970.67938541654 72 65
76069.50663541655 76267.16113541655 72 59
77380.52113541654 77593.82474374988 72 46
77992.72563541654 78297.31463541655 72 46
78993.74063541656 79196.03038541655 72 44
80582.56103333317 80777.84332083317 72 53
81177.7044354165 81316.47278749984 72 52
82317.64158333314 82441.65983333315 72 44
82441.65983333315 82927.44074166649 72 47
84994.87583333315 85191.85533333315 72 55
85191.85533333315 85766.49908333315 72 54
85819.21208333316 86016.19158333316 72 66
86016.19158333316 86451.14588333316 72 64
86432.69633333315 86643.54833333315 72 49
86841.20283333315 87038.85733333316 72 49
87236.51183333315 87438.80158333314 72 46
87636.45608333315 87834.11058333314 72 49
88031.76508333314 88260.99308333315 72 46
91412.45908333312 91623.31108333312 72 59
92225.29058333312 92437.00330833312 72 59
92723.60233333312 92940.94633333312 72 56
94679.70958333311 94890.56158333311 72 49
95292.82058333312 95694.37108333311 72 65
95793.19833333312 95990.8528333331 72 59
97104.2128333331 97317.51644166645 72 46
97716.41733333311 98021.00633333312 72 46
98717.43233333313 98919.72208333311 72 44
100306.25273124974 100501.53501874974 72 53
100901.39613333307 101040.1644854164 72 52
102046.5920312497 102175.8690312497 72 44
102175.8690312497 102661.64993958305 72 47
102980.41278124972 103307.18203124971 72 43
107448.74878124971 107654.1857812497 72 41
107654.1857812497 107859.6227812497 72 37
107859.6227812497 108065.05978124969 72 37
108065.05978124969 108276.31228124969 72 37
111565.83378124978 111768.29028124979 72 45
111768.29028124979 111970.7467812498 72 40
114074.14128124983 114277.90428124985 72 41
114277.90428124985 114481.66728124986 72 37
114481.66728124986 114685.43028124986 72 37
114685.43028124986 114895.55828124986 72 37
118175.22328124987 118378.57178124988 72 45
118378.57178124988 118581.92028124988 72 40
121084.25528124992 121389.26753124995 72 42
127235.62252291664 127438.07902291666 72 41
127438.07902291666 127640.53552291666 72 37
127640.53552291666 127842.99202291667 72 37
127842.99202291667 128053.12002291669 72 37
129687.33352291664 129893.88802291662 72 48
134223.71102291654 134527.98902291653 72 42
140373.60976458318 140576.06626458315 72 41
140576.06626458315 140778.52276458312 72 37
140778.52276458312 140980.97926458312 72 37
140980.97926458312 141191.10726458312 72 37
142825.32076458307 143031.87526458304 72 48
146930.17332083298 147320.15015624964 72 39
148717.85401874955 149071.8366187496 72 40
149111.3025187496 149409.9960062496 72 42
149508.3825062496 149711.42800624957 72 43
153404.78312083293 153601.55612083292 72 45
157391.7859499996 157589.10244999963 72 49
157797.4359499996 157997.7834499996 72 48
159831.23894999956 160024.91244999957 72 50
160024.91244999957 160639.71494999956 72 47
160834.8369499996 161040.71144999957 72 49
161238.02794999958 161448.87994999957 72 50
161851.13294999956 162052.25944999958 72 50
162158.1169499996 162469.8489499996 72 47
163919.50819999963 164116.82469999962 72 54
164325.1581999996 164525.50569999963 72 52
166344.6761999996 166538.3496999996 72 56
167545.6191999997 167643.18019999968 72 50
167643.18019999968 167740.74119999967 72 45
167740.74119999967 167946.70269999967 72 50
170410.46969999972 170607.44919999974 72 66
170607.44919999974 171182.09294999973 72 64
171023.95394999973 171253.68315208307 72 49
173718.47444999978 173915.45394999976 72 46
173915.45394999976 174490.09769999978 72 45
174331.95869999978 174578.10286041646 72 34
180717.64569999994 181137.09169999993 72 55
181137.09169999993 181552.54777499993 72 55
184020.89319999993 184331.53994999995 72 49
185669.43419999996 185875.74719999998 72 60
190128.68651875 190286.38800208335 72 62
190336.82625208338 190442.63900208336 72 50
190442.63900208336 190549.63675208334 72 49
190549.63675208334 190655.44950208336 72 49
190655.44950208336 190762.05175208332 72 50
190762.05175208332 190869.85675208332 72 49
190869.85675208332 190975.28275208332 72 50
190975.28275208332 191084.73175208332 72 51
191084.73175208332 191190.5445020833 72 53
191190.5445020833 191298.7540020833 72 55
191298.7540020833 191406.15000208328 72 52
191406.15000208328 191492.5637479166 72 51
191512.25301458326 191573.51787291662 72 50
191620.91741041664 191683.59787291664 72 49
191732.10565416663 191796.21481041666 72 47
191845.82757916662 191962.20236458324 72 46
192005.24644791658 192102.23736458327 72 47
193396.70461458334 193841.74661458333 72 36
196884.74511458332 197327.92111458333 72 39
197327.92111458333 197918.59911458328 72 38
6281.708750000001 6583.53225 73 50
24299.307989583307 24619.12098958331 73 42
29112.4467395833 29414.2702395833 73 50
67033.90438541658 67231.55888541657 73 49
67829.15763541656 68026.81213541656 73 49
86742.37558333315 86940.03008333316 73 49
87537.62883333315 87735.28333333314 73 49
111358.06328124976 111565.83378124978 73 42
117967.45278124986 118175.22328124987 73 42
120274.39128124992 120579.1867812499 73 40
120882.5202812499 121185.12278124993 73 45
133413.8470229166 133718.64252291658 73 40
134021.97602291655 134324.57852291653 73 45
155625.1656999996 155942.1266999996 73 41
160435.45244999955 160737.27594999957 73 47
171234.80594999975 171486.56864999974 73 66
174542.8106999998 174794.5733999998 73 46
187357.62760208332 188034.98110208331 73 64
1582.5085 1994.2574999999997 74 50
3032.16775 3186.5736250000004 74 51
3186.5736250000004 3336.7005000000004 74 52
3844.0397500000013 4049.0977500000013 74 50
6485.9712500000005 6681.09325 74 54
6886.96775 7084.28425 74 55
7295.136249999999 7706.607547916666 74 55
8110.2307500000015 8521.979750000002 74 50
9559.89 9714.295875 74 51
9714.295875 9864.42275 74 52
10371.761999999997 10576.819999999998 74 50
13440.655999999992 13538.216999999991 74 45
13687.946499999991 13870.057491666657 74 45
14502.19599999999 14810.96199999999 74 47
16036.241749999992 16647.76624999999 74 51
19321.848999999995 19614.871620833328 74 51
24197.20850208331 24413.246489583307 74 43
24413.246489583307 24824.995489583307 74 46
25862.905739583308 26017.311614583305 74 47
26017.311614583305 26167.438489583303 74 47
26674.777739583304 26879.835739583308 74 50
29316.7092395833 29511.831239583298 74 54
29717.7057395833 29915.022239583297 74 55
30125.8742395833 30537.34553749997 74 55
30940.968739583303 31352.717739583302 74 50
32390.6279895833 32545.033864583296 74 51
32545.033864583296 32695.160739583294 74 52
33202.499989583295 33407.557989583285 74 50
36271.39398958331 36368.95498958331 74 45
36518.684489583306 36700.795481249974 74 45
37438.79148958331 37635.77098958331 74 66
37635.77098958331 38210.4147395833 74 64
40695.6252395833 40892.6047395833 74 55
40892.6047395833 41467.24848958329 74 54
41309.109489583294 41519.961489583286 74 59
42544.018239583274 42756.54276458328 74 59
43148.10723958328 43345.76173958328 74 63
43345.76173958328 43548.79898958328 74 59
43548.79898958328 43761.51948958328 74 66
43761.51948958328 43962.821489583286 74 46
45380.058489583294 45685.81073958329 74 32
48664.07696249994 48848.348318749944 74 44
50532.409687499945 50729.38918749994 74 66
50729.38918749994 51304.032937499935 74 64
53798.72068749993 53995.700187499926 74 55
53995.700187499926 54570.34393749992 74 54
54412.20493749992 54623.05693749992 74 59
55647.11368749991 55859.63821249991 74 59
56251.202687499914 56448.85718749991 74 63
56448.85718749991 56651.89443749991 74 59
56651.89443749991 56853.72443749991 74 66
56853.72443749991 57055.554437499915 74 46
58474.375437499926 58780.127687499924 74 32
61758.39391041657 61942.665266666576 74 44
63637.73213541657 63834.71163541657 74 55
63834.71163541657 64409.35538541657 74 54
64462.06838541657 64659.04788541657 74 66
64659.04788541657 65094.00218541657 74 64
65075.55263541657 65286.40463541658 74 49
70250.24413541653 70447.22363541654 74 66
70447.22363541654 71021.86738541654 74 64
73518.19738541654 73715.17688541654 74 55
73715.17688541654 74289.82063541654 74 54
74131.68163541653 74342.53363541655 74 59
75366.59038541654 75579.11491041655 74 59
75970.67938541654 76168.33388541655 74 63
76168.33388541655 76371.37113541654 74 59
76371.37113541654 76573.20113541654 74 66
78894.91338541656 79092.56788541656 74 45
80482.89025833318 80617.51212083318 74 54
81078.40544374984 81236.58458749983 74 53
81781.13333333316 81958.35452083315 74 46
82193.62333333313 82410.65527083314 74 44
83346.20333333315 83543.18283333315 74 55
83543.18283333315 84117.82658333315 74 54
84170.53958333316 84367.51908333314 74 66
84367.51908333314 84802.47338333316 74 64
84784.02383333315 84994.87583333315 74 49
89974.63858333312 90171.61808333312 74 66
90171.61808333312 90746.26183333312 74 64
93241.88908333311 93438.86858333311 74 55
93438.86858333311 94013.51233333311 74 54
93855.3733333331 94066.2253333331 74 59
95090.2820833331 95302.8066083331 74 59
95694.37108333311 95892.0255833331 74 63
95892.0255833331 96095.0628333331 74 59
96095.0628333331 96296.8928333331 74 66
98618.60508333312 98816.25958333311 74 45
100206.58195624975 100341.20381874975 74 54
100802.09714166641 100960.2762854164 74 53
101504.82503124973 101682.04621874972 74 46
101917.3150312497 102143.5497812497 74 44
103092.12803124971 103639.00803124972 74 47
103746.53503124972 103961.58903124974 74 46
105282.17778124973 105723.16128124973 74 53
111155.60678124976 111358.06328124976 74 49
117766.15078124986 117967.45278124986 74 49
121897.47678124995 122200.07928124997 74 40
135035.4640229165 135338.0665229165 74 40
147128.95498958297 147512.8556499996 74 40
148914.5110187496 149277.0540937496 74 44
150510.33950624955 150707.11250624957 74 60
155514.0791999996 155736.2521999996 74 42
155736.2521999996 156148.0011999996 74 47
157185.9114499996 157340.3173249996 74 44
157340.3173249996 157490.44419999962 74 45
157997.7834499996 158202.84144999963 74 47
160639.71494999956 160834.8369499996 74 53
161040.71144999957 161238.02794999958 74 54
161448.87994999957 161860.35124791623 74 55
162263.9744499996 162675.72344999958 74 50
163713.6336999996 163868.03957499962 74 51
163868.03957499962 164018.1664499996 74 52
164525.50569999963 164730.56369999965 74 50
167594.3996999997 167691.96069999968 74 45
167841.69019999966 168023.80119166634 74 45
169586.13344999973 169783.11294999972 74 55
169783.11294999972 170218.06724999973 74 54
170199.6176999997 170508.95944999973 74 59
171431.78544999976 171666.67104999974 74 66
171637.22244999974 171858.0869499997 74 64
172894.13819999975 173091.11769999977 74 39
173091.11769999977 173526.07199999978 74 38
173507.62244999976 173816.96419999978 74 41
174739.79019999978 175109.4006999998 74 46
174945.2271999998 175156.82859999978 74 45
178684.70169999983 178894.78569999983 74 60
180517.09769999993 180726.83748333328 74 55
181542.41469999994 181947.73769999994 74 62
185256.68869999997 185568.10344999997 74 55
185875.74719999998 186036.74519999998 74 61
190024.70751875002 190232.66551875003 74 63
190389.73262708337 190496.13787708335 74 41
190496.13787708335 190602.54312708337 74 41
190602.54312708337 190708.75062708333 74 40
190708.75062708333 190815.95425208332 74 44
190815.95425208332 190922.5697520833 74 44
190922.5697520833 191030.00725208333 74 44
191030.00725208333 191137.6381270833 74 45
191137.6381270833 191244.6492520833 74 46
191244.6492520833 191352.45200208327 74 47
191352.45200208327 191459.05637708327 74 45
191459.05637708327 191519.4127479166 74 44
191566.2767395833 191628.24181041663 74 44
191676.18827291665 191739.60190416666 74 42
191788.62927708332 191853.50452916662 74 40
193180.12961458333 193613.27961458336 74 35
193613.27961458336 193893.33968958334 74 32
195580.7391145833 196174.1997395833 74 43
196669.13511458333 197100.35511458333 74 32
197100.35511458333 197381.61911458333 74 33
199552.91811458327 200028.80611458325 74 70
1994.2574999999997 2416.1772499999997 75 51
4460.067750000001 4765.276500000002 75 46
7084.28425 7295.136249999999 75 50
8521.979750000002 8943.899500000001 75 51
10987.789999999999 11292.998749999999 75 46
15628.87624999999 16036.241749999992 75 52
18914.48349999999 19321.848999999995 75 52
24095.801422916644 24234.539660416645 75 45
24824.995489583307 25246.915239583304 75 49
27290.805739583306 27596.014489583304 75 46
29915.022239583297 30125.8742395833 75 50
31352.717739583302 31774.6374895833 75 51
33818.52798958329 34123.736739583284 75 46
38263.127739583295 38460.107239583296 75 66
38460.107239583296 38895.061539583294 75 64
41519.961489583286 41716.94098958329 75 55
41716.94098958329 42291.584739583275 75 54
42133.44573958328 42344.29773958328 75 59
42946.27723958328 43157.98996458328 75 59
43444.58898958328 43655.159239583285 75 59
51356.74593749993 51553.725437499925 75 66
51553.725437499925 51988.67973749993 75 64
54623.05693749992 54820.03643749992 75 55
54820.03643749992 55394.68018749991 75 54
55236.54118749991 55447.3931874999 75 59
56049.37268749991 56261.08541249991 75 59
56547.68443749991 56752.80943749991 75 59
65286.40463541658 65483.38413541657 75 66
65483.38413541657 66058.02788541658 75 64
65899.88888541657 66110.74088541657 75 49
66724.22513541658 66935.07713541658 75 59
66935.07713541658 67132.73163541658 75 54
67730.33038541657 67927.98488541656 75 54
71074.58038541654 71271.55988541653 75 66
71271.55988541653 71706.51418541654 75 64
74342.53363541655 74539.51313541654 75 55
74539.51313541654 74983.25293541655 75 54
74956.01788541654 75166.86988541654 75 59
75768.84938541654 75980.56211041655 75 59
76267.16113541655 76472.28613541654 75 59
77178.69113541655 77590.47263541655 75 50
78796.08613541655 78993.74063541656 75 47
80383.57700624986 80537.62392083318 75 56
80979.46566249985 81141.21532708318 75 55
82088.64758333314 82317.64158333314 75 44
84994.87583333315 85191.85533333315 75 66
85191.85533333315 85766.49908333315 75 64
85608.36008333316 85819.21208333316 75 49
86432.69633333315 86643.54833333315 75 59
86643.54833333315 86841.20283333315 75 54
87438.80158333314 87636.45608333315 75 54
90798.97483333312 90995.95433333312 75 66
90995.95433333312 91430.90863333312 75 64
94066.2253333331 94263.2048333331 75 55
94263.2048333331 94706.94463333311 75 54
94679.70958333311 94890.56158333311 75 59
95492.54108333311 95704.2538083331 75 59
95990.8528333331 96195.9778333331 75 59
96902.3828333331 97314.16433333312 75 50
98519.77783333312 98717.43233333313 75 47
100107.26870416643 100261.31561874975 75 56
100703.15736041642 100864.90702499973 75 55
101812.3392812497 102046.5920312497 75 44
103854.06203124972 104179.91353124972 75 48
110953.15028124975 111155.60678124976 75 46
117564.84878124986 117766.15078124986 75 46
122099.21178124996 122402.54528124997 75 42
132141.18902291657 132664.70827291656 75 50
135237.1990229165 135540.53252291647 75 42
145282.09426458296 145805.61351458295 75 50
147328.4923854163 147705.39535833293 75 42
150111.24650624956 150308.01950624958 75 60
155409.7003145829 155625.1656999996 75 43
156148.0011999996 156569.9209499996 75 48
158613.81144999963 158919.02019999962 75 46
161238.02794999958 161448.87994999957 75 50
162675.72344999958 163097.64319999958 75 51
165141.53369999962 165446.7424499996 75 46
169375.28144999972 169621.4256104164 75 49
171023.95394999973 171253.68315208307 75 59
172683.28619999974 172913.01540208308 75 34
174331.95869999978 174578.10286041646 75 41
177865.36569999982 178070.19969999982 75 55
178070.19969999982 178275.03369999983 75 50
178275.03369999983 178479.86769999983 75 50
178479.86769999983 178684.70169999983 75 50
181137.09169999993 181552.54777499993 75 64
184225.72719999994 184539.76969999998 75 45
185051.85469999997 185361.7307 75 51
186076.85479999997 186181.8123145833 75 63
189921.0013895833 190128.68651875 75 64
193396.70461458334 193841.74661458333 75 36
193841.74661458333 194439.14011458334 75 39
194924.84611458328 195353.1731145833 75 36
196884.74511458332 197327.92111458333 75 39
197327.92111458333 197918.59911458328 75 38
2416.1772499999997 3032.16775 76 52
8943.899500000001 9559.89 76 52
15013.87049999999 15429.988499999992 76 51
18299.477749999995 18715.595749999993 76 51
20133.72099999999 20348.95262499999 76 50
21863.445499999983 22032.861249999984 76 48
23489.859249999976 23696.403749999976 76 48
25246.915239583304 25862.905739583308 76 50
31774.6374895833 32390.6279895833 76 52
46382.236739583284 46799.997429166615 76 49
48563.63839999994 48759.893449999945 76 45
59476.553687499916 59894.31437708325 76 49
61657.95534791657 61854.21039791658 76 45
69161.12863541656 69394.37101041655 76 45
78400.77713541656 78598.43163541656 76 51
88885.52308333314 89118.76545833313 76 45
98124.46883333313 98322.12333333312 76 51
110750.69378124973 110953.15028124975 76 48
117363.54678124987 117564.84878124986 76 48
120477.5882812499 120781.6527812499 76 44
133617.04402291658 133921.10852291656 76 44
147528.76110416627 147830.56342916627 76 44
151507.33700624955 151724.75240624952 76 51
153205.2366208329 153404.78312083293 76 48
154803.9112354163 154915.59109791633 76 43
156569.9209499996 157185.9114499996 76 52
163097.64319999958 163713.6336999996 76 52
176213.22419999985 176418.78819999984 76 55
176418.78819999984 176624.35219999982 76 50
176624.35219999982 176829.91619999977 76 50
176829.91619999977 177039.23819999976 76 50
180108.75019999992 180316.54969999995 76 56
186279.15092916667 186410.64476458333 76 64
2826.29325 3135.1050000000005 77 52
4049.0977500000013 4663.540250000002 77 54
9354.0155 9662.82725 77 52
10576.819999999998 11191.262499999999 77 54
14608.05349999999 15013.87049999999 77 54
17893.660749999995 18299.477749999995 77 54
20338.77899999999 20749.74899999999 77 60
21759.128999999983 21970.97999999998 77 48
21970.97999999998 22119.494999999984 77 55
22169.867749999983 22371.35874999998 77 53
23385.54274999998 23597.393749999977 77 48
23597.393749999977 23736.83283333331 77 51
23995.017368749977 24121.076047916646 77 46
25657.031239583306 25965.842989583307 77 50
26879.835739583308 27494.278239583306 77 54
32184.7534895833 32493.5652395833 77 52
33407.557989583285 34022.00048958328 77 54
40695.6252395833 40892.6047395833 77 66
40892.6047395833 41467.24848958329 77 64
46278.77423958328 46485.65097708328 77 42
46776.19573958328 47036.691489583274 77 46
47868.853024999946 48058.93259999994 77 48
48463.56721041661 48598.71084999994 77 47
48866.07043749994 49068.60893749994 77 46
50086.30118749995 50314.83484999995 77 40
53798.72068749993 53995.700187499926 77 66
53995.700187499926 54570.34393749992 77 64
59373.091187499915 59579.96792499991 77 42
59870.51268749991 60131.008437499906 77 46
60963.16997291658 61153.249547916574 77 48
61557.88415833324 61693.02779791657 77 47
61960.38738541657 62162.925885416575 77 46
63180.61813541658 63418.85966458324 77 40
63637.73213541657 63834.71163541657 77 66
63834.71163541657 64409.35538541657 77 64
64251.21638541657 64462.06838541657 77 49
65075.55263541657 65286.40463541658 77 59
69810.65213541655 70038.52913541654 77 46
73518.19738541654 73715.17688541654 77 66
73715.17688541654 74289.82063541654 77 64
78499.60438541656 78697.25888541657 77 46
78697.25888541657 78894.91338541656 77 48
79786.96888541653 79985.13958541653 77 49
80284.62279791654 80442.25466041653 77 57
80880.93372499985 81046.17405624985 77 57
81882.40258333315 81983.67183333315 77 46
81983.67183333315 82193.62333333313 77 50
83346.20333333315 83543.18283333315 77 66
83543.18283333315 84117.82658333315 77 64
83959.68758333314 84170.53958333316 77 49
84784.02383333315 84994.87583333315 77 59
89535.04658333313 89762.92358333312 77 46
93241.88908333311 93438.86858333311 77 66
93438.86858333311 94013.51233333311 77 64
98223.29608333313 98420.95058333312 77 46
98420.95058333312 98618.60508333312 77 48
99510.6605833331 99708.8312833331 77 49
100008.31449583311 100165.9463583331 77 57
100604.62542291642 100769.8657541664 77 57
101606.09428124972 101707.3635312497 77 46
101707.3635312497 101917.3150312497 77 50
103961.58903124974 104514.25028124973 77 50
104623.41253124972 104848.80878124973 77 53
105065.49328124973 105498.86228124973 77 54
110543.68278124974 110750.69378124973 77 43
111970.7467812498 112173.20328124981 77 48
112173.20328124981 112386.58978124983 77 43
117156.53578124987 117363.54678124987 77 43
118581.92028124988 118785.26878124988 77 48
118785.26878124988 118998.6552812499 77 43
122300.94678124998 122605.74228124996 77 44
131320.4330229166 131522.88952291658 77 45
131522.88952291658 131725.34602291658 77 40
135438.93402291648 135743.72952291646 77 44
144461.338264583 144663.79476458297 77 45
144663.79476458297 144866.25126458297 77 40
147729.75692916627 147922.9693874996 77 46
149711.42800624957 149908.20100624958 77 58
151714.77700624953 152113.79300624956 77 59
153104.07662083287 153306.3966208329 77 50
153306.3966208329 153422.00075833293 77 52
153503.16962083292 153704.53562083293 77 48
154702.75123541628 154900.01323541632 77 45
154904.93256041632 155041.86019583297 77 48
155305.86716458295 155450.47066041623 77 45
156980.0369499996 157288.8486999996 77 48
158202.84144999963 158817.28394999963 77 51
163507.75919999962 163816.57094999962 77 52
164730.56369999965 165345.00619999963 77 54
169586.13344999973 169783.11294999972 77 66
169783.11294999972 170218.06724999973 77 64
172894.13819999975 173091.11769999977 77 46
173091.11769999977 173526.07199999978 77 45
179907.5026999999 180108.75019999992 77 58
180316.54969999995 180717.64569999994 77 63
180918.19369999995 181152.29131249993 77 55
184847.02069999996 185154.27169999998 77 55
186484.72168958336 186593.1010041667 77 66
189817.40313958333 189995.24680208333 77 64
193180.12961458333 193613.27961458336 77 35
195139.0096145833 195580.7391145833 77 41
195580.7391145833 196174.1997395833 77 43
197100.35511458333 197381.61911458333 77 33
23696.403749999976 23800.364249999977 78 42
44776.678989583284 45220.83334374995 78 51
57870.995937499916 58315.150291666585 78 51
110341.48578124974 110543.68278124974 78 48
116953.18728124986 117156.53578124987 78 48
131112.66252291662 131320.4330229166 78 42
144253.56776458301 144461.338264583 78 42
155003.08086874965 155137.68428541624 78 40
179706.25519999987 179907.5026999999 78 60
182158.58969999992 182468.05919999996 78 50
184437.35269999996 184795.8122 78 49
184795.8122 184949.43769999998 78 48
186693.64290416666 186829.50212291666 78 69
12384.605999999994 12638.946624999993 79 50
12588.078499999994 12792.143499999993 79 53
12792.143499999993 12996.405999999992 79 50
16848.11374999999 17256.64424999999 79 50
19933.37349999999 20338.77899999999 79 52
21658.030499999986 21809.678249999983 79 48
23284.44424999998 23436.09199999998 79 48
23894.910743749977 24007.566743749976 79 48
35215.34398958331 35469.684614583304 79 50
35418.8164895833 35622.881489583306 79 53
35622.881489583306 35827.1439895833 79 50
41519.961489583286 41716.94098958329 79 66
41716.94098958329 42291.584739583275 79 64
44566.72748958328 44780.03109791661 79 46
45178.93198958328 45483.52098958329 79 46
46179.94698958329 46382.236739583284 79 44
47768.767387499945 47964.049674999944 79 49
48363.91078958327 48502.6791416666 79 48
49503.84793749995 49627.866187499945 79 44
49627.866187499945 50113.64709583328 79 47
54623.05693749992 54820.03643749992 79 66
54820.03643749992 55394.68018749991 79 64
57661.04443749991 57874.34804583324 79 46
58273.24893749991 58577.83793749992 79 46
59274.26393749992 59476.553687499916 79 44
60863.08433541657 61058.366622916576 79 49
61458.2277374999 61596.996089583234 79 48
62598.16488541658 62722.18313541658 79 44
62722.18313541658 63209.24801874991 79 47
65899.88888541657 66110.74088541657 79 59
69383.69713541656 69821.09649791654 79 51
74342.53363541655 74539.51313541654 79 66
74539.51313541654 74983.25293541655 79 64
76775.03113541655 76976.86113541655 79 53
76976.86113541655 77250.17259374988 79 46
78193.85213541654 78400.77713541656 79 50
78598.43163541656 78796.08613541655 79 46
80186.07679791654 80347.21338958321 79 58
80782.75105833318 80967.11225624985 79 58
85608.36008333316 85819.21208333316 79 59
89108.09158333314 89545.49094583312 79 51
94066.2253333331 94263.2048333331 79 66
94263.2048333331 94706.94463333311 79 64
96498.7228333331 96700.5528333331 79 53
96700.5528333331 96973.86429166644 79 46
97917.54383333311 98124.46883333313 79 50
98322.12333333312 98519.77783333312 79 46
99909.76849583311 100070.90508749976 79 58
100506.44275624974 100690.80395416642 79 58
104732.57478124973 105065.49328124973 79 55
109933.47078124972 110139.28878124972 79 48
110139.28878124972 110341.48578124974 79 43
116541.02678124986 116749.83878124987 79 48
116749.83878124987 116953.18728124986 79 43
120680.78528124989 120983.38778124991 79 48
130910.20602291664 131112.66252291662 79 49
133820.24102291657 134122.84352291655 79 48
144050.90626458303 144253.56776458301 79 49
149311.6095062496 149508.3825062496 79 59
151308.51650624952 151714.77700624953 79 59
153004.85419583286 153205.2366208329 79 51
154603.52881041626 154803.9112354163 79 47
155203.44576249958 155333.42676458292 79 46
166538.3496999996 166792.6903249996 79 50
166741.82219999962 166945.88719999962 79 53
166945.88719999962 167150.14969999963 79 50
168761.7971999997 168958.7766999997 79 55
168958.7766999997 169533.4204499997 79 54
169375.28144999972 169621.4256104164 79 59
172069.80194999973 172266.78144999975 79 39
172266.78144999975 172841.42519999974 79 38
172683.28619999974 172913.01540208308 79 41
179505.00769999984 179706.25519999987 79 62
182364.90269999995 182678.21344999998 79 55
186906.05860208333 187357.62760208332 79 74
187357.62760208332 188034.98110208331 79 64
188034.98110208331 188450.1681020833 79 59
189713.80488958332 189921.0013895833 79 66
193841.74661458333 194439.14011458334 79 39
194924.84611458328 195353.1731145833 79 36
195353.1731145833 195641.15608541665 79 35
64251.21638541657 64462.06838541657 80 59
83959.68758333314 84170.53958333316 80 59
104848.80878124973 105282.17778124973 80 62
130707.74952291665 130910.20602291664 80 46
143848.24476458307 144050.90626458303 80 46
149111.3025187496 149409.9960062496 80 59
179303.76019999982 179505.00769999984 80 63
184744.60369999998 184847.02069999996 80 48
20542.25149999999 20761.61822916666 81 53
21556.931999999986 21759.128999999983 81 48
22270.613249999984 22376.50561249998 81 48
22884.56199999998 23084.680999999982 81 48
23183.34574999998 23385.54274999998 81 48
23795.413749999978 23911.52645208331 81 49
46081.119739583286 46278.77423958328 81 45
47669.09661249994 47803.71847499994 81 50
48264.6117979166 48422.79094166661 81 49
48967.339687499945 49144.560874999945 81 46
49379.82968749995 49596.86162499995 81 44
59175.43668749992 59373.091187499915 81 45
60763.41356041657 60898.03542291657 81 50
61358.92874583323 61517.10788958324 81 49
62061.65663541658 62238.87782291658 81 46
62474.14663541658 62691.17857291658 81 44
80087.88017291654 80268.15158958321 81 60
99811.57187083311 99991.84328749978 81 60
130505.29302291668 130707.74952291665 81 48
143645.58326458308 143848.24476458307 81 48
151914.28500624956 152125.43097291622 81 49
152906.1305562495 153059.34200833287 81 52
153601.55612083292 153716.1735874996 81 45
154210.89387083292 154373.89077083292 81 47
154504.80517083293 154658.01662291627 81 49
155102.53648541626 155234.8592249996 81 47
179097.44719999982 179303.76019999982 81 66
183611.22519999993 183918.47619999992 81 56
188244.4491020833 188665.7781020833 81 61
189609.93376875 189817.40313958333 81 67
195139.0096145833 195580.7391145833 81 41
11589.110999999997 11890.411249999996 82 50
11790.237499999996 11990.584999999995 82 53
11990.584999999995 12190.932499999995 82 48
19725.039999999994 20133.72099999999 82 50
21458.267249999986 21658.030499999986 82 48
23084.680999999982 23284.44424999998 82 48
34419.84898958329 34721.1492395833 82 50
34620.975489583296 34821.3229895833 82 53
34821.3229895833 35021.67048958331 82 48
44365.42548958328 44776.678989583284 82 50
45982.292489583284 46179.94698958329 82 47
47569.7833604166 47723.83027499994 82 51
48165.672016666605 48327.421681249936 82 50
49274.853937499945 49503.84793749995 82 44
57459.21443749992 57870.995937499916 82 50
59076.609437499916 59274.26393749992 82 47
60664.10030833323 60818.147222916574 82 51
61259.98896458324 61421.73862916657 82 50
62369.17088541658 62598.16488541658 82 44
68536.59863541657 68732.58763541657 82 66
68732.58763541657 69383.69713541656 82 57
79990.03067291653 80173.76557916655 82 61
88260.99308333315 88456.98208333315 82 66
88456.98208333315 89108.09158333314 82 57
99713.7223708331 99897.4572770831 82 61
130298.28202291665 130505.29302291668 82 43
131725.34602291658 131927.80252291655 82 48
131927.80252291655 132141.18902291657 82 43
143438.57226458305 143645.58326458308 82 43
144866.25126458297 145068.70776458294 82 48
145068.70776458294 145282.09426458296 82 43
148914.5110187496 149277.0540937496 82 57
150707.11250624957 150910.87550624955 82 53
151109.69600624952 151507.33700624955 82 51
152807.9001562495 152916.7890937495 82 54
154406.57477083293 154515.46370833294 82 51
165742.8546999996 166044.1549499996 82 50
165943.98119999957 166144.32869999958 82 53
166144.32869999958 166344.6761999996 82 48
168761.7971999997 168958.7766999997 82 66
168958.7766999997 169533.4204499997 82 64
172069.80194999973 172266.78144999975 82 46
172266.78144999975 172841.42519999974 82 45
175375.7506999998 175586.60269999978 82 55
175586.60269999978 175792.9156999998 82 50
175792.9156999998 175999.22869999983 82 50
175999.22869999983 176213.22419999985 82 50
178894.78569999983 179097.44719999982 82 67
182571.21569999997 182887.99319999997 82 51
183401.90319999994 183713.64219999991 82 49
187357.62760208332 188034.98110208331 82 77
188450.1681020833 188703.58495624995 82 64
188665.7781020833 188876.79310208326 82 67
189505.95476874997 189684.4520520833 82 67
195353.1731145833 195641.15608541665 82 35
45586.98348958329 45784.63798958329 83 51
58681.30043749992 58878.95493749992 83 51
130096.08502291664 130298.28202291665 83 48
143235.22376458306 143438.57226458305 83 48
15429.988499999992 15578.503499999992 84 59
18715.595749999993 18864.110749999993 84 59
20749.74899999999 20953.221499999992 84 58
20953.221499999992 21156.69399999999 84 51
21359.602499999986 21556.931999999986 84 54
22371.35874999998 22577.233249999983 84 59
22577.233249999983 22783.10774999998 84 52
22986.016249999982 23183.34574999998 84 54
45685.81073958329 45883.46523958329 84 46
45883.46523958329 46081.119739583286 84 48
46973.175239583274 47171.345939583276 84 49
47470.82915208327 47628.46101458327 84 52
48067.14007916661 48232.380410416605 84 52
49068.60893749994 49169.87818749995 84 46
49169.87818749995 49379.82968749995 84 50
58780.127687499924 58977.78218749992 84 46
58977.78218749992 59175.43668749992 84 48
60067.492187499905 60265.66288749991 84 49
60565.1460999999 60722.7779624999 84 52
61161.45702708324 61326.69735833324 84 52
62162.925885416575 62264.19513541658 84 46
62264.19513541658 62474.14663541658 84 50
129893.88802291662 130096.08502291664 84 43
143031.87526458304 143235.22376458306 84 43
148717.85401874955 149071.8366187496 84 55
150308.01950624958 150510.33950624955 84 52
152113.79300624956 152313.30100624953 84 61
152313.30100624953 152512.8090062495 84 51
152710.08064791618 152853.6577562495 84 55
153704.53562083293 153904.0436208329 84 52
153904.0436208329 154111.48362083294 84 49
154308.7552624996 154452.3323708329 84 53
177039.23819999976 177244.0721999998 84 55
177244.0721999998 177448.9061999998 84 52
177448.9061999998 177653.7401999998 84 51
177653.7401999998 177865.36569999982 84 51
183196.33919999996 183506.56419999994 84 55
188771.28560208328 188982.30060208327 84 60
189401.63110208328 189515.4861770833 84 61
182785.2112 183144.94819999996 85 58
183144.94819999996 183299.12119999994 85 49
43962.821489583286 44164.12348958328 86 53
44164.12348958328 44436.719947916616 86 46
45380.058489583294 45586.98348958329 86 50
45784.63798958329 45982.292489583284 86 46
47372.28315208327 47533.41974374993 86 53
47968.95741249994 48153.3186104166 86 53
57055.554437499915 57257.38443749992 86 53
57257.38443749992 57530.69589583325 86 46
58474.375437499926 58681.30043749992 86 50
58878.95493749992 59076.609437499916 86 46
60466.6000999999 60627.73669166656 86 53
61063.27436041657 61247.63555833323 86 53
148522.45730416625 148914.5110187496 86 53
149908.20100624958 150111.24650624956 86 51
188876.79310208326 189087.80810208325 86 60
189297.2318854166 189497.2898520833 86 61
148322.47080416625 148694.09129791622 87 52
149508.3825062496 149711.42800624957 87 51
183093.55719999995 183196.33919999996 87 49
188982.30060208327 189099.98285208325 87 60
189192.4978854166 189309.45085208328 87 61
47274.08652708327 47454.357943749936 88 54
60368.403474999905 60548.67489166657 88 54
148126.43292916624 148522.45730416625 88 50
47176.237027083276 47359.97193333327 89 55
60270.55397499991 60454.2888812499 89 55
147931.10792916623 148314.30459583292 89 54
189087.80810208325 189297.2318854166 89 67
