328034.35831249785 328353.3375124978 43 55
325907.830312498 326439.462312498 45 56
250507.35376250063 251025.22026250063 46 57
251543.08676250064 251819.74233750065 46 50
252594.79901250062 252910.97681250065 46 42
18500.530000000006 19036.957500000008 47 53
44397.601400000014 44943.79615000002 47 54
70724.79940000008 71261.22690000008 47 53
96627.60534583344 97173.80009583343 47 54
148684.28339583334 149230.47814583336 47 51
200792.69796250027 201338.8927125003 47 51
279073.9462624999 279610.3737624999 47 53
304967.04901249864 305513.24376249855 47 54
326971.09431249794 327502.72631249786 47 55
328565.9903124978 328893.11841249774 47 52
19605.01100000001 22018.7435 48 49
45511.84965000002 45836.58345000002 48 40
71829.28040000009 74243.01290000007 48 49
97741.85359583344 98066.58739583344 48 40
149798.53164583334 150123.26544583333 48 40
201906.94621250028 202231.68001250026 48 40
239926.6016125005 240211.44756250046 48 49
247369.8592625005 247887.72576250054 48 63
248405.59226250055 248927.96726250058 48 58
249454.97076250057 249972.8372625006 48 59
253671.33926250067 254032.15459583403 48 37
280178.4272624998 282592.1597624998 48 49
306081.29726249864 306406.03106249863 48 40
326439.462312498 326971.09431249794 48 49
329138.3668124977 329679.58981249767 48 56
330225.7845624977 330767.0075624977 48 60
240999.11656250045 241535.67281250047 49 62
331308.2305624976 331849.45356249757 49 61
19036.957500000008 19605.01100000001 50 48
22841.224249999996 25070.030354166665 50 36
44943.79615000002 45273.89605000002 50 47
46627.14365000002 47173.29315000002 50 39
47719.44265000002 48059.51455000002 50 39
71261.22690000008 71829.28040000009 50 48
75065.49365000006 77294.29975416673 50 36
97173.80009583343 97503.89999583343 50 47
98857.14759583342 99403.29709583343 50 39
99949.44659583345 100289.51849583344 50 39
149230.47814583336 149560.57804583336 50 47
150913.82564583336 151459.97514583336 50 39
152006.1246458334 152346.19654583337 50 39
201338.8927125003 201668.9926125003 50 47
203022.2402125003 203568.3897125003 50 39
204114.53921250033 204454.6111125003 50 39
217195.10641250046 217514.08561250046 50 40
226666.34011250047 226982.5179125005 50 42
238881.85161250047 239404.22661250047 50 44
242062.6358125005 242594.2678125005 50 53
244207.1090625005 244743.4940625005 50 51
245272.87406250052 245795.24906250052 50 48
246317.62406250052 246602.4700125005 50 55
251025.22026250063 251543.08676250064 50 50
252070.04976250065 252382.14621250064 50 46
253121.76201250067 253442.46266250068 50 35
254769.26951250067 255300.90151250068 50 39
255832.53351250067 256166.29941250067 50 39
279610.3737624999 280178.4272624998 50 48
283414.64051249984 285643.44661666645 50 36
305513.24376249855 305843.34366249864 50 47
307196.59126249864 307742.74076249864 50 39
308288.8902624986 308628.96216249856 50 39
320370.1080124981 320916.25751249806 50 39
321462.407012498 321794.13851249794 50 39
327502.72631249786 327821.7055124978 50 50
332417.50706249755 332958.7300624975 50 40
333532.8010624974 334078.95056249737 50 39
334625.1000624973 335191.88656249736 50 39
338488.5793124973 339204.30287499726 50 30
341755.46231249726 342965.6733124972 50 30
227742.88036250052 228112.7160791672 51 37
237804.19936250048 238340.58436250046 51 40
240447.6633125005 240999.11656250045 51 49
243123.56531250052 243655.19731250053 51 50
254212.5622625007 254769.26951250067 51 33
330767.0075624977 331308.2305624976 51 56
17437.266 17968.898000000005 52 46
19605.01100000001 20945.973500000004 52 58
21750.551 22962.999424999995 52 34
43334.33740000002 43865.96940000001 52 51
46053.07265000002 46384.37605000002 52 33
69661.5354000001 70193.16740000008 52 46
71829.28040000009 73170.24290000007 52 58
73974.82040000007 75187.26882500006 52 34
95564.34134583344 96095.97334583342 52 51
98283.07659583344 98614.37999583343 52 33
147621.01939583334 148152.65139583335 52 46
150339.75464583334 150671.05804583334 52 33
199729.43396250028 200261.0659625003 52 46
202448.1692125003 202779.47261250028 52 33
241535.67281250047 242062.6358125005 52 53
278010.6822625 278542.3142624999 52 46
280178.4272624998 281519.38976249984 52 58
282323.96726249985 283536.4156874998 52 34
303903.78501249873 304435.4170124987 52 51
306622.52026249864 306953.8236624987 52 33
329679.58981249767 330225.7845624977 52 49
331849.45356249757 332417.50706249755 52 56
227193.3031125005 227514.00376250054 53 35
228840.81061250053 229372.4426125005 53 39
229904.07461250052 230237.8405125005 53 39
236720.65561250044 237039.63481250044 53 40
239404.22661250047 239926.6016125005 53 42
326173.646312498 326705.27831249795 53 45
326705.27831249795 326986.60024583124 53 44
23923.670249999996 25070.030354166665 54 28
76147.93965000007 77294.29975416673 54 28
119265.62449583346 119576.34439583345 54 46
171313.04554583356 171623.76544583356 54 46
215070.6576625004 215607.21391250042 54 47
216134.17691250044 216422.14424583377 54 40
217726.73841250045 218049.77356250046 54 36
245795.24906250052 246317.62406250052 54 49
246838.6857625005 247369.8592625005 54 53
247887.72576250054 248405.59226250055 54 55
248927.96726250058 249454.97076250057 54 54
249972.8372625006 250507.35376250063 54 50
284497.0865124998 285643.44661666645 54 28
1092.299 1638.4484999999997 55 40
3310.3827499999998 3851.6057499999993 55 43
4405.610499999999 4946.8335 55 40
5488.0565 6029.279500000001 55 48
6597.3330000000005 7138.556000000001 55 53
7679.779000000001 8236.486250000002 55 44
8777.709250000002 9102.443050000002 55 40
9878.394250000001 10419.61725 55 40
10973.622 11514.844999999998 55 40
12056.067999999996 12592.452999999998 55 41
16354.819999999996 16896.042999999998 55 46
17968.898000000005 18500.530000000006 55 42
18766.346000000005 19307.569000000007 55 44
19307.569000000007 19873.20350000001 55 39
20677.781000000003 22962.999424999995 55 34
22841.224249999996 23930.68878125 55 36
26169.60025 26715.749749999995 55 40
27261.899249999995 27778.025316666663 55 40
29426.83725 29963.222250000003 55 40
30504.489500000003 30896.27075 55 40
31549.239499999996 31910.867449999994 55 47
32619.491999999995 32938.47119999999 55 43
33682.756 34001.735199999996 55 44
34746.020000000004 35070.753800000006 55 40
35846.70500000001 36378.33700000001 55 40
36927.546250000014 37468.76925000001 55 40
38009.99225000002 38551.21525000002 55 41
42277.95615000001 42802.70540000001 55 40
43865.96940000001 44397.601400000014 55 50
44673.18465000002 44997.91845000002 55 42
45214.40765000002 45782.46115000002 55 34
47173.29315000002 47719.44265000002 55 33
48911.07465000003 52253.72465000004 55 27
52253.72465000004 52799.87415000005 55 40
53346.02365000004 53892.17315000004 55 40
55564.10740000004 56105.33040000004 55 43
56659.33515000005 57200.55815000005 55 40
57741.78115000005 58273.413150000044 55 48
58836.671150000046 59377.894150000044 55 53
59919.11715000005 60475.82440000005 55 44
61017.047400000054 61341.781200000056 55 40
62117.73240000006 62658.95540000006 55 40
63212.960150000064 63754.18315000007 55 40
64295.40615000006 64827.038150000066 55 41
68579.08940000008 69120.31240000008 55 46
70193.16740000008 70724.79940000008 55 42
70990.61540000008 71531.83840000008 55 44
71531.83840000008 72097.47290000008 55 39
72902.05040000008 75187.26882500006 55 34
75065.49365000006 76154.95818125007 55 36
78393.86965000005 78940.01915000005 55 40
79486.16865000007 80002.29471666674 55 40
81651.10665000007 82187.49165000007 55 40
82728.75890000007 83120.54015000009 55 40
83769.0004000001 84105.37957083344 55 47
84849.4959458334 85168.4751458334 55 43
85912.75994583342 86231.73914583342 55 44
86976.02394583343 87300.75774583343 55 40
88076.70894583342 88608.34094583342 55 40
89157.55019583342 89698.77319583342 55 40
90239.99619583343 90781.21919583344 55 41
94507.96009583342 95032.70934583344 55 40
96095.97334583342 96627.60534583344 55 50
96903.18859583343 97227.92239583343 55 42
97444.41159583343 98012.46509583344 55 34
99403.29709583343 99949.44659583345 55 33
101141.07859583343 104483.72859583344 55 27
118204.69499583346 118736.32699583347 55 50
122414.66999583345 122733.64919583345 55 42
130456.28224583337 131002.43174583338 55 35
131548.5812458334 132080.21324583338 55 40
133713.5192458334 134249.9042458334 55 40
134791.1714958334 135182.9527458334 55 40
135835.9214958334 136197.54944583337 55 41
136906.17399583338 137225.15319583338 55 43
137969.43799583337 138288.41719583338 55 44
139032.70199583337 139357.43579583336 55 40
140133.38699583337 140665.01899583338 55 40
141214.22824583336 141755.45124583336 55 40
142296.67424583336 142837.8972458334 55 41
146564.63814583336 147089.38739583333 55 40
148152.65139583335 148684.28339583334 55 48
148959.86664583336 149284.60044583335 55 39
149501.08964583336 150069.14314583334 55 34
151459.97514583336 152006.1246458334 55 32
153197.7566458334 156540.40664583343 55 27
170261.37304583358 170783.74804583355 55 50
174466.6392958336 174784.2430958336 55 42
182542.4355458336 183088.5850458336 55 35
183634.73454583363 184166.36654583362 55 40
185799.67254583363 186336.05754583364 55 40
186877.32479583364 187269.10604583364 55 40
187922.006279167 188301.53069583364 55 41
189007.73106250027 189326.71026250027 55 43
190070.9950625003 190389.9742625003 55 44
191134.2590625003 191458.99286250028 55 40
192234.9440625003 192766.5760625003 55 40
193315.7853125003 193857.0083125003 55 40
194393.39331250027 194929.7783125003 55 41
198673.0527125003 199197.8019625003 55 40
200261.0659625003 200792.69796250027 55 48
201068.2812125003 201393.01501250028 55 39
201609.5042125003 202177.55771250027 55 34
203568.3897125003 204114.53921250033 55 32
205306.17121250034 208648.82121250036 55 27
208648.82121250036 209190.04421250036 55 40
209731.26721250036 210010.37401250037 55 40
211875.7404625004 212412.1254625004 55 40
212953.3927125004 213475.7677125004 55 47
213998.1427125004 214282.9886625004 55 51
218278.65016250047 218815.03516250046 55 40
219344.41516250046 219866.7901625005 55 48
220389.1651625005 220674.01111250048 55 55
225614.6278625005 226141.59086250048 55 40
228284.10336250052 228840.81061250053 55 33
235659.72611250044 236191.35811250043 55 40
237252.28761250045 237575.32276250047 55 37
238340.58436250046 238881.85161250047 55 40
242594.2678125005 242910.9125125005 55 48
243655.19731250053 244195.1884062505 55 46
244743.4940625005 245272.87406250052 55 36
250766.2870125006 251284.15351250063 55 44
251284.15351250063 251806.56826250066 55 42
251806.56826250066 252121.83641250065 55 38
252328.98301250063 252647.49531250063 55 37
252858.28051250064 253174.45831250068 55 29
253385.24351250066 253941.9507625007 55 30
255300.90151250068 255832.53351250067 55 37
257008.40051250078 259440.0498375008 55 34
260573.4162625008 261119.56576250077 55 36
261665.71526250071 262211.8647625007 55 40
263883.7990125006 264425.02201250056 55 43
264979.0267625006 265520.2497625005 55 40
266061.47276250046 266602.6957625004 55 48
267170.7492625004 267711.9722625003 55 53
268253.19526250026 268809.90251250024 55 44
269351.1255125003 269675.85931250034 55 40
270451.8105125004 270993.03351250035 55 40
271547.0382625003 272088.2612625003 55 40
272629.48426250025 273165.8692625002 55 41
276928.2362625001 277469.45926250005 55 46
278542.3142624999 279073.9462624999 55 42
279339.7622624999 279880.98526249983 55 44
279880.98526249983 280446.6197624998 55 39
281251.19726249983 283536.4156874998 55 34
283414.64051249984 284504.1050437498 55 36
286743.0165124997 287289.16601249966 55 40
287835.3155124996 288366.9475124996 55 40
290000.25351249945 290536.63851249946 55 40
291077.90576249943 291469.68701249943 55 40
292122.65576249943 292484.2837124994 55 47
293192.9082624994 293511.8874624993 55 43
294256.1722624993 294575.1514624992 55 44
295319.43626249913 295644.1700624992 55 40
296420.12126249925 296951.7532624992 55 40
297500.9625124991 298042.18551249907 55 40
298583.408512499 299124.631512499 55 41
302847.40376249887 303372.1530124988 55 40
304435.4170124987 304967.04901249864 55 50
305242.6322624986 305567.3660624986 55 42
305783.8552624986 306351.90876249864 55 34
307742.74076249864 308288.8902624986 55 33
309480.52226249856 310838.6852624985 55 27
320916.25751249806 321462.407012498 55 37
322640.92501249805 323995.215812498 55 27
327236.91031249793 327768.54231249786 55 41
327768.54231249786 328087.5215124978 55 43
328300.1743124978 328619.1535124977 55 41
328831.80631249776 329282.69294583105 55 44
329408.9783124977 329950.20131249767 55 47
329950.20131249767 330252.84571249766 55 46
332958.7300624975 333532.8010624974 55 33
334078.95056249737 334488.56268749735 55 37
335778.7393124973 337122.1208124973 55 30
339045.62231249723 340389.0038124972 55 30
342312.5053124972 343618.84131249716 55 30
234567.42711250042 235113.57661250042 56 47
2184.598 2512.2877 57 40
13128.837999999996 13674.987499999997 57 40
14211.372499999996 14733.747499999996 57 40
15256.122499999996 15792.549999999996 57 44
28322.82875 28854.460750000002 57 40
39092.43825000002 39628.82325000002 57 40
40163.79495000002 40695.193500000016 57 40
41226.125150000014 41755.422650000015 57 40
45782.46115000002 46107.19495000002 57 26
46323.68415000002 46770.50789375002 57 29
48286.22915000003 48637.91285000003 57 32
54438.32265000004 54766.01235000004 57 40
65358.67015000006 65904.81965000008 57 40
66441.20465000007 66963.57965000007 57 40
67485.95465000009 68022.38215000008 57 44
80547.09815000006 81078.73015000008 57 40
91322.44219583344 91858.82719583344 57 40
92393.79889583345 92925.19744583343 57 40
93456.12909583343 93985.42659583343 57 40
98012.46509583344 98337.19889583344 57 26
98553.68809583344 99000.51183958343 57 29
100516.23309583344 100867.91679583344 57 32
117168.96199583345 117686.82849583347 57 51
121353.74049583345 121885.37249583345 57 40
123498.21374583343 123865.79436666677 57 40
124596.14399583344 125132.52899583343 57 39
125668.91399583344 126008.98589583344 57 39
132609.5107458334 133141.1427458334 57 40
143379.1202458334 143915.50524583337 57 40
144450.47694583336 144981.87549583334 57 40
145512.80714583333 146042.10464583334 57 40
150069.14314583334 150393.87694583336 57 26
150610.36614583337 150936.58187500003 57 25
152572.91114583338 152924.5948458334 57 33
169225.64004583354 169743.50654583354 57 51
173405.7097958336 173937.34179583358 57 40
175557.43954583362 175925.02016666697 57 40
176655.36979583363 177191.7547958336 57 39
177728.13979583362 178068.2116958336 57 39
184695.66404583363 185227.29604583365 57 40
195471.17756250032 196007.5625625003 57 40
196542.53426250032 197073.93281250028 57 40
197604.86446250026 198134.16196250028 57 40
202177.55771250027 202502.2915125003 57 26
202718.7807125003 203044.99644166697 57 25
204681.32571250031 205033.00941250034 57 33
210792.1967125004 211111.1759125004 57 40
215607.21391250042 216134.17691250044 57 40
216665.80891250045 216982.45361250045 57 37
221441.40036250048 221959.2668625005 57 57
222477.13336250052 222751.38023750053 57 48
223526.5118625005 223837.23176250048 57 48
245534.06156250052 246056.43656250052 57 39
246056.43656250052 246337.38517500053 57 42
246576.3512625005 246944.0783625005 57 46
247104.04326250052 247387.12147916717 57 46
247628.7925125005 248146.65901250055 57 47
248146.65901250055 248666.77976250058 57 49
248666.77976250058 249189.15476250058 57 44
249189.15476250058 249713.9040125006 57 47
249713.9040125006 250231.7705125006 57 43
250231.7705125006 250552.66708125063 57 34
253941.9507625007 254483.1737625007 57 26
254483.1737625007 254791.420845834 57 29
256388.8100125007 256735.23871250075 57 36
262758.0142625006 263085.7039625007 57 40
273702.2542625002 274248.40376250015 57 40
274784.78876250016 275307.16376250016 57 40
275829.5387625002 276365.96626250015 57 44
288896.24501249957 289427.8770124995 57 40
299665.85451249895 300202.2395124989 57 40
300737.21121249895 301268.6097624989 57 40
301795.5727624989 302324.8702624989 57 40
306351.90876249864 306676.6425624987 57 26
306893.1317624987 307251.20621249866 57 29
308855.67676249857 309207.3604624985 57 32
312760.9757624984 313302.24301249837 57 40
313838.6280124984 314384.7775124983 57 40
322018.731512498 322367.763212498 57 36
330496.3960624977 331037.61906249763 57 48
331037.61906249763 331328.5264249976 57 47
335191.88656249736 335778.7393124973 57 36
9318.932250000002 9647.313850000002 58 34
35287.243 35615.6246 58 34
61558.27040000005 61886.65200000005 58 34
87517.24694583342 87845.62854583342 58 34
139573.92499583337 139902.3065958334 58 34
191675.4820625003 192003.86366250028 58 34
209190.04421250036 209731.26721250036 58 31
210262.89921250037 210579.54391250038 58 31
212412.1254625004 212953.3927125004 58 35
213475.7677125004 213998.1427125004 58 41
214519.2044125004 215070.6576625004 58 46
218815.03516250046 219344.41516250046 58 40
219866.7901625005 220389.1651625005 58 47
220910.22686250048 221441.40036250048 58 50
224578.89486250049 225096.76136250046 58 46
226141.59086250048 226453.68731250046 58 40
226929.8216125005 227245.9994125005 58 29
227456.78461250052 227797.0026625005 58 30
229372.4426125005 229904.07461250052 58 35
231079.94161250046 233476.44486250044 58 34
241272.19131250048 241799.1543125005 58 45
241799.1543125005 242082.5720125005 58 39
242328.4518125005 242646.96411250051 58 41
242857.74931250053 243130.21071250053 58 41
243389.3813125005 243921.01331250052 58 33
243921.01331250052 244350.1450625005 58 40
244475.3015625005 245004.6815625005 58 32
245004.6815625005 245296.81625000053 58 32
255035.08551250066 255566.71751250068 58 29
255566.71751250068 255858.02951875067 58 29
258314.73651250076 259440.0498375008 58 28
269892.34851250035 270220.73011250043 58 34
295860.6592624992 296189.04086249927 58 34
331578.84206249757 332120.0650624975 58 48
332120.0650624975 332688.1185624975 58 47
546.1495 1092.299 59 25
1638.4484999999997 2184.598 59 35
3851.6057499999993 4405.610499999999 59 32
4946.8335 5488.0565 59 39
6029.279500000001 6597.3330000000005 59 48
10419.61725 10973.622 59 31
11514.844999999998 12056.067999999996 59 30
12592.452999999998 13128.837999999996 59 30
16896.042999999998 17437.266 59 40
17703.082000000002 18234.714000000004 59 38
18234.714000000004 18520.466200000006 59 38
26715.749749999995 27261.899249999995 59 31
27793.531249999996 28307.322816666667 59 31
29963.222250000003 30504.489500000003 59 32
31026.8645 31418.645749999996 59 37
32068.038749999992 32476.444124999995 59 44
36378.33700000001 36927.546250000014 59 31
37468.76925000001 38009.99225000002 59 33
38551.21525000002 39092.43825000002 59 33
42802.70540000001 43334.33740000002 59 42
43600.15340000001 44131.785400000015 59 46
44131.785400000015 44418.270143750015 59 47
46900.21840000002 47446.36790000002 59 27
47446.36790000002 47745.420364583355 59 28
50217.410650000034 52253.72465000004 59 28
52799.87415000005 53346.02365000004 59 25
53892.17315000004 54438.32265000004 59 35
56105.33040000004 56659.33515000005 59 32
57200.55815000005 57741.78115000005 59 39
58273.413150000044 58836.671150000046 59 48
62658.95540000006 63212.960150000064 59 31
63754.18315000007 64295.40615000006 59 30
64827.038150000066 65358.67015000006 59 30
69120.31240000008 69661.5354000001 59 40
69927.35140000007 70458.98340000008 59 38
70458.98340000008 70744.73560000009 59 38
78940.01915000005 79486.16865000007 59 31
80017.80065000006 80531.59221666674 59 31
82187.49165000007 82728.75890000007 59 32
83251.13390000009 83639.5337750001 59 37
84296.15829583342 84706.44807083342 59 44
88608.34094583342 89157.55019583342 59 31
89698.77319583342 90239.99619583343 59 33
90781.21919583344 91322.44219583344 59 33
95032.70934583344 95564.34134583344 59 42
95830.15734583343 96361.78934583343 59 46
96361.78934583343 96648.27408958343 59 47
99130.22234583343 99676.37184583345 59 27
99676.37184583345 99975.42431041678 59 28
102447.41459583344 104483.72859583344 59 28
116116.72679583347 116401.57274583346 59 46
119783.49099583346 120097.54089583346 59 42
120318.00749583346 120835.87399583345 59 46
131002.43174583338 131548.5812458334 59 31
132080.21324583338 132594.00481250006 59 32
134249.9042458334 134791.1714958334 59 32
135313.5464958334 135705.3277458334 59 33
136354.7207458334 136763.12612083336 59 33
140665.01899583338 141214.22824583336 59 31
141755.45124583336 142296.67424583336 59 33
142837.8972458334 143379.1202458334 59 33
147089.38739583333 147621.01939583334 59 36
147886.83539583333 148418.46739583334 59 42
148418.46739583334 148704.95213958336 59 44
151186.90039583336 151733.04989583336 59 27
151733.04989583336 152032.1023604167 59 27
154504.0926458334 156540.40664583343 59 28
168173.40484583355 168458.25079583353 59 46
171830.91204583354 172149.51019583354 59 42
172369.97679583356 172887.84329583356 59 46
183088.5850458336 183634.73454583363 59 31
184166.36654583362 184680.1581125003 59 32
186336.05754583364 186877.32479583364 59 32
187399.69979583364 187791.48104583364 59 33
188453.50644583363 188864.68318750028 59 33
192766.5760625003 193315.7853125003 59 31
193857.0083125003 194393.39331250027 59 33
194929.7783125003 195471.17756250032 59 33
199197.8019625003 199729.43396250028 59 36
199995.24996250027 200526.88196250028 59 42
200526.88196250028 200813.3667062503 59 44
203295.3149625003 203841.4644625003 59 27
203841.4644625003 204140.51692708363 59 27
206612.50721250035 208648.82121250036 59 28
236191.35811250043 236508.00281250046 59 37
239143.03911250047 239665.4141125005 59 36
239665.4141125005 239946.36272500048 59 33
261119.56576250077 261665.71526250071 59 25
262211.8647625007 262758.0142625006 59 35
264425.02201250056 264979.0267625006 59 32
265520.2497625005 266061.47276250046 59 39
266602.6957625004 267170.7492625004 59 48
270993.03351250035 271547.0382625003 59 31
272088.2612625003 272629.48426250025 59 30
273165.8692625002 273702.2542625002 59 30
277469.45926250005 278010.6822625 59 40
278276.4982625 278808.1302624999 59 38
278808.1302624999 279093.8824624999 59 38
287289.16601249966 287835.3155124996 59 31
288366.9475124996 288880.7390791662 59 31
290536.63851249946 291077.90576249943 59 32
291600.28076249943 291992.06201249943 59 37
292641.4550124994 293049.8603874994 59 44
296951.7532624992 297500.9625124991 59 31
298042.18551249907 298583.408512499 59 33
299124.631512499 299665.85451249895 59 33
303372.1530124988 303903.78501249873 59 42
304169.6010124987 304701.23301249865 59 46
304701.23301249865 304987.7177562486 59 47
307469.6660124986 308015.8155124986 59 27
308015.8155124986 308314.8679770819 59 28
309480.52226249856 310838.6852624985 59 36
314911.74051249825 315222.4604124982 59 40
319254.8140124981 319579.5478124981 59 40
320643.1827624981 321189.33226249804 59 29
321189.33226249804 321487.6688104147 59 29
322640.92501249805 323995.215812498 59 36
332688.1185624975 333229.34156249743 59 26
333229.34156249743 333805.8758124974 59 29
333805.8758124974 334215.4879374974 59 29
334352.02531249734 334651.07777708065 59 29
335778.7393124973 337122.1208124973 59 36
339045.62231249723 340389.0038124972 59 36
342312.5053124972 343618.84131249716 59 36
2730.7474999999995 3065.13435 60 40
7138.556000000001 7679.779000000001 60 47
8236.486250000002 8777.709250000002 60 39
13674.987499999997 14211.372499999996 60 32
14733.747499999996 15256.122499999996 60 33
15792.549999999996 16354.819999999996 60 40
28854.460750000002 29426.83725 60 36
33151.123999999996 33470.1032 60 38
34214.388 34533.3672 60 39
39628.82325000002 40084.75050000002 60 32
40695.193500000016 41147.08070000002 60 33
41755.422650000015 42277.95615000001 60 38
48002.83590000002 48342.90780000003 60 27
48569.62240000003 48911.07465000003 60 27
48911.07465000003 50257.7126979167 60 36
54984.47215000004 55318.85900000004 60 40
59377.894150000044 59919.11715000005 60 47
60475.82440000005 61017.047400000054 60 39
65904.81965000008 66441.20465000007 60 32
66963.57965000007 67485.95465000009 60 33
68022.38215000008 68579.08940000008 60 40
81078.73015000008 81651.10665000007 60 36
85381.12794583342 85700.10714583342 60 38
86444.39194583341 86763.37114583341 60 39
91858.82719583344 92314.75444583345 60 32
92925.19744583343 93377.08464583344 60 33
93985.42659583343 94507.96009583342 60 38
100232.83984583346 100572.91174583344 60 27
100799.62634583343 101141.07859583343 60 27
101141.07859583343 102487.7166437501 60 36
122946.30199583345 123269.33714583344 60 35
133141.1427458334 133713.5192458334 60 32
137437.80599583336 137756.78519583336 60 34
138501.0699958334 138820.0491958334 60 39
143915.50524583337 144371.43249583337 60 32
144981.87549583334 145433.76269583334 60 33
146042.10464583334 146564.63814583336 60 34
152289.51789583336 152629.5897958334 60 27
152856.3043958334 153197.7566458334 60 29
153197.7566458334 154546.51585416676 60 36
175000.73229583362 175328.56294583363 60 35
185227.29604583365 185799.67254583363 60 32
189539.36306250028 189858.3422625003 60 34
190602.62706250028 190921.60626250028 60 39
196007.5625625003 196463.4898125003 60 32
197073.93281250028 197525.82001250028 60 33
198134.16196250028 198673.0527125003 60 34
204397.93246250032 204738.00436250033 60 27
204964.71896250034 205306.17121250034 60 29
205306.17121250034 206654.9304208337 60 36
211323.8287125004 211646.8638625004 60 32
221959.2668625005 222477.13336250052 60 50
222999.50836250052 223313.8590625005 60 48
224044.3783625005 224358.42826250047 60 42
228013.49186250052 228554.71486250052 60 26
228554.71486250052 228862.96194583387 60 29
230460.3511125005 230806.7798125005 60 36
235113.57661250042 235659.72611250044 60 38
238072.39186250046 238608.77686250047 60 33
238608.77686250047 238903.61723750047 60 28
240185.32881250046 240553.05591250048 60 41
240713.02081250047 241140.2051833338 60 43
256110.67176250066 256444.4376625007 60 30
256666.94826250075 257008.40051250078 60 29
257008.40051250078 258358.77506875072 60 40
263304.1637625006 263638.55061250064 60 40
267711.9722625003 268253.19526250026 60 47
268809.90251250024 269134.6363125003 60 39
274248.40376250015 274784.78876250016 60 32
275307.16376250016 275829.5387625002 60 33
276365.96626250015 276928.2362625001 60 40
289427.8770124995 290000.25351249945 60 36
293724.5402624993 294043.51946249924 60 38
294787.8042624992 295106.78346249915 60 39
300202.2395124989 300658.1667624989 60 32
301268.6097624989 301716.5283124989 60 33
302324.8702624989 302847.40376249887 60 38
308572.2835124986 308912.3554124985 60 27
309139.07001249853 309756.1055124985 60 27
313302.24301249837 313838.6280124984 60 35
314384.7775124983 314700.95531249826 60 36
316009.2422624982 316540.8742624981 60 40
317082.27351249807 317623.49651249807 60 36
318155.12851249805 318691.55601249804 60 37
319796.0370124981 320127.34041249816 60 33
321737.990262498 322074.87976249796 60 30
322299.472762498 322916.508262498 60 29
334908.49331249733 335215.502666664 60 30
335475.2798124973 335937.41987499734 60 29
338488.5793124973 339204.30287499726 60 36
341755.46231249726 342965.6733124972 60 36
9048.320750000003 9373.05455 61 26
9589.54375 9932.51655 61 27
35016.6315 35341.365300000005 61 26
35557.8545 35899.868200000004 61 27
61287.65890000005 61612.392700000055 61 26
61828.88190000006 62171.85470000006 61 27
87246.63544583342 87571.36924583343 61 26
87787.85844583342 88129.87214583342 61 27
110846.85404583343 111371.52304583344 61 42
111893.89804583346 112187.73398333346 61 42
112945.57054583344 113258.99554583346 61 42
115080.99379583348 115598.86029583348 61 46
118736.32699583347 119052.97169583346 61 49
139303.31349583337 139628.04729583336 61 26
139844.53649583337 140186.55019583338 61 27
162903.5320958335 163428.20109583347 61 42
163950.5760958335 164244.4120333335 61 42
165002.24859583352 165315.6735958335 61 42
167137.6718458335 167655.5383458335 61 46
170783.74804583355 171100.39274583358 61 49
191404.8705625003 191729.60436250028 61 26
191946.0935625003 192288.1072625003 61 27
269621.7370125003 269946.47081250034 61 26
270162.96001250035 270505.9328125004 61 27
295590.0477624992 295914.78156249924 61 26
296131.27076249925 296473.28446249926 61 27
273.07475 819.22425 62 22
819.22425 1365.3737499999997 62 24
1365.3737499999997 1911.5232499999997 62 29
1911.5232499999997 2191.42486875 62 30
2457.67275 2785.3624499999996 62 32
3003.8222499999997 3364.5050499999998 62 35
3580.9942499999993 4122.21725 62 28
4122.21725 4676.221999999999 62 28
4676.221999999999 5217.445 62 29
5217.445 5508.3523625 62 36
5758.668 6299.8910000000005 62 38
6299.8910000000005 6737.148941666667 62 45
10149.00575 10690.228749999998 62 26
10690.228749999998 11244.233499999998 62 27
11244.233499999998 11785.456499999997 62 26
11785.456499999997 12076.182437499996 62 27
12324.260499999999 12860.645499999997 62 25
12860.645499999997 13238.067899999996 62 25
13401.912749999998 13943.179999999997 62 27
13943.179999999997 14259.256874999997 62 27
14472.559999999996 14994.934999999996 62 30
14994.934999999996 15521.938499999995 62 28
15521.938499999995 16063.161499999997 62 33
16063.161499999997 16499.146133333328 62 33
16625.4315 17166.6545 62 33
17166.6545 17468.277866666667 62 37
26442.675 26988.824499999995 62 25
26988.824499999995 27527.715249999997 62 26
27527.715249999997 28041.642995833332 62 27
28057.012749999998 28329.47415 62 26
28588.64475 29120.27675 62 31
29120.27675 29569.87325 62 30
29695.02975 30231.414750000004 62 28
30231.414750000004 30582.84575 62 28
30765.677 31157.458249999996 62 33
31288.051999999996 31601.476999999995 62 30
31807.294149999994 32173.431349999995 62 38
32333.396249999994 32885.308 62 42
36112.52100000001 36644.15300000001 62 24
36644.15300000001 37198.15775000001 62 27
37198.15775000001 37739.38075000002 62 26
37739.38075000002 38030.28811250002 62 27
38280.60375000002 38821.82675000002 62 30
38821.82675000002 39199.71525000002 62 29
39360.630750000026 39897.01575000002 62 27
39897.01575000002 40190.143100000016 62 27
40429.37750000002 40961.009500000015 62 30
40961.009500000015 41489.606650000016 62 28
41489.606650000016 42021.238650000014 62 31
42021.238650000014 42416.05388333335 62 33
42536.889400000015 43068.52140000001 62 38
43068.52140000001 43374.20980000002 62 35
52526.79940000005 53072.94890000004 62 22
53072.94890000004 53619.09840000004 62 24
53619.09840000004 54165.24790000004 62 29
54165.24790000004 54445.14951875003 62 30
54711.39740000004 55039.08710000004 62 32
55257.54690000004 55618.22970000004 62 35
55834.71890000004 56375.94190000004 62 28
56375.94190000004 56929.94665000005 62 28
56929.94665000005 57471.16965000005 62 29
57471.16965000005 57761.71735000005 62 36
58007.597150000045 58539.22915000005 62 38
58539.22915000005 58976.48709166671 62 45
62388.34390000006 62929.56690000006 62 26
62929.56690000006 63483.57165000006 62 27
63483.57165000006 64024.79465000006 62 26
64024.79465000006 64315.342350000064 62 27
64561.22215000006 65092.854150000065 62 25
65092.854150000065 65467.90005000007 62 25
65631.74490000008 66173.01215000008 62 27
66173.01215000008 66489.08902500007 62 27
66702.39215000007 67224.76715000007 62 30
67224.76715000007 67751.77065000008 62 28
67751.77065000008 68292.99365000009 62 33
68292.99365000009 68723.41553333342 62 33
68849.70090000008 69390.9239000001 62 33
69390.9239000001 69692.54726666675 62 37
78666.94440000005 79213.09390000007 62 25
79213.09390000007 79751.98465000007 62 26
79751.98465000007 80265.9123958334 62 27
80281.28215000007 80553.74355000006 62 26
80812.91415000007 81344.54615000007 62 31
81344.54615000007 81794.14265000007 62 30
81919.29915000006 82455.68415000007 62 28
82455.68415000007 82807.11515000007 62 28
82989.94640000007 83380.60052500009 62 33
83510.06715000009 83790.57817083344 62 30
84030.72647916677 84403.43529583342 62 38
84563.40019583343 85115.31194583341 62 42
88342.52494583341 88874.15694583341 62 24
88874.15694583341 89428.16169583342 62 27
89428.16169583342 89969.38469583343 62 26
89969.38469583343 90260.29205833343 62 27
90510.60769583345 91051.83069583344 62 30
91051.83069583344 91429.71919583344 62 29
91590.63469583345 92127.01969583344 62 27
92127.01969583344 92420.14704583345 62 27
92659.38144583344 93191.01344583344 62 30
93191.01344583344 93719.61059583342 62 28
93719.61059583342 94251.24259583344 62 31
94251.24259583344 94646.05782916676 62 33
94766.89334583344 95298.52534583343 62 38
95298.52534583343 95604.21374583343 62 35
104483.72859583344 105006.10359583344 62 40
105528.47859583345 105807.58539583345 62 40
106589.40809583342 106908.38729583341 62 40
114015.22879583346 114551.61379583347 62 42
115598.86029583348 116116.72679583347 62 42
116637.78849583345 117168.96199583345 62 49
117686.82849583347 118204.69499583346 62 47
119524.55774583346 119835.27764583346 62 33
120042.42424583346 120369.79414583345 62 34
124039.43674583345 124596.14399583344 62 33
125132.52899583343 125668.91399583344 62 37
126860.54599583342 129318.18632083338 62 34
130729.35699583337 131275.5064958334 62 23
131275.5064958334 131814.3972458334 62 23
131814.3972458334 132328.32499166674 62 26
132343.6947458334 132616.1561458334 62 26
132875.32674583342 133406.9587458334 62 26
133406.9587458334 133856.55524583338 62 27
133981.7117458334 134518.09674583338 62 28
134518.09674583338 134869.52774583342 62 28
135052.3589958334 135444.1402458334 62 29
135574.7339958334 135888.1589958334 62 30
136093.97614583338 136460.11334583338 62 30
136620.07824583334 137171.98999583337 62 29
140399.2029958334 140930.83499583337 62 24
140930.83499583337 141484.83974583336 62 27
141484.83974583336 142026.06274583336 62 26
142026.06274583336 142316.9701083334 62 27
142567.28574583336 143108.5087458334 62 30
143108.5087458334 143486.3972458334 62 29
143647.31274583336 144183.69774583337 62 27
144183.69774583337 144476.82509583337 62 27
144716.05949583335 145247.69149583334 62 30
145247.69149583334 145776.28864583335 62 28
145776.28864583335 146307.92064583334 62 26
146307.92064583334 146702.7358791667 62 27
146823.57139583334 147355.20339583335 62 28
147355.20339583335 147663.10692916668 62 33
156540.40664583343 157062.78164583343 62 40
157585.15664583346 157864.26344583344 62 40
158646.08614583345 158965.06534583346 62 40
166071.9068458335 166608.2918458335 62 42
167655.5383458335 168173.40484583355 62 42
168694.46654583354 169225.64004583354 62 49
169743.50654583354 170261.37304583358 62 47
171571.97879583357 171883.60834583355 62 33
172094.39354583356 172421.76344583355 62 34
176098.66254583362 176655.36979583363 62 33
177191.7547958336 177728.13979583362 62 37
178919.77179583363 181398.9346208336 62 34
182815.5102958336 183361.6597958336 62 23
183361.6597958336 183900.55054583363 62 23
183900.55054583363 184414.47829166698 62 26
184429.84804583364 184702.30944583364 62 26
184961.48004583362 185493.11204583364 62 26
185493.11204583364 185942.70854583362 62 27
186067.86504583363 186604.2500458336 62 28
186604.2500458336 186955.68104583365 62 28
187138.51229583364 187530.29354583364 62 29
187660.88729583364 188053.747029167 62 30
188186.34376250033 188462.44619583362 62 30
188721.63531250026 189273.5470625003 62 29
192500.76006250028 193032.3920625003 62 24
193032.3920625003 193586.3968125003 62 27
193586.3968125003 194125.2008125003 62 26
194125.2008125003 194413.50775000028 62 27
194661.5858125003 195195.5943125003 62 30
195195.5943125003 195578.45456250032 62 29
195739.37006250033 196275.7550625003 62 27
196275.7550625003 196568.8824125003 62 27
196808.1168125003 197339.7488125003 62 30
197339.7488125003 197868.3459625003 62 28
197868.3459625003 198399.9779625003 62 26
198399.9779625003 198811.15044583363 62 27
198931.98596250027 199463.61796250028 62 28
199463.61796250028 199771.52149583361 62 33
208919.43271250036 209460.65571250036 62 25
209460.65571250036 209997.08321250038 62 26
209997.08321250038 210315.59551250038 62 27
210526.3807125004 211058.01271250038 62 26
211058.01271250038 211376.99191250038 62 26
211589.6447125004 211929.3789625004 62 27
212143.9329625004 212680.31796250038 62 31
212680.31796250038 213214.5802125004 62 28
213214.5802125004 213736.9552125004 62 37
213736.9552125004 214017.90382500042 62 39
214256.8699125004 214624.5970125004 62 43
214784.56191250042 215211.74628333372 62 41
215343.7324125004 215870.6954125004 62 31
215870.6954125004 216399.99291250043 62 33
216399.99291250043 216718.50521250046 62 31
216929.29041250044 217460.92241250045 62 31
217460.92241250045 217779.90161250046 62 30
217992.55441250047 218332.28866250048 62 30
218546.84266250048 219076.22266250048 62 35
219076.22266250048 219605.60266250046 62 37
219605.60266250046 220127.9776625005 62 39
220127.9776625005 220408.92627500047 62 35
225096.76136250046 225614.6278625005 62 34
225878.1093625005 226193.37751250048 62 30
226400.52411250048 226719.03641250049 62 30
229106.62661250052 229638.25861250053 62 26
229638.25861250053 229929.57061875053 62 28
232386.2776125005 233476.44486250044 62 28
235925.54211250044 236244.05441250044 62 32
236454.83961250045 236773.81881250045 62 31
236986.47161250046 237305.45081250046 62 32
237518.10361250045 237857.83786250048 62 32
260846.4910125008 261392.64051250074 62 22
261392.64051250074 261938.7900125007 62 24
261938.7900125007 262484.93951250066 62 29
262484.93951250066 262764.84113125067 62 30
263031.08901250066 263358.77871250064 62 32
263577.23851250065 263937.9213125006 62 35
264154.4105125006 264695.63351250056 62 28
264695.63351250056 265249.6382625005 62 28
265249.6382625005 265790.86126250046 62 29
265790.86126250046 266081.76862500043 62 36
266332.0842625004 266873.30726250034 62 38
266873.30726250034 267310.565204167 62 45
270722.42201250035 271263.64501250035 62 26
271263.64501250035 271817.6497625003 62 27
271817.6497625003 272358.87276250025 62 26
272358.87276250025 272649.59870000026 62 27
272897.67676250025 273434.0617625002 62 25
273434.0617625002 273811.48416250024 62 25
273975.3290125002 274516.59626250016 62 27
274516.59626250016 274832.6731375002 62 27
275045.97626250016 275568.35126250016 62 30
275568.35126250016 276095.35476250015 62 28
276095.35476250015 276636.5777625001 62 33
276636.5777625001 277072.56239583343 62 33
277198.84776250005 277740.0707625 62 33
277740.0707625 278039.4789958333 62 37
287016.0912624997 287562.2407624996 62 25
287562.2407624996 288101.1315124996 62 26
288101.1315124996 288615.0592583329 62 27
288630.4290124996 288902.89041249955 62 26
289162.0610124995 289693.6930124995 62 31
289693.6930124995 290143.28951249947 62 30
290268.44601249945 290804.83101249946 62 28
290804.83101249946 291156.26201249944 62 28
291339.09326249943 291730.87451249943 62 33
291861.46826249943 292174.8932624994 62 30
292380.71041249944 292746.84761249943 62 38
292906.8125124994 293458.72426249937 62 42
296685.9372624992 297217.5692624991 62 24
297217.5692624991 297771.5740124991 62 27
297771.5740124991 298312.79701249907 62 26
298312.79701249907 298603.70437499904 62 27
298854.020012499 299395.24301249895 62 30
299395.24301249895 299773.13151249895 62 29
299934.04701249895 300470.4320124989 62 27
300470.4320124989 300763.5593624989 62 27
301002.79376249894 301532.0912624989 62 30
301532.0912624989 302059.0542624989 62 28
302059.0542624989 302590.6862624989 62 31
302590.6862624989 302985.50149583217 62 33
303106.3370124988 303637.9690124988 62 38
303637.9690124988 303932.58174583205 62 35
315429.6070124982 315763.9938624982 62 37
319525.42551249807 319850.1593124981 62 26
336046.93181249726 336355.3531874973 62 40
339313.81481249724 339622.23618749727 62 40
121885.37249583345 122202.01719583345 63 40
173937.34179583358 174253.9864958336 63 40
220647.89236250048 221015.61946250047 63 48
221175.58436250046 221458.66257916714 63 43
230182.2128625005 230515.97876250048 63 30
230738.48936250046 231079.94161250046 63 29
231079.94161250046 232428.74142500048 63 40
6867.944500000001 7409.167500000001 64 37
7409.167500000001 7950.390500000002 64 41
7950.390500000002 8507.09775 64 34
8507.09775 8784.474537500002 64 34
32885.308 33204.2872 64 34
33416.939999999995 33735.9192 64 34
33948.572 34267.5512 64 34
34480.204 34800.14230000001 64 34
59107.282650000045 59648.50565000005 64 37
59648.50565000005 60189.72865000005 64 41
60189.72865000005 60746.435900000055 64 34
60746.435900000055 61023.81268750005 64 34
85115.31194583341 85434.29114583341 64 34
85646.94394583341 85965.92314583341 64 34
86178.57594583342 86497.55514583342 64 34
86710.20794583342 87030.14624583343 64 34
107672.9518458334 108195.32684583342 64 40
108729.58909583343 109251.96409583345 64 36
109774.33909583345 110059.18504583345 64 41
118470.51099583347 118789.02329583345 64 41
118999.80849583347 119317.41114583347 64 41
120835.87399583345 121353.74049583345 64 41
122680.48599583346 122999.46519583346 64 29
123212.11799583345 123768.82524583345 64 30
126235.70049583343 126587.38419583342 64 36
137171.98999583337 137490.96919583337 64 29
137703.62199583338 138022.60119583338 64 30
138235.25399583337 138554.23319583337 64 34
138766.88599583338 139086.82429583336 64 34
159729.6298958335 160252.0048958335 64 40
160786.2671458335 161308.64214583352 64 36
161831.01714583352 162115.8630958335 64 41
170522.56054583355 170836.44434583356 64 41
171047.22954583357 171364.83219583356 64 41
172887.84329583356 173405.7097958336 64 41
174730.12079583362 175054.8545958336 64 29
175271.3437958336 175828.05104583362 64 30
178294.92629583363 178646.60999583366 64 36
189273.5470625003 189592.5262625003 64 29
189805.17906250028 190124.15826250028 64 30
190336.8110625003 190655.7902625003 64 34
190868.4430625003 191188.38136250028 64 34
267441.3607625003 267982.58376250026 64 37
267982.58376250026 268523.8067625002 64 41
268523.8067625002 268823.4330875002 64 34
269080.51401250024 269405.2478125003 64 34
293458.72426249937 293777.7034624993 64 34
293990.3562624993 294309.33546249924 64 34
294521.9882624992 294840.96746249916 64 34
295053.6202624992 295373.5585624992 64 34
316540.8742624981 317082.27351249807 64 32
317623.49651249807 318155.12851249805 64 32
318691.55601249804 319016.860412498 64 32
320066.6485124981 320513.4722562481 64 29
221700.3336125005 222218.20011250052 65 39
222218.20011250052 222738.32086250052 65 40
222738.32086250052 223051.74586250054 65 40
223260.69586250052 223578.2985125005 65 39
223785.44511250049 224096.16501250048 65 36
224303.31161250046 224624.2081812505 65 38
224837.82811250046 225355.6946125005 65 29
225355.6946125005 225656.34576666716 65 26
234840.50186250042 235386.65136250044 65 32
235386.65136250044 235679.6623125004 65 31
313034.05051249836 313570.43551249837 65 29
313570.43551249837 314111.70276249835 65 30
314111.70276249835 314408.92998333165 65 31
314648.25901249825 314963.5271624982 65 30
14211.372499999996 14733.747499999996 66 52
40163.79495000002 40429.37750000002 66 50
47719.44265000002 49420.001383333365 66 47
48911.07465000003 50257.7126979167 66 42
66441.20465000007 66963.57965000007 66 52
92393.79889583345 92659.38144583344 66 50
99949.44659583345 101650.00532916677 66 47
101141.07859583343 102487.7166437501 66 42
105006.10359583344 105528.47859583345 66 31
106060.11059583344 106336.88289583342 66 31
107121.0400958334 107444.0752458334 66 32
114551.61379583347 115080.99379583348 66 33
117427.89524583347 117945.76174583347 66 44
117945.76174583347 118246.7825291668 66 40
121619.55649583344 121938.06879583345 66 30
122148.85399583344 122467.83319583345 66 30
123768.82524583345 124310.04824583344 66 26
124310.04824583344 124618.49337083344 66 29
124864.33649583344 125400.72149583344 66 29
125400.72149583344 125694.89171041676 66 29
128166.88199583342 129318.18632083338 66 28
144450.47694583336 144716.05949583335 66 50
152006.1246458334 153706.68337916676 66 47
153197.7566458334 154546.51585416676 66 42
157062.78164583343 157585.15664583346 66 31
158116.78864583344 158393.56094583345 66 31
159177.71814583347 159500.75329583348 66 32
166608.2918458335 167137.6718458335 66 33
169484.57329583354 170002.43979583358 66 44
170002.43979583358 170302.72773333357 66 40
173671.5257958336 173990.0380958336 66 30
174200.8232958336 174519.3355958336 66 30
175828.05104583362 176369.27404583365 66 26
176369.27404583365 176677.71917083362 66 29
176923.56229583363 177459.9472958336 66 29
177459.9472958336 177754.11751041692 66 29
180226.10779583367 181398.9346208336 66 28
196542.53426250032 196808.1168125003 66 50
204114.53921250033 205815.0979458337 66 47
205306.17121250034 206654.9304208337 66 42
211589.6447125004 212018.7764625004 66 46
257008.40051250078 258358.77506875072 66 51
258592.87476250075 259141.62451250074 66 43
274784.78876250016 275307.16376250016 66 52
300737.21121249895 301002.79376249894 66 50
308288.8902624986 309756.1055124985 66 47
309756.1055124985 310299.88126249856 66 43
321462.407012498 322916.508262498 66 47
322916.508262498 323301.8447791647 66 43
334352.02531249734 334625.1000624973 66 44
334625.1000624973 335937.41987499734 66 47
4405.610499999999 5508.3523625 67 47
10973.622 12076.182437499996 67 45
27527.715249999997 28041.642995833332 67 46
30504.489500000003 30765.677 67 47
30765.677 31026.8645 67 46
36927.546250000014 38030.28811250002 67 47
46627.14365000002 47719.44265000002 67 53
47446.36790000002 47745.420364583355 67 44
48286.22915000003 48891.15660208336 67 49
50217.410650000034 52253.72465000004 67 48
56659.33515000005 57761.71735000005 67 47
63212.960150000064 64315.342350000064 67 45
79751.98465000007 80265.9123958334 67 46
82728.75890000007 82989.94640000007 67 47
82989.94640000007 83251.13390000009 67 46
89157.55019583342 90260.29205833343 67 47
98857.14759583342 99949.44659583345 67 53
99676.37184583345 99975.42431041678 67 44
100516.23309583344 101121.16054791678 67 49
102447.41459583344 104483.72859583344 67 48
108195.32684583342 108729.58909583343 67 32
109251.96409583345 109774.33909583345 67 37
110295.40079583343 110846.85404583343 67 38
111371.52304583344 111893.89804583346 67 32
112416.27304583347 112693.04534583345 67 32
113467.94554583346 113786.35219583346 67 33
116375.45399583346 116743.18109583345 67 44
116903.14599583346 117175.43532708347 67 45
120576.94074583346 121094.80724583345 67 33
121094.80724583345 121395.82802916678 67 32
125952.30724583344 126292.37914583342 67 30
126519.09374583342 126860.54599583342 67 29
126860.54599583342 128211.33269375008 67 40
131814.3972458334 132328.32499166674 67 44
134791.1714958334 135052.3589958334 67 47
135052.3589958334 135313.5464958334 67 46
141214.22824583336 142316.9701083334 67 47
150913.82564583336 152006.1246458334 67 53
151733.04989583336 152032.1023604167 67 44
152572.91114583338 153183.52946875006 67 49
154504.0926458334 156540.40664583343 67 48
160252.0048958335 160786.2671458335 67 32
161308.64214583352 161831.01714583352 67 37
162352.07884583352 162903.5320958335 67 38
163428.20109583347 163950.5760958335 67 32
164472.9510958335 164749.7233958335 67 32
165524.62359583352 165843.03024583348 67 33
168432.13204583354 168799.85914583353 67 44
168959.82404583352 169232.11337708353 67 45
172628.91004583356 173146.77654583356 67 33
173146.77654583356 173447.7973291669 67 32
178011.5330458336 178351.60494583362 67 30
178578.31954583363 178919.77179583363 67 29
178919.77179583363 180271.84245833365 67 40
183900.55054583363 184414.47829166698 67 44
186877.32479583364 187138.51229583364 67 47
187138.51229583364 187399.69979583364 67 46
193315.7853125003 194413.50775000028 67 47
203022.2402125003 204114.53921250033 67 53
203841.4644625003 204140.51692708363 67 44
204681.32571250031 205291.944035417 67 49
206612.50721250035 208648.82121250036 67 48
211323.8287125004 211875.7404625004 67 46
211875.7404625004 212953.3927125004 67 50
254769.26951250067 255832.53351250067 67 53
255566.71751250068 255858.02951875067 67 46
256388.8100125007 256994.17333541744 67 52
258314.73651250076 258871.0130125007 67 53
258871.0130125007 259412.2360125008 67 48
264979.0267625006 266081.76862500043 67 47
271547.0382625003 272649.59870000026 67 45
288101.1315124996 288615.0592583329 67 46
291077.90576249943 291339.09326249943 67 47
291339.09326249943 291600.28076249943 67 46
297500.9625124991 298603.70437499904 67 47
307196.59126249864 308288.8902624986 67 53
308015.8155124986 308314.8679770819 67 44
308855.67676249857 309480.52226249856 67 49
309480.52226249856 310031.68876249855 67 49
310299.88126249856 310838.6852624985 67 43
315170.6737624982 315484.22196249815 67 31
315702.68176249816 316151.0107958315 67 31
316275.0582624981 316806.6902624981 67 26
316806.6902624981 317109.3346624981 67 27
317352.8850124981 317889.31251249806 67 27
317889.31251249806 318175.424374998 67 29
318425.74001249805 318744.719212498 67 28
318957.37201249803 319308.93631249806 67 28
320370.1080124981 321462.407012498 67 53
321189.33226249804 321487.6688104147 67 44
322018.731512498 322640.92501249805 67 49
322640.92501249805 322975.67445833137 67 49
323459.701487498 323995.215812498 67 47
332417.50706249755 334215.4879374974 67 65
334215.4879374974 334488.56268749735 67 44
334488.56268749735 334651.07777708065 67 44
335778.7393124973 336315.12431249727 67 49
337122.1208124973 337415.2832708306 67 41
339045.62231249723 339582.00731249724 67 49
340389.0038124972 340693.4417499972 67 41
342312.5053124972 343618.84131249716 67 45
40695.193500000016 41147.08070000002 68 49
92925.19744583343 93377.08464583344 68 49
144981.87549583334 145433.76269583334 68 47
197073.93281250028 197525.82001250028 68 47
259141.62451250074 259690.37426250076 68 42
259690.37426250076 260257.1607625008 68 46
301268.6097624989 301716.5283124989 68 49
13943.179999999997 14259.256874999997 69 47
14733.747499999996 15256.122499999996 69 47
23923.670249999996 25046.63525 69 57
28588.64475 29120.27675 69 46
31026.8645 31288.051999999996 69 47
39360.630750000026 39897.01575000002 69 46
39897.01575000002 40190.143100000016 69 43
40429.37750000002 40961.009500000015 69 46
40961.009500000015 41489.606650000016 69 51
46323.68415000002 46770.50789375002 69 46
48002.83590000002 48569.62240000003 69 44
48569.62240000003 48911.07465000003 69 42
48911.07465000003 50257.7126979167 69 53
66173.01215000008 66489.08902500007 69 47
66963.57965000007 67485.95465000009 69 47
76147.93965000007 77270.90465000007 69 57
80812.91415000007 81344.54615000007 69 46
83251.13390000009 83510.06715000009 69 47
91590.63469583345 92127.01969583344 69 46
92127.01969583344 92420.14704583345 69 43
92659.38144583344 93191.01344583344 69 46
93191.01344583344 93719.61059583342 69 51
98553.68809583344 99000.51183958343 69 46
100232.83984583346 100799.62634583343 69 44
100799.62634583343 101141.07859583343 69 42
101141.07859583343 102487.7166437501 69 53
104744.91609583343 105267.29109583344 69 25
105267.29109583344 105794.29459583345 69 26
105794.29459583345 106112.80689583343 69 27
106336.88289583342 106642.5712958334 69 26
106855.2240958334 107174.2032958334 69 26
107386.85609583341 107725.18934583341 69 27
107934.13934583342 108456.51434583342 69 28
108456.51434583342 108760.06097083344 69 28
108990.77659583343 109513.15159583345 69 28
109513.15159583345 109800.68724583345 69 29
110033.06629583344 110400.79339583343 69 36
110560.75829583344 110982.98615416676 69 29
111110.33554583344 111632.71054583344 69 26
111632.71054583344 112155.08554583346 69 27
112155.08554583346 112468.96934583345 69 28
112693.04534583345 112997.80804583346 69 27
113206.75804583346 113520.18304583346 69 27
113729.13304583347 114068.86729583346 69 28
114283.42129583348 114812.80129583349 69 29
114812.80129583349 115111.20267500014 69 29
115339.92704583348 115611.80695833347 69 36
115857.79354583347 116136.48790833348 69 38
124864.33649583344 125400.72149583344 69 44
132875.32674583342 133406.9587458334 69 44
135313.5464958334 135574.7339958334 69 47
143647.31274583336 144183.69774583337 69 46
144183.69774583337 144476.82509583337 69 43
144716.05949583335 145247.69149583334 69 45
145247.69149583334 145776.28864583335 69 49
150610.36614583337 151057.18988958336 69 46
152289.51789583336 152856.3043958334 69 44
152856.3043958334 153197.7566458334 69 42
153197.7566458334 154546.51585416676 69 53
156801.59414583343 157323.96914583346 69 25
157323.96914583346 157850.97264583345 69 26
157850.97264583345 158169.48494583345 69 27
158393.56094583345 158699.24934583346 69 26
158911.90214583348 159230.88134583348 69 26
159443.53414583346 159781.86739583348 69 27
159990.8173958335 160513.1923958335 69 28
160513.1923958335 160816.73902083348 69 28
161047.45464583352 161569.82964583352 69 28
161569.82964583352 161857.36529583353 69 29
162089.74434583352 162457.4714458335 69 36
162617.4363458335 163039.66420416682 69 29
163167.01359583347 163689.3885958335 69 26
163689.3885958335 164211.7635958335 69 27
164211.7635958335 164525.6473958335 69 28
164749.7233958335 165054.48609583353 69 27
165263.43609583352 165576.8610958335 69 27
165785.8110958335 166125.5453458335 69 28
166340.0993458335 166869.4793458335 69 29
166869.4793458335 167167.88072500017 69 29
167396.6050958335 167668.48500833355 69 36
167914.47159583354 168193.16595833353 69 38
176923.56229583363 177459.9472958336 69 44
184961.48004583362 185493.11204583364 69 44
187399.69979583364 187660.88729583364 69 47
195739.37006250033 196275.7550625003 69 46
196275.7550625003 196568.8824125003 69 43
196808.1168125003 197339.7488125003 69 45
197339.7488125003 197868.3459625003 69 49
202718.7807125003 203165.6044562503 69 46
204397.93246250032 204964.71896250034 69 44
204964.71896250034 205306.17121250034 69 42
205306.17121250034 206654.9304208337 69 53
209997.08321250038 210526.3807125004 69 46
211058.01271250038 211589.6447125004 69 46
217992.55441250047 218421.68616250047 69 54
231079.94161250046 232428.74142500048 69 51
232654.47011250048 233186.14411250048 69 43
253941.9507625007 254483.1737625007 69 49
256110.67176250066 256666.94826250075 69 44
256666.94826250075 257008.40051250078 69 45
257008.40051250078 258358.77506875072 69 61
259412.2360125008 259973.76751250078 69 48
259973.76751250078 260573.4162625008 69 43
274516.59626250016 274832.6731375002 69 47
275307.16376250016 275829.5387625002 69 47
284497.0865124998 285620.0515124998 69 57
289162.0610124995 289693.6930124995 69 46
291600.28076249943 291861.46826249943 69 47
299934.04701249895 300470.4320124989 69 46
300470.4320124989 300763.5593624989 69 43
301002.79376249894 301532.0912624989 69 46
301532.0912624989 302059.0542624989 69 51
306893.1317624987 307339.95550624863 69 46
308572.2835124986 309139.07001249853 69 44
309139.07001249853 309756.1055124985 69 42
310031.68876249855 310568.07376249856 69 49
310838.6852624985 311377.4892624985 69 42
319796.0370124981 320370.1080124981 69 53
321737.990262498 322299.472762498 69 44
322299.472762498 322916.508262498 69 42
323191.08811249805 323464.21167916467 69 52
323995.215812498 324531.600812498 69 52
334078.95056249737 334352.02531249734 69 44
335191.88656249736 335937.41987499734 69 49
338488.5793124973 339004.70182499726 69 45
341755.46231249726 342271.58482499723 69 45
41226.125150000014 41755.422650000015 70 54
93456.12909583343 93985.42659583343 70 54
145512.80714583333 146042.10464583334 70 50
197604.86446250026 198134.16196250028 70 50
208648.82121250036 210010.37401250037 70 50
210526.3807125004 210792.1967125004 70 46
210792.1967125004 211323.8287125004 70 50
212680.31796250038 213214.5802125004 70 56
217726.73841250045 218278.65016250047 70 60
218278.65016250047 219344.41516250046 70 64
227742.88036250052 228112.7160791672 70 57
228840.81061250053 229904.07461250052 70 53
229638.25861250053 229929.57061875053 70 46
230460.3511125005 231065.71443541715 70 52
232386.2776125005 232922.66261250048 70 53
233186.14411250048 233717.81811250045 70 42
253385.24351250066 253671.33926250067 70 46
253671.33926250067 254032.15459583403 70 57
255832.53351250067 256388.8100125007 70 53
260257.1607625008 260714.50488333416 70 41
301795.5727624989 302324.8702624989 70 54
2730.7474999999995 3310.3827499999998 71 46
4122.21725 4676.221999999999 71 47
10690.228749999998 11244.233499999998 71 47
15256.122499999996 15792.549999999996 71 51
17166.6545 17468.277866666667 71 61
22286.935999999998 22841.224249999996 71 56
22841.224249999996 23788.364499999996 71 59
23788.364499999996 23930.68878125 71 50
26169.60025 27778.025316666663 71 50
27778.025316666663 28057.012749999998 71 48
30231.414750000004 30582.84575 71 47
31288.051999999996 31549.239499999996 71 48
36112.52100000001 36644.15300000001 71 43
36644.15300000001 37198.15775000001 71 43
41489.606650000016 42021.238650000014 71 51
42536.889400000015 43068.52140000001 71 51
43068.52140000001 43374.20980000002 71 51
47719.44265000002 48286.22915000003 71 55
52253.72465000004 54445.14951875003 71 50
54984.47215000004 55564.10740000004 71 46
56375.94190000004 56929.94665000005 71 47
62929.56690000006 63483.57165000006 71 47
67485.95465000009 68022.38215000008 71 51
69390.9239000001 69692.54726666675 71 61
74511.20540000006 75065.49365000006 71 56
75065.49365000006 76012.63390000007 71 59
76012.63390000007 76154.95818125007 71 50
78393.86965000005 80002.29471666674 71 50
80002.29471666674 80281.28215000007 71 48
82455.68415000007 82807.11515000007 71 47
83510.06715000009 83769.0004000001 71 48
88342.52494583341 88874.15694583341 71 43
88874.15694583341 89428.16169583342 71 43
93719.61059583342 94251.24259583344 71 51
94766.89334583344 95298.52534583343 71 51
95298.52534583343 95604.21374583343 71 51
99949.44659583345 100516.23309583344 71 55
130456.28224583337 132080.21324583338 71 48
132080.21324583338 132594.00481250006 71 44
134518.09674583338 134869.52774583342 71 47
135574.7339958334 135835.9214958334 71 48
140399.2029958334 140930.83499583337 71 43
140930.83499583337 141484.83974583336 71 43
145776.28864583335 146307.92064583334 71 50
146823.57139583334 147355.20339583335 71 51
147355.20339583335 147663.10692916668 71 51
152006.1246458334 152572.91114583338 71 55
182542.4355458336 184166.36654583362 71 48
184166.36654583362 184680.1581125003 71 44
186604.2500458336 186955.68104583365 71 47
187660.88729583364 187826.30604583365 71 48
192500.76006250028 193032.3920625003 71 43
193032.3920625003 193586.3968125003 71 43
197868.3459625003 198399.9779625003 71 50
198931.98596250027 199463.61796250028 71 51
199463.61796250028 199771.52149583361 71 51
204114.53921250033 204681.32571250031 71 55
237518.10361250045 237947.23536250048 71 44
260573.4162625008 262764.84113125067 71 48
263304.1637625006 263883.7990125006 71 46
264695.63351250056 265249.6382625005 71 47
271263.64501250035 271817.6497625003 71 47
275829.5387625002 276365.96626250015 71 51
277740.0707625 278039.4789958333 71 61
282860.3522624998 283414.64051249984 71 56
283414.64051249984 284361.7807624998 71 59
284361.7807624998 284504.1050437498 71 50
286743.0165124997 288366.9475124996 71 50
288366.9475124996 288880.7390791662 71 48
290804.83101249946 291156.26201249944 71 47
291861.46826249943 292122.65576249943 71 48
296685.9372624992 297217.5692624991 71 43
297217.5692624991 297771.5740124991 71 43
302059.0542624989 302590.6862624989 71 51
303106.3370124988 303637.9690124988 71 51
303637.9690124988 303932.58174583205 71 51
308288.8902624986 308855.67676249857 71 55
310568.07376249856 311109.2967624985 71 49
311377.4892624985 311916.29326249845 71 40
319525.42551249807 320066.6485124981 71 49
321462.407012498 322018.731512498 71 55
323727.02331249806 324263.408312498 71 56
324531.600812498 325067.985812498 71 57
334625.1000624973 335215.502666664 71 55
336315.12431249727 336583.3168124973 71 44
336583.3168124973 336851.5093124973 71 44
336851.5093124973 337392.7323124972 71 49
338220.3868124973 338508.6937499973 71 42
338756.7718124973 339204.30287499726 71 40
339582.00731249724 339850.19981249725 71 44
339850.19981249725 340118.39231249725 71 44
340118.39231249725 340659.6153124972 71 49
341487.26981249725 341775.5767499972 71 42
342023.6548124972 342965.6733124972 71 40
2457.67275 3003.8222499999997 72 46
3003.8222499999997 3454.708883333333 72 48
13128.837999999996 14211.372499999996 72 50
15792.549999999996 16354.819999999996 72 52
22018.7435 22555.128499999995 72 53
22555.128499999995 22962.999424999995 72 53
23653.058749999997 23923.670249999996 72 50
25608.117749999998 26310.68887083333 72 50
28322.82875 28854.460750000002 72 54
28854.460750000002 29426.83725 72 54
31549.239499999996 31755.507499999992 72 49
39092.43825000002 39628.82325000002 72 50
39628.82325000002 40084.75050000002 72 46
41755.422650000015 42277.95615000001 72 54
46053.07265000002 46627.14365000002 72 53
54711.39740000004 55257.54690000004 72 46
55257.54690000004 55708.43353333338 72 48
65358.67015000006 66441.20465000007 72 50
68022.38215000008 68579.08940000008 72 52
74243.01290000007 74779.39790000007 72 53
74779.39790000007 75187.26882500006 72 53
75877.32815000007 76147.93965000007 72 50
77832.38715000005 78534.95827083339 72 50
80547.09815000006 81078.73015000008 72 54
81078.73015000008 81651.10665000007 72 54
83769.0004000001 83947.29067083343 72 49
91322.44219583344 91858.82719583344 72 50
91858.82719583344 92314.75444583345 72 46
93985.42659583343 94507.96009583342 72 54
98283.07659583344 98857.14759583342 72 53
130140.02674583335 130597.3708666667 72 44
132609.5107458334 133141.1427458334 72 50
133141.1427458334 133713.5192458334 72 44
135835.9214958334 136042.1894958334 72 48
143379.1202458334 143915.50524583337 72 50
143915.50524583337 144371.43249583337 72 46
146042.10464583334 146564.63814583336 72 53
150339.75464583334 150913.82564583336 72 53
182226.18004583358 182683.52416666693 72 44
184695.66404583363 185227.29604583365 72 50
185227.29604583365 185799.67254583363 72 44
187922.006279167 188088.87789583366 72 48
195471.17756250032 196007.5625625003 72 50
196007.5625625003 196463.4898125003 72 46
198134.16196250028 198673.0527125003 72 53
202448.1692125003 203022.2402125003 72 53
210262.89921250037 210781.12104583372 72 46
217460.92241250045 217992.55441250047 72 50
228013.49186250052 228554.71486250052 72 49
230182.2128625005 230738.48936250046 72 44
230738.48936250046 231079.94161250046 72 45
231079.94161250046 232428.74142500048 72 61
232922.66261250048 233449.62561250044 72 48
233717.81811250045 234263.96761250042 72 47
237252.28761250045 237804.19936250048 72 57
237804.19936250048 238881.85161250047 72 60
248666.77976250058 249189.15476250058 72 65
254212.5622625007 254769.26951250067 72 46
263031.08901250066 263577.23851250065 72 46
263577.23851250065 264028.12514583394 72 48
273702.2542625002 274784.78876250016 72 50
276365.96626250015 276928.2362625001 72 52
282592.1597624998 283128.5447624998 72 53
283128.5447624998 283536.4156874998 72 53
284226.4750124998 284497.0865124998 72 50
286181.53401249973 286884.105133333 72 50
288896.24501249957 289427.8770124995 72 54
289427.8770124995 290000.25351249945 72 54
292122.65576249943 292328.9237624994 72 49
299665.85451249895 300202.2395124989 72 50
300202.2395124989 300658.1667624989 72 46
302324.8702624989 302847.40376249887 72 54
306622.52026249864 307196.59126249864 72 53
311109.2967624985 311645.6817624985 72 48
311916.29326249845 312457.5162624984 72 46
324263.408312498 324799.793312498 72 57
325067.985812498 325604.37081249803 72 62
9589.54375 10022.720383333335 73 46
25046.63525 26169.60025 73 52
35557.8545 35988.47353333334 73 46
42021.238650000014 42416.05388333335 73 56
61828.88190000006 62262.058533333395 73 46
77270.90465000007 78393.86965000005 73 52
87787.85844583342 88218.47747916674 73 46
94251.24259583344 94646.05782916676 73 56
105794.29459583345 106323.59209583343 73 46
107672.9518458334 108729.58909583343 73 50
125668.91399583344 127369.47272916677 73 49
126860.54599583342 128211.33269375008 73 51
139844.53649583337 140275.15552916672 73 46
146307.92064583334 146702.7358791667 73 55
157850.97264583345 158380.27014583346 73 46
159729.6298958335 160786.2671458335 73 50
177728.13979583362 179428.69852916698 73 49
178919.77179583363 180271.84245833365 73 51
191946.0935625003 192376.7125958336 73 46
198399.9779625003 198811.15044583363 73 55
216399.99291250043 216929.29041250044 73 57
243389.3813125005 243921.01331250052 73 64
243921.01331250052 244207.1090625005 73 50
244207.1090625005 245296.81625000053 73 65
252858.28051250064 253385.24351250066 73 54
270162.96001250035 270596.1366458337 73 46
285620.0515124998 286743.0165124997 73 52
296131.27076249925 296561.88979583257 73 46
302590.6862624989 302985.50149583217 73 56
2184.598 2730.7474999999995 74 50
3310.3827499999998 4405.610499999999 74 54
9318.932250000002 9878.394250000001 74 51
9878.394250000001 10973.622 74 53
16354.819999999996 17437.266 74 57
21750.551 22286.935999999998 74 62
24485.152749999997 25608.117749999998 74 54
28041.642995833332 28322.82875 74 46
29426.83725 30504.489500000003 74 58
31807.294149999994 32015.342449999993 74 50
35287.243 35846.70500000001 74 48
35846.70500000001 36378.33700000001 74 50
36378.33700000001 36927.546250000014 74 47
42277.95615000001 42802.70540000001 74 59
42802.70540000001 43334.33740000002 74 54
54438.32265000004 54984.47215000004 74 50
55564.10740000004 56659.33515000005 74 54
61558.27040000005 62117.73240000006 74 51
62117.73240000006 63212.960150000064 74 53
68579.08940000008 69661.5354000001 74 57
73974.82040000007 74511.20540000006 74 62
76709.42215000007 77832.38715000005 74 54
80265.9123958334 80547.09815000006 74 46
81651.10665000007 82728.75890000007 74 58
84030.72647916677 84264.86917083342 74 50
87517.24694583342 88076.70894583342 74 48
88076.70894583342 88608.34094583342 74 50
88608.34094583342 89157.55019583342 74 47
94507.96009583342 95032.70934583344 74 59
95032.70934583344 95564.34134583344 74 54
104483.72859583344 105807.58539583345 74 50
106323.59209583343 106855.2240958334 74 46
107386.85609583341 107812.25184583341 74 46
108456.51434583342 108760.06097083344 74 49
114015.22879583346 115080.99379583348 74 54
123768.82524583345 124310.04824583344 74 49
124039.43674583345 125132.52899583343 74 55
125132.52899583343 125668.91399583344 74 46
126235.70049583343 126846.3188187501 74 53
128166.88199583342 128447.62324583343 74 53
129856.63349583336 130456.28224583337 74 46
132328.32499166674 132609.5107458334 74 44
133713.5192458334 134791.1714958334 74 50
136093.97614583338 136302.02444583338 74 51
139573.92499583337 140133.38699583337 74 48
140133.38699583337 140665.01899583338 74 50
140665.01899583338 141214.22824583336 74 47
146564.63814583336 147089.38739583333 74 58
147089.38739583333 147621.01939583334 74 54
156540.40664583343 157864.26344583344 74 50
158380.27014583346 158911.90214583348 74 46
159443.53414583346 159868.92989583348 74 46
160513.1923958335 160816.73902083348 74 49
166071.9068458335 167137.6718458335 74 54
175828.05104583362 176369.27404583365 74 49
176098.66254583362 177191.7547958336 74 55
177191.7547958336 177728.13979583362 74 46
178294.92629583363 178905.5446187503 74 53
180226.10779583367 180514.95829583364 74 53
181940.0842958336 182542.4355458336 74 46
184414.47829166698 184695.66404583363 74 44
185799.67254583363 186877.32479583364 74 50
188186.34376250033 188453.50644583363 74 51
191675.4820625003 192234.9440625003 74 48
192234.9440625003 192766.5760625003 74 50
192766.5760625003 193315.7853125003 74 47
198673.0527125003 199197.8019625003 74 58
199197.8019625003 199729.43396250028 74 54
212953.3927125004 214017.90382500042 74 62
215070.6576625004 216422.14424583377 74 64
216929.29041250044 217195.10641250046 74 55
217195.10641250046 217726.73841250045 74 62
219076.22266250048 219605.60266250046 74 64
224578.89486250049 226141.59086250048 74 63
227456.78461250052 228013.49186250052 74 46
229904.07461250052 230460.3511125005 74 53
233449.62561250044 233990.89286250042 74 48
234263.96761250042 234708.51573333374 74 53
236986.47161250046 237518.10361250045 74 46
245272.87406250052 246337.38517500053 74 65
253121.76201250067 253659.4186062507 74 60
262758.0142625006 263304.1637625006 74 50
263883.7990125006 264979.0267625006 74 54
269892.34851250035 270451.8105125004 74 51
270451.8105125004 271547.0382625003 74 53
276928.2362625001 278010.6822625 74 57
282323.96726249985 282860.3522624998 74 62
285058.56901249976 286181.53401249973 74 54
288615.0592583329 288896.24501249957 74 46
290000.25351249945 291077.90576249943 74 58
292380.71041249944 292588.75871249946 74 50
295860.6592624992 296420.12126249925 74 48
296420.12126249925 296951.7532624992 74 50
296951.7532624992 297500.9625124991 74 47
302847.40376249887 303372.1530124988 74 59
303372.1530124988 303903.78501249873 74 54
311645.6817624985 312186.90476249845 74 53
312457.5162624984 312902.06438333174 74 53
315702.68176249816 316151.0107958315 74 51
319254.8140124981 319796.0370124981 74 58
324799.793312498 325336.178312498 74 63
325604.37081249803 326045.16857916466 74 65
328831.80631249776 329282.69294583105 74 73
337392.7323124972 337663.3438124973 74 45
337663.3438124973 337952.1943124973 74 45
337952.1943124973 338488.5793124973 74 49
340659.6153124972 340930.2268124972 74 45
340930.2268124972 341219.07731249725 74 45
341219.07731249725 341755.46231249726 74 49
21214.166 21750.551 75 59
45511.84965000002 46053.07265000002 75 58
73438.43540000007 73974.82040000007 75 59
97741.85359583344 98283.07659583344 75 58
112155.08554583346 112679.75454583346 75 46
121619.55649583344 122148.85399583344 75 55
128447.62324583343 129009.10574583341 75 43
129009.10574583341 129573.24024583338 75 42
149798.53164583334 150339.75464583334 75 58
164211.7635958335 164736.43259583352 75 46
173671.5257958336 174200.8232958336 75 55
180514.95829583364 181087.20204583363 75 43
181087.20204583363 181653.98854583362 75 42
201906.94621250028 202448.1692125003 75 58
216665.80891250045 217184.0307458338 75 59
224303.31161250046 224814.0925645838 75 56
227193.3031125005 227742.88036250052 75 51
228284.10336250052 228840.81061250053 75 46
233990.89286250042 234567.42711250042 75 50
236720.65561250044 237252.28761250045 75 63
238608.77686250047 238903.61723750047 75 62
247369.8592625005 248927.96726250058 75 73
254483.1737625007 254791.420845834 75 46
281787.58226249984 282323.96726249985 75 59
306081.29726249864 306622.52026249864 75 58
316009.2422624982 317109.3346624981 75 60
9048.320750000003 9589.54375 76 46
20945.973500000004 21482.3585 76 54
21482.3585 22018.7435 76 53
29120.27675 29569.87325 76 51
32068.038749999992 32279.757749999993 76 51
35016.6315 35557.8545 76 50
45782.46115000002 46323.68415000002 76 49
61287.65890000005 61828.88190000006 76 46
73170.24290000007 73706.62790000006 76 54
73706.62790000006 74243.01290000007 76 53
81344.54615000007 81794.14265000007 76 51
84296.15829583342 84509.76169583343 76 51
87246.63544583342 87787.85844583342 76 50
98012.46509583344 98553.68809583344 76 49
106060.11059583344 106589.40809583342 76 49
107121.0400958334 107672.9518458334 76 49
108729.58909583343 109800.68724583345 76 53
110846.85404583343 112187.73398333346 76 54
112679.75454583346 113206.75804583346 76 46
113729.13304583347 114158.26479583347 76 49
114812.80129583349 115111.20267500014 76 52
118470.51099583347 118999.80849583347 76 57
120318.00749583346 121885.37249583345 76 64
122148.85399583344 122680.48599583346 76 52
123212.11799583345 123498.21374583343 76 53
123498.21374583343 123865.79436666677 76 63
125952.30724583344 126519.09374583342 76 44
126519.09374583342 126860.54599583342 76 45
126860.54599583342 128211.33269375008 76 61
128728.36449583343 129289.84699583339 76 48
129573.24024583338 130140.02674583335 76 48
133406.9587458334 133856.55524583338 76 44
136354.7207458334 136566.43974583334 76 52
139303.31349583337 139844.53649583337 76 50
150069.14314583334 150610.36614583337 76 49
158116.78864583344 158646.08614583345 76 49
159177.71814583347 159729.6298958335 76 49
160786.2671458335 161857.36529583353 76 53
162903.5320958335 164244.4120333335 76 54
164736.43259583352 165263.43609583352 76 46
165785.8110958335 166214.9428458335 76 49
166869.4793458335 167167.88072500017 76 52
170522.56054583355 171047.22954583357 76 57
172369.97679583356 173937.34179583358 76 64
174200.8232958336 174730.12079583362 76 52
175271.3437958336 175557.43954583362 76 53
175557.43954583362 175925.02016666697 76 63
178011.5330458336 178578.31954583363 76 44
178578.31954583363 178919.77179583363 76 45
178919.77179583363 180271.84245833365 76 61
180803.80879583364 181370.59529583363 76 48
181653.98854583362 182226.18004583358 76 48
185493.11204583364 185942.70854583362 76 44
188453.50644583363 188667.99681250026 76 52
191404.8705625003 191946.0935625003 76 50
202177.55771250027 202718.7807125003 76 49
269621.7370125003 270162.96001250035 76 46
281519.38976249984 282055.77476249984 76 54
282055.77476249984 282592.1597624998 76 53
289693.6930124995 290143.28951249947 76 51
292641.4550124994 292853.17401249945 76 51
295590.0477624992 296131.27076249925 76 50
306351.90876249864 306893.1317624987 76 49
312186.90476249845 312760.9757624984 76 56
315429.6070124982 316009.2422624982 76 54
317082.27351249807 318175.424374998 76 55
318957.37201249803 319525.42551249807 76 58
320066.6485124981 320513.4722562481 76 46
325336.178312498 325907.830312498 76 66
328565.9903124978 329138.3668124977 76 75
329138.3668124977 330252.84571249766 76 76
221441.40036250048 222751.38023750053 77 69
224044.3783625005 224578.89486250049 77 65
226929.8216125005 227456.78461250052 77 46
234567.42711250042 236191.35811250043 77 68
236454.83961250045 236986.47161250046 77 57
312760.9757624984 314408.92998333165 77 59
315170.6737624982 315702.68176249816 77 50
325907.830312498 327768.54231249786 77 75
328300.1743124978 328831.80631249776 77 71
8777.709250000002 9318.932250000002 78 57
20141.396000000008 20677.781000000003 78 64
20677.781000000003 21214.166 78 64
32333.396249999994 32619.491999999995 78 53
32885.308 33416.939999999995 78 50
33416.939999999995 33948.572 78 52
34214.388 34746.020000000004 78 54
34746.020000000004 35287.243 78 52
44943.79615000002 45511.84965000002 78 62
61017.047400000054 61558.27040000005 78 57
72365.66540000009 72902.05040000008 78 64
72902.05040000008 73438.43540000007 78 64
84563.40019583343 84849.4959458334 78 53
85115.31194583341 85646.94394583341 78 50
85646.94394583341 86178.57594583342 78 52
86444.39194583341 86976.02394583343 78 54
86976.02394583343 87517.24694583342 78 52
97173.80009583343 97741.85359583344 78 62
106855.2240958334 107386.85609583341 78 46
112416.27304583347 112945.57054583344 78 50
113467.94554583346 114015.22879583346 78 49
115080.99379583348 116136.48790833348 78 57
117168.96199583345 118736.32699583347 78 70
118999.80849583347 119524.55774583346 78 55
120042.42424583346 120553.20519791679 78 53
121885.37249583345 122414.66999583345 78 60
122946.30199583345 123486.29308958344 78 59
125400.72149583344 125694.89171041676 78 43
125668.91399583344 126235.70049583343 78 58
129289.84699583339 129856.63349583336 78 51
136620.07824583334 136906.17399583338 78 54
137171.98999583337 137703.62199583338 78 50
137703.62199583338 138235.25399583337 78 52
138501.0699958334 139032.70199583337 78 53
139032.70199583337 139573.92499583337 78 52
149230.47814583336 149798.53164583334 78 59
158911.90214583348 159443.53414583346 78 46
164472.9510958335 165002.24859583352 78 50
165524.62359583352 166071.9068458335 78 49
167137.6718458335 168193.16595833353 78 57
169225.64004583354 170783.74804583355 78 70
171047.22954583357 171571.97879583357 78 55
172094.39354583356 172605.1744979169 78 53
173937.34179583358 174466.6392958336 78 60
175000.73229583362 175545.51888958365 78 59
177459.9472958336 177754.11751041692 78 43
177728.13979583362 178294.92629583363 78 58
181370.59529583363 181940.0842958336 78 51
188721.63531250026 189007.73106250027 78 54
189273.5470625003 189805.17906250028 78 50
189805.17906250028 190336.8110625003 78 52
190602.62706250028 191134.2590625003 78 53
191134.2590625003 191675.4820625003 78 52
201338.8927125003 201906.94621250028 78 59
242328.4518125005 242857.74931250053 78 64
249189.15476250058 249713.9040125006 78 71
250231.7705125006 250552.66708125063 78 75
252328.98301250063 252858.28051250064 78 59
269351.1255125003 269892.34851250035 78 57
280714.8122624998 281251.19726249983 78 64
281251.19726249983 281787.58226249984 78 64
292906.8125124994 293192.9082624994 78 53
293458.72426249937 293990.3562624993 78 50
293990.3562624993 294521.9882624992 78 52
294787.8042624992 295319.43626249913 78 54
295319.43626249913 295860.6592624992 78 52
305513.24376249855 306081.29726249864 78 62
318691.55601249804 319254.8140124981 78 55
330225.7845624977 331328.5264249976 78 74
6597.3330000000005 8507.09775 79 67
8507.09775 8784.474537500002 79 55
17437.266 18520.466200000006 79 65
19873.20350000001 20409.588500000005 79 59
20409.588500000005 20945.973500000004 79 58
32619.491999999995 33151.123999999996 79 57
33151.123999999996 33682.756 79 56
33948.572 34480.204 79 57
34480.204 35016.6315 79 49
43334.33740000002 44418.270143750015 79 63
45214.40765000002 45782.46115000002 79 56
58836.671150000046 60746.435900000055 79 67
60746.435900000055 61023.81268750005 79 55
69661.5354000001 70744.73560000009 79 65
72097.47290000008 72633.85790000008 79 59
72633.85790000008 73170.24290000007 79 58
84849.4959458334 85381.12794583342 79 57
85381.12794583342 85912.75994583342 79 56
86178.57594583342 86710.20794583342 79 57
86710.20794583342 87246.63544583342 79 49
95564.34134583344 96648.27408958343 79 63
97444.41159583343 98012.46509583344 79 56
106589.40809583342 107121.0400958334 79 52
113206.75804583346 113729.13304583347 79 46
118736.32699583347 119265.62449583346 79 61
119783.49099583346 120318.00749583346 79 59
122680.48599583346 123212.11799583345 79 51
136906.17399583338 137437.80599583336 79 56
137437.80599583336 137969.43799583337 79 56
138235.25399583337 138766.88599583338 79 54
138766.88599583338 139303.31349583337 79 49
147621.01939583334 148704.95213958336 79 61
149501.08964583336 150069.14314583334 79 56
158646.08614583345 159177.71814583347 79 52
165263.43609583352 165785.8110958335 79 46
170783.74804583355 171313.04554583356 79 61
171830.91204583354 172369.97679583356 79 59
174730.12079583362 175271.3437958336 79 51
189007.73106250027 189539.36306250028 79 56
189539.36306250028 190070.9950625003 79 56
190336.8110625003 190868.4430625003 79 54
190868.4430625003 191404.8705625003 79 49
199729.43396250028 200813.3667062503 79 61
201609.5042125003 202177.55771250027 79 56
219344.41516250046 220408.92627500047 79 72
223785.44511250049 224303.31161250046 79 53
225878.1093625005 226400.52411250048 79 49
226666.34011250047 227193.3031125005 79 55
228554.71486250052 228862.96194583387 79 46
236191.35811250043 236720.65561250044 79 62
238881.85161250047 239946.36272500048 79 67
240999.11656250045 242594.2678125005 79 74
242857.74931250053 243130.21071250053 79 62
252594.79901250062 253121.76201250067 79 66
267170.7492625004 268823.4330875002 79 67
269080.51401250024 269621.7370125003 79 55
278010.6822625 279093.8824624999 79 65
280446.6197624998 280983.0047624998 79 59
280983.0047624998 281519.38976249984 79 58
293192.9082624994 293724.5402624993 79 57
293724.5402624993 294256.1722624993 79 56
294521.9882624992 295053.6202624992 79 57
295053.6202624992 295590.0477624992 79 49
303903.78501249873 304987.7177562486 79 63
305783.8552624986 306351.90876249864 79 56
314384.7775124983 314911.74051249825 79 56
314911.74051249825 315429.6070124982 79 56
318425.74001249805 318957.37201249803 79 61
327502.72631249786 328034.35831249785 79 72
328034.35831249785 328565.9903124978 79 75
331308.2305624976 332688.1185624975 79 77
235925.54211250044 236454.83961250045 80 56
8236.486250000002 8777.709250000002 81 62
19605.01100000001 20141.396000000008 81 68
33682.756 34214.388 81 59
60475.82440000005 61017.047400000054 81 62
71829.28040000009 72365.66540000009 81 68
85912.75994583342 86444.39194583341 81 59
112945.57054583344 113467.94554583346 81 54
119524.55774583346 120042.42424583346 81 53
122414.66999583345 122946.30199583345 81 62
137969.43799583337 138501.0699958334 81 56
165002.24859583352 165524.62359583352 81 54
171571.97879583357 172094.39354583356 81 53
174466.6392958336 175000.73229583362 81 62
190070.9950625003 190602.62706250028 81 56
222738.32086250052 223260.69586250052 81 63
223526.5118625005 224044.3783625005 81 67
226400.52411250048 226929.8216125005 81 46
242594.2678125005 243123.56531250052 81 70
248927.96726250058 249454.97076250057 81 74
249713.9040125006 250231.7705125006 81 73
251806.56826250066 252328.98301250063 81 64
268809.90251250024 269351.1255125003 81 62
280178.4272624998 280714.8122624998 81 68
294256.1722624993 294787.8042624992 81 59
314648.25901249825 315170.6737624982 81 50
327768.54231249786 328300.1743124978 81 67
223260.69586250052 223785.44511250049 82 64
226141.59086250048 226666.34011250047 82 54
243123.56531250052 243655.19731250053 82 70
243655.19731250053 244195.1884062505 82 67
252070.04976250065 252594.79901250062 82 70
44673.18465000002 45214.40765000002 83 67
96903.18859583343 97444.41159583343 83 67
119265.62449583346 119783.49099583346 83 65
148959.86664583336 149501.08964583336 83 62
171313.04554583356 171830.91204583354 83 65
201068.2812125003 201609.5042125003 83 62
305242.6322624986 305783.8552624986 83 67
222999.50836250052 223526.5118625005 84 71
249454.97076250057 249972.8372625006 84 76
250507.35376250063 251819.74233750065 86 85
249972.8372625006 250507.35376250063 87 81
