198033.7140208336 198239.7580208336 29 41
201304.95285416688 201510.77060416687 29 42
31162.818270833344 32920.99077083334 32 37
33538.27477083334 35081.484770833325 32 36
126648.86495833339 128991.42061875005 32 33
157854.60472916675 159612.7772291667 32 37
160230.06122916672 162420.0432291667 32 36
198308.4393541669 198514.4833541669 32 44
201579.37652083352 201785.19427083354 32 46
207677.23504166666 209527.30562499998 32 34
232849.9126041669 234111.39652083354 32 37
234768.84735416685 236015.52297916674 32 36
297028.09745833353 298778.3889583335 32 30
298778.3889583335 304054.2203750002 32 30
26652.78350000001 28902.31883750001 34 40
103727.15239583339 109324.77439583337 34 33
112670.71764583337 115452.95439583337 34 33
153344.5699583334 155589.38653333334 34 40
229206.8330416668 231023.92061666687 34 40
184074.08047916682 184345.74581250013 35 55
184345.74581250013 184617.41114583344 35 55
184617.41114583344 184889.07647916675 35 55
198583.16468750025 198789.20868750024 35 46
201853.8001875002 202059.61793750018 35 48
17788.130249999995 20027.737822916664 37 40
53815.19352083329 54905.79227083329 37 40
144479.91670833333 146733.58502500004 37 40
222046.07154166672 223866.41164166672 37 40
251156.54493750003 251459.48343750002 37 50
198857.89002083355 199063.93402083355 38 47
202128.22385416683 202334.04160416682 38 49
15540.516749999995 17802.190993749995 39 35
28869.28750000001 31192.299408333343 39 34
49381.6180208333 50496.53402083329 39 46
64896.350770833276 67209.53563333327 39 34
108203.69839583337 109885.31239583336 39 36
112091.79064583337 113225.24639583337 39 38
117147.26364583337 126956.4389583334 39 51
142232.30320833332 144493.97745208332 39 35
155561.07395833335 157874.2588208334 39 34
206220.08268750002 206422.0756875 39 57
220230.38779166673 222061.21846666673 39 35
230997.24379166687 232869.76017708355 39 34
247574.98893750002 247734.03165000002 39 50
260107.71718750015 261244.74525000015 39 34
261010.95475000018 261994.7806604169 39 30
266703.25025000045 267096.33208333375 39 24
267096.33208333375 267489.4139166671 39 20
267489.4139166671 267894.05687500036 39 20
267894.05687500036 268287.1387083337 39 20
268287.1387083337 268680.220541667 39 20
268680.220541667 269073.3023750004 39 20
269073.3023750004 269467.0819583337 39 21
269467.0819583337 269863.82995833375 39 21
269863.82995833375 270263.85285416705 39 22
270263.85285416705 270656.93468750035 39 20
270656.93468750035 271050.0165208337 39 20
271050.0165208337 271443.098354167 39 20
276197.4045625004 276590.4863958337 39 24
276590.4863958337 276983.5682291671 39 20
276983.5682291671 277388.21118750033 39 20
277388.21118750033 277781.2930208337 39 20
277781.2930208337 278174.374854167 39 20
278174.374854167 278567.45668750035 39 20
278567.45668750035 278961.2362708337 39 21
278961.2362708337 279357.9842708337 39 21
279357.9842708337 279758.007166667 39 22
279758.007166667 280151.0890000003 39 20
280151.0890000003 280544.1708333337 39 20
280544.1708333337 280937.252666667 39 20
292850.2737500003 296152.95170833357 39 37
184889.07647916675 185834.4500625001 40 55
188135.9705625002 189982.1149375002 40 33
204577.13202083344 204783.17602083343 40 45
11069.580249999997 12202.648281249998 41 38
24434.036500000006 26685.591902083343 41 36
47096.64352083331 48229.7115520833 41 46
48215.2940208333 49405.05259374996 41 49
60461.09977083327 62698.5944291666 41 36
137761.36670833334 138894.43473958332 41 40
151125.8229583334 153363.3176166667 41 36
199132.6153541669 199338.65935416688 41 49
202402.64752083347 202608.4652708335 41 51
216618.64704166667 217549.50920416665 41 38
227414.81354166678 229221.9799666668 41 36
245729.1204375 246640.5726625 41 38
246632.80868750002 247586.34913125003 41 40
6702.9465 8901.851493750002 43 37
9980.25575 11083.443468749998 43 35
42730.00977083331 44938.288593749974 43 37
46007.31902083331 47128.99103124998 43 44
49944.04777083329 51032.057020833294 43 25
54377.62327083329 55452.439520833286 43 24
110445.85039583336 111543.14389583336 43 49
111543.14389583336 112381.25414583337 43 41
133394.7329583334 135598.3248666667 43 37
136672.04220833335 137784.4720729167 43 36
206489.4066875 206691.3996875 43 60
213091.53604166667 214867.37148541663 43 37
215738.62354166666 216652.22913541665 43 35
242202.00943749998 244034.64584999997 43 37
244849.0969375 245747.77715625 43 35
247877.92743750004 248103.75718750004 43 44
251459.48343750002 251682.0562291667 43 43
8887.79075 10025.644270833332 44 33
32331.368020833346 33579.427037500005 44 29
36057.99527083332 38357.01992291665 44 40
44914.85402083331 46025.47442916664 44 41
47651.1722708333 48229.7115520833 44 32
48791.99527083331 49405.05259374996 44 32
67189.8815416666 71603.1905416666 44 37
126648.86495833339 128991.42061875005 44 37
135579.5772083334 136685.65876458338 44 33
159023.15447916673 160276.3575291667 44 29
162420.0432291667 164327.51647916672 44 33
168884.83185416672 170685.31222916677 44 33
175215.66797916676 177016.1483541668 44 36
180030.37147916688 180296.8249791669 44 46
180296.8249791669 180563.2784791669 44 42
180563.2784791669 180829.7319791669 44 42
180829.7319791669 181101.39731250025 44 42
181101.39731250025 181373.06264583356 44 42
181373.06264583356 181644.72797916687 44 42
199407.3406875002 200414.25981250024 44 51
202677.07118750014 203686.1373125001 44 53
204851.85735416674 205057.90135416674 44 48
207677.23504166666 209527.30562499998 44 40
214856.01129166665 215749.62383541666 44 33
233793.83535416686 234797.9364520835 44 29
236804.63402083336 238643.26838125003 44 40
243966.4846875 244860.09723125 44 33
246027.62793750002 246328.8573541667 44 27
246328.8573541667 246632.80868750002 44 27
246943.3676875 247257.42777083334 44 27
247257.42777083334 247574.98893750002 44 25
261960.3860000002 262550.00875000027 44 29
271443.098354167 271836.1801875004 44 20
280937.252666667 283148.33797916694 44 20
295277.80595833354 297028.09745833353 44 25
298778.3889583335 304054.2203750002 44 28
178416.5219791668 178683.61597916682 45 45
178683.61597916682 178950.70997916686 45 42
178950.70997916686 179217.80397916687 45 42
179217.80397916687 179488.6598125002 45 42
179488.6598125002 179759.51564583354 45 42
179759.51564583354 180030.37147916688 45 42
50496.53402083329 51567.58002083329 46 25
54905.79227083329 56021.71773749995 46 26
62679.846770833276 64915.225820833286 46 40
64896.350770833276 65876.6484791666 46 27
66014.7700416666 67040.83541666661 46 25
97544.50289583336 98106.93264583337 46 25
98106.93264583337 98669.36239583338 46 25
98669.36239583338 99252.56614583336 46 25
107618.44664583338 109324.77439583337 46 49
109885.31239583336 110994.49714583336 46 44
110994.49714583336 112091.79064583337 46 45
114898.42564583337 117715.66064583338 46 33
174958.4001458334 175215.66797916676 46 32
205126.58268750008 205607.35202083338 46 51
206758.73068749998 207217.96735416664 46 64
248178.11768750005 248401.19918750005 46 45
251753.15977083336 251966.47039583337 46 44
258317.30643750023 260119.15011250015 46 40
260107.71718750015 260526.92443750016 46 27
106509.38914583338 107040.81253125003 47 47
107063.91789583337 108179.31290625004 47 53
174701.1323125001 174958.4001458334 47 32
178416.5219791668 178683.61597916682 47 50
178683.61597916682 178950.70997916686 47 50
178950.70997916686 179217.80397916687 47 50
179217.80397916687 179488.6598125002 47 50
179488.6598125002 179759.51564583354 47 50
179759.51564583354 180030.37147916688 47 50
180030.37147916688 180296.8249791669 47 55
180296.8249791669 180563.2784791669 47 50
180563.2784791669 180829.7319791669 47 50
180829.7319791669 181101.39731250025 47 50
181101.39731250025 181373.06264583356 47 49
181373.06264583356 181644.72797916687 47 49
183259.08447916686 183530.74981250017 47 51
183530.74981250017 183802.41514583348 47 46
183802.41514583348 184074.08047916682 47 46
184074.08047916682 184345.74581250013 47 66
184345.74581250013 184617.41114583344 47 66
184617.41114583344 184889.07647916675 47 66
194255.20285416688 194512.47068750023 47 32
4517.187 6738.77595 48 40
22215.04875 24471.531816666673 48 40
24996.46625000001 26071.61350000001 48 24
26071.61350000001 26685.591902083343 48 24
33538.27477083334 33949.797437500005 48 36
40544.25027083332 42765.83922083332 48 40
58242.11202083327 59875.84802083328 48 40
59329.200770833275 60489.22125833327 48 27
60461.09977083327 61550.03002083327 48 25
61550.03002083327 62679.846770833276 48 23
105390.73864583338 105931.35532291672 48 45
105954.86039583338 106925.28570833338 48 53
131208.97345833335 133426.08372708337 48 40
148906.8352083334 151149.25753125007 48 40
151688.2527083334 152763.3999583334 48 24
152763.3999583334 153363.3176166667 48 24
207677.23504166666 208207.37741666666 48 28
211326.0512916667 213116.85432708333 48 40
225621.9935416668 227448.8941229168 48 40
227717.7520416668 228010.9847916668 48 25
228010.9847916668 228294.51179166682 48 25
228589.93279166683 228894.03987500013 48 26
228894.03987500013 229206.8330416668 48 26
234768.84735416685 235101.29418750014 48 36
240436.5246875 242227.32772291664 48 40
271443.098354167 271836.1801875004 48 20
280937.252666667 283148.33797916694 48 20
295277.80595833354 297028.09745833353 48 30
297028.09745833353 298778.3889583335 48 28
298778.3889583335 304054.2203750002 48 28
2266.21625 4540.621572916667 49 35
20004.303249999997 22229.109493750002 49 36
27215.213250000008 28290.36050000001 49 25
28290.36050000001 28869.28750000001 49 24
28869.28750000001 29388.35137500001 49 30
29435.220520833343 29987.706770833345 49 26
29987.706770833345 30566.633770833345 49 28
30566.633770833345 31162.818270833344 49 26
31162.818270833344 32331.368020833346 49 31
32331.368020833346 33538.27477083334 49 28
38324.21152083331 40567.68484374998 49 35
55452.439520833286 56064.17492291662 49 23
57663.18502083328 58260.859679166606 49 21
62679.846770833276 63768.777020833266 49 26
63768.777020833266 64751.61902083328 49 24
125875.6689583334 126956.4389583334 49 29
128957.89570833338 131218.34728750002 49 35
146696.08970833334 148920.89595208337 49 36
153906.99970833337 154982.14695833335 49 25
154982.14695833335 155561.07395833335 49 24
155561.07395833335 156080.13783333337 49 30
156127.0069791667 156679.49322916672 49 26
156679.49322916672 157258.42022916672 49 28
157258.42022916672 157854.60472916675 49 26
157854.60472916675 159023.15447916673 49 31
159023.15447916673 160230.06122916672 49 28
174443.86447916675 174701.1323125001 49 36
181644.72797916687 181911.18147916687 49 46
181911.18147916687 182177.6349791669 49 40
182177.6349791669 182444.0884791669 49 40
182444.0884791669 182715.75381250022 49 40
182715.75381250022 182987.41914583356 49 40
182987.41914583356 183259.08447916686 49 40
193997.93502083354 194255.20285416688 49 32
204302.4066875001 204577.13202083344 49 26
204577.13202083344 204851.85735416674 49 26
204851.85735416674 205126.58268750008 49 26
205126.58268750008 205401.30802083338 49 26
205401.30802083338 205676.03335416672 49 27
205676.03335416672 205950.75868750003 49 27
205950.75868750003 206220.08268750002 49 27
206220.08268750002 206489.4066875 49 27
206489.4066875 206758.73068749998 49 27
206758.73068749998 207003.81735416665 49 23
207039.22812499997 207290.35781249998 49 23
207326.71616666665 207639.99941666666 49 23
209508.03929166665 211341.1982166667 49 35
223836.11779166674 225637.1404666668 49 36
229509.77154166682 229803.00429166685 49 26
229803.00429166685 230086.53129166685 49 26
230381.95229166685 230685.5231250002 49 25
230685.5231250002 230997.24379166687 49 25
231302.1217916669 231603.03935416692 49 28
231603.03935416692 231900.48135416693 49 28
231900.48135416693 232212.20202083362 49 28
232212.20202083362 232528.67910416692 49 25
232528.67910416692 232849.9126041669 49 25
232849.9126041669 233298.46775208352 49 31
233793.83535416686 234270.17710416688 49 28
238631.90818750006 240481.9654625 49 35
252037.57393750004 252331.86477083337 49 46
266703.25025000045 267096.33208333375 49 24
267096.33208333375 267489.4139166671 49 20
267489.4139166671 267894.05687500036 49 20
267894.05687500036 268287.1387083337 49 20
268287.1387083337 268680.220541667 49 20
268680.220541667 269073.3023750004 49 20
269073.3023750004 269467.0819583337 49 21
269467.0819583337 269863.82995833375 49 21
269863.82995833375 270263.85285416705 49 22
270263.85285416705 270656.93468750035 49 20
270656.93468750035 271050.0165208337 49 20
271050.0165208337 271443.098354167 49 20
276197.4045625004 276590.4863958337 49 24
276590.4863958337 276983.5682291671 49 20
276983.5682291671 277388.21118750033 49 20
277388.21118750033 277781.2930208337 49 20
277781.2930208337 278174.374854167 49 20
278174.374854167 278567.45668750035 49 20
278567.45668750035 278961.2362708337 49 21
278961.2362708337 279357.9842708337 49 21
279357.9842708337 279758.007166667 49 22
279758.007166667 280151.0890000003 49 20
280151.0890000003 280544.1708333337 49 20
280544.1708333337 280937.252666667 49 20
292850.2737500003 296152.95170833357 49 37
97544.50289583336 98106.93264583337 50 25
98106.93264583337 98669.36239583338 50 25
98669.36239583338 99252.56614583336 50 25
104281.68114583338 104813.10453125005 50 44
104836.20989583338 105813.82995833339 50 49
107063.91789583337 108203.69839583337 50 36
119989.2486458334 120557.6456458334 50 49
120557.6456458334 121578.39483333341 50 55
124616.83539583342 125131.25614583341 50 31
125235.42281250008 126648.86495833339 50 37
173408.09268750006 173865.01185416672 50 36
197758.98868750027 198033.7140208336 50 24
198033.7140208336 198308.4393541669 50 24
198308.4393541669 198583.16468750025 50 24
198583.16468750025 198857.89002083355 50 24
198857.89002083355 199132.6153541669 50 24
199132.6153541669 199407.3406875002 50 24
199407.3406875002 199674.50602083353 50 24
199674.50602083353 199941.67135416687 50 24
199941.67135416687 200208.8366875002 50 24
200208.8366875002 200482.73418750023 50 24
200482.73418750023 200756.63168750022 50 24
200756.63168750022 201030.52918750024 50 24
201030.52918750024 201304.95285416688 50 25
201304.95285416688 201579.37652083352 50 25
201579.37652083352 201853.8001875002 50 25
201853.8001875002 202128.22385416683 50 25
202128.22385416683 202402.64752083347 50 25
202402.64752083347 202677.07118750014 50 25
202677.07118750014 202944.9521875001 50 25
202944.9521875001 203212.8331875001 50 25
203212.8331875001 203480.7141875001 50 25
203480.7141875001 203754.6116875001 50 25
203754.6116875001 204028.5091875001 50 25
204028.5091875001 204302.4066875001 50 25
562.4297499999999 1687.2892499999998 51 24
1687.2892499999998 2290.071208333333 51 23
2838.7352499999997 3938.2599999999998 51 24
3938.2599999999998 4540.621572916667 51 24
5079.616749999999 6156.29925 51 25
6156.29925 6738.77595 51 25
7240.388250000001 8315.271750000002 51 25
8315.271750000002 8901.851493750002 51 25
9450.2205 10025.644270833332 51 25
10524.917999999998 11083.443468749998 51 23
13354.554749999996 15549.564887499995 51 36
20566.733 21636.121750000002 51 24
21636.121750000002 22229.109493750002 51 24
22777.478500000005 23848.784750000003 51 27
23848.784750000003 24471.531816666673 51 25
24434.036500000006 25522.96675000001 51 28
25522.96675000001 26652.78350000001 51 26
31752.441020833347 32920.99077083334 51 26
32920.99077083334 33579.427037500005 51 24
33949.797437500005 34361.32010416667 51 34
36620.42502083332 37745.28452083332 51 21
37745.28452083332 38357.01992291665 51 20
38886.641270833316 39965.323270833316 51 21
39965.323270833316 40567.68484374998 51 21
41106.680020833315 42183.36252083331 51 22
42183.36252083331 42765.83922083332 51 22
43267.45152083331 44342.335020833314 51 22
44342.335020833314 44938.288593749974 51 22
45477.28377083331 46025.47442916664 51 30
46551.98127083331 47128.99103124998 51 31
51032.057020833294 51590.20036458329 51 25
58804.541770833275 59875.84802083328 51 27
59875.84802083328 60489.22125833327 51 25
65462.28379166661 66448.96529166661 51 23
66593.69704166662 67209.53563333327 51 23
67779.5042916666 68948.05404166659 51 23
68948.05404166659 69596.20224166659 51 21
99252.56614583336 100939.85539583338 51 25
103148.22539583339 104281.68114583338 51 45
103727.15239583339 104697.57770833338 51 49
108203.69839583337 109885.31239583336 51 41
118852.4546458334 119420.85164583339 51 48
119420.85164583339 120415.5463958334 51 53
121126.04264583341 121729.1788958334 51 50
121729.1788958334 122720.1190208334 51 55
123427.93339583342 124013.18514583341 51 37
124013.18514583341 124718.87622916675 51 44
127225.56620833339 128378.96870833338 51 24
128378.96870833338 128991.42061875005 51 23
129532.60845833339 130630.04645833337 51 24
130630.04645833337 131218.34728750002 51 24
131771.40320833336 132848.08570833338 51 25
132848.08570833338 133426.08372708337 51 25
133932.1747083334 135007.0582083334 51 25
135007.0582083334 135598.3248666667 51 25
136142.00695833337 136685.65876458338 51 25
137216.70445833338 137784.4720729167 51 24
140046.3412083333 142263.97168958333 51 36
147258.51945833335 148327.90820833336 51 24
148327.90820833336 148920.89595208337 51 24
149469.26495833337 150540.5712083334 51 27
150540.5712083334 151149.25753125007 51 25
151125.8229583334 152214.7532083334 51 28
152214.7532083334 153344.5699583334 51 26
158444.22747916673 159612.7772291667 51 26
159612.7772291667 160276.3575291667 51 24
168627.56402083338 168884.83185416672 51 32
172085.68585416678 173603.91518750007 51 36
173669.1893541667 173929.32881250005 51 36
174186.5966458334 174443.86447916675 51 33
178416.5219791668 178683.61597916682 51 54
178683.61597916682 178950.70997916686 51 50
178950.70997916686 179217.80397916687 51 50
179217.80397916687 179488.6598125002 51 50
179488.6598125002 179759.51564583354 51 50
179759.51564583354 180030.37147916688 51 50
193740.66718750022 193997.93502083354 51 36
206758.73068749998 207003.81735416665 51 28
207039.22812499997 207290.35781249998 51 28
207326.71616666665 207639.99941666666 51 28
207980.17354166665 208283.11204166664 51 26
208283.11204166664 208586.05054166663 51 26
208888.98904166665 209196.31862499999 51 26
209196.31862499999 209508.03929166665 51 26
209816.30062499997 210115.5692083333 51 26
210115.5692083333 210405.84504166665 51 26
210707.5952083333 211014.330625 51 27
211014.330625 211326.0512916667 51 27
211628.9897916667 211923.19387500003 51 26
211923.19387500003 212208.6635416667 51 26
212502.95437500003 212797.24520833336 51 26
212797.24520833336 213091.53604166667 51 26
213380.887875 213670.2397083333 51 25
213670.2397083333 213959.59154166662 51 25
214248.94337499994 214547.7499583333 51 25
214547.7499583333 214856.01129166665 51 25
215158.94979166664 215453.153875 51 27
215453.153875 215738.62354166666 51 27
216031.96470833334 216325.305875 51 26
216325.305875 216618.64704166667 51 26
218464.51554166668 220252.31761666673 51 36
224139.05629166675 224432.28904166675 51 26
224432.28904166675 224715.81604166678 51 26
225008.21370833344 225310.2728750001 51 24
225310.2728750001 225621.9935416668 51 24
225924.93204166682 226217.7640416668 51 26
226217.7640416668 226500.4895416668 51 26
226794.7803750001 227099.55504166678 51 25
227099.55504166678 227414.81354166678 51 25
227414.81354166678 227869.22129166676 51 28
228294.51179166682 228737.6432916668 51 26
233167.47377083355 233482.1146875002 51 28
233482.1146875002 233793.83535416686 51 28
234111.39652083354 234436.40052083353 51 25
234436.40052083353 234768.84735416685 51 25
235101.29418750014 235433.74102083346 51 34
237113.27602083338 237413.5763541667 51 26
237413.5763541667 237713.87668750004 51 26
238014.17702083336 238320.18752083337 51 26
238320.18752083337 238631.90818750006 51 26
238934.84668750004 239230.82460416667 51 26
239230.82460416667 239519.8419375 51 26
239819.24310416664 240124.8040208333 51 27
240124.8040208333 240436.5246875 51 27
240739.46318750002 241033.66727083334 51 26
241033.66727083334 241319.1369375 51 26
241613.42777083334 241907.71860416667 51 26
241907.71860416667 242202.00943749998 51 26
242491.36127083332 242780.71310416664 51 25
242780.71310416664 243070.06493749996 51 25
243359.41677083328 243658.22335416664 51 25
243658.22335416664 243966.4846875 51 25
244269.42318749998 244563.62727083333 51 27
244563.62727083333 244849.0969375 51 27
245142.43810416668 245435.77927083333 51 26
245435.77927083333 245729.1204375 51 26
248475.55968750006 248763.9935208334 51 47
260412.59518750012 260713.51275000017 51 25
260713.51275000017 261010.95475000018 51 25
261322.6754166668 261639.1525000002 51 25
261639.1525000002 261960.3860000002 51 25
262353.4678333336 262742.98441666696 51 25
262742.98441666696 263128.9357500003 51 25
263128.9357500003 263522.01758333365 51 25
263522.01758333365 263920.4155833337 51 25
263920.4155833337 264324.1297500004 51 25
264324.1297500004 264717.2115833338 51 25
264717.2115833338 265110.2934166671 51 25
265110.2934166671 265503.37525000045 51 25
265503.37525000045 265896.45708333375 51 26
265896.45708333375 266296.4154166671 51 27
266296.4154166671 266703.25025000045 51 28
266703.25025000045 267096.33208333375 51 30
267096.33208333375 267489.4139166671 51 25
267489.4139166671 267894.05687500036 51 25
267894.05687500036 268287.1387083337 51 25
268287.1387083337 268680.220541667 51 25
268680.220541667 269073.3023750004 51 26
269073.3023750004 269467.0819583337 51 26
269467.0819583337 269863.82995833375 51 27
269863.82995833375 270263.85285416705 51 27
270263.85285416705 270656.93468750035 51 25
270656.93468750035 271050.0165208337 51 25
271050.0165208337 271443.098354167 51 25
271443.098354167 271836.1801875004 51 25
271836.1801875004 272219.43497500033 51 25
272229.2620208337 272641.81356250035 51 25
272641.81356250035 273033.9703958337 51 25
273033.9703958337 273426.12722916703 51 25
273426.12722916703 273818.28406250034 51 25
273818.28406250034 274211.36589583376 51 25
274211.36589583376 274604.44772916706 51 25
274604.44772916706 274997.5295625004 51 25
274997.5295625004 275390.6113958337 51 26
275390.6113958337 275790.5697291671 51 27
275790.5697291671 276197.4045625004 51 28
276197.4045625004 276590.4863958337 51 30
276590.4863958337 276983.5682291671 51 25
276983.5682291671 277388.21118750033 51 25
277388.21118750033 277781.2930208337 51 25
277781.2930208337 278174.374854167 51 25
278174.374854167 278567.45668750035 51 26
278567.45668750035 278961.2362708337 51 26
278961.2362708337 279357.9842708337 51 27
279357.9842708337 279758.007166667 51 27
279758.007166667 280151.0890000003 51 25
280151.0890000003 280544.1708333337 51 25
280544.1708333337 280937.252666667 51 25
280937.252666667 283148.33797916694 51 25
288062.4708333336 291671.02825000026 51 43
297028.09745833353 298778.3889583335 51 28
76266.88679166665 76815.53354166665 52 24
76815.53354166665 77354.52029166665 52 21
77354.52029166665 77893.50704166664 52 21
77893.50704166664 78432.49379166662 52 21
117715.66064583338 118284.05764583338 52 48
118284.05764583338 119278.75239583339 52 53
122295.4303958334 122861.68189583342 52 40
122861.68189583342 123866.87220833341 52 44
173929.32881250005 174186.5966458334 52 36
180030.37147916688 180296.8249791669 52 55
180296.8249791669 180563.2784791669 52 50
180563.2784791669 180829.7319791669 52 50
180829.7319791669 181101.39731250025 52 50
181101.39731250025 181373.06264583356 52 49
181373.06264583356 181644.72797916687 52 49
181644.72797916687 181911.18147916687 52 55
181911.18147916687 182177.6349791669 52 48
182177.6349791669 182444.0884791669 52 48
182444.0884791669 182715.75381250022 52 48
182715.75381250022 182987.41914583356 52 48
182987.41914583356 183259.08447916686 52 48
183259.08447916686 183530.74981250017 52 61
183530.74981250017 183802.41514583348 52 55
183802.41514583348 184074.08047916682 52 55
184889.07647916675 185834.4500625001 52 55
188135.9705625002 189982.1149375002 52 33
193483.39935416688 193740.66718750022 52 33
194512.47068750023 196358.61506250026 52 33
12188.230749999997 13377.989322916663 53 40
26652.78350000001 27741.71375000001 53 29
27741.71375000001 28811.39480000001 53 27
47096.64352083331 48215.2940208333 53 31
48215.2940208333 49381.6180208333 53 32
61023.52952083327 62098.67677083327 53 21
62098.67677083327 62698.5944291666 53 21
63242.27652083327 64317.42377083327 53 22
64317.42377083327 64915.225820833286 53 21
78432.49379166662 78994.92354166663 53 24
78994.92354166663 79535.85404166664 53 21
79535.85404166664 80076.78454166664 53 21
80076.78454166664 80666.40729166665 53 21
103727.15239583339 104836.20989583338 53 38
104836.20989583338 105954.86039583338 53 39
105954.86039583338 107063.91789583337 53 42
107063.91789583337 108203.69839583337 53 41
112670.71764583337 115452.95439583337 53 38
114898.42564583337 117715.66064583338 53 42
117147.26364583337 118141.95839583338 53 51
138880.01720833333 140065.08886666663 53 44
153344.5699583334 154433.50020833337 53 29
154433.50020833337 155416.34220833334 53 27
168370.29618750003 168627.56402083338 53 32
192704.89539583353 193161.8145625002 53 36
217522.33529166665 218483.4491979167 53 40
229206.8330416668 229661.24079166682 53 29
230086.53129166685 230529.66279166687 53 27
245729.1204375 246176.88168750005 53 30
246632.80868750002 247098.6471875 53 27
256525.2869375001 258328.66663125026 53 36
178416.5219791668 178683.61597916682 54 64
178683.61597916682 178950.70997916686 54 60
178950.70997916686 179217.80397916687 54 60
179217.80397916687 179488.6598125002 54 60
179488.6598125002 179759.51564583354 54 60
179759.51564583354 180030.37147916688 54 60
181644.72797916687 181911.18147916687 54 55
181911.18147916687 182177.6349791669 54 48
182177.6349791669 182444.0884791669 54 48
182444.0884791669 182715.75381250022 54 48
182715.75381250022 182987.41914583356 54 48
182987.41914583356 183259.08447916686 54 48
184074.08047916682 184549.4948125001 54 73
191382.48856250025 192900.71789583354 54 36
192965.99206250018 193226.13152083353 54 36
193226.13152083353 193483.39935416688 54 36
2266.21625 3377.7219999999993 55 28
3377.7219999999993 4517.187 55 26
13354.554749999996 14469.470749999995 55 28
14469.470749999995 15540.516749999995 55 23
15540.516749999995 16628.067249999993 55 28
16628.067249999993 17788.130249999995 55 25
17788.130249999995 18878.728999999996 55 28
18878.728999999996 19994.654466666663 55 26
20004.303249999997 21093.2335 55 28
21093.2335 21925.58525 55 24
30566.633770833345 31192.299408333343 55 48
31162.818270833344 33579.427037500005 55 40
38324.21152083331 39416.676520833316 55 25
39416.676520833316 40544.25027083332 55 23
42730.00977083331 43804.89327083331 55 25
43804.89327083331 44914.85402083331 55 22
46007.31902083331 47096.64352083331 55 30
51567.58002083329 52655.13052083329 55 28
52655.13052083329 53815.19352083329 55 33
56031.36652083329 57120.29677083329 55 25
57120.29677083329 57952.64852083328 55 21
68358.4312916666 69565.33804166659 55 25
76266.88679166665 76815.53354166665 55 24
76815.53354166665 77354.52029166665 55 21
77354.52029166665 77893.50704166664 55 21
77893.50704166664 78432.49379166662 55 21
80666.40729166665 81228.83704166664 55 24
81228.83704166664 81769.76754166665 55 21
81769.76754166665 82310.69804166665 55 21
82310.69804166665 82851.62854166665 55 21
99252.56614583336 100939.85539583338 55 33
101502.28514583339 102599.57864583339 55 49
102599.57864583339 103727.15239583339 55 49
108203.69839583337 109885.31239583336 55 49
117147.26364583337 126956.4389583334 55 50
128957.89570833338 130071.59520833338 55 28
130071.59520833338 131208.97345833335 55 26
140046.3412083333 141161.2572083333 55 28
141161.2572083333 142232.30320833332 55 23
142232.30320833332 143319.8537083333 55 28
143319.8537083333 144479.91670833333 55 25
144479.91670833333 145570.5154583333 55 28
145570.5154583333 146686.440925 55 26
146696.08970833334 147785.01995833335 55 28
147785.01995833335 148617.37170833338 55 24
157258.42022916672 157874.2588208334 55 48
157854.60472916675 160276.3575291667 55 40
168113.0283541667 168370.29618750003 55 36
173669.1893541667 173929.32881250005 55 25
173929.32881250005 174186.5966458334 55 25
174186.5966458334 174443.86447916675 55 25
174443.86447916675 174701.1323125001 55 25
174701.1323125001 174958.4001458334 55 25
174958.4001458334 175215.66797916676 55 25
205950.75868750003 206220.08268750002 55 28
206220.08268750002 206489.4066875 55 28
206489.4066875 206758.73068749998 55 29
206758.73068749998 207003.81735416665 55 29
207039.22812499997 207290.35781249998 55 29
207326.71616666665 207639.99941666666 55 29
209508.03929166665 209970.43129166664 55 28
210405.84504166665 210858.47029166666 55 28
218464.51554166668 218918.9232916667 55 28
219365.08629166672 219869.84550000005 55 23
220230.38779166673 220668.9842916667 55 28
221108.9960416667 221571.38804166668 55 25
222046.07154166672 222500.47929166674 55 28
222927.10054166673 223368.5367916667 55 26
223836.11779166674 224290.52554166675 55 28
224715.81604166678 225154.41254166677 55 24
230997.24379166687 231416.4510416669 55 30
232528.67910416692 232869.76017708355 55 47
232849.9126041669 234797.9364520835 55 40
238631.90818750006 239086.31593750004 55 28
239519.8419375 239968.94368749997 55 28
242202.00943749998 242708.37514583333 55 28
243070.06493749996 243504.09268749997 55 25
244849.0969375 245362.44397916668 55 26
248763.9935208334 248980.3188958334 55 49
252331.86477083337 252556.9403541667 55 47
292850.2737500003 296152.95170833357 55 44
1124.8594999999998 2266.21625 56 26
4517.187 5609.652 56 28
5609.652 6702.9465 56 25
8887.79075 9980.25575 56 29
11624.108999999997 12202.648281249998 56 25
12764.931999999997 13377.989322916663 56 22
22215.04875 23302.137500000004 56 28
23302.137500000004 24434.036500000006 56 27
29987.706770833345 31103.199820833346 56 48
33538.27477083334 34669.96210416666 56 50
34361.32010416667 34772.842770833326 56 34
36057.99527083332 37182.85477083331 56 25
37182.85477083331 38324.21152083331 56 23
40544.25027083332 41636.715270833316 56 25
41636.715270833316 42730.00977083331 56 22
44914.85402083331 46007.31902083331 56 30
69565.33804166659 71603.1905416666 56 36
78432.49379166662 78994.92354166663 56 24
78994.92354166663 79535.85404166664 56 21
79535.85404166664 80076.78454166664 56 21
80076.78454166664 80666.40729166665 56 21
82851.62854166665 83402.08729166666 56 26
83402.08729166666 83943.01779166666 56 23
83943.01779166666 84483.94829166666 56 24
84483.94829166666 85071.49229166665 56 24
91901.32641666672 92447.97366666672 56 28
92447.97366666672 93014.22516666671 56 25
93014.22516666671 93567.73066666671 56 25
93567.73066666671 94084.98766666673 56 25
97544.50289583336 98106.93264583337 56 30
98106.93264583337 98669.36239583338 56 30
98669.36239583338 99252.56614583336 56 30
103727.15239583339 104836.20989583338 56 45
104836.20989583338 105954.86039583338 56 47
105954.86039583338 107063.91789583337 56 50
107063.91789583337 108203.69839583337 56 49
112670.71764583337 115452.95439583337 56 45
114898.42564583337 117715.66064583338 56 50
126648.86495833339 127802.26745833339 56 28
127802.26745833339 128957.89570833338 56 26
131208.97345833335 132301.43845833337 56 28
132301.43845833337 133394.7329583334 56 25
135579.5772083334 136672.04220833335 56 29
138315.89545833334 138894.43473958332 56 28
139456.71845833331 140065.08886666663 56 26
148906.8352083334 149993.92395833338 56 28
149993.92395833338 151125.8229583334 56 27
156679.49322916672 157705.55860416673 56 48
160230.06122916672 162420.0432291667 56 50
162420.0432291667 164327.51647916672 56 33
167855.76052083334 168113.0283541667 56 33
168884.83185416672 170685.31222916677 56 33
175215.66797916676 177016.1483541668 56 36
180030.37147916688 180296.8249791669 56 66
180296.8249791669 180563.2784791669 56 60
180563.2784791669 180829.7319791669 56 60
180829.7319791669 181101.39731250025 56 60
181101.39731250025 181373.06264583356 56 58
181373.06264583356 181644.72797916687 56 58
183259.08447916686 183530.74981250017 56 61
183530.74981250017 183802.41514583348 56 55
183802.41514583348 184074.08047916682 56 55
184889.07647916675 185159.49297916677 56 58
185159.49297916677 185428.81747916678 56 35
185428.81747916678 185698.50664583343 56 35
185698.50664583343 185970.76414583344 56 35
185970.76414583344 186242.28239583346 56 35
186242.28239583346 186512.69889583346 56 35
186512.69889583346 186781.66072916682 56 33
186781.66072916682 187050.62256250015 56 33
187050.62256250015 187321.77422916685 56 32
187321.77422916685 187594.40239583352 56 31
187594.40239583352 187865.5540625002 56 30
187865.5540625002 188135.9705625002 56 29
188135.9705625002 188410.3190625002 56 24
188410.3190625002 188684.6675625002 56 24
188684.6675625002 188959.01606250022 56 24
188959.01606250022 189233.3645625002 56 24
189233.3645625002 189507.7130625002 56 25
189507.7130625002 189782.06156250022 56 25
189782.06156250022 190048.79939583354 56 25
190048.79939583354 190315.5372291669 56 25
190315.5372291669 190582.27506250024 56 25
190582.27506250024 190849.01289583356 56 25
190849.01289583356 191115.7507291669 56 25
191115.7507291669 191382.48856250025 56 25
194512.47068750023 194786.81918750025 56 24
194786.81918750025 195061.16768750024 56 24
195061.16768750024 195335.51618750024 56 24
195335.51618750024 195609.86468750026 56 24
195609.86468750026 195884.21318750025 56 25
195884.21318750025 196158.56168750025 56 25
196158.56168750025 196425.2995208336 56 25
196425.2995208336 196692.03735416694 56 25
196692.03735416694 196958.77518750026 56 25
196958.77518750026 197225.5130208336 56 25
197225.5130208336 197492.25085416695 56 25
197492.25085416695 197758.98868750027 56 25
197758.98868750027 198033.7140208336 56 24
198033.7140208336 198308.4393541669 56 24
198308.4393541669 198583.16468750025 56 24
198583.16468750025 198857.89002083355 56 24
198857.89002083355 199132.6153541669 56 25
199132.6153541669 199407.3406875002 56 25
199407.3406875002 199674.50602083353 56 25
199674.50602083353 199941.67135416687 56 25
199941.67135416687 200208.8366875002 56 25
200208.8366875002 200482.73418750023 56 25
200482.73418750023 200756.63168750022 56 25
200756.63168750022 201030.52918750024 56 25
201030.52918750024 201304.95285416688 56 25
201304.95285416688 201579.37652083352 56 25
201579.37652083352 201853.8001875002 56 25
201853.8001875002 202128.22385416683 56 25
202128.22385416683 202402.64752083347 56 26
202402.64752083347 202677.07118750014 56 26
202677.07118750014 202944.9521875001 56 26
202944.9521875001 203212.8331875001 56 26
203212.8331875001 203480.7141875001 56 26
203480.7141875001 203754.6116875001 56 26
203754.6116875001 204028.5091875001 56 26
204028.5091875001 204302.4066875001 56 26
204302.4066875001 204577.13202083344 56 26
204577.13202083344 204851.85735416674 56 26
204851.85735416674 205126.58268750008 56 26
205126.58268750008 205401.30802083338 56 26
205401.30802083338 205676.03335416672 56 28
205676.03335416672 205950.75868750003 56 28
208586.05054166663 209040.4582916666 56 28
211326.0512916667 211780.45904166668 56 28
212208.6635416667 212723.67250000002 56 28
214856.01129166665 215310.41904166664 56 29
216917.15454166665 217218.38395833335 56 27
217218.38395833335 217522.33529166665 56 27
217832.89429166666 218146.954375 56 27
218146.954375 218464.51554166668 56 25
225621.9935416668 226076.40129166679 56 28
226500.4895416668 226941.92579166676 56 27
232212.20202083362 232769.6042291669 56 47
234768.84735416685 235683.07614583345 56 50
235433.74102083346 235766.18785416675 56 34
236804.63402083336 237338.50127083337 56 28
237713.87668750004 238164.32718750002 56 28
240436.5246875 240890.93243749999 56 28
241319.1369375 241834.14589583332 56 28
243966.4846875 244420.89243749998 56 29
285703.9798333337 287915.06514583365 56 44
290491.7827500003 292702.86806250026 56 33
295277.80595833354 297028.09745833353 56 35
297028.09745833353 298778.3889583335 56 35
298778.3889583335 304054.2203750002 56 35
24434.036500000006 26685.591902083343 57 48
151125.8229583334 153363.3176166667 57 48
167077.25656250003 167534.17572916666 57 36
184074.08047916682 184549.4948125001 57 73
191382.48856250025 191649.22639583357 57 25
191649.22639583357 191915.96422916692 57 25
191915.96422916692 192182.70206250026 57 25
192182.70206250026 192443.7987291669 57 25
192443.7987291669 192704.89539583353 57 25
192704.89539583353 192965.99206250018 57 25
192965.99206250018 193226.13152083353 57 25
193226.13152083353 193483.39935416688 57 25
193483.39935416688 193740.66718750022 57 25
193740.66718750022 193997.93502083354 57 25
193997.93502083354 194255.20285416688 57 25
194255.20285416688 194512.47068750023 57 25
227414.81354166678 229221.9799666668 57 48
293243.3555833336 294029.51925000024 57 48
2266.21625 4540.621572916667 58 46
6702.9465 7777.830000000001 58 28
7777.830000000001 8887.79075 58 25
9980.25575 11069.580249999997 58 26
13916.984499999997 15004.993749999996 58 23
15004.993749999996 15549.564887499995 58 23
16083.404999999995 17200.586249999993 58 23
17200.586249999993 17802.190993749995 58 24
18350.559999999998 19425.376249999998 58 24
19425.376249999998 20004.303249999997 58 23
20004.303249999997 21925.58525 58 50
29435.220520833343 30508.741070833345 58 48
31162.818270833344 33579.427037500005 58 50
38324.21152083331 39416.676520833316 58 28
39416.676520833316 40544.25027083332 58 26
52110.468270833284 53227.649520833285 58 30
53227.649520833285 53843.315008333295 58 35
56593.796270833285 57663.18502083328 58 21
80666.40729166665 81228.83704166664 58 24
81228.83704166664 81769.76754166665 58 21
81769.76754166665 82310.69804166665 58 21
82310.69804166665 82851.62854166665 58 21
85071.49229166665 85639.88929166667 58 25
85639.88929166667 86192.37554166667 58 26
86192.37554166667 86733.30604166667 58 28
86733.30604166667 87326.19154166667 58 30
95274.00989583334 95857.21364583334 58 25
95857.21364583334 96419.64339583335 58 25
96419.64339583335 96982.07314583336 58 25
100939.85539583338 102050.93189583339 58 44
102050.93189583339 103148.22539583339 58 45
111543.14389583336 112670.71764583337 58 49
116562.01189583338 117147.26364583337 58 49
117147.26364583337 126956.4389583334 58 50
128957.89570833338 131218.34728750002 58 46
133394.7329583334 134469.6164583334 58 28
134469.6164583334 135579.5772083334 58 25
136672.04220833335 137761.36670833334 58 27
140608.7709583333 141696.7802083333 58 23
141696.7802083333 142263.97168958333 58 23
142775.1914583333 143892.3727083333 58 23
143892.3727083333 144493.97745208332 58 24
145042.34645833334 146117.16270833332 58 24
146117.16270833332 146696.08970833334 58 23
146696.08970833334 148617.37170833338 58 50
156127.0069791667 157113.6884791667 58 48
157854.60472916675 160276.3575291667 58 50
165752.92422916673 167273.0790625 58 36
167338.35322916668 167598.4926875 58 36
167598.4926875 167855.76052083334 58 36
172085.68585416678 172352.4236875001 58 25
172352.4236875001 172619.16152083344 58 25
172619.16152083344 172885.8993541668 58 25
172885.8993541668 173146.99602083344 58 25
173146.99602083344 173408.09268750006 58 25
173408.09268750006 173669.1893541667 58 25
173669.1893541667 173929.32881250005 58 25
173929.32881250005 174186.5966458334 58 25
174186.5966458334 174443.86447916675 58 25
174443.86447916675 174701.1323125001 58 25
174701.1323125001 174958.4001458334 58 25
174958.4001458334 175215.66797916676 58 25
181644.72797916687 181911.18147916687 58 66
181911.18147916687 182177.6349791669 58 57
182177.6349791669 182444.0884791669 58 57
182444.0884791669 182715.75381250022 58 57
182715.75381250022 182987.41914583356 58 57
182987.41914583356 183259.08447916686 58 57
204302.4066875001 204577.13202083344 58 31
204577.13202083344 204851.85735416674 58 31
204851.85735416674 205126.58268750008 58 32
205126.58268750008 205401.30802083338 58 32
205401.30802083338 205676.03335416672 58 33
205676.03335416672 205950.75868750003 58 34
205950.75868750003 206220.08268750002 58 34
206220.08268750002 206489.4066875 58 34
206489.4066875 206758.73068749998 58 34
206758.73068749998 207003.81735416665 58 35
207039.22812499997 207290.35781249998 58 35
207326.71616666665 207639.99941666666 58 35
209508.03929166665 211341.1982166667 58 46
213091.53604166667 213597.90175 58 28
213959.59154166662 214393.61929166663 58 25
215738.62354166666 216251.97058333334 58 26
218767.4540416667 219067.64429166671 58 27
219067.64429166671 219365.08629166672 58 27
219653.52012500007 219941.95395833338 58 23
219941.95395833338 220230.38779166673 58 23
220522.78545833338 220815.65487500004 58 26
220815.65487500004 221108.9960416667 58 26
221417.25737500002 221729.61587500005 58 25
221729.61587500005 222046.07154166672 58 25
222349.01004166674 222642.68637500008 58 25
222642.68637500008 222927.10054166673 58 25
223221.39137500006 223524.39712500008 58 26
223524.39712500008 223836.11779166674 58 26
223836.11779166674 225232.34270833345 58 50
231603.03935416692 232134.27185416693 58 46
231900.48135416693 232368.06235416693 58 51
232849.9126041669 234797.9364520835 58 50
238631.90818750006 239086.31593750004 58 28
239519.8419375 239968.94368749997 58 26
249052.42735416672 249268.7527291667 58 50
252634.87052083338 252864.76451250003 58 49
292850.2737500003 293636.43741666694 58 64
293636.43741666694 294078.48125000024 58 48
294843.23754166695 296152.95170833357 58 44
87326.19154166667 87880.72029166667 59 32
87880.72029166667 88479.28379166669 59 27
88479.28379166669 89051.80279166669 59 27
89051.80279166669 89651.6074166667 59 25
115452.95439583337 116007.48314583338 59 47
116007.48314583338 117122.87815625004 59 53
162420.0432291667 162703.32939583337 59 24
162703.32939583337 162986.61556250005 59 24
162986.61556250005 163269.9017291667 59 24
163269.9017291667 163553.1878958334 59 24
163553.1878958334 163836.47406250006 59 25
163836.47406250006 164119.76022916674 59 25
164119.76022916674 164396.76856250004 59 25
164396.76856250004 164673.77689583338 59 25
164673.77689583338 164950.7852291667 59 25
164950.7852291667 165218.16489583338 59 25
165218.16489583338 165485.54456250006 59 25
165485.54456250006 165752.92422916673 59 25
168884.83185416672 169151.56968750004 59 24
169151.56968750004 169418.3075208334 59 24
169418.3075208334 169685.04535416674 59 24
169685.04535416674 169951.78318750006 59 24
169951.78318750006 170218.5210208334 59 25
170218.5210208334 170485.25885416675 59 25
170485.25885416675 170751.99668750007 59 25
170751.99668750007 171018.73452083342 59 25
171018.73452083342 171285.47235416676 59 25
171285.47235416676 171552.21018750008 59 25
171552.21018750008 171818.94802083343 59 25
171818.94802083343 172085.68585416678 59 25
175215.66797916676 175482.4058125001 59 26
175482.4058125001 175749.14364583345 59 26
175749.14364583345 176015.88147916677 59 27
176015.88147916677 176282.61931250012 59 28
176282.61931250012 176549.35714583346 59 30
176549.35714583346 176816.09497916678 59 31
176816.09497916678 177082.83281250013 59 33
177082.83281250013 177349.57064583348 59 33
177349.57064583348 177616.3084791668 59 33
177616.3084791668 177883.04631250014 59 35
177883.04631250014 178149.7841458335 59 35
178149.7841458335 178416.5219791668 59 37
183259.08447916686 183530.74981250017 59 73
183530.74981250017 183802.41514583348 59 66
183802.41514583348 184074.08047916682 59 66
184074.08047916682 184549.4948125001 59 86
184889.07647916675 185159.49297916677 59 58
185159.49297916677 185428.81747916678 59 35
185428.81747916678 185698.50664583343 59 35
185698.50664583343 185970.76414583344 59 35
185970.76414583344 186242.28239583346 59 35
186242.28239583346 186512.69889583346 59 35
186512.69889583346 186781.66072916682 59 33
186781.66072916682 187050.62256250015 59 33
187050.62256250015 187321.77422916685 59 32
187321.77422916685 187594.40239583352 59 31
187594.40239583352 187865.5540625002 59 30
187865.5540625002 188135.9705625002 59 29
188135.9705625002 188410.3190625002 59 29
188410.3190625002 188684.6675625002 59 29
188684.6675625002 188959.01606250022 59 29
188959.01606250022 189233.3645625002 59 29
189233.3645625002 189507.7130625002 59 30
189507.7130625002 189782.06156250022 59 30
189782.06156250022 190048.79939583354 59 30
190048.79939583354 190315.5372291669 59 30
190315.5372291669 190582.27506250024 59 30
190582.27506250024 190849.01289583356 59 30
190849.01289583356 191115.7507291669 59 30
191115.7507291669 191382.48856250025 59 30
191382.48856250025 191649.22639583357 59 30
191649.22639583357 191915.96422916692 59 30
191915.96422916692 192182.70206250026 59 30
192182.70206250026 192443.7987291669 59 30
192443.7987291669 192704.89539583353 59 30
192704.89539583353 192965.99206250018 59 30
192965.99206250018 193226.13152083353 59 30
193226.13152083353 193483.39935416688 59 30
193483.39935416688 193740.66718750022 59 30
193740.66718750022 193997.93502083354 59 30
193997.93502083354 194255.20285416688 59 30
194255.20285416688 194512.47068750023 59 30
194512.47068750023 194786.81918750025 59 29
194786.81918750025 195061.16768750024 59 29
195061.16768750024 195335.51618750024 59 29
195335.51618750024 195609.86468750026 59 29
195609.86468750026 195884.21318750025 59 30
195884.21318750025 196158.56168750025 59 30
196158.56168750025 196425.2995208336 59 30
196425.2995208336 196692.03735416694 59 30
196692.03735416694 196958.77518750026 59 30
196958.77518750026 197225.5130208336 59 30
197225.5130208336 197492.25085416695 59 30
197492.25085416695 197758.98868750027 59 30
197758.98868750027 198033.7140208336 59 29
198033.7140208336 198308.4393541669 59 29
198308.4393541669 198583.16468750025 59 29
198583.16468750025 198857.89002083355 59 29
198857.89002083355 199132.6153541669 59 30
199132.6153541669 199407.3406875002 59 30
199407.3406875002 199674.50602083353 59 30
199674.50602083353 199941.67135416687 59 30
199941.67135416687 200208.8366875002 59 30
200208.8366875002 200482.73418750023 59 30
200482.73418750023 200756.63168750022 59 30
200756.63168750022 201030.52918750024 59 30
201030.52918750024 201304.95285416688 59 30
201304.95285416688 201579.37652083352 59 30
201579.37652083352 201853.8001875002 59 30
201853.8001875002 202128.22385416683 59 30
202128.22385416683 202402.64752083347 59 31
202402.64752083347 202677.07118750014 59 31
202677.07118750014 202944.9521875001 59 31
202944.9521875001 203212.8331875001 59 31
203212.8331875001 203480.7141875001 59 31
203480.7141875001 203754.6116875001 59 31
203754.6116875001 204028.5091875001 59 31
204028.5091875001 204302.4066875001 59 31
8887.79075 10025.644270833332 60 47
11069.580249999997 12188.230749999997 60 30
21636.121750000002 22215.04875 60 46
28869.28750000001 29932.458145833345 60 48
34772.842770833326 35184.36543749999 60 36
36057.99527083332 37182.85477083331 60 28
37182.85477083331 38324.21152083331 60 26
61023.52952083327 62098.67677083327 60 24
62098.67677083327 62698.5944291666 60 24
69565.33804166659 71603.1905416666 60 36
71603.1905416666 72433.3817916666 60 45
72433.3817916666 72968.90479166662 60 25
72968.90479166662 73504.42779166663 60 25
73504.42779166663 74039.95079166665 60 25
74039.95079166665 74602.38054166664 60 29
74602.38054166664 75139.82229166664 60 25
75139.82229166664 75677.26404166664 60 25
75677.26404166664 76266.88679166665 60 25
76266.88679166665 76815.53354166665 60 29
76815.53354166665 77354.52029166665 60 25
77354.52029166665 77893.50704166664 60 25
77893.50704166664 78432.49379166662 60 25
78432.49379166662 78994.92354166663 60 29
78994.92354166663 79535.85404166664 60 25
79535.85404166664 80076.78454166664 60 25
80076.78454166664 80666.40729166665 60 25
82851.62854166665 83402.08729166666 60 26
83402.08729166666 83943.01779166666 60 23
83943.01779166666 84483.94829166666 60 24
84483.94829166666 85071.49229166665 60 24
89651.6074166667 90214.0371666667 60 27
90214.0371666667 90776.4669166667 60 22
90776.4669166667 91338.89666666671 60 22
91338.89666666671 91901.32641666672 60 22
114334.30389583338 114898.42564583337 60 45
114898.42564583337 115984.37778125005 60 53
126648.86495833339 128991.42061875005 60 47
135579.5772083334 136685.65876458338 60 47
137761.36670833334 138880.01720833333 60 33
148327.90820833336 148906.8352083334 60 46
155561.07395833335 156541.37166666673 60 48
207677.23504166666 209527.30562499998 60 50
214856.01129166665 215749.62383541666 60 47
216618.64704166667 217066.40829166668 60 30
225154.41254166677 225544.0633750001 60 46
231302.1217916669 231826.12085416692 60 46
235766.18785416675 236098.63468750007 60 36
236804.63402083336 237338.50127083337 60 28
237713.87668750004 238164.32718750002 60 26
254732.46693750008 256555.5807875001 60 40
256828.22543750014 257121.45818750013 60 26
257121.45818750013 257404.98518750013 60 26
257700.4061875001 258004.5132708335 60 25
258004.5132708335 258317.30643750023 60 25
261960.3860000002 263423.74712500034 60 52
290491.7827500003 292702.86806250026 60 39
292702.86806250026 293243.3555833336 60 54
294427.7017083336 294896.58793750027 60 47
7777.830000000001 8901.851493750002 61 48
21925.58525 22229.109493750002 61 46
26652.78350000001 28902.31883750001 61 50
63242.27652083327 64317.42377083327 61 25
64317.42377083327 64896.350770833276 61 24
64896.350770833276 65415.41464583328 61 30
65462.28379166661 66014.7700416666 61 26
66014.7700416666 66593.69704166662 61 28
66593.69704166662 67189.8815416666 61 26
67189.8815416666 68358.4312916666 61 30
68358.4312916666 69565.33804166659 61 28
134469.6164583334 135598.3248666667 61 48
148617.37170833338 148920.89595208337 61 46
153344.5699583334 155589.38653333334 61 50
165752.92422916673 166020.3038958334 61 25
166020.3038958334 166287.68356250005 61 25
166287.68356250005 166555.06322916673 61 25
166555.06322916673 166816.15989583338 61 25
166816.15989583338 167077.25656250003 61 25
167077.25656250003 167338.35322916668 61 25
167338.35322916668 167598.4926875 61 25
167598.4926875 167855.76052083334 61 25
167855.76052083334 168113.0283541667 61 25
168113.0283541667 168370.29618750003 61 25
168370.29618750003 168627.56402083338 61 25
168627.56402083338 168884.83185416672 61 25
204302.4066875001 206793.43362499998 61 59
206758.73068749998 207688.59523541664 61 72
213959.59154166662 214867.37148541663 61 48
225388.2030416668 225637.1404666668 61 46
229206.8330416668 231023.92061666687 61 50
230997.24379166687 231416.4510416669 61 52
252946.59118750002 254743.82713125006 61 50
258620.24493750022 258913.47768750024 61 28
258913.47768750024 259197.00468750022 61 27
259492.4256875002 259795.99652083352 61 27
259795.99652083352 260107.71718750015 61 27
260412.59518750012 260713.51275000017 61 28
260713.51275000017 261010.95475000018 61 28
261010.95475000018 261322.6754166668 61 28
261322.6754166668 261639.1525000002 61 28
261639.1525000002 261960.3860000002 61 28
288062.4708333336 291671.02825000026 61 45
294029.51925000024 294478.76379166695 61 50
12188.230749999997 13354.554749999996 62 27
88479.28379166669 89051.80279166669 62 27
89051.80279166669 89651.6074166667 62 25
113225.24639583337 113779.77514583337 62 44
113779.77514583337 114874.9205729167 62 49
138880.01720833333 140046.3412083333 62 31
197758.98868750027 200414.25981250024 62 54
200208.8366875002 201236.34693750023 62 51
201030.52918750024 203686.1373125001 62 56
203480.7141875001 204508.4506875001 62 53
217522.33529166665 217988.17379166666 62 27
4517.187 8315.271750000002 63 50
9980.25575 11083.443468749998 63 49
13354.554749999996 17200.586249999993 63 50
22215.04875 24471.531816666673 63 50
35184.36543749999 35595.888104166654 63 35
36620.42502083332 37745.28452083332 63 24
37745.28452083332 38357.01992291665 63 23
38886.641270833316 39965.323270833316 63 24
39965.323270833316 40567.68484374998 63 24
40544.25027083332 41636.715270833316 63 28
41636.715270833316 42730.00977083331 63 25
42730.00977083331 43804.89327083331 63 28
43804.89327083331 44914.85402083331 63 25
44914.85402083331 46007.31902083331 63 31
46007.31902083331 47096.64352083331 63 32
56593.796270833285 57663.18502083328 63 24
57663.18502083328 58260.859679166606 63 24
58804.541770833275 59875.84802083328 63 27
59875.84802083328 60461.09977083327 63 25
60461.09977083327 61550.03002083327 63 28
61550.03002083327 62679.846770833276 63 26
67779.5042916666 68948.05404166659 63 26
68948.05404166659 69596.20224166659 63 24
89651.6074166667 90214.0371666667 63 27
90214.0371666667 90776.4669166667 63 22
90776.4669166667 91338.89666666671 63 22
91338.89666666671 91901.32641666672 63 22
91901.32641666672 92447.97366666672 63 33
92447.97366666672 93014.22516666671 63 30
93014.22516666671 93567.73066666671 63 30
93567.73066666671 94084.98766666673 63 30
95274.00989583334 95857.21364583334 63 25
95857.21364583334 96419.64339583335 63 25
96419.64339583335 96982.07314583336 63 25
99252.56614583336 100939.85539583338 63 49
112381.25414583337 113756.66978125004 63 49
131208.97345833335 135007.0582083334 63 50
136672.04220833335 137784.4720729167 63 49
140046.3412083333 143892.3727083333 63 50
148906.8352083334 151149.25753125007 63 50
161464.62922916672 162632.5078541667 63 47
162420.0432291667 162703.32939583337 63 29
162703.32939583337 162986.61556250005 63 29
162986.61556250005 163269.9017291667 63 29
163269.9017291667 163553.1878958334 63 29
163553.1878958334 163836.47406250006 63 30
163836.47406250006 164119.76022916674 63 30
164119.76022916674 164396.76856250004 63 30
164396.76856250004 164673.77689583338 63 30
164673.77689583338 164950.7852291667 63 30
164950.7852291667 165218.16489583338 63 30
165218.16489583338 165485.54456250006 63 30
165485.54456250006 165752.92422916673 63 30
165752.92422916673 166020.3038958334 63 30
166020.3038958334 166287.68356250005 63 30
166287.68356250005 166555.06322916673 63 30
166555.06322916673 166816.15989583338 63 30
166816.15989583338 167077.25656250003 63 30
167077.25656250003 167338.35322916668 63 30
167338.35322916668 167598.4926875 63 30
167598.4926875 167855.76052083334 63 30
167855.76052083334 168113.0283541667 63 30
168113.0283541667 168370.29618750003 63 30
168370.29618750003 168627.56402083338 63 30
168627.56402083338 168884.83185416672 63 30
168884.83185416672 169151.56968750004 63 29
169151.56968750004 169418.3075208334 63 29
169418.3075208334 169685.04535416674 63 29
169685.04535416674 169951.78318750006 63 29
169951.78318750006 170218.5210208334 63 30
170218.5210208334 170485.25885416675 63 30
170485.25885416675 170751.99668750007 63 30
170751.99668750007 171018.73452083342 63 30
171018.73452083342 171285.47235416676 63 30
171285.47235416676 171552.21018750008 63 30
171552.21018750008 171818.94802083343 63 30
171818.94802083343 172085.68585416678 63 30
172085.68585416678 172352.4236875001 63 30
172352.4236875001 172619.16152083344 63 30
172619.16152083344 172885.8993541668 63 30
172885.8993541668 173146.99602083344 63 30
173146.99602083344 173408.09268750006 63 30
173408.09268750006 173669.1893541667 63 30
173669.1893541667 173929.32881250005 63 30
173929.32881250005 174186.5966458334 63 30
174186.5966458334 174443.86447916675 63 30
174443.86447916675 174701.1323125001 63 30
174701.1323125001 174958.4001458334 63 30
174958.4001458334 175215.66797916676 63 30
175215.66797916676 175482.4058125001 63 31
175482.4058125001 175749.14364583345 63 32
175749.14364583345 176015.88147916677 63 32
176015.88147916677 176282.61931250012 63 34
176282.61931250012 176549.35714583346 63 36
176549.35714583346 176816.09497916678 63 37
176816.09497916678 177082.83281250013 63 39
177082.83281250013 177349.57064583348 63 39
177349.57064583348 177616.3084791668 63 40
177616.3084791668 177883.04631250014 63 42
177883.04631250014 178149.7841458335 63 42
178149.7841458335 178416.5219791668 63 44
184074.08047916682 184549.4948125001 63 86
191382.48856250025 192378.52456250024 63 51
196958.77518750026 197965.03268750026 63 46
211326.0512916667 214248.94337499994 63 50
215738.62354166666 216652.22913541665 63 49
218464.51554166668 221417.25737500002 63 50
225621.9935416668 227448.8941229168 63 50
236098.63468750007 236431.08152083337 63 35
237113.27602083338 237413.5763541667 63 26
237413.5763541667 237713.87668750004 63 26
238014.17702083336 238320.18752083337 63 26
238320.18752083337 238631.90818750006 63 26
238934.84668750004 239230.82460416667 63 26
239230.82460416667 239519.8419375 63 26
239819.24310416664 240124.8040208333 63 26
240124.8040208333 240436.5246875 63 26
240436.5246875 240890.93243749999 63 28
241319.1369375 241834.14589583332 63 25
242202.00943749998 242708.37514583333 63 28
243070.06493749996 243504.09268749997 63 25
243966.4846875 244420.89243749998 63 29
244849.0969375 245362.44397916668 63 26
249340.86118750006 251167.90513125004 63 52
253249.52968750003 253542.76243750003 63 27
253542.76243750003 253826.28943750006 63 27
254118.68710416672 254420.7462708334 63 27
254420.7462708334 254732.46693750008 63 25
255035.40543750007 255328.23743750004 63 28
255328.23743750004 255610.96293750004 63 28
255905.25377083334 256210.02843750006 63 23
256210.02843750006 256525.2869375001 63 23
256525.2869375001 256979.6946875001 63 28
257404.98518750013 257848.11668750012 63 28
272641.81356250035 274059.04668541707 63 46
283295.74366666697 286883.22533333366 63 44
16628.067249999993 17802.190993749995 64 46
80666.40729166665 81228.83704166664 64 29
81228.83704166664 81769.76754166665 64 25
81769.76754166665 82310.69804166665 64 25
82310.69804166665 82851.62854166665 64 25
93290.97791666671 93512.38011666673 64 53
143319.8537083333 144493.97745208332 64 46
184889.07647916675 185361.57702083344 64 86
188135.9705625002 189164.77743750022 64 50
190582.27506250024 191582.54193750024 64 46
194512.47068750023 195541.27756250027 64 50
196158.56168750025 197158.82856250028 64 47
221108.9960416667 222061.21846666673 64 46
17788.130249999995 20027.737822916664 65 50
62679.846770833276 63768.777020833266 65 29
63768.777020833266 64751.61902083328 65 27
82851.62854166665 83402.08729166666 65 31
83402.08729166666 83943.01779166666 65 28
83943.01779166666 84483.94829166666 65 29
84483.94829166666 85071.49229166665 65 29
85071.49229166665 85639.88929166667 65 25
85639.88929166667 86192.37554166667 65 26
86192.37554166667 86733.30604166667 65 28
86733.30604166667 87326.19154166667 65 30
87326.19154166667 87880.72029166667 65 32
87880.72029166667 88479.28379166669 65 27
91901.32641666672 93290.97791666671 65 55
93152.6015416667 93429.35429166672 65 54
93429.35429166672 93838.19591666672 65 53
98960.96427083337 100377.42564583337 65 43
144479.91670833333 146733.58502500004 65 50
222046.07154166672 223866.41164166672 65 50
258317.30643750023 258771.7141875002 65 29
259197.00468750022 259640.1361875002 65 27
178416.5219791668 179420.94585416687 66 73
189782.06156250022 190782.32843750023 66 47
49381.6180208333 50496.53402083329 67 33
50496.53402083329 51567.58002083329 67 25
51567.58002083329 52655.13052083329 67 29
52655.13052083329 53815.19352083329 67 33
53815.19352083329 54905.79227083329 67 30
54905.79227083329 56021.71773749995 67 26
56031.36652083329 57120.29677083329 67 28
57120.29677083329 57952.64852083328 67 24
66593.69704166662 67209.53563333327 67 48
89651.6074166667 90214.0371666667 67 32
90214.0371666667 90776.4669166667 67 27
90776.4669166667 91338.89666666671 67 27
91338.89666666671 91901.32641666672 67 27
93014.22516666671 93290.97791666671 67 54
95274.00989583334 95857.21364583334 67 30
95857.21364583334 96419.64339583335 67 30
96419.64339583335 96982.07314583336 67 30
165752.92422916673 166750.88572916674 67 51
172885.8993541668 173865.01185416672 67 47
247574.98893750002 248029.39668750003 67 30
248475.55968750006 248908.21043750006 67 27
249340.86118750006 249779.45768750002 67 32
250219.4694375 250681.86143750002 67 33
251156.54493750003 251610.95268750002 67 35
252037.57393750004 252479.0101875 67 32
252946.59118750002 253400.99893750003 67 34
253826.28943750006 254264.88593750005 67 33
260107.71718750015 260526.92443750016 67 30
261639.1525000002 261994.7806604169 67 46
270263.85285416705 270617.62650416704 67 58
271148.286979167 271796.872004167 67 50
272091.68337916705 272229.2620208337 67 39
279758.007166667 280504.8626500004 67 43
280544.1708333337 282116.498166667 67 44
283295.74366666697 286883.22533333366 67 47
288062.4708333336 291671.02825000026 67 47
11069.580249999997 12202.648281249998 68 51
35595.888104166654 36057.99527083332 68 35
41106.680020833315 42183.36252083331 68 25
42183.36252083331 42765.83922083332 68 25
45477.28377083331 46025.47442916664 68 31
47096.64352083331 48215.2940208333 68 33
48215.2940208333 49381.6180208333 68 35
58242.11202083327 59329.200770833275 68 30
59329.200770833275 60314.78683333327 68 27
66014.7700416666 67040.83541666661 68 48
69565.33804166659 71603.1905416666 68 50
85071.49229166665 85639.88929166667 68 30
85639.88929166667 86192.37554166667 68 31
86192.37554166667 86733.30604166667 68 33
86733.30604166667 87326.19154166667 68 35
87326.19154166667 87880.72029166667 68 38
87880.72029166667 88479.28379166669 68 33
88479.28379166669 89051.80279166669 68 33
89051.80279166669 89651.6074166667 68 30
93567.73066666671 94035.62931666672 68 58
98669.36239583338 99194.24577083338 68 45
137761.36670833334 138894.43473958332 68 51
162420.0432291667 163482.3663541667 68 50
164950.7852291667 165953.45897916672 68 46
168884.83185416672 169885.09872916676 68 50
171285.47235416676 172285.7392291668 68 46
172085.68585416678 173081.72185416677 68 51
175215.66797916676 176215.9348541668 68 55
177616.3084791668 178616.8424791668 68 65
188959.01606250022 189982.1149375002 68 47
195335.51618750024 196358.61506250026 68 47
216618.64704166667 217549.50920416665 68 51
236431.08152083337 236804.63402083336 68 35
240739.46318750002 241033.66727083334 68 26
241033.66727083334 241319.1369375 68 26
241613.42777083334 241907.71860416667 68 25
241907.71860416667 242202.00943749998 68 25
244269.42318749998 244563.62727083333 68 27
244563.62727083333 244849.0969375 68 26
245729.1204375 246176.88168750005 68 30
246632.80868750002 247098.6471875 68 27
254732.46693750008 255186.87468750007 68 30
255610.96293750004 256052.39918750004 68 27
261322.6754166668 261880.07762500018 68 46
261960.3860000002 263423.74712500034 68 52
269863.82995833375 270558.66422916704 68 54
271443.098354167 271963.9317833337 68 52
271963.9317833337 272189.95383750036 68 39
272229.2620208337 272597.7606958337 68 44
279357.9842708337 280111.780816667 68 42
280937.252666667 283148.33797916694 68 44
285703.9798333337 287915.06514583365 68 44
290491.7827500003 292702.86806250026 68 46
60461.09977083327 62698.5944291666 69 48
97825.71777083336 98388.14752083337 69 43
192182.70206250026 193161.8145625002 69 47
256525.2869375001 258328.66663125026 69 48
288455.552666667 289241.71633333364 69 52
12188.230749999997 13377.989322916663 70 56
38324.21152083331 40567.68484374998 70 46
43267.45152083331 44342.335020833314 70 25
44342.335020833314 44938.288593749974 70 25
46551.98127083331 47128.99103124998 70 33
49944.04777083329 51032.057020833294 70 25
51032.057020833294 51590.20036458329 70 25
52110.468270833284 53227.649520833285 70 30
53227.649520833285 53843.315008333295 70 34
54377.62327083329 55452.439520833286 70 24
55452.439520833286 56031.36652083329 70 23
56031.36652083329 57952.64852083328 70 50
65462.28379166661 66448.96529166661 70 48
67189.8815416666 69596.20224166659 70 50
94964.09252083335 95798.89327083335 70 45
97544.50289583336 98050.68967083337 70 44
98388.14752083337 98960.96427083337 70 46
138880.01720833333 140065.08886666663 70 56
164119.76022916674 165151.31997916673 70 47
170485.25885416675 171485.52572916678 70 47
176816.09497916678 177816.3618541668 70 61
217522.33529166665 218483.4491979167 70 56
238631.90818750006 240481.9654625 70 46
242491.36127083332 242780.71310416664 70 26
242780.71310416664 243070.06493749996 70 26
243359.41677083328 243658.22335416664 70 25
243658.22335416664 243966.4846875 70 25
245142.43810416668 245435.77927083333 70 26
245435.77927083333 245729.1204375 70 26
247877.92743750004 248178.11768750005 70 28
248178.11768750005 248475.55968750006 70 28
248763.9935208334 249052.42735416672 70 23
249052.42735416672 249340.86118750006 70 23
249633.2588541667 249926.12827083335 70 28
249926.12827083335 250219.4694375 70 28
250527.73077083332 250840.08927083336 70 29
250840.08927083336 251156.54493750003 70 28
251459.48343750002 251753.15977083336 70 28
251753.15977083336 252037.57393750004 70 28
252331.86477083337 252634.87052083338 70 26
252634.87052083338 252946.59118750002 70 26
252946.59118750002 254342.81610416673 70 57
260713.51275000017 261010.95475000018 70 47
261010.95475000018 261478.53575000016 70 48
269467.0819583337 270063.3511250004 70 53
270853.47560416703 271403.7901708337 70 51
271836.1801875004 272091.68337916705 70 45
278961.2362708337 279557.50543750037 70 44
288062.4708333336 288848.6345000003 70 64
288848.6345000003 289290.8515625003 70 52
290063.33375000034 291671.02825000026 70 52
94084.98766666673 94319.52145833337 71 45
163269.9017291667 164327.51647916672 71 47
169685.04535416674 170685.31222916677 71 47
176015.88147916677 177016.1483541668 71 56
179759.51564583354 180230.2116041669 71 85
180030.37147916688 181033.4809791669 71 81
183259.08447916686 183734.49881250015 71 81
36057.99527083332 38357.01992291665 72 50
44914.85402083331 46025.47442916664 72 47
47651.1722708333 48229.7115520833 72 34
57663.18502083328 58242.11202083327 72 46
64896.350770833276 65876.6484791666 72 48
71870.95204166659 75086.07811666664 72 50
80666.40729166665 83888.92474166666 72 52
88180.00204166668 88419.42744166669 72 54
93838.19591666672 94131.02818750005 72 51
94271.62872916671 94516.49937500003 72 45
94670.28545833335 95274.00989583334 72 49
97263.28802083335 97825.71777083336 72 46
98106.93264583337 98613.11942083338 72 47
236804.63402083336 238643.26838125003 72 50
243966.4846875 244860.09723125 72 47
246027.62793750002 246328.8573541667 72 28
246328.8573541667 246632.80868750002 72 28
254264.88593750005 254654.5367708334 72 56
260412.59518750012 260936.59425000017 72 47
269073.3023750004 269665.10179166705 72 52
272531.6813958337 272994.7547125004 72 46
278567.45668750035 279159.256104167 72 45
283688.82550000027 284474.9891666669 72 55
285703.9798333337 287915.06514583365 72 52
287915.06514583365 288455.552666667 72 54
289642.5750833336 290491.7827500003 72 52
43804.89327083331 44938.288593749974 73 48
57952.64852083328 58260.859679166606 73 46
62679.846770833276 64915.225820833286 73 50
166555.06322916673 167534.17572916666 73 47
243070.06493749996 244034.64584999997 73 48
254498.67643750008 254743.82713125006 73 58
258317.30643750023 260119.15011250015 73 50
260107.71718750015 260526.92443750016 73 48
268680.220541667 269269.84329166706 73 51
270558.66422916704 271010.7083375004 73 53
278174.374854167 278763.99760416703 73 45
280151.0890000003 280897.9444833337 73 42
283295.74366666697 284081.9073333336 73 63
284081.9073333336 284524.1243958336 73 55
285284.1645000003 286883.22533333366 73 54
289241.71633333364 289694.015416667 73 54
48791.99527083331 49405.05259374996 74 35
86192.37554166667 88030.36116666668 74 53
88030.36116666668 88329.64291666668 74 55
88329.64291666668 88994.55089166669 74 54
94466.41925000004 94912.43962500001 74 45
96982.07314583336 97544.50289583336 74 47
246943.3676875 247257.42777083334 74 27
247257.42777083334 247574.98893750002 74 27
40544.25027083332 44342.335020833314 75 50
46007.31902083331 47128.99103124998 75 49
49381.6180208333 53227.649520833285 75 50
58242.11202083327 60489.22125833327 75 50
85071.49229166665 86679.21299166666 75 57
87880.72029166667 88180.00204166668 75 55
89338.06229166669 90157.79419166669 75 55
89651.6074166667 92393.30894166672 75 62
96700.85827083336 97263.28802083335 75 49
179488.6598125002 179962.65752083354 75 85
240436.5246875 243359.41677083328 75 50
244849.0969375 245747.77715625 75 49
247574.98893750002 250527.73077083332 75 50
254732.46693750008 256555.5807875001 75 60
265503.37525000045 266662.5667666671 75 50
268287.1387083337 269033.994191667 75 51
274997.5295625004 276156.7210791671 75 42
277781.2930208337 278528.148504167 75 43
283148.33797916694 283688.82550000027 75 52
284873.30710416695 285703.9798333337 75 55
52655.13052083329 53843.315008333295 76 46
181373.06264583356 181844.5681041669 76 93
181644.72797916687 182647.8374791669 76 88
250219.4694375 251167.90513125004 76 55
266398.12412500044 267057.02390000044 76 50
275892.2784375004 276551.1782125004 76 42
53815.19352083329 56064.17492291662 77 50
75677.26404166664 76760.66886666665 77 48
80076.78454166664 81172.59406666664 77 48
84483.94829166666 85583.04959166667 77 51
88479.28379166669 89588.89839166669 77 63
96419.64339583335 96925.83017083335 77 50
251156.54493750003 252969.311575 77 59
266703.25025000045 268640.9123583337 77 55
276197.4045625004 278135.0666708337 77 46
284474.9891666669 284923.9759375003 77 58
178416.5219791668 179691.8016875002 78 86
75139.82229166664 76207.92451666665 79 51
79535.85404166664 80607.44501666665 79 50
83943.01779166666 85012.73789166666 79 49
95274.00989583334 96700.85827083336 79 52
279758.007166667 280504.8626500004 79 51
280544.1708333337 282116.498166667 79 52
47096.64352083331 48229.7115520833 80 51
74602.38054166664 75623.51986666664 80 50
78994.92354166663 80022.69149166663 80 50
83402.08729166666 84429.85524166666 80 46
181101.39731250025 181576.81164583354 80 93
245729.1204375 246640.5726625 80 51
279357.9842708337 280111.780816667 80 50
280937.252666667 283148.33797916694 80 52
48215.2940208333 49405.05259374996 82 56
182987.41914583356 183462.83347916685 82 92
246632.80868750002 247586.34913125003 82 56
278961.2362708337 279557.50543750037 82 52
180030.37147916688 181305.14631250023 83 96
183259.08447916686 183734.49881250015 83 96
76266.88679166665 79481.76099166663 84 54
278567.45668750035 279159.256104167 84 53
182715.75381250022 183191.16814583354 85 92
278174.374854167 278763.99760416703 85 53
280151.0890000003 280897.9444833337 85 50
274997.5295625004 276156.7210791671 87 50
277781.2930208337 278528.148504167 87 51
181644.72797916687 182919.5028125002 88 104
275892.2784375004 276551.1782125004 88 50
276197.4045625004 278135.0666708337 89 55
