57079.675333333325 57328.637833333334 39 40
56695.05958333333 57204.15658333333 40 46
57204.15658333333 57468.17283333333 40 42
21344.637791666664 21838.87529166666 41 38
21584.63779166666 21848.717812499995 41 31
33506.54179166665 34180.653656249975 41 30
49014.69291666664 49236.91491666664 41 36
49236.91491666664 49487.436916666644 41 33
71856.65324999994 72081.92924999996 41 36
72081.92924999996 72332.45124999995 41 33
104830.4244166667 105079.02362500003 41 33
105068.5194166667 105502.34322083337 41 32
22075.095791666663 22733.952097916663 42 30
22802.515291666663 23310.990291666658 43 28
23056.752791666662 23835.725458333323 43 25
57328.637833333334 57481.02330833334 43 44
75149.72516666664 75543.34899999996 44 51
75620.29583333331 75791.94095833332 44 46
77960.15224999996 78355.35074999994 44 51
78433.26874999994 78607.04845833329 44 46
36524.34579166664 37027.65420416665 45 34
39303.252374999975 39806.56078749998 45 34
42069.70537499997 42571.09478749998 45 34
44841.90154166664 45345.20995416664 45 34
58028.92083333334 58557.110666666675 45 43
59362.63683333333 59873.88049583334 45 34
62150.43166666666 62653.74007916666 45 34
64908.68304166668 65409.21018750002 45 34
67677.63333333335 68180.94174583332 45 34
75504.7120833333 75658.61291666664 45 43
75734.93708333331 75861.98593333332 45 48
78316.23016666662 78472.06449999995 45 43
78549.33833333327 78671.2806145833 45 48
14338.869791666668 15274.58897916667 46 30
25708.78879166665 26624.75502291666 46 30
34251.62829166664 34765.60629166664 46 28
34505.86579166664 35573.15329166664 46 24
51827.29233333332 52052.568333333315 46 36
52052.568333333315 52303.09033333332 46 33
57468.17283333333 58052.58946666667 46 46
97088.05849999998 98012.06710000001 46 30
105572.7214166667 106084.56291666669 46 34
105824.82241666669 106906.35741666668 46 29
112614.39841666672 112968.22859166673 46 20
125247.25441666675 126798.45887916675 46 18
76074.96833333331 76323.0650083333 47 42
78893.57474999996 79129.85414166663 47 42
12917.994791666668 13395.179291666669 48 31
13158.958791666668 13404.906916666669 48 29
13395.179291666669 13866.737291666668 48 35
13628.642291666669 13878.883041666668 48 27
17099.695291666663 17995.92133333333 48 41
17778.940291666662 18005.35529166666 48 42
24301.46279166665 24772.639791666654 48 28
24539.55779166665 24782.19052083332 48 27
24772.639791666654 25237.613791666652 48 28
25001.857291666653 25243.71135416665 48 27
28463.025291666665 29375.294458333326 48 41
29154.42929166666 29384.897291666657 48 42
32769.38929166665 33263.626791666655 48 36
33009.38929166665 33273.74824999998 48 30
49014.69291666664 49236.91491666664 48 41
49236.91491666664 49487.436916666644 48 37
71856.65324999994 72081.92924999996 48 41
72081.92924999996 72332.45124999995 48 37
74681.55366666663 74906.82966666664 48 31
74906.82966666664 75149.72516666664 48 28
76301.1443333333 76598.20012499996 48 48
79122.54724999996 79410.87267916663 48 48
95679.50549999996 96148.31949999997 48 31
95911.16549999997 96158.00941666664 48 28
96148.31949999997 96619.9215 48 31
96380.87749999999 96622.9215 48 29
99829.6244166667 100285.8984166667 48 44
100057.7614166667 100732.66670833337 48 45
100514.0354166667 100742.17241666671 48 42
104098.7834166667 104592.3294166667 48 42
104335.9189166667 104604.2341666667 48 34
35031.09279166665 35573.15329166664 49 32
106351.22941666668 106906.35741666668 49 32
11397.99879166667 11915.23979166667 50 23
11656.61929166667 12436.290129166668 50 21
15716.88329166667 16187.260520833333 50 33
16177.709791666668 16648.001566666666 50 36
22075.095791666663 22327.689591666665 50 37
22311.316291666662 22733.952097916663 50 36
22802.515291666663 23310.990291666658 50 33
23056.752791666662 23835.725458333323 50 29
27080.90779166666 27552.025749999993 50 33
27542.591791666662 27995.42179166666 50 36
27769.006791666663 28002.338243749997 50 37
35296.57929166665 35815.010791666646 50 32
37448.41354166663 37673.38454166663 50 30
37895.96087499997 38116.776374999965 50 40
40227.32012499996 40452.29112499996 50 30
40676.90487499997 40897.72037499997 50 38
42990.150624999966 43157.43837499996 50 30
43433.37687499997 43653.29154166664 50 40
45765.96929166663 45990.94029166662 50 30
46215.55404166663 46436.36954166664 50 38
51827.29233333332 52052.568333333315 50 41
52052.568333333315 52303.09033333332 50 37
60294.63983333333 60519.610833333325 50 30
60742.18716666666 60963.00266666666 50 40
63071.89129166665 63292.88729166666 50 30
63516.54254166668 63737.358041666674 50 38
65824.85808333337 66011.00916666671 50 30
66270.14033333337 66490.95583333336 50 40
68601.70108333332 68826.67208333332 50 30
69051.28583333331 69272.1013333333 50 38
75848.79233333332 76244.60033333329 50 51
78664.60224999995 79065.30412499995 50 51
94158.58799999995 94680.32699999995 50 23
94419.45749999995 95442.35149999996 50 21
98458.27941666669 98915.73941666668 50 33
98681.32791666669 98926.07776666668 50 34
98915.73941666668 99364.3519166667 50 37
99141.30341666669 99379.17288541669 50 38
106617.89591666669 106944.32100000001 50 32
112614.39841666672 112968.22859166673 50 20
21344.637791666664 21848.717812499995 51 38
32769.38929166665 33273.74824999998 51 36
33506.54179166665 34180.653656249975 51 36
34251.62829166664 34765.60629166664 51 36
34505.86579166664 35048.791891666646 51 32
104098.7834166667 104592.3294166667 51 42
104335.9189166667 104604.2341666667 51 41
104830.4244166667 105079.02362500003 51 40
105068.5194166667 105502.34322083337 51 39
105572.7214166667 106084.56291666669 51 37
105824.82241666669 106357.89607916668 51 32
111841.74241666672 112121.33935000005 51 27
9918.92629166667 10424.208437500005 52 31
10414.127791666671 10903.207125000004 52 30
51143.269416666655 51336.290833333325 52 40
51374.452916666654 51564.32033333332 52 36
52779.34833333332 53045.03652499998 52 40
54219.70533333331 54479.42545833331 52 40
56161.68308333332 56726.04251874999 52 32
57748.546833333334 58557.110666666675 52 32
92668.04699999995 93651.13149999994 52 31
93408.21649999995 93665.02040208329 52 30
8471.111291666668 8962.27856041667 53 37
8953.420291666669 9441.61760416667 53 36
12430.11729166667 12917.994791666668 53 52
12917.994791666668 13395.179291666669 53 31
13158.958791666668 13404.906916666669 53 29
13395.179291666669 13866.737291666668 53 35
13628.642291666669 13878.883041666668 53 27
14797.30479166667 15274.58897916667 53 55
19900.17179166666 20859.82466666666 53 38
24301.46279166665 24772.639791666654 53 28
24539.55779166665 24782.19052083332 53 27
24772.639791666654 25237.613791666652 53 28
25001.857291666653 25243.71135416665 53 27
26163.333791666657 26624.75502291666 53 55
31321.861791666648 32287.79249999998 53 40
33506.54179166665 34180.653656249975 53 36
34765.60629166664 35573.15329166664 53 29
37221.00962499997 37410.717541666636 53 30
39999.91620833331 40189.624124999966 53 30
42764.4502083333 42915.314166666634 53 30
45538.56537499997 45728.273291666635 53 30
51827.29233333332 52052.568333333315 53 46
52052.568333333315 52303.09033333332 53 42
60067.235916666665 60256.94383333333 53 30
62847.09549999999 62978.746416666654 53 30
65599.92675000004 65787.5446666667 53 30
68374.29716666667 68564.00508333332 53 30
73997.53074999996 74190.55216666663 53 36
74228.71424999996 74418.58166666662 53 32
75388.48366666664 75620.29583333331 53 30
75620.29583333331 75810.94224999998 53 27
76074.96833333331 76301.1443333333 53 26
76301.1443333333 76559.7385833333 53 23
77490.91424999994 77716.19024999996 53 31
77716.19024999996 77960.15224999996 53 28
78197.87024999995 78433.26874999994 53 30
78433.26874999994 78626.28516666662 53 27
78893.57474999996 79122.54724999996 53 26
79122.54724999996 79373.06924999996 53 23
80310.60741666661 80540.5099166666 53 31
80540.5099166666 80788.79241666662 53 28
81773.84391666662 82017.74641666663 53 31
82017.74641666663 82283.23291666663 53 28
83366.19891666665 83673.57591666664 53 22
83673.57591666664 84004.70191666663 53 20
91240.0274166666 92183.90609166662 53 38
95197.45349999995 95679.50549999996 53 52
95679.50549999996 96148.31949999997 53 31
95911.16549999997 96158.00941666664 53 28
96148.31949999997 96619.9215 53 31
96380.87749999999 96622.9215 53 29
97540.076 98012.06710000001 53 55
102664.88991666673 103624.41432500005 53 42
104830.4244166667 105079.02362500003 53 40
105068.5194166667 105502.34322083337 53 39
106084.56291666669 106906.35741666668 53 29
110827.70291666669 111074.9014166667 53 27
111074.9014166667 111338.42941666671 53 25
112614.39841666672 112968.22859166673 53 26
125247.25441666675 126798.45887916675 53 22
34251.62829166664 34765.60629166664 54 36
34505.86579166664 34779.986810416645 54 32
76802.65358333329 76998.97491666663 54 36
77037.44833333329 77227.94224999995 54 32
79611.82774999997 79809.44816666661 54 36
79848.40716666661 80042.23149999995 54 32
105572.7214166667 106084.56291666669 54 37
105824.82241666669 106091.2295791667 54 32
107146.12741666668 107385.89741666669 54 27
107385.89741666669 107634.17991666669 54 24
107634.17991666669 107874.9699166667 54 27
107874.9699166667 108115.7599166667 54 25
110080.38441666668 110325.4024166667 54 27
110325.4024166667 110580.50441666669 54 24
111841.74241666672 112121.33935000005 54 27
5700.083791666667 6601.567641666667 55 38
7060.494791666667 7533.823291666667 55 44
7286.909791666667 7544.31946875 55 38
7533.823291666667 8000.001558333334 55 41
9918.92629166667 10414.127791666671 55 31
10159.89029166667 10424.208437500005 55 26
10414.127791666671 10903.207125000004 55 25
12677.030791666668 13404.906916666669 55 55
14109.652291666669 14802.080156250002 55 59
15255.73979166667 15589.559772916671 55 57
15716.88329166667 16187.260520833333 55 33
16177.709791666668 16648.001566666666 55 36
17552.52529166666 18015.815541666663 55 70
18484.538291666664 18954.672291666666 55 46
18716.198291666664 18963.427154166664 55 39
18954.672291666666 19429.82874166666 55 43
22802.515291666663 23310.990291666658 55 36
23056.752791666662 23835.725458333323 55 32
24063.367791666653 24782.19052083332 55 55
25481.516291666652 26172.803479166658 55 59
26617.87879166666 26951.17307291666 55 57
27080.90779166666 27552.025749999993 55 33
27542.591791666662 27995.42179166666 55 36
27769.006791666663 28002.338243749997 55 37
28923.96129166666 29401.99132499999 55 70
29878.46179166665 30361.517291666652 55 44
30115.615791666653 30374.41410416665 55 41
30361.517291666652 30849.070933333314 55 45
35815.010791666646 36292.52429166664 55 31
36524.34579166664 37027.65420416665 55 34
38600.85087499996 39071.43087499997 55 31
39303.252374999975 39806.56078749998 55 34
41374.238874999966 41839.802874999965 55 31
42069.70537499997 42571.09478749998 55 34
44137.56754166664 44610.08004166664 55 31
44841.90154166664 45345.20995416664 55 34
48335.22054166664 48528.24195833331 55 40
48566.40404166665 48717.63545833331 55 36
50436.97091666665 50670.72491666666 55 40
50670.72491666666 50910.49491666665 55 34
51143.269416666655 51336.290833333325 55 44
51374.452916666654 51564.32033333332 55 41
55431.72633333331 55927.17884166665 55 36
56951.470083333326 57481.02330833334 55 36
57748.546833333334 58557.110666666675 55 32
58643.69083333334 59126.416333333334 55 31
59362.63683333333 59873.88049583334 55 34
61447.07716666666 61918.61016666666 55 31
62150.43166666666 62653.74007916666 55 34
64213.21654166668 64678.78054166668 55 31
64908.68304166668 65409.21018750002 55 34
66973.29933333334 67445.81183333336 55 31
67677.63333333335 68180.94174583332 55 34
71172.6303333333 71365.65174999998 55 40
71403.8138333333 71593.68124999997 55 36
73286.60024999994 73522.82074999996 55 30
73522.82074999996 73764.75624999996 55 25
74681.55366666663 74906.82966666664 55 31
74906.82966666664 75149.72516666664 55 28
88459.91141666661 89378.82230208328 55 38
89838.52091666662 90306.0024166666 55 44
90067.52841666661 90314.6449666666 55 41
90306.0024166666 90774.9422666666 55 45
92668.04699999995 93165.30149999994 55 38
92909.98249999994 93651.13149999994 55 31
93408.21649999995 93665.02040208329 55 30
95442.35149999996 96158.00941666664 55 55
96859.92149999998 97549.58170833334 55 59
97996.35 98270.30941666667 55 57
98458.27941666669 98915.73941666668 55 33
98681.32791666669 98926.07776666668 55 34
98915.73941666668 99364.3519166667 55 37
99141.30341666669 99379.17288541669 55 38
100285.8984166667 100755.94361458338 55 75
101227.1789166667 101709.3864166667 55 50
101462.4729166667 101716.30340833338 55 44
101709.3864166667 102198.03867083338 55 47
108610.6319166667 108850.4019166667 55 27
108850.4019166667 109098.6844166667 55 24
109339.4744166667 109580.26441666669 55 27
109580.26441666669 109835.3664166667 55 25
4334.833499999999 4804.3243999999995 56 30
4791.166499999999 5247.960372916666 56 33
16873.280291666662 17561.959249999993 56 72
21104.63779166666 21838.87529166666 56 58
28232.55729166666 28934.524408333327 56 72
32529.38929166665 33263.626791666655 56 54
49722.160416666644 49959.31441666665 56 41
49959.31441666665 50203.21691666666 56 34
72567.17474999995 72813.07624999995 56 32
72813.07624999995 73052.84624999994 56 26
73997.53074999996 74190.55216666663 56 39
74228.71424999996 74418.58166666662 56 36
87092.10541666661 87561.29920833328 56 30
87551.93591666661 88007.30230416662 56 33
99601.4874166667 100292.55241250004 56 75
103861.64791666671 104592.3294166667 56 64
2963.4804999999997 3876.028499999999 57 30
7060.494791666667 7533.823291666667 57 45
7286.909791666667 7544.31946875 57 38
7533.823291666667 8000.001558333334 57 41
8471.111291666668 8962.27856041667 57 37
8953.420291666669 9441.61760416667 57 36
9918.92629166667 10897.99879166667 57 37
10656.063291666671 10903.207125000004 57 36
11397.99879166667 11915.23979166667 57 33
11656.61929166667 12436.290129166668 57 29
13395.179291666669 13878.883041666668 57 55
15493.834791666672 16187.260520833333 57 63
21584.63779166666 21848.717812499995 57 53
22311.316291666662 22733.952097916663 57 54
22556.915791666666 23320.524197916657 57 50
23819.465291666656 24138.764541666653 57 52
24772.639791666654 25243.71135416665 57 56
26853.63529166666 27552.025749999993 57 60
33009.38929166665 33273.74824999998 57 50
33506.54179166665 33749.45679166664 57 36
33749.45679166664 34180.653656249975 57 53
34251.62829166664 34765.60629166664 57 36
34505.86579166664 34779.986810416645 57 32
36524.34579166664 36766.97279791664 57 36
36756.16729166664 37027.65420416665 57 34
37221.00962499997 37410.717541666636 57 36
37673.38454166663 37822.06737499997 57 44
39303.252374999975 39547.84401874997 57 36
39535.07387499997 39806.56078749998 57 34
39999.91620833331 40189.624124999966 57 36
40452.29112499996 40582.34983333329 57 44
42069.70537499997 42309.43106249997 57 36
42299.60787499997 42571.09478749998 57 34
42764.4502083333 42915.314166666634 57 36
43212.78887499996 43433.37687499997 57 44
44841.90154166664 45082.56391041664 57 36
45073.72304166664 45345.20995416664 57 34
45538.56537499997 45728.273291666635 57 36
45990.94029166662 46120.99899999995 57 44
49014.69291666664 49236.91491666664 57 46
49236.91491666664 49487.436916666644 57 42
50910.49491666665 51336.290833333325 57 57
53263.41583333331 53508.66699999997 57 40
53500.569833333306 53979.70533333331 57 34
54701.75733333331 54941.98510208331 57 40
54938.91133333331 55223.907470833314 57 34
59362.63683333333 59609.85733333334 57 36
59598.85733333333 59873.88049583334 57 34
60067.235916666665 60256.94383333333 57 36
60519.610833333325 60668.293666666665 57 44
62150.43166666666 62391.09403541666 57 36
62382.253166666655 62653.74007916666 57 34
62847.09549999999 62978.746416666654 57 36
63292.88729166666 63421.987499999996 57 44
64908.68304166668 65145.46177291668 57 36
65138.585541666675 65409.21018750002 57 34
65599.92675000004 65787.5446666667 57 36
66048.04616666671 66196.24683333338 57 44
67677.63333333335 67918.29570208334 57 36
67909.45483333334 68180.94174583332 57 34
68374.29716666667 68564.00508333332 57 36
68826.67208333332 68956.73079166665 57 44
71856.65324999994 72081.92924999996 57 46
72081.92924999996 72332.45124999995 57 42
77490.91424999994 77716.19024999996 57 35
77716.19024999996 77960.15224999996 57 31
80310.60741666661 80540.5099166666 57 35
80540.5099166666 80788.79241666662 57 31
81773.84391666662 82017.74641666663 57 35
82017.74641666663 82283.23291666663 57 31
83366.19891666665 83673.57591666664 57 26
83673.57591666664 84004.70191666663 57 22
85702.46541666663 86628.79841666661 57 30
89838.52091666662 90306.0024166666 57 44
90067.52841666661 90314.6449666666 57 41
90306.0024166666 90774.9422666666 57 45
91240.0274166666 92183.90609166662 57 38
92668.04699999995 93165.30149999994 57 38
92909.98249999994 93665.02040208329 57 37
94158.58799999995 94680.32699999995 57 33
94419.45749999995 95442.35149999996 57 29
96148.31949999997 96622.9215 57 56
98232.10650000001 98926.07776666668 57 60
104335.9189166667 104604.2341666667 57 58
104830.4244166667 105068.5194166667 57 40
105068.5194166667 105502.34322083337 57 57
105572.7214166667 106084.56291666669 57 37
105824.82241666669 106091.2295791667 57 32
111338.42941666671 112121.33935000005 57 44
1330.8035 1798.7265000000002 58 30
1561.5725 2040.6620000000003 58 31
1798.7265000000002 2057.903375 58 28
2040.6620000000003 2500.432 58 31
2270.547 2506.432 58 24
18484.538291666664 18954.672291666666 58 57
18716.198291666664 18963.427154166664 58 47
18954.672291666666 19429.82874166666 58 52
19900.17179166666 20859.82466666666 58 38
23310.990291666658 23835.725458333323 58 46
25708.78879166665 26624.75502291666 58 36
29878.46179166665 30361.517291666652 58 55
30115.615791666653 30374.41410416665 58 49
30361.517291666652 30849.070933333314 58 55
31321.861791666648 32287.79249999998 58 40
34765.60629166664 35573.15329166664 58 46
35815.010791666646 36292.52429166664 58 31
38600.85087499996 39071.43087499997 58 31
41374.238874999966 41839.802874999965 58 31
44137.56754166664 44610.08004166664 58 31
47628.92204166664 47862.676041666644 58 40
47862.676041666644 48102.44604166665 58 34
48335.22054166664 48528.24195833331 58 44
48566.40404166665 48717.63545833331 58 41
51259.656666666655 51412.61499999999 58 49
52538.38433333332 53026.261833333316 58 36
52779.34833333332 53045.03652499998 58 30
53979.70533333331 54464.60333333331 58 36
54219.70533333331 54479.42545833331 58 30
55431.72633333331 55927.17884166665 58 39
56161.68308333332 56726.04251874999 58 32
56951.470083333326 57481.02330833334 58 39
58643.69083333334 59126.416333333334 58 31
61447.07716666666 61918.61016666666 58 31
64213.21654166668 64678.78054166668 58 31
66973.29933333334 67445.81183333336 58 31
70466.3318333333 70700.0858333333 58 40
70700.0858333333 70939.85583333329 58 34
71172.6303333333 71365.65174999998 58 44
71403.8138333333 71593.68124999997 58 41
72567.17474999995 72813.07624999995 58 32
72813.07624999995 73052.84624999994 58 26
73286.60024999994 73522.82074999996 58 36
73522.82074999996 73764.75624999996 58 30
73764.75624999996 74190.55216666663 58 51
81031.70741666661 81274.62241666662 58 36
81274.62241666662 81529.94141666661 58 27
82540.52291666664 82797.81291666665 58 33
82797.81291666665 83087.38841666664 58 24
84247.42041666663 84742.95441666663 58 31
84498.25641666664 84752.9865208333 58 28
84742.95441666663 85224.49541666663 58 30
84983.72491666663 85230.54380416663 58 28
97088.05849999998 98012.06710000001 58 36
101227.1789166667 101709.3864166667 58 63
101462.4729166667 101716.30340833338 58 51
101709.3864166667 102198.03867083338 58 57
102664.88991666673 103624.41432500005 58 42
106084.56291666669 106906.35741666668 58 46
108610.6319166667 108850.4019166667 58 27
108850.4019166667 109098.6844166667 58 24
109339.4744166667 109580.26441666669 58 27
109580.26441666669 109835.3664166667 58 25
110080.38441666668 110325.4024166667 58 27
110325.4024166667 110580.50441666669 58 24
110827.70291666669 111074.9014166667 58 27
111074.9014166667 111338.42941666671 58 25
112106.52641666672 112968.22859166673 58 36
118679.20291666672 118951.09605416673 58 18
120233.71741666674 120506.4644583334 58 18
121818.93891666671 122139.73545208339 58 18
16177.709791666668 16648.001566666666 59 66
27542.591791666662 28002.338243749997 59 66
51374.452916666654 51564.32033333332 59 52
74113.91799999998 74266.8763333333 59 43
98915.73941666668 99379.17288541669 59 66
5700.083791666667 6601.567641666667 60 38
13866.737291666668 14145.9450625 60 52
17099.695291666663 17995.92133333333 60 41
17778.940291666662 18005.35529166666 60 42
18005.35529166666 18332.446958333327 60 72
25237.613791666652 25517.50110416665 60 53
28463.025291666665 29375.294458333326 60 41
29154.42929166666 29384.897291666657 60 42
29384.897291666657 29753.955941666653 60 72
33997.390791666636 34779.986810416645 60 50
46913.20904166664 47152.25304166665 60 34
47152.25304166665 47395.16804166664 60 28
48102.44604166665 48528.24195833331 60 57
49014.69291666664 49236.91491666664 60 46
49236.91491666664 49487.436916666644 60 42
69748.94083333328 69985.66433333329 60 34
69985.66433333329 70232.5778333333 60 28
70939.85583333329 71365.65174999998 60 57
71856.65324999994 72081.92924999996 60 46
72081.92924999996 72332.45124999995 60 42
74228.71424999996 74418.58166666662 60 46
74681.55366666663 74906.82966666664 60 35
74906.82966666664 75149.72516666664 60 31
76802.65358333329 76998.97491666663 60 36
77037.44833333329 77227.94224999995 60 32
79611.82774999997 79809.44816666661 60 36
79848.40716666661 80042.23149999995 60 32
81031.70741666661 81274.62241666662 60 36
81274.62241666662 81529.94141666661 60 27
81773.84391666662 82017.74641666663 60 35
82017.74641666663 82283.23291666663 60 31
82540.52291666664 82797.81291666665 60 33
82797.81291666665 83087.38841666664 60 24
83366.19891666665 83673.57591666664 60 31
83673.57591666664 84004.70191666663 60 26
88459.91141666661 89378.82230208328 60 38
96619.9215 96896.04319166666 60 52
99829.6244166667 100285.8984166667 60 44
100057.7614166667 100732.66670833337 60 45
100514.0354166667 100742.17241666671 60 42
100742.17241666671 101083.9098291667 60 79
105320.6204166667 106091.2295791667 60 53
107146.12741666668 107385.89741666669 60 27
107385.89741666669 107634.17991666669 60 24
107634.17991666669 107874.9699166667 60 27
107874.9699166667 108115.7599166667 60 25
7060.494791666667 7533.823291666667 61 49
7286.909791666667 7544.31946875 61 45
7533.823291666667 8000.001558333334 61 50
9918.92629166667 10897.99879166667 61 37
10656.063291666671 10903.207125000004 61 36
18256.40129166666 19849.01354166666 61 75
29641.307791666655 31269.696431249984 61 77
36524.34579166664 36766.97279791664 61 36
36756.16729166664 37027.65420416665 61 34
36991.10445833331 37144.685458333304 61 51
39303.252374999975 39547.84401874997 61 36
39535.07387499997 39806.56078749998 61 34
39770.01104166664 39923.592041666634 61 51
42069.70537499997 42309.43106249997 61 36
42299.60787499997 42571.09478749998 61 34
42534.54504166664 42688.126041666634 61 51
44841.90154166664 45082.56391041664 61 36
45073.72304166664 45345.20995416664 61 34
45308.660208333305 45462.241208333304 61 51
51488.62016666665 51613.28013333332 61 55
53263.41583333331 53508.66699999997 61 40
53500.569833333306 53979.70533333331 61 34
54701.75733333331 54941.98510208331 61 40
54938.91133333331 55223.907470833314 61 34
57748.546833333334 58557.110666666675 61 36
59362.63683333333 59609.85733333334 61 36
59598.85733333333 59873.88049583334 61 34
59837.33075000001 59990.91175 61 51
62150.43166666666 62391.09403541666 61 36
62382.253166666655 62653.74007916666 61 34
62617.190333333325 62770.77133333332 61 51
64908.68304166668 65145.46177291668 61 36
65138.585541666675 65409.21018750002 61 34
65373.225375000016 65581.12975000004 61 51
67677.63333333335 67918.29570208334 61 36
67909.45483333334 68180.94174583332 61 34
68144.39199999999 68297.973 61 51
89838.52091666662 90306.0024166666 61 55
90067.52841666661 90314.6449666666 61 49
90306.0024166666 90774.9422666666 61 55
92668.04699999995 93165.30149999994 61 38
92909.98249999994 93665.02040208329 61 37
100996.4099166667 102612.92915833338 61 84
109835.3664166667 110594.92432916671 61 50
1330.8035 1798.7265000000002 62 30
1561.5725 2040.6620000000003 62 31
1798.7265000000002 2057.903375 62 28
2040.6620000000003 2500.432 62 31
2270.547 2506.432 62 24
4334.833499999999 4804.3243999999995 62 30
4791.166499999999 5247.960372916666 62 33
8471.111291666668 8953.420291666669 62 44
8705.486291666668 9425.861291666668 62 43
9189.640791666669 9441.61760416667 62 42
11397.99879166667 11915.23979166667 62 35
11656.61929166667 12436.290129166668 62 31
14338.869791666668 15274.58897916667 62 36
16636.144791666666 16961.016104166665 62 61
19668.51179166666 21253.63779166666 62 74
21838.87529166666 22327.689591666665 62 58
25708.78879166665 26624.75502291666 62 36
27995.42179166666 28321.863641666663 62 62
31085.641291666652 32678.38929166665 62 74
33263.626791666655 33761.85349166664 62 56
35573.15329166664 36302.1835208333 62 55
37106.36837499998 37335.017374999974 62 53
37221.00962499997 37410.717541666636 62 36
37673.38454166663 37822.06737499997 62 44
38116.776374999965 38371.878374999964 62 42
38371.878374999964 39080.12418124997 62 56
39885.274958333306 40113.923958333304 62 53
39999.91620833331 40189.624124999966 62 36
40452.29112499996 40582.34983333329 62 44
40897.72037499997 41147.138374999966 62 43
41147.138374999966 41849.382145833304 62 57
42649.808958333306 42783.45149999997 62 53
42764.4502083333 42915.314166666634 62 36
43212.78887499996 43433.37687499997 62 44
43653.29154166664 43903.81354166664 62 42
43903.81354166664 44621.67111666664 62 58
45423.92412499997 45652.573124999966 62 53
45538.56537499997 45728.273291666635 62 36
45990.94029166662 46120.99899999995 62 44
46436.36954166664 46681.387541666634 62 43
46913.20904166664 47152.25304166665 62 34
47152.25304166665 47395.16804166664 62 28
47628.92204166664 47862.676041666644 62 40
47862.676041666644 48102.44604166665 62 34
48451.60779166665 48604.42687499998 62 54
49722.160416666644 49959.31441666665 62 46
49959.31441666665 50203.21691666666 62 39
50436.97091666665 50670.72491666666 62 40
50670.72491666666 50910.49491666665 62 34
52052.568333333315 52437.40399166665 62 56
52538.38433333332 53026.261833333316 62 41
52779.34833333332 53045.03652499998 62 35
53979.70533333331 54464.60333333331 62 41
54219.70533333331 54479.42545833331 62 35
55431.72633333331 55927.17884166665 62 39
56161.68308333332 56726.04251874999 62 36
56951.470083333326 57481.02330833334 62 39
58383.95033333334 59136.25885416666 62 55
59952.59466666667 60181.24366666667 62 53
60067.235916666665 60256.94383333333 62 36
60519.610833333325 60668.293666666665 62 44
60963.00266666666 61218.10466666666 62 50
61218.10466666666 61928.269395833326 62 58
62732.45424999999 62903.69924999999 62 53
62847.09549999999 62978.746416666654 62 36
63292.88729166666 63421.987499999996 62 44
63737.358041666674 63982.37604166668 62 43
63982.37604166668 64688.35981250001 62 59
65486.790166666695 65693.91175000004 62 53
65599.92675000004 65787.5446666667 62 36
66048.04616666671 66196.24683333338 62 44
66490.95583333336 66741.47783333335 62 42
66741.47783333335 67458.36883125002 62 58
68259.65591666666 68488.30491666666 62 53
68374.29716666667 68564.00508333332 62 36
68826.67208333332 68956.73079166665 62 44
69272.1013333333 69517.11933333328 62 43
69748.94083333328 69985.66433333329 62 34
69985.66433333329 70232.5778333333 62 28
70466.3318333333 70700.0858333333 62 40
70700.0858333333 70939.85583333329 62 34
71289.0175833333 71441.97591666663 62 54
72567.17474999995 72813.07624999995 62 43
72813.07624999995 73052.84624999994 62 36
74342.88149999996 74465.66416666663 62 48
84247.42041666663 84742.95441666663 62 31
84498.25641666664 84752.9865208333 62 28
84742.95441666663 85224.49541666663 62 30
84983.72491666663 85230.54380416663 62 28
87092.10541666661 87561.29920833328 62 30
87551.93591666661 88007.30230416662 62 33
91240.0274166666 92176.58391666661 62 46
91944.74441666661 92183.90609166662 62 45
94158.58799999995 94680.32699999995 62 35
94419.45749999995 95442.35149999996 62 31
97088.05849999998 98012.06710000001 62 36
99364.3519166667 99689.8905041667 62 63
102429.59591666672 104008.86953958338 62 81
104592.3294166667 105079.02362500003 62 63
107634.17991666669 107874.9699166667 62 31
107874.9699166667 108115.7599166667 62 28
108610.6319166667 108850.4019166667 62 30
108850.4019166667 109098.6844166667 62 27
110580.50441666669 111494.66616041672 62 47
118679.20291666672 118951.09605416673 62 18
120233.71741666674 120506.4644583334 62 18
121818.93891666671 122139.73545208339 62 18
125247.25441666675 126798.45887916675 62 23
2963.4804999999997 3876.028499999999 63 36
5700.083791666667 6157.173145833333 63 47
6147.844791666666 6601.567641666667 63 48
12917.994791666668 13395.179291666669 63 35
13158.958791666668 13404.906916666669 63 33
13395.179291666669 13866.737291666668 63 35
13628.642291666669 13878.883041666668 63 27
17099.695291666663 17552.52529166666 63 51
17326.11029166666 17995.92133333333 63 52
17778.940291666662 18005.35529166666 63 53
24301.46279166665 24772.639791666654 63 32
24539.55779166665 24782.19052083332 63 30
24772.639791666654 25237.613791666652 63 32
25001.857291666653 25243.71135416665 63 30
28463.025291666665 28923.96129166666 63 51
28693.493291666662 29375.294458333326 63 52
29154.42929166666 29384.897291666657 63 53
48566.40404166665 48717.63545833331 63 57
55555.18308333331 55794.22708333332 63 45
71403.8138333333 71593.68124999997 63 57
73522.82074999996 73764.75624999996 63 35
74906.82966666664 75193.4975583333 63 48
75388.48366666664 75620.29583333331 63 33
75620.29583333331 75810.94224999998 63 30
76074.96833333331 76301.1443333333 63 29
76301.1443333333 76559.7385833333 63 26
76802.65358333329 76998.97491666663 63 39
77037.44833333329 77227.94224999995 63 36
77490.91424999994 77716.19024999996 63 35
77716.19024999996 77960.15224999996 63 31
78197.87024999995 78433.26874999994 63 33
78433.26874999994 78626.28516666662 63 30
78893.57474999996 79122.54724999996 63 29
79122.54724999996 79373.06924999996 63 26
79611.82774999997 79809.44816666661 63 39
79848.40716666661 80042.23149999995 63 36
80310.60741666661 80540.5099166666 63 35
80540.5099166666 80788.79241666662 63 31
81031.70741666661 81274.62241666662 63 39
81274.62241666662 81529.94141666661 63 30
81773.84391666662 82017.74641666663 63 35
82017.74641666663 82283.23291666663 63 31
82540.52291666664 82797.81291666665 63 36
82797.81291666665 83087.38841666664 63 28
83366.19891666665 83673.57591666664 63 31
83673.57591666664 84004.70191666663 63 26
85702.46541666663 86628.79841666661 63 36
88459.91141666661 88924.82126666661 63 47
88914.48291666662 89378.82230208328 63 48
95679.50549999996 96148.31949999997 63 35
95911.16549999997 96158.00941666664 63 32
96148.31949999997 96619.9215 63 35
96380.87749999999 96622.9215 63 33
99829.6244166667 100285.8984166667 63 55
100057.7614166667 100292.55241250004 63 56
100285.8984166667 100732.66670833337 63 57
100514.0354166667 100742.17241666671 63 53
107146.12741666668 107385.89741666669 63 30
107385.89741666669 107634.17991666669 63 27
109339.4744166667 109580.26441666669 63 31
109580.26441666669 109835.3664166667 63 28
117899.48591666672 118180.36157291672 63 24
119454.00041666673 119737.0216270834 63 24
121023.17341666672 121311.85748333338 63 24
123008.78291666672 123939.96917500008 63 24
7060.494791666667 7533.823291666667 64 49
7286.909791666667 7544.31946875 64 45
7533.823291666667 8000.001558333334 64 50
18484.538291666664 18954.672291666666 64 57
18716.198291666664 18963.427154166664 64 47
18954.672291666666 19429.82874166666 64 52
29878.46179166665 30361.517291666652 64 55
30115.615791666653 30374.41410416665 64 49
30361.517291666652 30849.070933333314 64 55
36756.16729166664 37027.65420416665 64 58
37221.00962499997 37410.717541666636 64 55
39535.07387499997 39806.56078749998 64 58
39999.91620833331 40189.624124999966 64 55
42299.60787499997 42571.09478749998 64 58
42764.4502083333 42915.314166666634 64 55
45073.72304166664 45345.20995416664 64 58
45538.56537499997 45728.273291666635 64 55
48680.04145833331 48801.69572916665 64 59
50670.72491666666 50910.49491666665 64 39
51602.01633333332 52177.82933333331 64 58
52303.09033333332 53026.261833333316 64 66
53743.48483333331 54464.60333333331 64 66
55184.81283333331 55674.70508333331 64 50
55674.70508333331 55913.74908333332 64 48
59598.85733333333 59873.88049583334 64 58
60067.235916666665 60256.94383333333 64 55
62382.253166666655 62653.74007916666 64 58
62847.09549999999 62978.746416666654 64 55
65138.585541666675 65409.21018750002 64 58
65599.92675000004 65787.5446666667 64 55
67909.45483333334 68180.94174583332 64 58
68374.29716666667 68564.00508333332 64 55
71517.9810833333 71640.76374999997 64 59
89838.52091666662 90306.0024166666 64 55
90067.52841666661 90314.6449666666 64 49
90306.0024166666 90774.9422666666 64 55
101227.1789166667 101709.3864166667 64 63
101462.4729166667 101716.30340833338 64 51
101709.3864166667 102198.03867083338 64 57
110080.38441666668 110325.4024166667 64 30
110325.4024166667 110580.50441666669 64 27
1079.7575 1561.5725 65 51
1330.8035 1798.7265000000002 65 36
1561.5725 2040.6620000000003 65 35
1798.7265000000002 2057.903375 65 32
2040.6620000000003 2500.432 65 35
2270.547 2506.432 65 32
2963.4804999999997 3876.028499999999 65 36
3876.028499999999 4207.509981249998 65 52
4334.833499999999 4804.3243999999995 65 36
4791.166499999999 5247.960372916666 65 40
11397.99879166667 11915.23979166667 65 35
11656.61929166667 12436.290129166668 65 31
12917.994791666668 13395.179291666669 65 35
13158.958791666668 13404.906916666669 65 33
13395.179291666669 13866.737291666668 65 35
13628.642291666669 13878.883041666668 65 32
14338.869791666668 15274.58897916667 65 36
15716.88329166667 16187.260520833333 65 33
16177.709791666668 16648.001566666666 65 36
19900.17179166666 20859.82466666666 65 46
24301.46279166665 24772.639791666654 65 32
24539.55779166665 24782.19052083332 65 30
24772.639791666654 25237.613791666652 65 32
25001.857291666653 25243.71135416665 65 30
27080.90779166666 27552.025749999993 65 33
27542.591791666662 27995.42179166666 65 36
27769.006791666663 28002.338243749997 65 37
31321.861791666648 32287.79249999998 65 48
35815.010791666646 36292.52429166664 65 36
36303.14944374997 36772.866710416645 65 64
37335.017374999974 37486.10954166663 65 58
37673.38454166663 37822.06737499997 65 44
38116.776374999965 38371.878374999964 65 42
38600.85087499996 39071.43087499997 65 36
39071.43087499997 39547.84401874997 65 64
40113.923958333304 40265.01612499996 65 58
40452.29112499996 40582.34983333329 65 44
40897.72037499997 41147.138374999966 65 43
41374.238874999966 41839.802874999965 65 36
41839.802874999965 42309.43106249997 65 64
42877.72016666664 43046.120749999965 65 58
43212.78887499996 43433.37687499997 65 44
43653.29154166664 43903.81354166664 65 42
44137.56754166664 44610.08004166664 65 36
44610.08004166664 45082.56391041664 65 63
45652.573124999966 45803.66529166663 65 58
45990.94029166662 46120.99899999995 65 44
46436.36954166664 46681.387541666634 65 43
49236.91491666664 49551.98587916664 65 59
49959.31441666665 50203.21691666666 65 39
50436.97091666665 50670.72491666666 65 44
55794.22708333332 55927.17884166665 65 51
58643.69083333334 59126.416333333334 65 36
59126.416333333334 59609.85733333334 65 64
60181.24366666667 60332.33583333332 65 58
60519.610833333325 60668.293666666665 65 44
60963.00266666666 61218.10466666666 65 50
61447.07716666666 61918.61016666666 65 36
61918.61016666666 62391.09403541666 65 64
62960.01983333332 63108.92829166665 65 58
63292.88729166666 63421.987499999996 65 44
63737.358041666674 63982.37604166668 65 43
64213.21654166668 64678.78054166668 65 36
64678.78054166668 65145.46177291668 65 64
65712.63833333338 65899.48491666671 65 58
66048.04616666671 66196.24683333338 65 44
66490.95583333336 66741.47783333335 65 42
66973.29933333334 67445.81183333336 65 36
67445.81183333336 67918.29570208334 65 63
68488.30491666666 68639.39708333332 65 58
68826.67208333332 68956.73079166665 65 44
69272.1013333333 69517.11933333328 65 43
72081.92924999996 72373.52786249995 65 59
72813.07624999995 73052.84624999994 65 36
73286.60024999994 73522.82074999996 65 40
74456.27766666662 74926.05889374997 65 51
75388.48366666664 75620.29583333331 65 33
75620.29583333331 75810.94224999998 65 30
76074.96833333331 76301.1443333333 65 29
76301.1443333333 76559.7385833333 65 26
78197.87024999995 78433.26874999994 65 33
78433.26874999994 78626.28516666662 65 30
78893.57474999996 79122.54724999996 65 29
79122.54724999996 79373.06924999996 65 26
82017.74641666663 82323.97049999997 65 48
83673.57591666664 84058.30225208329 65 41
84247.42041666663 84742.95441666663 65 35
84498.25641666664 84752.9865208333 65 32
84742.95441666663 85224.49541666663 65 34
84983.72491666663 85230.54380416663 65 32
85702.46541666663 86628.79841666661 65 36
86628.79841666661 86962.37069791662 65 52
87092.10541666661 87561.29920833328 65 36
87551.93591666661 88007.30230416662 65 40
94158.58799999995 94680.32699999995 65 35
94419.45749999995 95442.35149999996 65 31
95679.50549999996 96148.31949999997 65 35
95911.16549999997 96158.00941666664 65 32
96148.31949999997 96619.9215 65 35
96380.87749999999 96622.9215 65 33
98458.27941666669 98915.73941666668 65 33
98681.32791666669 98926.07776666668 65 34
98915.73941666668 99364.3519166667 65 37
99141.30341666669 99379.17288541669 65 38
102664.88991666673 103624.41432500005 65 50
110827.70291666669 111074.9014166667 65 31
111074.9014166667 111338.42941666671 65 28
116871.78741666672 117123.44391666673 65 24
117123.44391666673 117386.97191666672 65 22
118679.20291666672 118951.09605416673 65 23
120233.71741666674 120506.4644583334 65 23
121818.93891666671 122139.73545208339 65 23
125247.25441666675 126798.45887916675 65 28
46913.20904166664 47152.25304166665 66 46
47152.25304166665 47395.16804166664 66 39
69748.94083333328 69985.66433333329 66 46
69985.66433333329 70232.5778333333 66 39
81529.94141666661 81956.77079166663 66 51
83087.38841666664 83596.73166666664 66 45
113129.85341666674 113373.81541666674 66 24
113373.81541666674 113625.47191666673 66 21
113870.48991666675 114115.50791666674 66 24
114115.50791666674 114370.60991666676 66 22
116110.88291666674 116360.30091666673 66 24
116360.30091666673 116620.13091666672 66 21
117899.48591666672 118180.36157291672 66 24
119454.00041666673 119737.0216270834 66 24
121023.17341666672 121311.85748333338 66 24
123008.78291666672 123939.96917500008 66 24
1330.8035 2057.903375 67 55
15716.88329166667 16187.260520833333 67 39
16177.709791666668 16636.144791666666 67 42
16406.927291666667 16648.001566666666 67 44
20855.67529166666 21253.63779166666 67 63
27080.90779166666 27552.025749999993 67 39
27542.591791666662 28002.338243749997 67 44
32277.28829166665 32678.38929166665 67 58
47862.676041666644 48102.44604166665 67 39
48792.402041666646 49267.18632499997 67 62
49722.160416666644 49959.31441666665 67 46
52538.38433333332 53026.261833333316 67 41
52779.34833333332 53045.03652499998 67 35
53263.41583333331 53508.66699999997 67 44
53500.569833333306 53979.70533333331 67 39
53979.70533333331 54464.60333333331 67 41
54219.70533333331 54479.42545833331 67 35
54701.75733333331 54941.98510208331 67 44
54938.91133333331 55223.907470833314 67 39
56409.61708333332 56726.04251874999 67 52
70700.0858333333 70939.85583333329 67 39
71631.37724999996 72112.2006583333 67 62
72567.17474999995 72813.07624999995 67 43
80788.79241666662 81466.11166666662 67 51
82283.23291666663 83014.99454166665 67 48
84004.70191666663 84752.9865208333 67 51
98458.27941666669 98926.07776666668 67 40
98915.73941666668 99364.3519166667 67 45
99141.30341666669 99379.17288541669 67 46
103620.39341666672 104008.86953958338 67 69
114620.60991666676 114863.52491666675 67 24
114863.52491666675 115116.32691666673 67 21
115361.34491666673 115606.36291666672 67 24
115606.36291666672 115861.46491666674 67 22
37448.41354166663 37673.38454166663 68 60
40227.32012499996 40452.29112499996 68 60
42990.150624999966 43157.43837499996 68 60
45765.96929166663 45990.94029166662 68 60
60294.63983333333 60519.610833333325 68 60
63071.89129166665 63292.88729166666 68 60
65824.85808333337 66011.00916666671 68 60
68601.70108333332 68826.67208333332 68 60
76559.7385833333 76979.6564583333 68 51
77037.44833333329 77190.09216666663 68 46
79373.06924999996 79789.88787499994 68 51
79848.40716666661 80022.91304166663 68 46
106906.35741666668 107572.1092916667 68 45
123295.26091666672 123614.40991666673 68 39
2040.6620000000003 2506.432 69 56
8236.736291666668 8962.27856041667 69 66
9677.96229166667 10424.208437500005 69 56
11147.99879166667 12436.290129166668 69 50
20381.36729166666 20859.82466666666 69 70
31802.98029166665 32287.79249999998 69 70
37561.201541666625 37679.902227083294 69 63
38116.776374999965 38371.878374999964 69 50
40340.108124999955 40461.602104166624 69 63
40897.72037499997 41147.138374999966 69 51
43101.88287499997 43218.30357499996 69 63
43653.29154166664 43903.81354166664 69 50
45878.757291666625 46000.25127083329 69 63
46436.36954166664 46681.387541666634 69 51
47152.25304166665 47395.16804166664 69 39
47628.92204166664 47862.676041666644 69 44
53500.569833333306 53979.70533333331 69 59
54938.91133333331 55223.907470833314 69 59
55913.74908333332 56432.214614583325 69 54
60407.42783333332 60530.78400833333 69 63
60963.00266666666 61218.10466666666 69 50
63182.59329166666 63302.07845833333 69 63
63737.358041666674 63982.37604166668 69 51
65936.65966666672 66058.23134166672 69 63
66490.95583333336 66741.47783333335 69 50
68714.48908333332 68838.77635624999 69 63
69272.1013333333 69517.11933333328 69 51
69985.66433333329 70232.5778333333 69 39
70466.3318333333 70700.0858333333 69 44
76921.70108333329 77075.76541666663 69 43
77152.08958333329 77274.08609999994 69 48
79731.20699999995 79887.36616666663 69 43
79964.95766666663 80085.49455208328 69 48
84742.95441666663 85230.54380416663 69 53
91007.05391666661 91720.63289999994 69 66
92426.11149999994 93171.37437499994 69 57
93907.54199999994 95442.35149999996 69 50
103146.08541666673 103624.41432500005 69 76
107385.89741666669 107638.19308333336 69 39
108115.7599166667 108373.85904166668 69 39
117386.97191666672 118180.36157291672 69 44
118941.48641666672 119737.0216270834 69 44
120501.02541666673 121311.85748333338 69 44
122116.80589583339 123295.26091666672 69 44
123454.83541666673 123773.98441666673 69 33
123773.98441666673 123939.96917500008 69 31
2500.432 2775.7480124999997 70 55
19421.59829166666 19849.01354166666 70 67
30837.70729166665 31269.696431249984 70 67
46913.20904166664 47152.25304166665 70 46
50203.21691666666 50913.404597916655 70 67
69748.94083333328 69985.66433333329 70 46
73052.84624999994 73870.47466874996 70 62
85224.49541666663 85503.8030458333 70 54
102183.69441666671 102612.92915833338 70 73
109098.6844166667 109946.64542500002 70 45
114620.60991666676 114863.52491666675 70 24
114863.52491666675 115116.32691666673 70 21
115361.34491666673 115606.36291666672 70 24
115606.36291666672 115861.46491666674 70 22
116110.88291666674 116360.30091666673 70 24
116360.30091666673 116620.13091666672 70 21
116871.78741666672 117123.44391666673 70 24
117123.44391666673 117386.97191666672 70 22
118164.26991666673 118951.09605416673 70 36
119718.78441666673 120506.4644583334 70 36
121294.37191666671 122139.73545208339 70 36
123614.40991666673 123933.55891666673 70 37
125247.25441666675 126798.45887916675 70 34
4111.784999999998 4804.3243999999995 71 55
77490.91424999994 77735.50390833328 71 51
80310.60741666661 80566.37267708327 71 51
86864.83291666661 87561.29920833328 71 55
3419.7544999999996 3887.816324999999 72 55
4791.166499999999 5247.960372916666 72 60
18954.672291666666 19429.82874166666 72 70
30361.517291666652 30849.070933333314 72 72
77716.19024999996 78003.73388333328 72 48
80540.5099166666 80827.25395833328 72 48
81274.62241666662 81532.99019791662 72 46
82797.81291666665 83101.32894166664 72 42
86162.23541666662 86638.63318749995 72 55
87551.93591666661 88007.30230416662 72 60
101709.3864166667 102198.03867083338 72 79
108370.8619166667 109116.74366666669 72 45
113129.85341666674 113373.81541666674 72 24
113373.81541666674 113625.47191666673 72 21
113870.48991666675 114115.50791666674 72 24
114115.50791666674 114370.60991666676 72 22
124702.78991666675 125255.86026666674 72 38
37673.38454166663 37822.06737499997 73 66
40452.29112499996 40582.34983333329 73 66
43212.78887499996 43433.37687499997 73 66
45990.94029166662 46120.99899999995 73 66
60519.610833333325 60668.293666666665 73 66
63292.88729166666 63421.987499999996 73 66
66048.04616666671 66196.24683333338 73 66
68826.67208333332 68956.73079166665 73 66
115861.46491666674 116745.95916666673 73 57
2740.432 3432.1119208333325 74 61
5239.0677916666655 5562.956985416667 74 58
37784.969874999966 38006.36862499997 74 68
40563.80108333329 40787.31262499997 74 68
43323.08287499997 43470.14154166664 74 68
46102.45024999995 46325.96179166664 74 68
47395.16804166664 48139.302004166646 74 72
60631.19616666666 60852.59491666666 74 68
63403.438749999994 63626.950291666675 74 68
66159.14933333338 66380.54808333337 74 68
68938.18204166665 69161.6935833333 74 68
70232.5778333333 71028.11616458329 74 72
77265.63824999995 77659.87124999995 74 51
80080.70491666663 80483.03429166661 74 51
85466.43091666662 86169.0394604166 74 61
88001.3739166666 88324.30269166661 74 59
107634.17991666669 108370.8619166667 74 45
113870.48991666675 114115.50791666674 74 27
114115.50791666674 114370.60991666676 74 25
114620.60991666676 114863.52491666675 74 27
114863.52491666675 115116.32691666673 74 24
116620.13091666672 117427.54594166673 74 54
123933.55891666673 125247.25441666675 74 42
6147.844791666666 6601.567641666667 75 64
6595.605791666667 6896.343916666667 75 71
88914.48291666662 89378.82230208328 75 64
89365.61091666661 89617.14699999994 75 71
113129.85341666674 113373.81541666674 75 27
113373.81541666674 113625.47191666673 75 24
115361.34491666673 115606.36291666672 75 27
115606.36291666672 115861.46491666674 75 25
6834.079791666667 7544.31946875 76 77
89609.51341666661 90314.6449666666 76 77
116110.88291666674 116360.30091666673 76 27
116360.30091666673 116620.13091666672 76 24
5476.203291666666 6157.173145833333 77 66
37895.96087499997 38116.776374999965 77 74
43433.37687499997 43653.29154166664 77 74
60742.18716666666 60963.00266666666 77 75
66270.14033333337 66490.95583333336 77 73
88238.50941666661 88924.82126666661 77 66
116871.78741666672 117123.44391666673 77 27
117123.44391666673 117386.97191666672 77 25
112885.89141666672 113562.55779166674 80 51
7991.838291666667 8419.353479166668 81 67
9425.861291666668 9827.560775000004 81 61
10897.99879166667 11328.207125000004 81 53
40676.90487499997 40897.72037499997 81 73
46215.55404166663 46436.36954166664 81 74
53026.261833333316 53508.66699999997 81 70
54464.60333333331 54941.98510208331 81 69
63516.54254166668 63737.358041666674 81 74
69051.28583333331 69272.1013333333 81 74
90766.93841666661 91188.57910208327 81 67
92176.58391666661 92576.31312291662 81 62
93651.13149999994 94088.50432499994 81 54
113373.81541666674 113632.61827500007 81 44
114115.50791666674 114381.02658333343 81 44
7533.823291666667 8000.001558333334 82 72
8953.420291666669 9441.61760416667 82 69
10414.127791666671 10903.207125000004 82 58
49487.436916666644 50218.800516666655 82 74
72332.45124999995 73062.58599999994 82 72
90306.0024166666 90774.9422666666 82 72
91712.90491666661 92183.90609166662 82 70
93165.30149999994 93665.02040208329 82 59
115116.32691666673 115900.95610000007 82 51
114370.60991666676 115128.57781666673 84 51
46681.387541666634 47409.77766666664 86 85
69517.11933333328 70242.3175833333 86 86
113625.47191666673 114306.83441666675 86 51
