77581.88275000024 78039.92425000023 29 35
88671.79625000023 89129.83775000022 29 35
150477.8628333331 150696.04483333314 31 63
150696.04483333314 150914.22683333314 31 62
150914.22683333314 151123.28583333318 31 63
151233.57983333318 151452.1770833332 31 53
151990.60983333323 152651.0953333332 31 58
152651.0953333332 153097.70612083323 31 56
46655.152666666705 47202.225916666706 33 72
150370.5919999998 150442.02049999978 33 55
151018.75633333315 151233.57983333318 33 56
151343.8738333332 151560.4803333332 33 61
151560.4803333332 151777.08683333322 33 59
153092.27133333322 153545.17029166658 33 59
45776.79866666671 46221.93230833338 34 72
150263.57633333313 150370.5919999998 34 64
151123.28583333318 151343.8738333332 34 59
151777.08683333322 152217.88233333323 34 63
153527.05433333325 154070.92833333326 34 55
46215.56866666671 46666.06176666671 38 71
150156.81483333313 150263.57633333313 38 59
161404.68066666683 162404.68066666683 38 81
44898.44466666671 45345.39649166671 40 72
150050.30566666648 150121.22766666647 40 69
37441.04116666669 37889.716083333355 41 71
39194.74500000004 39644.32900833337 41 71
77120.34475000024 77581.88275000024 41 44
77581.88275000024 78039.92425000023 41 39
78039.92425000023 78988.36995000023 41 37
78976.60525000023 79559.39798750023 41 26
81775.15925000024 82231.45925000026 41 40
88210.25825000023 88671.79625000023 41 44
88671.79625000023 89129.83775000022 41 39
89129.83775000022 90080.13742500023 41 37
90066.51875000022 90645.64948750024 41 26
92858.54158333356 93313.14558333355 41 40
37880.62516666669 38373.54679166669 42 72
39634.329000000034 40127.250625000044 42 72
7037.391083333331 7475.463562499996 43 41
20846.84099999998 21061.894999999982 43 75
21061.894999999982 21276.948999999982 43 69
37216.32216666669 37441.04116666669 43 60
38970.026000000034 39194.74500000004 43 60
45337.21466666671 45785.88958333338 43 71
58237.44983333329 58675.522312499954 43 41
72073.18775000019 72288.24175000019 43 75
72288.24175000019 72503.29575000021 43 69
82685.72425000023 83138.58025000023 43 48
93768.56808333354 94221.45608333354 43 48
101122.87358333355 101396.81987500022 43 26
134977.54424999986 135419.96092083317 43 41
149626.6490833332 149785.09970833317 43 71
150050.30566666648 150210.19558333314 43 75
152651.0953333332 153097.70612083323 43 56
153961.83733333324 154180.01933333327 43 49
154180.01933333327 154398.20133333327 43 44
154398.20133333327 154607.2603333333 43 49
154717.5543333333 154936.15158333333 43 41
155474.58433333336 155837.1706666667 43 45
156125.97933333335 156578.02490833335 43 42
160055.3525416667 160272.74404166674 43 85
160272.74404166674 160490.13554166674 43 77
160490.13554166674 160711.53754166677 43 84
160822.23854166677 161049.9825416668 43 72
7683.79708333333 7949.097937499997 44 37
21276.948999999982 21492.002999999986 44 74
21599.529999999988 21911.930647916655 44 60
40948.44883333339 41396.21465833338 44 71
42702.15266666673 43150.82758333339 44 71
43580.50666666671 44029.18158333338 44 71
47093.92266666671 47310.5291666667 44 68
58883.855833333284 59149.15668749996 44 37
72503.29575000021 72718.34975000021 44 74
72825.87675000021 73138.2773979169 44 64
83590.57175000022 84042.56325000021 44 55
94670.90058333355 95118.68658333356 44 55
121907.18008333335 122135.43858333337 44 59
122820.21408333334 123048.47258333335 44 63
123733.24808333332 123957.96708333332 44 68
135624.67124999984 135889.97210416652 44 37
160934.5980416668 161146.1362916668 44 86
7901.188583333331 8342.519158333329 45 44
20739.570166666646 20810.998666666645 45 58
21384.475999999984 21599.529999999988 45 62
21707.05699999999 22084.444293749988 45 73
21923.663499999988 22146.71199999999 45 71
24978.667499999992 25210.75967499999 45 45
28471.260499999997 28704.231916666664 45 45
41388.03283333338 41880.954458333385 45 72
43141.73666666672 43684.14311666672 45 72
44020.09066666672 44531.58800000005 45 72
46873.334666666706 47202.225916666706 45 63
47202.225916666706 47418.8324166667 45 59
59101.24733333329 59540.76631249996 45 44
71965.91691666684 72037.34541666685 45 61
72610.82275000021 72825.87675000021 45 66
72933.40375000023 73310.79104375023 45 73
73150.01025000022 73373.05875000023 45 71
84493.69725000023 84961.07625000023 45 63
95565.62758333355 96029.98508333355 45 63
96029.98508333355 96958.44908333356 45 64
108563.81458333354 108837.7608750002 45 26
117308.9380833335 117537.5873333335 45 39
119603.53808333345 119834.48508333343 45 63
121676.23308333337 121810.9521666667 45 56
122135.43858333337 122268.58937500003 45 56
122591.95558333336 122725.106375 45 58
123048.47258333335 123181.623375 45 60
123504.98958333334 123638.14037499999 45 62
123845.60758333332 124070.32658333331 45 57
135842.06274999987 136285.20492083323 45 44
149519.37824999986 149590.80674999987 45 61
149944.0479999998 150050.30566666648 45 64
153092.27133333322 153545.17029166658 45 59
154502.73083333328 154717.5543333333 45 42
154827.84833333333 155044.45483333332 45 49
155044.45483333332 155261.06133333335 45 42
156567.1553333334 157015.0469416667 45 48
160600.83654166677 160822.23854166677 45 72
161164.7236666668 161383.84733333348 45 82
161404.68066666683 162404.68066666683 45 81
8549.041083333328 8846.432649999995 46 40
20632.55449999998 20739.570166666646 46 66
21492.002999999986 21707.05699999999 46 68
40723.72983333339 40948.44883333339 46 61
42477.43366666673 42702.15266666673 46 61
44458.86066666672 44908.44467500005 46 71
45994.980666666714 46221.93230833338 46 63
59749.0998333333 60047.0773333333 46 40
71858.90125000016 71965.91691666684 46 68
72718.34975000021 72933.40375000023 46 73
73873.05875000023 74807.33670000023 46 64
84961.07625000023 85895.35420000023 46 64
96496.91108333356 96969.14947083355 46 58
136489.91524999987 136787.59868333326 46 40
149412.36258333322 149519.37824999986 46 67
149838.04099999982 149944.0479999998 46 70
153527.05433333325 154070.92833333326 46 55
154607.2603333333 154827.84833333333 46 49
155261.06133333335 155692.76633333336 46 49
157001.93833333335 157740.185 46 44
160711.53754166677 160934.5980416668 46 79
8766.432583333328 9206.016583333329 47 45
10512.770583333328 10966.782329166663 47 46
23878.737499999992 24093.022999999994 47 69
24534.198999999993 24764.51331666666 47 44
25421.52599999999 25651.900181249992 47 46
25861.139499999994 26135.732999999993 47 36
27375.402500000004 27592.009000000002 47 63
28029.9885 28262.926979166663 47 44
28913.322999999993 29145.508777083327 47 46
29352.936499999996 29624.479624999993 47 36
29570.327999999994 29642.53016666666 47 59
36565.69133333334 36637.89350000001 47 74
37216.32216666669 37441.04116666669 47 60
38319.39516666669 38391.59733333336 47 74
38970.026000000034 39194.74500000004 47 60
59966.4913333333 60414.7942833333 47 45
61716.056833333314 62159.199004166636 47 46
96958.44908333356 97440.75968333356 47 62
103470.92608333354 104399.39008333355 47 64
121445.28608333338 121676.23308333337 47 59
122363.69708333335 122591.95558333336 47 61
123276.73108333333 123504.98958333334 47 66
136707.3067499999 137147.68674999994 47 45
138455.22574999995 138893.29822916666 47 46
9206.016583333329 9642.403083333329 48 47
10077.98758333333 10451.176324999995 48 47
11160.623083333328 11425.923937499994 48 42
47310.5291666667 47527.135666666705 48 62
60409.3198333333 60854.86811041663 48 47
61281.2738333333 61770.06374166664 48 47
62363.9093333333 62629.21018749998 48 42
74801.52275000024 75771.57295833358 48 62
76651.59475000024 77129.96012500025 48 55
77120.34475000024 77581.88275000024 48 50
78039.92425000023 78988.36995000023 48 37
78976.60525000023 79559.39798750023 48 26
79683.41375000021 79917.28506250022 48 37
85889.54025000024 86907.70364583358 48 62
87743.33225000024 88222.75823750022 48 55
88210.25825000023 88671.79625000023 48 50
89129.83775000022 90080.13742500023 48 37
90066.51875000022 90645.64948750024 48 26
90769.66525000022 91002.56380000022 48 37
97425.37508333355 97930.30929166688 48 57
103937.85208333354 104599.77915833355 48 58
123957.96708333332 124182.6860833333 48 63
137147.68674999994 137584.85824999993 48 47
138020.44274999996 138393.6314916666 48 47
139101.63175 139366.76634375 48 42
11378.014583333328 11837.461116666664 49 52
12243.258583333329 12682.052083333328 49 54
13982.544083333325 14418.231583333325 49 58
23769.64649999999 23878.737499999992 49 58
27265.512500000004 27375.402500000004 49 58
29678.50141666666 29786.157333333325 49 53
32629.23966666665 33122.161291666656 49 51
33068.00966666666 33140.21183333333 49 59
36673.864750000015 36781.520666666685 49 64
38427.56858333336 38535.22450000003 49 63
47418.8324166667 47635.4389166667 49 57
62581.300833333305 63021.725610416644 49 52
63446.54483333332 63883.522166666655 49 54
65190.93133333334 65628.16083333333 49 58
75728.17675000025 76190.81066666692 49 63
86816.19425000025 87277.91752500024 49 63
104399.39008333355 104880.73914583355 49 62
119834.48508333343 119969.20416666675 49 58
121214.3390833334 121349.05816666673 49 56
121560.75958333338 121791.70658333336 49 48
121791.70658333336 122021.30933333337 49 50
122021.30933333337 122249.56783333336 49 48
122249.56783333336 122477.82633333336 49 51
122477.82633333336 122706.08483333336 49 49
122706.08483333336 122934.34333333335 49 52
122934.34333333335 123162.60183333333 49 51
123162.60183333333 123390.86033333333 49 55
123390.86033333333 123619.11883333333 49 53
123619.11883333333 123845.60758333332 49 57
124070.32658333331 124295.04558333331 49 57
139319.02325000003 139759.628325 49 52
140183.54175 140623.12575 49 54
141926.74625 142362.43375000003 49 58
0.9541979166666666 467.5569791666667 50 64
458.015 923.4100666666668 50 62
916.0300000000001 1368.0590833333333 50 64
1358.8339999999998 1854.4548749999997 50 62
3526.039833333334 3994.789364583334 50 64
3980.5848333333342 4445.129841666668 50 62
4435.129833333334 4882.402933333334 50 64
4871.493833333334 5361.429208333333 50 62
9642.403083333329 10077.98758333333 50 49
12025.867083333329 12322.968799999997 50 47
12682.052083333328 13114.497583333328 50 56
13547.761083333327 13920.949824999992 50 56
14418.231583333325 14848.389083333324 50 61
20525.792999999983 20632.55449999998 50 62
22146.71199999999 22428.31073124999 50 77
23660.555499999995 23769.64649999999 50 62
25643.747999999992 25971.84049999999 50 41
27155.622500000005 27265.512500000004 50 62
29135.545 29461.632249999995 50 41
29786.157333333325 29857.585833333324 50 55
32189.65566666665 32637.42149166665 50 51
33176.18308333333 33283.839 50 53
36126.92133333334 36619.84295833334 50 51
36781.520666666685 36852.94916666668 50 70
37216.32216666669 37441.04116666669 50 60
38535.22450000003 38606.65300000003 50 70
38970.026000000034 39194.74500000004 50 60
40073.09900000004 40145.301166666715 50 74
40723.72983333339 40948.44883333339 50 61
41826.80283333338 41899.005000000056 50 74
42477.43366666673 42702.15266666673 50 61
46433.75066666671 46666.06176666671 50 64
51217.32744791668 51683.716604166686 50 64
51674.38825000001 52132.296841666684 50 62
52122.149250000024 52574.17833333335 50 64
52564.95325000001 53060.57412500001 50 62
54729.74858333333 55190.27508333333 50 64
55180.876583333324 55640.21625833332 50 62
55632.00458333332 56079.08466666665 50 64
56069.96058333331 56561.48795833331 50 62
60844.904333333296 61286.7086208333 50 49
63229.153333333314 63482.90849999998 50 47
63883.522166666655 64319.778833333316 50 56
64756.14833333333 65190.93133333334 50 56
65628.16083333333 66059.07533333333 50 61
71752.13975000015 71858.90125000016 50 62
73373.05875000023 73688.68375000023 50 77
76181.00675000025 76421.20270833359 50 56
80379.34725000022 80850.90525000023 50 38
81545.27425000025 81950.44656250025 50 46
82457.87425000024 82703.78509583356 50 51
87269.02425000025 87545.70391666691 50 56
91465.59875000022 91937.15675000023 50 38
92628.65658333356 92872.90939583356 50 46
93539.56058333354 93783.8352500002 50 51
100653.11858333355 101396.81987500022 50 41
104866.31608333354 105371.25029166689 50 57
120983.39208333341 121214.3390833334 50 59
127917.82886458335 128385.38584375002 50 64
128374.88966666668 128846.8971979167 50 62
128832.90466666668 129289.89075 50 64
129280.6656666667 129776.28654166668 50 62
131446.37299999993 131922.51776041658 50 64
131904.38799999992 132369.78306666657 50 62
132362.4029999999 132824.57967499993 50 64
132805.20699999994 133301.5823749999 50 62
137584.85824999993 138020.44274999996 50 49
139966.15025 140263.54181666666 50 47
140623.12575 141057.93125000002 50 56
141491.96325000003 141926.74625 50 56
142362.43375000003 142792.59125000003 50 61
149305.60108333323 149412.36258333322 50 62
149732.28283333319 149802.70533333317 50 64
152217.88233333323 154070.92833333326 50 56
161404.68066666683 162404.68066666683 50 91
7037.391083333331 7475.463562499996 51 41
7683.79708333333 7949.097937499997 51 37
14848.389083333324 15281.652583333325 51 63
15716.435583333325 16148.179583333327 51 64
47527.135666666705 47743.7421666667 51 69
58237.44983333329 58675.522312499954 51 41
58883.855833333284 59149.15668749996 51 37
66059.07533333333 66493.10733333335 51 63
66927.89033333336 67361.92233333336 51 64
124182.6860833333 124407.4050833333 51 69
134977.54424999986 135419.96092083317 51 41
135624.67124999984 135889.97210416652 51 37
142792.59125000003 143225.85475 51 63
143660.63774999997 144092.38175 51 64
3078.8988333333346 3456.703895833334 52 72
13114.497583333328 13547.761083333327 52 57
15281.652583333325 15654.841324999992 52 60
16148.179583333327 16575.27458333333 52 66
20419.283833333317 20490.205833333315 52 71
23553.028499999997 23660.555499999995 52 60
25202.54799999999 25532.63699999999 52 49
27046.926750000002 27155.622500000005 52 58
28695.140999999996 29024.433999999997 52 49
29893.17299999999 29964.221166666655 52 50
31750.88566666665 32195.110216666657 52 51
32847.421666666654 33068.00966666666 52 44
33283.839 33355.267499999994 52 55
35687.337333333344 36133.28497500001 52 51
36888.53633333335 36959.58450000001 52 62
38642.2401666667 38713.28833333336 52 64
40181.27241666672 40288.92833333339 52 61
41934.97625000006 42042.63216666673 52 64
45116.626666666714 45345.39649166671 52 63
47635.4389166667 47852.0454166667 52 61
54285.01808333332 54729.74858333333 52 72
64319.778833333316 64756.14833333333 52 57
66493.10733333335 66927.89033333336 52 60
67361.92233333336 67790.51583333337 52 66
71645.63058333349 71716.55258333348 52 71
80145.88425000022 80612.81025000023 52 35
80612.81025000023 80860.82587500023 52 35
83363.29925000023 83604.77628125022 52 59
84267.28225000022 84509.7349791669 52 68
91232.13575000022 91699.06175000023 52 35
91699.06175000023 91947.07737500024 52 35
94445.33658333354 94684.99833333355 52 59
95340.90858333356 95578.93557500021 52 68
97886.91308333355 98350.36083333356 52 63
108094.05958333354 108837.7608750002 52 41
117080.21433333351 117308.9380833335 52 35
120752.44508333343 120887.16416666676 52 57
121098.8655833334 121329.81258333339 52 48
121329.81258333339 121560.75958333338 52 50
121676.23308333337 121907.18008333335 52 55
122135.43858333337 122363.69708333335 52 48
122591.95558333336 122820.21408333334 52 57
123048.47258333335 123276.73108333333 52 51
123504.98958333334 123733.24808333332 52 61
124295.04558333331 124519.7645833333 52 61
131000.73049999995 131429.77143749993 52 72
141057.93125000002 141491.96325000003 52 57
143225.85475 143660.63774999997 52 60
144092.38175 144519.47675 52 66
149199.09191666657 149270.01391666656 52 71
149626.6490833332 149732.28283333319 52 74
152217.88233333323 154070.92833333326 52 56
7901.188583333331 8342.519158333329 53 44
8549.041083333328 8846.432649999995 53 40
16575.27458333333 16823.78491666666 53 67
29999.55683333332 30217.738833333322 53 57
31321.65683333332 31805.43116666665 53 51
37659.22316666669 37889.716083333355 53 64
39412.92700000004 39644.32900833337 53 64
40723.72983333339 40948.44883333339 53 61
42477.43366666673 42702.15266666673 53 61
59101.24733333329 59540.76631249996 53 44
59749.0998333333 60047.0773333333 53 40
67790.51583333337 68041.29766666671 53 67
78976.60525000023 79559.39798750023 53 29
79912.4212500002 80379.34725000022 53 40
80850.90525000023 81435.95860416691 53 36
90066.51875000022 90645.64948750024 53 29
90998.67275000023 91465.59875000022 53 40
91937.15675000023 92439.97741666691 53 36
96029.98508333355 96969.14947083355 53 64
98339.74308333355 98578.15983333356 53 56
120525.94458333343 120752.44508333343 53 59
135842.06274999987 136285.20492083323 53 44
136489.91524999987 136787.59868333326 53 40
144519.47675 144767.98708333334 53 67
0.9541979166666666 467.5569791666667 54 64
916.0300000000001 1368.0590833333333 54 64
2972.5158333333343 3078.8988333333346 54 67
3526.039833333334 3994.789364583334 54 64
4435.129833333334 4882.402933333334 54 64
17005.603249999993 17374.779283333326 54 65
17435.71124999999 17865.08374999999 54 72
18296.73874999999 18725.35924999999 54 73
22146.71199999999 22428.31073124999 54 77
23445.5015 23553.028499999997 54 70
24758.079499999993 25090.607749999992 54 48
25643.747999999992 25971.84049999999 54 41
26938.231 27046.926750000002 54 64
28253.869 28583.200749999996 54 48
29135.545 29461.632249999995 54 41
30217.738833333322 30442.872291666652 54 58
31096.092833333318 31321.65683333332 54 51
33390.85466666666 33461.902833333326 54 50
35248.56733333334 35690.06460833334 54 51
36345.10333333334 36406.68415 54 44
36994.92016666668 37216.32216666669 54 75
38098.80716666669 38373.54679166669 54 63
38748.624000000025 38970.026000000034 54 75
39852.51100000004 40127.250625000044 54 63
40288.92833333339 40360.35683333338 54 69
42042.63216666673 42114.06066666672 54 70
51217.32744791668 51683.716604166686 54 64
52122.149250000024 52574.17833333335 54 64
54178.63508333333 54285.01808333332 54 60
54729.74858333333 55190.27508333333 54 64
55632.00458333332 56079.08466666665 54 64
68223.11600000005 68653.22400000005 54 65
68653.22400000005 69082.59650000006 54 72
69514.25150000004 69942.87200000003 54 73
73373.05875000023 73688.68375000023 54 77
73873.05875000023 74801.52275000024 54 73
84961.07625000023 85889.54025000024 54 73
105327.85408333354 105789.37133333355 54 63
120065.43208333342 120534.43835208342 54 64
127917.82886458335 128385.38584375002 54 64
128832.90466666668 129289.89075 54 64
130894.34749999995 131000.73049999995 54 61
131446.37299999993 131922.51776041658 54 64
132362.4029999999 132824.57967499993 54 64
144949.80541666667 145379.91341666668 54 65
145379.91341666668 145809.28591666667 54 72
146240.94091666667 146669.56141666672 54 73
458.015 923.4100666666668 55 62
1358.8339999999998 1854.4548749999997 55 62
2865.754333333334 2972.5158333333343 55 70
3980.5848333333342 4445.129841666668 55 62
4871.493833333334 5361.429208333333 55 62
6591.2940833333305 7037.391083333331 55 71
8766.432583333328 9211.431745833328 55 45
9206.016583333329 9649.623299999996 55 47
9642.403083333329 10087.045562499996 55 49
10077.98758333333 10566.77749166666 55 47
10512.770583333328 10966.782329166663 55 46
11160.623083333328 11425.923937499994 55 42
17865.08374999999 18235.58762499999 55 70
18725.35924999999 19097.347483333328 55 71
20419.283833333317 20579.17374999998 55 75
21923.663499999988 22146.71199999999 55 71
24313.610999999994 24646.139249999993 55 47
25202.54799999999 25532.63699999999 55 49
27812.597 28141.92875 55 47
28695.140999999996 29024.433999999997 55 49
30877.91083333332 31102.67178333332 55 57
33497.23849999999 33715.4205 55 57
34819.3385 35303.11283333335 55 51
37216.32216666669 37441.04116666669 55 67
38970.026000000034 39194.74500000004 55 67
40395.94400000005 40466.992166666714 55 60
42149.64783333339 42220.696000000054 55 64
45555.39666666672 45785.88958333338 55 64
51674.38825000001 52132.296841666684 55 62
52564.95325000001 53060.57412500001 55 62
54071.87358333332 54178.63508333333 55 67
55180.876583333324 55640.21625833332 55 62
56069.96058333331 56561.48795833331 55 62
57791.352833333294 58237.44983333329 55 71
59966.4913333333 60414.7942833333 55 45
60409.3198333333 60854.86811041663 55 47
60844.904333333296 61286.7086208333 55 49
61281.2738333333 61770.06374166664 55 47
61716.056833333314 62159.199004166636 55 46
62363.9093333333 62629.21018749998 55 42
69082.59650000006 69514.25150000004 55 70
69942.87200000003 70376.90400000005 55 71
71645.63058333349 71805.52050000016 55 75
73150.01025000022 73373.05875000023 55 71
74339.98475000022 74807.33670000023 55 57
76651.59475000024 77129.96012500025 55 62
78039.92425000023 78988.36995000023 55 41
85428.00225000024 85895.35420000023 55 62
87743.33225000024 88222.75823750022 55 62
89129.83775000022 90080.13742500023 55 41
96958.44908333356 97930.30929166688 55 64
101122.87358333355 101396.81987500022 55 29
102982.83108333354 103268.8427500002 55 26
103470.92608333354 104599.77915833355 55 64
105780.68408333356 106244.00408333355 55 56
128374.88966666668 128846.8971979167 55 62
129280.6656666667 129776.28654166668 55 62
130787.58599999995 130894.34749999995 55 67
131904.38799999992 132369.78306666657 55 62
132805.20699999994 133301.5823749999 55 62
134531.44724999985 134977.54424999986 55 71
136707.3067499999 137153.12153749994 55 45
137147.68674999994 137592.98099374992 55 47
137584.85824999993 138027.68913333328 55 49
138020.44274999996 138508.85897916663 55 47
138455.22574999995 138893.29822916666 55 46
139101.63175 139366.76634375 55 42
145809.28591666667 146240.94091666667 55 70
146669.56141666672 147103.59341666673 55 71
148775.4353333333 148933.88595833327 55 74
149199.09191666657 149358.9818333332 55 75
156125.97933333335 156578.02490833335 55 42
157884.58933333334 158333.91751458336 55 35
7466.4055833333305 7949.097937499997 56 43
30656.50883333332 30884.274474999987 56 55
32407.83766666665 32637.42149166665 56 44
33715.4205 33943.28123333333 56 58
34593.77449999999 34819.3385 56 51
41166.63083333339 41396.21465833338 56 64
42920.33466666673 43150.82758333339 56 64
43798.68866666672 44029.18158333338 56 64
47743.7421666667 47964.404916666695 56 66
47964.404916666695 48181.01141666669 56 71
58666.46433333328 59149.15668749996 56 43
74801.52275000024 75728.17675000025 56 69
85889.54025000024 86816.19425000025 56 69
117537.5873333335 117766.69708333349 56 49
124407.4050833333 124638.3415833333 56 66
124638.3415833333 124859.74358333331 56 71
135407.27974999984 135889.97210416652 56 43
0.9541979166666666 458.015 57 74
916.0300000000001 1358.8339999999998 57 74
2758.7386666666675 2830.1671666666675 57 66
3291.664833333334 3753.3123333333347 57 66
3526.039833333334 3980.5848333333342 57 74
4435.129833333334 4871.493833333334 57 74
6485.287083333331 6591.2940833333305 57 68
11378.014583333328 11837.461116666664 57 52
12025.867083333329 12322.968799999997 57 47
12243.258583333329 12691.012666666662 57 54
12682.052083333328 13121.640433333328 57 56
13114.497583333328 13556.819062499993 57 57
13547.761083333327 14061.115433333325 57 56
13982.544083333325 14427.096833333324 57 58
14418.231583333325 14856.424789583325 57 61
20313.02616666665 20419.283833333317 57 64
30438.32683333332 30877.91083333332 57 60
32847.421666666654 33068.00966666666 57 44
34375.5925 34598.47375 57 57
40502.32783333338 40723.72983333339 57 75
41606.21483333338 41880.954458333385 57 63
42256.03166666672 42477.43366666673 57 75
43359.918666666716 43684.14311666672 57 63
44238.272666666715 44531.58800000005 57 63
46655.152666666705 47202.225916666706 57 85
47852.0454166667 48072.70816666669 57 60
48072.70816666669 48289.314666666694 57 63
51217.32744791668 51674.38825000001 57 74
52122.149250000024 52564.95325000001 57 74
53964.85791666666 54036.286416666655 57 60
54496.28558333332 54880.12458333332 57 66
54729.74858333333 55180.876583333324 57 74
55632.00458333332 56069.96058333331 57 74
57685.34583333329 57791.352833333294 57 68
62581.300833333305 63021.725610416644 57 52
63229.153333333314 63482.90849999998 57 47
63446.54483333332 63890.71641666665 57 54
63883.522166666655 64328.83681249998 57 56
64319.778833333316 64762.488918749994 57 57
64756.14833333333 65303.341489583334 57 56
65190.93133333334 65635.27826666666 57 58
65628.16083333333 66068.03591666666 57 61
71539.37291666682 71645.63058333349 57 64
75266.63875000025 75771.57295833358 57 59
75728.17675000025 76190.81066666692 57 70
77120.34475000024 77581.88275000024 57 53
77812.65175000022 78050.62463750022 57 39
78976.60525000023 79559.39798750023 57 33
80850.90525000023 81435.95860416691 57 28
81317.13725000025 81775.15925000024 57 40
86354.65625000025 86907.70364583358 57 60
86816.19425000025 87277.91752500024 57 70
88210.25825000023 88671.79625000023 57 53
88902.56525000022 89143.45642500023 57 39
90066.51875000022 90645.64948750024 57 33
91937.15675000023 92439.97741666691 57 28
92402.52425000024 92858.54158333356 57 40
96029.98508333355 96958.44908333356 57 73
98803.06308333356 99270.92008333356 57 70
100186.19258333356 101132.45212500023 57 41
104399.39008333355 105371.25029166689 57 64
108563.81458333354 108837.7608750002 57 29
110423.77208333352 110707.50195833351 57 26
111579.5835833335 111917.08129375016 57 35
112492.66358333352 112835.1673645835 57 35
113406.2305833335 113743.72829375016 57 35
114320.1560833335 114660.1042458335 57 35
114550.1820833335 114896.7985833335 57 39
115476.88858333351 115705.97008333351 57 39
116395.84958333352 116623.6700833335 57 39
117766.69708333349 117888.31634791684 57 52
120065.43208333342 120295.45808333343 57 58
120639.19483333343 120867.91858333342 57 48
120867.91858333342 121098.8655833334 57 50
121214.3390833334 121445.28608333338 57 48
124519.7645833333 124749.0425833333 57 59
124749.0425833333 124970.44458333332 57 61
127917.82886458335 128374.88966666668 57 74
128832.90466666668 129280.6656666667 57 74
130680.5703333333 130751.99883333329 57 61
131211.99799999993 131533.2050104166 57 66
131446.37299999993 131904.38799999992 57 74
132362.4029999999 132805.20699999994 57 74
134425.44024999987 134531.44724999985 57 68
139319.02325000003 139759.628325 57 52
139966.15025 140263.54181666666 57 47
140183.54175 140632.11856250002 57 54
140623.12575 141065.99577500005 57 56
141057.93125000002 141496.49223958334 57 57
141491.96325000003 142005.3176 57 56
141926.74625 142369.52595000004 57 58
142362.43375000003 142801.51981250002 57 61
148668.16449999996 148739.59299999996 57 61
149092.8342499999 149199.09191666657 57 60
156567.1553333334 157015.0469416667 57 48
158325.76533333334 159177.21537500003 57 39
458.015 916.0300000000001 58 71
1358.8339999999998 1801.6379999999997 58 71
2651.4678333333336 2758.7386666666675 58 70
3980.5848333333342 4435.129833333334 58 71
4871.493833333334 5307.8578333333335 58 71
6164.999833333333 6272.142583333332 58 60
6378.904083333332 6485.287083333331 58 66
7245.00358333333 7475.463562499996 58 37
8331.64958333333 8846.432649999995 58 48
20207.01916666665 20313.02616666665 58 70
34154.1905 34384.68341666666 58 55
35905.519333333345 36133.28497500001 58 44
40723.72983333339 40948.44883333339 58 69
42477.43366666673 42702.15266666673 58 69
44677.04266666671 44908.44467500005 58 64
45776.79866666671 46221.93230833338 58 85
51674.38825000001 52122.149250000024 58 71
52564.95325000001 53007.75725000001 58 71
53857.58708333333 53964.85791666666 58 70
55180.876583333324 55632.00458333332 58 71
56069.96058333331 56507.91658333331 58 71
57365.058583333295 57472.20133333329 58 60
57578.962833333295 57685.34583333329 58 66
58445.062333333284 58675.522312499954 58 37
59531.70833333329 60047.0773333333 58 48
71433.36591666682 71539.37291666682 58 71
73873.05875000023 74807.33670000023 58 73
76181.00675000025 76421.20270833359 58 63
76651.59475000024 77129.96012500025 58 67
78039.92425000023 78988.36995000023 58 44
79912.4212500002 80860.82587500023 58 40
82231.45925000026 82495.61008333358 58 47
84961.07625000023 85895.35420000023 58 73
87269.02425000025 87545.70391666691 58 63
87743.33225000024 88222.75823750022 58 67
89129.83775000022 90080.13742500023 58 44
90998.67275000023 91947.07737500024 58 40
93313.14558333355 93768.56808333354 58 47
96496.91108333356 96969.14947083355 58 66
99259.33708333356 99728.15108333356 58 63
99728.15108333356 100195.92020833354 58 39
101122.87358333355 101396.81987500022 58 33
128374.88966666668 128832.90466666668 58 71
129280.6656666667 129723.46966666669 58 71
130573.29949999996 130680.5703333333 58 70
131904.38799999992 132362.4029999999 58 71
132805.20699999994 133248.01099999994 58 71
134105.15299999987 134212.29574999987 58 60
134319.05724999987 134425.44024999987 58 66
135185.87774999984 135419.96092083317 58 37
136272.52374999988 136787.59868333326 58 48
148561.27499999997 148668.16449999996 58 67
148986.82724999991 149092.8342499999 58 70
157001.93833333335 157740.185 58 44
158760.54833333337 160055.3525416667 58 36
8984.614583333328 9211.431745833328 59 38
14848.389083333324 15288.898966666658 59 63
15281.652583333325 15794.449783333326 59 60
15716.435583333325 16150.820427083328 59 64
16148.179583333327 16581.458324999996 59 66
23015.343999999997 23397.494210416666 59 50
24313.610999999994 24764.51331666666 59 52
24758.079499999993 25210.75967499999 59 55
25202.54799999999 25651.900181249992 59 56
25643.747999999992 26135.732999999993 59 47
26508.073499999995 26938.231 59 50
27812.597 28262.926979166663 59 52
28253.869 28704.231916666664 59 55
28695.140999999996 29145.508777083327 59 56
29135.545 29624.479624999993 59 47
29786.157333333325 30257.260849999988 59 48
30217.738833333322 30877.91083333332 59 52
30656.50883333332 31102.67178333332 59 51
31096.092833333318 31321.65683333332 59 44
31537.486166666655 31990.207349999986 59 44
31969.06766666665 32629.23966666665 59 42
32407.83766666665 32637.42149166665 59 44
33936.008499999996 34375.5925 59 60
36345.10333333334 36406.68415 59 44
60186.2713333333 60414.7942833333 59 38
66059.07533333333 66500.35371666668 59 63
66493.10733333335 67006.7434666667 59 60
66927.89033333336 67368.12800833337 59 64
67361.92233333336 67799.44439583337 59 66
83138.58025000023 83590.57175000022 59 56
94221.45608333354 94670.90058333355 59 56
96958.44908333356 97440.75968333356 59 69
103470.92608333354 104399.39008333355 59 73
106244.00408333355 106711.86108333356 59 70
107627.13358333355 108575.30883333353 59 41
136926.28474999993 137153.12153749994 59 38
142792.59125000003 143229.47794166667 59 63
143225.85475 143738.65195 59 60
143660.63774999997 144098.54371875 59 64
144092.38175 144527.427275 59 66
1801.6379999999997 2687.310166666667 60 63
5307.8578333333335 6218.571208333333 60 63
7466.4055833333305 7949.097937499997 60 47
8110.247583333329 8342.519158333329 60 40
9422.62308333333 9649.623299999996 60 39
10295.379083333328 10566.77749166666 60 40
10943.231583333329 11425.923937499994 60 51
48181.01141666669 48397.61791666669 60 69
53007.75725000001 53893.429416666666 60 63
56507.91658333331 57418.62995833329 60 63
58666.46433333328 59149.15668749996 60 47
59310.3063333333 59540.76631249996 60 40
60628.2978333333 60854.86811041663 60 39
61498.66533333331 61770.06374166664 60 40
62146.5178333333 62629.21018749998 60 51
74801.52275000024 75771.57295833358 60 69
77812.65175000022 78050.62463750022 60 44
80850.90525000023 81435.95860416691 60 31
85889.54025000024 86907.70364583358 60 69
88902.56525000022 89143.45642500023 60 44
91937.15675000023 92439.97741666691 60 31
97425.37508333355 97930.30929166688 60 64
97886.91308333355 98846.7893416669 60 63
100186.19258333356 101132.45212500023 60 44
103937.85208333354 104599.77915833355 60 66
106700.27808333356 107169.09208333355 60 63
107169.09208333355 107637.83397083354 60 39
108563.81458333354 108837.7608750002 60 33
124859.74358333331 125081.14558333333 60 66
129723.46966666669 130609.1418333333 60 63
133248.01099999994 134158.72437499987 60 63
135407.27974999984 135889.97210416652 60 47
136051.12174999987 136285.20492083323 60 40
137365.07824999996 137592.98099374992 60 39
138237.83424999993 138508.85897916663 60 40
138884.24024999997 139366.76634375 60 51
7141.197333333331 7355.70458333333 61 42
7355.70458333333 7475.463562499996 61 42
12460.650083333328 12691.012666666662 61 46
14196.829583333325 14427.096833333324 61 49
16575.27458333333 17010.08354166666 61 67
17005.603249999993 17513.725449999987 61 65
21923.663499999988 22146.71199999999 61 80
23445.5015 23916.237462499994 61 77
24313.610999999994 24764.51331666666 61 71
26938.231 27413.308637500002 61 77
27812.597 28262.926979166663 61 71
32847.421666666654 33068.00966666666 61 44
33283.839 33936.008499999996 61 48
33715.4205 34375.5925 61 52
34154.1905 34598.47375 61 51
34593.77449999999 34819.3385 61 44
35035.16783333335 35487.889016666675 61 44
35466.74933333335 36126.92133333334 61 42
35905.519333333345 36133.28497500001 61 44
48289.314666666694 48505.92116666669 61 63
58341.25608333328 58555.763333333285 61 42
58555.763333333285 58675.522312499954 61 42
63662.12016666665 63890.71641666665 61 46
65406.758833333326 65635.27826666666 61 49
67790.51583333337 68228.49235000006 61 67
68223.11600000005 68790.63537500006 61 65
73150.01025000022 73373.05875000023 61 80
75728.17675000025 76190.81066666692 61 70
79912.4212500002 80860.82587500023 61 45
84042.56325000021 84493.69725000023 61 62
86816.19425000025 87277.91752500024 61 70
90998.67275000023 91947.07737500024 61 45
95118.68658333356 95565.62758333355 61 62
104399.39008333355 104880.73914583355 61 69
116623.6700833335 116851.95108333351 61 49
117994.96033333351 118223.6840833335 61 35
119372.59108333346 119507.31016666678 61 61
119603.53808333345 119834.48508333343 61 58
120180.44508333343 120410.47108333344 61 48
120410.47108333344 120534.43835208342 61 50
120752.44508333343 120983.39208333341 61 56
124970.44458333332 125191.84658333333 61 59
135081.71099999984 135296.57874999984 61 42
135296.57874999984 135419.96092083317 61 42
140401.72375 140632.11856250002 61 46
142141.03175000002 142369.52595000004 61 49
144519.47675 144957.86994166666 61 67
144949.80541666667 145517.32479166667 61 65
229.0075 467.5569791666667 62 60
687.0225 923.4100666666668 62 55
1137.432 1368.0590833333333 62 61
1580.2359999999996 1854.4548749999997 62 53
1801.6379999999997 2687.310166666667 62 63
3753.3123333333347 3994.789364583334 62 62
4207.857333333335 4445.129841666668 62 59
4653.311833333334 4882.402933333334 62 62
5089.675833333334 5361.429208333333 62 55
5307.8578333333335 6218.571208333333 62 63
6164.999833333333 6272.142583333332 62 60
8331.64958333333 8846.432649999995 62 52
8766.432583333328 9211.431745833328 62 49
9859.00958333333 10087.045562499996 62 41
10721.829583333329 10966.782329166663 62 42
11808.47558333333 12322.968799999997 62 54
12897.106083333329 13121.640433333328 62 47
13765.152583333325 14061.115433333325 62 48
14630.997583333325 14856.424789583325 62 52
17435.71124999999 17872.27799999999 62 72
17865.08374999999 18374.477216666655 62 70
18296.73874999999 18737.008008333323 62 73
18725.35924999999 19211.65599999999 62 71
20101.26099999998 20171.68349999998 62 63
21276.948999999982 22084.444293749988 62 72
22146.71199999999 22428.31073124999 62 86
23015.343999999997 23397.494210416666 62 50
23878.737499999992 24394.49326666666 62 77
24758.079499999993 25210.75967499999 62 66
26508.073499999995 26938.231 62 50
27375.402500000004 27892.307216666664 62 77
28253.869 28704.231916666664 62 66
29786.157333333325 30257.260849999988 62 48
30217.738833333322 30877.91083333332 62 52
30656.50883333332 31102.67178333332 62 51
31096.092833333318 31321.65683333332 62 44
31537.486166666655 31990.207349999986 62 44
31969.06766666665 32629.23966666665 62 42
36345.10333333334 36406.68415 62 44
46215.56866666671 46666.06176666671 62 84
51445.38075000001 51683.716604166686 62 61
51898.26875000002 52132.296841666684 62 56
52343.55125000002 52574.17833333335 62 61
52786.355250000015 53060.57412500001 62 56
53007.75725000001 53893.429416666666 62 63
54955.312583333325 55190.27508333333 62 61
55406.44058333332 55640.21625833332 62 53
55850.98258333331 56079.08466666665 62 60
56288.938583333314 56561.48795833331 62 53
56507.91658333331 57418.62995833329 62 63
57365.058583333295 57472.20133333329 62 60
59531.70833333329 60047.0773333333 62 52
59966.4913333333 60414.7942833333 62 49
61062.2958333333 61286.7086208333 62 41
61925.11583333331 62159.199004166636 62 42
63011.76183333331 63482.90849999998 62 54
64099.99883333332 64328.83681249998 62 47
64973.539833333336 65303.341489583334 62 48
65841.68383333331 66068.03591666666 62 52
68653.22400000005 69090.69003125005 62 72
69082.59650000006 69523.0854166667 62 70
69514.25150000004 69952.7286416667 62 73
69942.87200000003 70429.72087500006 62 71
71327.60775000014 71398.03025000014 62 64
72503.29575000021 73310.79104375023 62 72
73373.05875000023 73688.68375000023 62 86
76181.00675000025 76421.20270833359 62 63
78506.8502500002 78976.60525000023 62 41
81545.27425000025 81950.44656250025 62 49
82457.87425000024 82703.78509583356 62 58
87269.02425000025 87545.70391666691 62 63
89596.76375000022 90066.51875000022 62 41
92628.65658333356 92872.90939583356 62 48
93539.56058333354 93783.8352500002 62 56
99259.33708333356 99728.15108333356 62 70
99958.92008333355 100195.92020833354 62 44
101122.87358333355 101396.81987500022 62 33
102511.27308333354 103268.8427500002 62 41
104866.31608333354 105371.25029166689 62 64
105327.85408333354 106287.73034166689 62 63
107627.13358333355 108575.30883333353 62 44
116851.95108333351 116973.57034791684 62 52
119141.64408333348 119372.59108333346 62 64
120295.45808333343 120525.94458333343 62 55
128145.88216666669 128385.38584375002 62 60
128603.89716666669 128846.8971979167 62 53
129056.78516666668 129289.89075 62 59
129502.06766666667 129776.28654166668 62 55
129723.46966666669 130609.1418333333 62 63
131675.38049999994 131922.51776041658 62 60
132133.39549999993 132369.78306666657 62 56
132583.80499999993 132824.57967499993 62 60
133026.6089999999 133301.5823749999 62 55
133248.01099999994 134158.72437499987 62 63
134105.15299999987 134212.29574999987 62 60
136272.52374999988 136787.59868333326 62 52
136707.3067499999 137153.12153749994 62 49
137801.46474999996 138027.68913333328 62 41
138662.83824999997 138893.29822916666 62 42
139748.75875 140263.54181666666 62 54
140838.95325000002 141065.99577500005 62 47
141709.35475000003 142005.3176 62 48
142575.19975000003 142801.51981250002 62 52
145379.91341666668 145821.8758541667 62 72
145809.28591666667 146247.12465833334 62 70
146240.94091666667 146680.31411666673 62 73
146669.56141666672 147155.49654166674 62 71
148455.39241666667 148561.27499999997 62 60
148881.06908333328 148951.49158333326 62 63
152217.88233333323 154070.92833333326 62 62
155692.76633333336 157740.185 62 49
7141.197333333331 7355.70458333333 63 42
7355.70458333333 7475.463562499996 63 42
7683.79708333333 7949.097937499997 63 42
8005.71808333333 8220.94858333333 63 46
8220.94858333333 8342.519158333329 63 46
9206.016583333329 9649.623299999996 63 50
10077.98758333333 10566.77749166666 63 53
15062.674583333326 15288.898966666658 63 53
15929.201583333326 16150.820427083328 63 54
32629.23966666665 32886.02456666665 63 62
48397.61791666669 48614.224416666686 63 72
58341.25608333328 58555.763333333285 63 42
58555.763333333285 58675.522312499954 63 42
58883.855833333284 59149.15668749996 63 42
59205.77683333329 59421.00733333329 63 46
59421.00733333329 59540.76631249996 63 46
60409.3198333333 60854.86811041663 63 50
61281.2738333333 61770.06374166664 63 53
66274.12933333333 66500.35371666668 63 53
67142.94433333336 67368.12800833337 63 54
125081.14558333333 125302.54758333333 63 72
135081.71099999984 135296.57874999984 63 42
135296.57874999984 135419.96092083317 63 42
135624.67124999984 135889.97210416652 63 42
135946.59224999987 136161.82274999988 63 46
136161.82274999988 136285.20492083323 63 46
137147.68674999994 137592.98099374992 63 50
138020.44274999996 138508.85897916663 63 53
143006.87675 143229.47794166667 63 53
143873.40375 144098.54371875 63 54
687.0225 923.4100666666668 64 69
1580.2359999999996 1854.4548749999997 64 70
4207.857333333335 4445.129841666668 64 73
5089.675833333334 5361.429208333333 64 72
10943.231583333329 11425.923937499994 64 53
11587.07358333333 11837.461116666664 64 46
12243.258583333329 12691.012666666662 64 58
13328.783083333328 13556.819062499993 64 49
13982.544083333325 14427.096833333324 64 66
15499.044083333325 15794.449783333326 64 52
16359.447083333329 16581.458324999996 64 56
19995.627249999976 20101.26099999998 64 74
21276.948999999982 22084.444293749988 64 72
21923.663499999988 22146.71199999999 64 80
32407.83766666665 32637.42149166665 64 44
32847.421666666654 33068.00966666666 64 56
33283.839 33936.008499999996 64 48
33715.4205 34375.5925 64 52
34154.1905 34598.47375 64 51
34593.77449999999 34819.3385 64 44
35035.16783333335 35487.889016666675 64 44
35466.74933333335 36126.92133333334 64 42
44898.44466666671 45345.39649166671 64 85
48505.92116666669 48722.52766666668 64 64
51898.26875000002 52132.296841666684 64 70
52786.355250000015 53060.57412500001 64 70
55406.44058333332 55640.21625833332 64 70
56288.938583333314 56561.48795833331 64 69
62146.5178333333 62629.21018749998 64 53
62790.359833333314 63021.725610416644 64 46
63446.54483333332 63890.71641666665 64 58
64537.17033333332 64762.488918749994 64 49
65190.93133333334 65635.27826666666 64 66
66710.49883333335 67006.7434666667 64 52
67574.68833333337 67799.44439583337 64 56
71221.97400000013 71327.60775000014 64 74
72503.29575000021 73310.79104375023 64 72
73150.01025000022 73373.05875000023 64 80
76651.59475000024 77129.96012500025 64 75
78273.38725000022 78738.51025000022 64 40
78738.51025000022 78988.36995000023 64 38
83363.29925000023 83604.77628125022 64 66
84267.28225000022 84509.7349791669 64 80
87743.33225000024 88222.75823750022 64 75
89363.30075000023 89828.42375000022 64 40
89828.42375000022 90080.13742500023 64 38
94445.33658333354 94684.99833333355 64 64
95340.90858333356 95578.93557500021 64 71
97886.91308333355 98350.36083333356 64 70
99145.26858333356 99270.92008333356 64 64
100653.11858333355 101122.87358333355 64 41
106700.27808333356 107169.09208333355 64 70
107399.86108333354 107637.83397083354 64 44
108563.81458333354 108837.7608750002 64 33
109952.21408333351 110707.50195833351 64 41
111579.5835833335 111917.08129375016 64 35
112492.66358333352 112835.1673645835 64 35
113406.2305833335 113743.72829375016 64 35
114320.1560833335 114660.1042458335 64 35
115245.66708333351 115476.88858333351 64 35
116164.59358333351 116395.84958333352 64 35
118910.69708333349 119045.41616666681 64 62
119257.11758333347 119488.06458333346 64 48
119488.06458333346 119719.01158333344 64 50
119719.01158333344 119949.95858333343 64 48
119949.95858333343 120114.31260833342 64 50
125191.84658333333 125413.24858333335 64 63
128603.89716666669 128846.8971979167 64 69
129502.06766666667 129776.28654166668 64 74
132133.39549999993 132369.78306666657 64 70
133026.6089999999 133301.5823749999 64 71
138884.24024999997 139366.76634375 64 53
139527.35675 139759.628325 64 46
140183.54175 140632.11856250002 64 58
141272.98525000003 141496.49223958334 64 49
141926.74625 142369.52595000004 64 66
143443.24625 143738.65195 64 52
144303.64925000002 144527.427275 64 56
148350.00566666664 148420.18116666665 64 71
148775.4353333333 148881.06908333328 64 74
152217.88233333323 154070.92833333326 64 62
155692.76633333336 157740.185 64 49
8005.71808333333 8220.94858333333 65 46
8220.94858333333 8342.519158333329 65 46
8549.041083333328 8846.432649999995 65 41
8984.614583333328 9211.431745833328 65 38
9642.403083333329 10087.045562499996 65 54
10617.300083333328 10832.530583333328 65 47
10832.530583333328 10966.782329166663 65 48
11808.47558333333 12322.968799999997 65 58
12682.052083333328 13121.640433333328 65 59
13547.761083333327 14061.115433333325 65 62
14418.231583333325 14856.424789583325 65 66
16787.288583333328 17010.08354166666 65 57
36126.92133333334 36400.25033333334 65 62
37441.04116666669 37889.716083333355 65 84
39194.74500000004 39644.32900833337 65 84
59205.77683333329 59421.00733333329 65 46
59421.00733333329 59540.76631249996 65 46
59749.0998333333 60047.0773333333 65 41
60186.2713333333 60414.7942833333 65 38
60844.904333333296 61286.7086208333 65 54
61820.58633333331 62035.81683333331 65 47
62035.81683333331 62159.199004166636 65 48
63011.76183333331 63482.90849999998 65 58
63883.522166666655 64328.83681249998 65 59
64756.14833333333 65303.341489583334 65 62
65628.16083333333 66068.03591666666 65 66
68004.80133333338 68228.49235000006 65 57
77120.34475000024 77581.88275000024 65 60
78039.92425000023 78506.8502500002 65 49
78976.60525000023 79559.39798750023 65 37
79447.19325000023 79912.4212500002 65 38
88210.25825000023 88671.79625000023 65 60
89129.83775000022 89596.76375000022 65 49
90066.51875000022 90645.64948750024 65 37
90533.44475000024 90998.67275000023 65 38
98339.74308333355 98578.15983333356 65 63
98803.06308333356 99259.33708333356 65 79
118684.1965833335 118910.69708333349 65 64
135946.59224999987 136161.82274999988 65 46
136161.82274999988 136285.20492083323 65 46
136489.91524999987 136787.59868333326 65 41
136926.28474999993 137153.12153749994 65 38
137584.85824999993 138027.68913333328 65 54
138559.03199999998 138773.53924999997 65 47
138773.53924999997 138893.29822916666 65 48
139748.75875 140263.54181666666 65 58
140623.12575 141065.99577500005 65 59
141491.96325000003 142005.3176 65 62
142362.43375000003 142801.51981250002 65 66
144731.49075 144957.86994166666 65 57
1801.6379999999997 2687.310166666667 66 70
5307.8578333333335 6218.571208333333 66 70
15716.435583333325 16150.820427083328 66 71
17220.657249999993 17513.725449999987 66 56
17648.47724999999 17872.27799999999 66 60
18508.75274999999 18737.008008333323 66 61
23015.343999999997 23397.494210416666 66 57
23660.555499999995 23916.237462499994 66 69
24093.022999999994 24394.49326666666 66 69
24978.667499999992 25202.54799999999 66 62
25643.747999999992 26135.732999999993 66 70
26508.073499999995 26938.231 66 57
27155.622500000005 27413.308637500002 66 69
27592.009000000002 27892.307216666664 66 69
28471.260499999997 28695.140999999996 66 62
29135.545 29624.479624999993 66 70
35905.519333333345 36133.28497500001 66 44
36345.10333333334 36406.68415 66 56
37880.62516666669 38373.54679166669 66 85
39634.329000000034 40127.250625000044 66 85
53007.75725000001 53893.429416666666 66 70
56507.91658333331 57418.62995833329 66 70
66927.89033333336 67368.12800833337 66 71
68438.17000000006 68790.63537500006 66 56
68865.99000000005 69090.69003125005 66 60
69726.26550000004 69952.7286416667 66 61
100419.65558333354 100884.77858333355 66 40
100884.77858333355 101132.45212500023 66 38
105327.85408333354 105789.37133333355 66 70
106586.20958333356 106711.86108333356 66 64
108094.05958333354 108563.81458333354 66 41
118223.6840833335 118693.63410416683 66 70
119834.48508333343 120065.43208333342 66 55
129723.46966666669 130609.1418333333 66 70
133248.01099999994 134158.72437499987 66 70
143660.63774999997 144098.54371875 66 71
145164.85941666667 145517.32479166667 66 56
145592.67941666668 145821.8758541667 66 60
146452.9549166667 146680.31411666673 66 61
2651.4678333333336 3088.6506083333343 67 66
8984.614583333328 9211.431745833328 67 38
9422.62308333333 9649.623299999996 67 38
10295.379083333328 10566.77749166666 67 40
10617.300083333328 10832.530583333328 67 47
10832.530583333328 10966.782329166663 67 48
11160.623083333328 11425.923937499994 67 43
11482.544083333329 11697.774583333328 67 53
11697.774583333328 11837.461116666664 67 53
12460.650083333328 12691.012666666662 67 44
13114.497583333328 13556.819062499993 67 65
14196.829583333325 14427.096833333324 67 50
15281.652583333325 15794.449783333326 67 67
16148.179583333327 16581.458324999996 67 74
18080.91124999999 18374.477216666655 67 60
18940.41324999999 19211.65599999999 67 60
19159.391249999993 19316.18549999999 67 69
19995.627249999976 20154.07787499998 67 82
24534.198999999993 24758.079499999993 67 59
25202.54799999999 25651.900181249992 67 73
28029.9885 28253.869 67 59
28695.140999999996 29145.508777083327 67 73
31750.88566666665 31969.06766666665 67 62
37216.32216666669 37441.04116666669 67 70
38970.026000000034 39194.74500000004 67 70
45337.21466666671 45785.88958333338 67 84
53857.58708333333 54320.22933333332 67 66
60186.2713333333 60414.7942833333 67 38
60628.2978333333 60854.86811041663 67 38
61498.66533333331 61770.06374166664 67 40
61820.58633333331 62035.81683333331 67 47
62035.81683333331 62159.199004166636 67 48
62363.9093333333 62629.21018749998 67 43
62685.83033333332 62901.06083333331 67 53
62901.06083333331 63021.725610416644 67 53
63662.12016666665 63890.71641666665 67 44
64319.778833333316 64762.488918749994 67 65
65406.758833333326 65635.27826666666 67 50
66493.10733333335 67006.7434666667 67 67
67361.92233333336 67799.44439583337 67 74
69298.42400000004 69523.0854166667 67 60
70157.92600000005 70429.72087500006 67 60
70376.90400000005 70535.35462500007 67 69
71221.97400000013 71380.42462500015 67 82
76181.00675000025 76421.20270833359 67 70
87269.02425000025 87545.70391666691 67 70
96958.44908333356 97930.30929166688 67 79
100186.19258333356 100653.11858333355 67 49
101122.87358333355 101396.81987500022 67 37
102982.83108333354 103268.8427500002 67 29
105780.68408333356 106244.00408333355 67 63
106244.00408333355 106700.27808333356 67 79
130573.29949999996 131010.41359374995 67 66
136926.28474999993 137153.12153749994 67 38
137365.07824999996 137592.98099374992 67 38
138237.83424999993 138508.85897916663 67 40
138559.03199999998 138773.53924999997 67 47
138773.53924999997 138893.29822916666 67 48
139101.63175 139366.76634375 67 43
139423.19 139638.05775 67 53
139638.05775 139759.628325 67 53
140401.72375 140632.11856250002 67 44
141057.93125000002 141496.49223958334 67 65
142141.03175000002 142369.52595000004 67 50
143225.85475 143738.65195 67 67
144092.38175 144527.427275 67 74
146025.1134166667 146247.12465833334 67 60
146884.61541666675 147155.49654166674 67 60
147103.59341666673 147259.30279166673 67 69
147933.56775000002 148088.800625 67 82
148350.00566666664 148490.60366666666 67 75
157884.58933333334 158333.91751458336 67 35
31644.501833333317 31715.54999999998 68 55
31969.06766666665 32195.110216666657 68 63
40948.44883333339 41396.21465833338 68 84
42702.15266666673 43150.82758333339 68 84
43580.50666666671 44029.18158333338 68 84
48614.224416666686 48834.88716666668 68 70
48834.88716666668 49051.493666666676 68 73
107860.59658333354 108325.71958333354 68 40
108325.71958333354 108575.30883333353 68 38
112262.6375833335 112835.1673645835 68 49
114090.1300833335 114660.1042458335 68 49
115705.97008333351 115935.51208333351 68 49
116851.95108333351 116973.57034791684 68 56
125302.54758333333 125528.19108333335 68 69
125528.19108333335 125746.37308333335 68 74
229.0075 467.5569791666667 69 74
1137.432 1368.0590833333333 69 75
1801.6379999999997 2687.310166666667 69 70
3291.664833333334 3753.3123333333347 69 68
3753.3123333333347 3994.789364583334 69 75
4653.311833333334 4882.402933333334 69 75
5307.8578333333335 6218.571208333333 69 70
11482.544083333329 11697.774583333328 69 53
11697.774583333328 11837.461116666664 69 53
12025.867083333329 12322.968799999997 69 47
12460.650083333328 12691.012666666662 69 44
12897.106083333329 13121.640433333328 69 46
13765.152583333325 14061.115433333325 69 48
14196.829583333325 14427.096833333324 69 50
14630.997583333325 14856.424789583325 69 50
14848.389083333324 15288.898966666658 69 70
15929.201583333326 16150.820427083328 69 57
17005.603249999993 17513.725449999987 69 75
19891.09774999998 19995.627249999976 69 68
21923.663499999988 22146.71199999999 69 80
22146.71199999999 22428.31073124999 69 86
31537.486166666655 31608.914666666653 69 60
35248.56733333334 35466.74933333335 69 62
41388.03283333338 41880.954458333385 69 85
43141.73666666672 43684.14311666672 69 85
44020.09066666672 44531.58800000005 69 85
46873.334666666706 47202.225916666706 69 77
48722.52766666668 48943.19041666668 69 64
48943.19041666668 49159.79691666668 69 62
51445.38075000001 51683.716604166686 69 72
52343.55125000002 52574.17833333335 69 74
53007.75725000001 53893.429416666666 69 70
54496.28558333332 54880.12458333332 69 68
54955.312583333325 55190.27508333333 69 73
55850.98258333331 56079.08466666665 69 73
56507.91658333331 57418.62995833329 69 70
62685.83033333332 62901.06083333331 69 53
62901.06083333331 63021.725610416644 69 53
63229.153333333314 63482.90849999998 69 47
63662.12016666665 63890.71641666665 69 44
64099.99883333332 64328.83681249998 69 46
64973.539833333336 65303.341489583334 69 48
65406.758833333326 65635.27826666666 69 50
65841.68383333331 66068.03591666666 69 50
66059.07533333333 66500.35371666668 69 70
67142.94433333336 67368.12800833337 69 57
68223.11600000005 68790.63537500006 69 75
71116.34025000012 71221.97400000013 69 67
73150.01025000022 73373.05875000023 69 80
73373.05875000023 73688.68375000023 69 86
75728.17675000025 76181.00675000025 69 79
76651.59475000024 77129.96012500025 69 75
79447.19325000023 79912.4212500002 69 38
81775.15925000024 82231.45925000026 69 52
84493.69725000023 84961.07625000023 69 84
86816.19425000025 87269.02425000025 69 79
87743.33225000024 88222.75823750022 69 75
90533.44475000024 90998.67275000023 69 38
92858.54158333356 93313.14558333355 69 50
95565.62758333355 96029.98508333355 69 78
98339.74308333355 98578.15983333356 69 70
102040.68508333355 102992.75170833354 69 41
104399.39008333355 105371.25029166689 69 79
107627.13358333355 108094.05958333354 69 49
108563.81458333354 108837.7608750002 69 37
110423.77208333352 110707.50195833351 69 29
111809.6095833335 112273.18044166683 69 39
113636.2565833335 114096.83917500016 69 39
115935.51208333351 116057.17907916685 69 52
116395.84958333352 116623.6700833335 69 56
118223.6840833335 118453.7100833335 69 58
118797.4468333335 119026.17058333349 69 48
119026.17058333349 119257.11758333347 69 50
119372.59108333346 119603.53808333345 69 48
125413.24858333335 125637.28208333335 69 64
125637.28208333335 125855.46408333334 69 63
128145.88216666669 128385.38584375002 69 74
129056.78516666668 129289.89075 69 74
129723.46966666669 130609.1418333333 69 70
131211.99799999993 131533.2050104166 69 68
131675.38049999994 131922.51776041658 69 74
132583.80499999993 132824.57967499993 69 74
133248.01099999994 134158.72437499987 69 70
139423.19 139638.05775 69 53
139638.05775 139759.628325 69 53
139966.15025 140263.54181666666 69 47
140401.72375 140632.11856250002 69 44
140838.95325000002 141065.99577500005 69 46
141709.35475000003 142005.3176 69 48
142141.03175000002 142369.52595000004 69 50
142575.19975000003 142801.51981250002 69 50
142792.59125000003 143229.47794166667 69 70
143873.40375 144098.54371875 69 57
144949.80541666667 145517.32479166667 69 75
147830.2371666667 147933.56775000002 69 71
148245.23249999998 148350.00566666664 69 64
158325.76533333334 159177.21537500003 69 39
458.015 916.0300000000001 70 75
1358.8339999999998 1801.6379999999997 70 75
3980.5848333333342 4435.129833333334 70 75
4871.493833333334 5307.8578333333335 70 75
19159.391249999993 19316.18549999999 70 69
19786.568249999982 19891.09774999998 70 74
23660.555499999995 23916.237462499994 70 69
27155.622500000005 27413.308637500002 70 69
31429.830249999988 31537.486166666655 70 58
35142.18350000001 35213.231666666674 70 55
35466.74933333335 35690.06460833334 70 63
40723.72983333339 40948.44883333339 70 71
42477.43366666673 42702.15266666673 70 71
44458.86066666672 44908.44467500005 70 84
45994.980666666714 46221.93230833338 70 77
51674.38825000001 52122.149250000024 70 75
52564.95325000001 53007.75725000001 70 75
55180.876583333324 55632.00458333332 70 75
56069.96058333331 56507.91658333331 70 75
70376.90400000005 70535.35462500007 70 69
71010.70650000012 71116.34025000012 70 75
76067.79925000024 76190.81066666692 70 64
82685.72425000023 83138.58025000023 70 61
87155.81675000025 87277.91752500024 70 64
93768.56808333354 94221.45608333354 70 59
101582.64358333356 102045.58704166688 70 39
102982.83108333354 103268.8427500002 70 33
128374.88966666668 128832.90466666668 70 75
129280.6656666667 129723.46966666669 70 75
131904.38799999992 132362.4029999999 70 75
132805.20699999994 133248.01099999994 70 75
147103.59341666673 147259.30279166673 70 69
147726.4309166667 147830.2371666667 70 74
148140.82391666665 148245.23249999998 70 72
158760.54833333337 160055.3525416667 70 36
9859.00958333333 10087.045562499996 71 38
15499.044083333325 15794.449783333326 71 53
15929.201583333326 16150.820427083328 71 57
16359.447083333329 16581.458324999996 71 58
16575.27458333333 17010.08354166666 71 76
17865.08374999999 18374.477216666655 71 78
18725.35924999999 19211.65599999999 71 79
23015.343999999997 23397.494210416666 71 75
24093.022999999994 24394.49326666666 71 69
24646.139249999993 24764.51331666666 71 55
25090.607749999992 25210.75967499999 71 59
25421.52599999999 25643.747999999992 71 66
25861.139499999994 26082.541499999992 71 58
26508.073499999995 26938.231 71 75
27592.009000000002 27892.307216666664 71 69
28141.92875 28262.926979166663 71 55
28583.200749999996 28704.231916666664 71 59
28913.322999999993 29135.545 71 66
29352.936499999996 29570.327999999994 71 58
31321.65683333332 31393.85899999999 71 64
32407.83766666665 32637.42149166665 71 60
35035.16783333335 35106.59633333334 71 60
36565.69133333334 36637.89350000001 71 83
37216.32216666669 37441.04116666669 71 70
38319.39516666669 38391.59733333336 71 83
38970.026000000034 39194.74500000004 71 70
61062.2958333333 61286.7086208333 71 38
66710.49883333335 67006.7434666667 71 53
67142.94433333336 67368.12800833337 71 57
67574.68833333337 67799.44439583337 71 58
67790.51583333337 68228.49235000006 71 76
69082.59650000006 69523.0854166667 71 78
69942.87200000003 70429.72087500006 71 79
83590.57175000022 84042.56325000021 71 74
94670.90058333355 95118.68658333356 71 69
98226.53558333356 98350.36083333356 71 64
105780.68408333356 106244.00408333355 71 70
109481.62608333353 110434.68477083351 71 41
111349.55758333349 111917.08129375016 71 49
112262.6375833335 112835.1673645835 71 50
113176.20458333349 113743.72829375016 71 49
114090.1300833335 114660.1042458335 71 50
117308.9380833335 117537.5873333335 71 56
137801.46474999996 138027.68913333328 71 38
143443.24625 143738.65195 71 53
143873.40375 144098.54371875 71 57
144303.64925000002 144527.427275 71 58
144519.47675 144957.86994166666 71 76
145809.28591666667 146247.12465833334 71 78
146669.56141666672 147155.49654166674 71 79
7683.79708333333 7949.097937499997 72 42
17435.71124999999 17872.27799999999 72 82
18296.73874999999 18737.008008333323 72 83
34927.51191666668 35035.16783333335 72 58
49051.493666666676 49268.10016666668 72 70
58883.855833333284 59149.15668749996 72 42
68653.22400000005 69090.69003125005 72 82
69514.25150000004 69952.7286416667 72 83
74801.52275000024 75771.57295833358 72 79
79447.19325000023 79912.4212500002 72 42
85889.54025000024 86907.70364583358 72 79
90533.44475000024 90998.67275000023 72 42
97886.91308333355 98339.74308333355 72 79
102040.68508333355 102992.75170833354 72 44
109023.58458333353 109491.4300000002 72 39
110423.77208333352 110707.50195833351 72 33
110899.9620833335 111359.14200000017 72 39
111923.73883333348 112150.25283333349 72 49
112727.27708333351 113185.78900000015 72 39
113750.38583333348 113977.32258333349 72 49
125746.37308333335 125964.55508333334 72 71
135624.67124999984 135889.97210416652 72 42
145379.91341666668 145821.8758541667 72 82
146240.94091666667 146680.31411666673 72 83
3078.8988333333346 3456.703895833334 73 64
13328.783083333328 13556.819062499993 73 46
17220.657249999993 17513.725449999987 73 60
22909.710249999996 23015.343999999997 73 68
23228.11 23499.265 73 66
24423.904999999995 24646.139249999993 73 52
26401.690499999993 26508.073499999995 73 63
26720.8395 26992.578875 73 66
27921.29275 28141.92875 73 52
32189.65566666665 32629.23966666665 73 72
34819.3385 34891.54066666667 73 64
35905.519333333345 36133.28497500001 73 60
36673.864750000015 36781.520666666685 73 74
38427.56858333336 38535.22450000003 73 77
49159.79691666668 49376.403416666675 73 61
54285.01808333332 54729.74858333333 73 64
64537.17033333332 64762.488918749994 73 46
68438.17000000006 68790.63537500006 73 60
81775.15925000024 82231.45925000026 73 52
82685.72425000023 83138.58025000023 73 61
84493.69725000023 84961.07625000023 73 84
92858.54158333356 93313.14558333355 73 50
93768.56808333354 94221.45608333354 73 59
95565.62758333355 96029.98508333355 73 78
98803.06308333356 99270.92008333356 73 81
105667.47658333356 105789.37133333355 73 64
114781.85608333349 115014.4455833335 73 49
117766.69708333349 117888.31634791684 73 56
118338.6970833335 118568.7230833335 73 48
118568.7230833335 118693.63410416683 73 50
118910.69708333349 119141.64408333348 73 56
125855.46408333334 126073.64608333334 73 63
131000.73049999995 131429.77143749993 73 64
141272.98525000003 141496.49223958334 73 46
145164.85941666667 145517.32479166667 73 60
0.9541979166666666 458.015 74 79
458.015 916.0300000000001 74 75
916.0300000000001 1358.8339999999998 74 79
1358.8339999999998 1801.6379999999997 74 75
1801.6379999999997 1907.2717499999997 74 72
2012.9054999999996 2118.5392499999994 74 71
2651.4678333333336 3088.6506083333343 74 66
3526.039833333334 3980.5848333333342 74 79
3980.5848333333342 4435.129833333334 74 75
4435.129833333334 4871.493833333334 74 79
4871.493833333334 5307.8578333333335 74 75
5307.8578333333335 5415.0005833333325 74 77
5522.1433333333325 5629.286083333332 74 78
6164.999833333333 6272.142583333332 74 80
8549.041083333328 8846.432649999995 74 47
8984.614583333328 9211.431745833328 74 41
18080.91124999999 18374.477216666655 74 65
18940.41324999999 19211.65599999999 74 61
19159.391249999993 19316.18549999999 74 77
19682.03874999998 19786.568249999982 74 71
22146.71199999999 22428.31073124999 74 86
22804.076499999992 22909.710249999996 74 73
24868.373499999994 25090.607749999992 74 59
25971.84049999999 26135.732999999993 74 52
26295.30749999999 26401.690499999993 74 70
28362.564749999998 28583.200749999996 74 59
29461.632249999995 29624.479624999993 74 52
35687.337333333344 36126.92133333334 74 72
36781.520666666685 36852.94916666668 74 80
37216.32216666669 37441.04116666669 74 70
38535.22450000003 38606.65300000003 74 80
38970.026000000034 39194.74500000004 74 70
40073.09900000004 40145.301166666715 74 83
40723.72983333339 40948.44883333339 74 71
41826.80283333338 41899.005000000056 74 83
42477.43366666673 42702.15266666673 74 71
46433.75066666671 46666.06176666671 74 78
51217.32744791668 51674.38825000001 74 79
51674.38825000001 52122.149250000024 74 75
52122.149250000024 52564.95325000001 74 79
52564.95325000001 53007.75725000001 74 75
53007.75725000001 53113.39100000001 74 72
53219.024750000004 53324.6585 74 70
53857.58708333333 54320.22933333332 74 66
54729.74858333333 55180.876583333324 74 79
55180.876583333324 55632.00458333332 74 75
55632.00458333332 56069.96058333331 74 79
56069.96058333331 56507.91658333331 74 75
56507.91658333331 56615.05933333331 74 77
56722.2020833333 56829.34483333329 74 77
57365.058583333295 57472.20133333329 74 80
59749.0998333333 60047.0773333333 74 47
60186.2713333333 60414.7942833333 74 41
69298.42400000004 69523.0854166667 74 65
70157.92600000005 70429.72087500006 74 61
70376.90400000005 70535.35462500007 74 77
70905.07275000011 71010.70650000012 74 71
73373.05875000023 73688.68375000023 74 86
73873.05875000023 74807.33670000023 74 81
82005.04425000025 82261.64791666692 74 49
82913.86125000023 83213.48658333356 74 58
84961.07625000023 85895.35420000023 74 81
93088.42658333355 93343.33425000022 74 48
93997.57558333353 94296.08291666687 74 57
99259.33708333356 99728.15108333356 74 79
101813.41258333354 102045.58704166688 74 44
102982.83108333354 103268.8427500002 74 33
105327.85408333354 105780.68408333356 74 79
109481.62608333353 110434.68477083351 74 44
111349.55758333349 111917.08129375016 74 50
112262.6375833335 112835.1673645835 74 50
113176.20458333349 113743.72829375016 74 50
114090.1300833335 114660.1042458335 74 50
115014.4455833335 115137.42956250017 74 52
118453.7100833335 118684.1965833335 74 55
127917.82886458335 128374.88966666668 74 79
128374.88966666668 128832.90466666668 74 75
128832.90466666668 129280.6656666667 74 79
129280.6656666667 129723.46966666669 74 75
129723.46966666669 129829.10341666666 74 72
129934.73716666664 130040.37091666664 74 69
130573.29949999996 131010.41359374995 74 66
131446.37299999993 131904.38799999992 74 79
131904.38799999992 132362.4029999999 74 75
132362.4029999999 132805.20699999994 74 79
132805.20699999994 133248.01099999994 74 75
133248.01099999994 133355.1537499999 74 77
133462.29649999988 133569.43924999988 74 77
134105.15299999987 134212.29574999987 74 80
136489.91524999987 136787.59868333326 74 47
136926.28474999993 137153.12153749994 74 41
146025.1134166667 146247.12465833334 74 65
146884.61541666675 147155.49654166674 74 61
147103.59341666673 147259.30279166673 74 77
147622.6246666667 147726.4309166667 74 71
148036.89750000002 148106.10166666665 74 67
155692.76633333336 157740.185 74 56
157451.37633333335 160055.3525416667 74 41
161404.68066666683 162404.68066666683 74 99
9422.62308333333 9649.623299999996 75 43
10295.379083333328 10566.77749166666 75 45
49268.10016666668 49484.70666666667 75 74
60628.2978333333 60854.86811041663 75 43
61498.66533333331 61770.06374166664 75 45
83590.57175000022 84042.56325000021 75 74
84493.69725000023 84961.07625000023 75 84
94670.90058333355 95118.68658333356 75 69
95565.62758333355 96029.98508333355 75 78
96958.44908333356 97440.75968333356 75 89
106244.00408333355 106711.86108333356 75 81
125964.55508333334 126182.73708333334 75 75
137365.07824999996 137592.98099374992 75 43
138237.83424999993 138508.85897916663 75 45
458.015 923.4100666666668 76 84
1358.8339999999998 1854.4548749999997 76 84
1907.2717499999997 2012.9054999999996 76 67
2118.5392499999994 2189.210583333333 76 67
2651.4678333333336 2919.1350833333345 76 73
3078.8988333333346 3753.3123333333347 76 72
3980.5848333333342 4445.129841666668 76 84
4871.493833333334 5361.429208333333 76 84
5415.0005833333325 5522.1433333333325 76 73
5629.286083333332 5736.428833333332 76 73
6164.999833333333 6272.142583333332 76 80
11160.623083333328 11425.923937499994 76 48
12460.650083333328 12691.012666666662 76 49
14196.829583333325 14427.096833333324 76 57
19577.509249999985 19682.03874999998 76 79
22698.44274999999 22804.076499999992 76 71
25532.63699999999 25651.900181249992 76 59
26188.92449999999 26295.30749999999 76 67
29024.433999999997 29145.508777083327 76 59
36888.53633333335 36959.58450000001 76 73
38642.2401666667 38713.28833333336 76 75
40181.27241666672 40288.92833333339 76 74
41934.97625000006 42042.63216666673 76 75
45116.626666666714 45345.39649166671 76 77
49376.403416666675 49593.00991666668 76 64
51674.38825000001 52132.296841666684 76 84
52564.95325000001 53060.57412500001 76 84
53113.39100000001 53219.024750000004 76 67
53324.6585 53395.32983333334 76 66
53857.58708333333 54125.25433333332 76 73
54285.01808333332 54880.12458333332 76 72
55180.876583333324 55640.21625833332 76 84
56069.96058333331 56561.48795833331 76 84
56615.05933333331 56722.2020833333 76 71
56829.34483333329 56936.48758333329 76 70
57365.058583333295 57472.20133333329 76 80
62363.9093333333 62629.21018749998 76 48
63662.12016666665 63890.71641666665 76 49
65406.758833333326 65635.27826666666 76 57
70799.43900000009 70905.07275000011 76 80
74801.52275000024 75728.17675000025 76 89
83817.84425000023 84127.76920416688 76 68
84720.11225000022 85194.53925000023 76 80
85889.54025000024 86816.19425000025 76 89
94896.46458333355 95202.94575833356 76 66
95793.76458333356 96107.80608333356 76 72
97425.37508333355 97930.30929166688 76 85
99145.26858333356 99270.92008333356 76 72
102511.27308333354 102982.83108333354 76 41
106700.27808333356 107169.09208333355 76 79
109254.35358333352 109491.4300000002 76 44
110423.77208333352 110707.50195833351 76 33
111014.46583333351 111239.2635833335 76 49
111349.55758333349 111917.08129375016 76 50
112037.8680833335 112262.6375833335 76 53
112262.6375833335 112835.1673645835 76 50
112841.85083333349 113066.3145833335 76 49
113176.20458333349 113743.72829375016 76 50
113864.51508333349 114090.1300833335 76 53
114090.1300833335 114660.1042458335 76 50
116510.86258333351 116736.47758333352 76 46
116736.47758333352 116861.53550000017 76 48
116966.96408333351 117193.46458333351 76 46
117193.46458333351 117317.5640583335 76 48
117423.95108333351 117651.2235833335 76 46
117651.2235833335 117774.36461666683 76 48
117881.7100833335 118108.21058333351 76 46
118108.21058333351 118226.5594083335 76 48
126073.64608333334 126291.82808333333 76 64
128374.88966666668 128846.8971979167 76 84
129280.6656666667 129776.28654166668 76 84
129829.10341666666 129934.73716666664 76 62
130040.37091666664 130111.04224999994 76 63
130573.29949999996 130840.96674999995 76 73
131000.73049999995 131533.2050104166 76 72
131904.38799999992 132369.78306666657 76 84
132805.20699999994 133301.5823749999 76 84
133355.1537499999 133462.29649999988 76 72
133569.43924999988 133676.58199999985 76 71
134105.15299999987 134212.29574999987 76 80
139101.63175 139366.76634375 76 48
140401.72375 140632.11856250002 76 49
142141.03175000002 142369.52595000004 76 57
147518.8184166667 147622.6246666667 76 80
147933.56775000002 148036.89750000002 76 74
155692.76633333336 157740.185 76 56
157451.37633333335 160055.3525416667 76 41
12025.867083333329 12322.968799999997 77 53
12897.106083333329 13121.640433333328 77 52
13765.152583333325 14061.115433333325 77 55
14630.997583333325 14856.424789583325 77 57
37659.22316666669 37889.716083333355 77 78
39412.92700000004 39644.32900833337 77 78
40723.72983333339 40948.44883333339 77 71
42477.43366666673 42702.15266666673 77 71
63229.153333333314 63482.90849999998 77 53
64099.99883333332 64328.83681249998 77 52
64973.539833333336 65303.341489583334 77 55
65841.68383333331 66068.03591666666 77 57
75266.63875000025 75771.57295833358 77 81
75728.17675000025 76190.81066666692 77 89
76181.00675000025 76421.20270833359 77 79
86354.65625000025 86907.70364583358 77 79
86816.19425000025 87277.91752500024 77 89
87269.02425000025 87545.70391666691 77 79
96029.98508333355 96969.14947083355 77 75
98803.06308333356 99259.33708333356 77 89
104399.39008333355 104880.73914583355 77 89
139966.15025 140263.54181666666 77 53
140838.95325000002 141065.99577500005 77 52
141709.35475000003 142005.3176 77 55
142575.19975000003 142801.51981250002 77 57
0.9541979166666666 458.015 78 79
916.0300000000001 1358.8339999999998 78 79
2224.421833333333 2437.9448333333335 78 72
2437.9448333333335 2651.4678333333336 78 68
3526.039833333334 3980.5848333333342 78 79
4435.129833333334 4871.493833333334 78 79
5736.428833333332 5950.714333333332 78 80
5950.714333333332 6164.999833333333 78 72
6272.142583333332 6378.904083333332 78 81
15062.674583333326 15288.898966666658 78 50
15929.201583333326 16150.820427083328 78 64
22592.808999999987 22698.44274999999 78 78
25752.443749999995 25971.84049999999 78 53
26082.541499999992 26188.92449999999 78 73
29244.240749999997 29461.632249999995 78 53
36994.92016666668 37216.32216666669 78 85
38098.80716666669 38373.54679166669 78 77
38748.624000000025 38970.026000000034 78 85
39852.51100000004 40127.250625000044 78 77
40288.92833333339 40360.35683333338 78 80
42042.63216666673 42114.06066666672 78 80
51217.32744791668 51674.38825000001 78 79
52122.149250000024 52564.95325000001 78 79
53430.54108333334 53644.06408333333 78 72
53644.06408333333 53857.58708333333 78 68
54729.74858333333 55180.876583333324 78 79
55632.00458333332 56069.96058333331 78 79
56936.48758333329 57150.77308333329 78 80
57150.77308333329 57365.058583333295 78 72
57472.20133333329 57578.962833333295 78 81
66274.12933333333 66500.35371666668 78 50
67142.94433333336 67368.12800833337 78 64
73873.05875000023 74801.52275000024 78 91
84961.07625000023 85889.54025000024 78 91
102275.97908333354 102744.73608333354 78 40
102744.73608333354 102992.75170833354 78 38
104866.31608333354 105371.25029166689 78 85
106586.20958333356 106711.86108333356 78 72
109952.21408333351 110423.77208333352 78 41
116623.6700833335 116851.95108333351 78 52
117080.21433333351 117308.9380833335 78 53
117537.5873333335 117766.69708333349 78 52
117994.96033333351 118223.6840833335 78 53
127917.82886458335 128374.88966666668 78 79
128832.90466666668 129280.6656666667 78 79
130146.25349999995 130359.77649999995 78 72
130359.77649999995 130573.29949999996 78 68
131446.37299999993 131904.38799999992 78 79
132362.4029999999 132805.20699999994 78 79
133676.58199999985 133890.86749999988 78 80
133890.86749999988 134105.15299999987 78 72
134212.29574999987 134319.05724999987 78 81
143006.87675 143229.47794166667 78 50
143873.40375 144098.54371875 78 64
161404.68066666683 162404.68066666683 78 99
2865.754333333334 3088.6506083333343 79 69
6378.904083333332 6485.287083333331 79 83
9859.00958333333 10087.045562499996 79 43
15499.044083333325 15794.449783333326 79 59
16359.447083333329 16581.458324999996 79 64
19577.509249999985 19734.30349999998 79 77
25312.03699999999 25532.63699999999 79 60
28804.231999999996 29024.433999999997 79 60
37216.32216666669 37441.04116666669 79 80
38970.026000000034 39194.74500000004 79 80
40395.94400000005 40466.992166666714 79 75
42149.64783333339 42220.696000000054 79 75
45555.39666666672 45785.88958333338 79 78
54071.87358333332 54320.22933333332 79 69
57578.962833333295 57685.34583333329 79 83
61062.2958333333 61286.7086208333 79 43
66710.49883333335 67006.7434666667 79 59
67574.68833333337 67799.44439583337 79 64
70799.43900000009 70957.88962500011 79 77
74339.98475000022 74807.33670000023 79 79
76181.00675000025 76421.20270833359 79 79
85428.00225000024 85895.35420000023 79 83
87269.02425000025 87545.70391666691 79 79
96958.44908333356 97930.30929166688 79 89
102040.68508333355 102511.27308333354 79 49
102982.83108333354 103268.8427500002 79 37
103470.92608333354 104599.77915833355 79 81
106244.00408333355 106700.27808333356 79 89
130787.58599999995 131010.41359374995 79 69
134319.05724999987 134425.44024999987 79 83
137801.46474999996 138027.68913333328 79 43
143443.24625 143738.65195 79 59
144303.64925000002 144527.427275 79 64
147518.8184166667 147674.52779166668 79 77
160055.3525416667 160272.74404166674 79 97
160272.74404166674 160490.13554166674 79 88
160490.13554166674 160711.53754166677 79 96
160822.23854166677 161049.9825416668 79 79
16787.288583333328 17010.08354166666 80 58
41166.63083333339 41396.21465833338 80 78
42920.33466666673 43150.82758333339 80 78
43798.68866666672 44029.18158333338 80 78
49484.70666666667 49704.53416666668 80 74
49704.53416666668 49921.14066666667 80 74
68004.80133333338 68228.49235000006 80 58
97886.91308333355 98350.36083333356 80 81
109716.92008333352 110185.67708333352 80 40
110185.67708333352 110434.68477083351 80 38
111349.55758333349 111917.08129375016 80 50
113176.20458333349 113743.72829375016 80 50
115014.4455833335 115137.42956250017 80 56
126182.73708333334 126405.03558333333 80 72
126405.03558333333 126621.64208333334 80 78
144731.49075 144957.86994166666 80 58
160934.5980416668 161146.1362916668 80 101
0.9541979166666666 467.5569791666667 81 88
916.0300000000001 1368.0590833333333 81 88
3526.039833333334 3994.789364583334 81 88
4435.129833333334 4882.402933333334 81 88
6485.287083333331 6591.2940833333305 81 85
13328.783083333328 13556.819062499993 81 53
17220.657249999993 17513.725449999987 81 67
17648.47724999999 17872.27799999999 81 60
18508.75274999999 18737.008008333323 81 61
19472.979749999988 19577.509249999985 81 72
40502.32783333338 40723.72983333339 81 85
41606.21483333338 41880.954458333385 81 77
42256.03166666672 42477.43366666673 81 85
43359.918666666716 43684.14311666672 81 77
44238.272666666715 44531.58800000005 81 77
49593.00991666668 49812.837416666676 81 69
49812.837416666676 50029.44391666667 81 66
51217.32744791668 51683.716604166686 81 88
52122.149250000024 52574.17833333335 81 88
54729.74858333333 55190.27508333333 81 88
55632.00458333332 56079.08466666665 81 88
57685.34583333329 57791.352833333294 81 85
64537.17033333332 64762.488918749994 81 53
68438.17000000006 68790.63537500006 81 67
68865.99000000005 69090.69003125005 81 60
69726.26550000004 69952.7286416667 81 61
70693.80525000008 70799.43900000009 81 75
75728.17675000025 76181.00675000025 81 89
86816.19425000025 87269.02425000025 81 89
98339.74308333355 98578.15983333356 81 79
104399.39008333355 105371.25029166689 81 89
109481.62608333353 109952.21408333351 81 49
110423.77208333352 110707.50195833351 81 37
111128.9695833335 111349.55758333349 81 53
112150.25283333349 112273.18044166683 81 49
112956.4245833335 113176.20458333349 81 53
113977.32258333349 114096.83917500016 81 49
114550.1820833335 114781.85608333349 81 56
126291.82808333333 126513.33883333334 81 64
126513.33883333334 126729.94533333335 81 67
127917.82886458335 128385.38584375002 81 88
128832.90466666668 129289.89075 81 88
131446.37299999993 131922.51776041658 81 88
132362.4029999999 132824.57967499993 81 88
134425.44024999987 134531.44724999985 81 85
141272.98525000003 141496.49223958334 81 53
145164.85941666667 145517.32479166667 81 67
145592.67941666668 145821.8758541667 81 60
146452.9549166667 146680.31411666673 81 61
147415.0121666667 147518.8184166667 81 71
160600.83654166677 160822.23854166677 81 83
161164.7236666668 161383.84733333348 81 93
6591.2940833333305 7037.391083333331 82 86
19368.450249999987 19472.979749999988 82 80
40723.72983333339 40948.44883333339 82 81
42477.43366666673 42702.15266666673 82 81
44677.04266666671 44908.44467500005 82 78
57791.352833333294 58237.44983333329 82 86
70588.17150000007 70693.80525000008 82 78
76067.79925000024 76190.81066666692 82 72
87155.81675000025 87277.91752500024 82 72
105327.85408333354 105789.37133333355 82 81
134531.44724999985 134977.54424999986 82 86
147311.20591666672 147415.0121666667 82 80
160711.53754166677 160934.5980416668 82 88
15062.674583333326 15288.898966666658 83 57
18080.91124999999 18374.477216666655 83 72
18940.41324999999 19211.65599999999 83 70
66274.12933333333 66500.35371666668 83 57
69298.42400000004 69523.0854166667 83 72
70157.92600000005 70429.72087500006 83 70
98226.53558333356 98350.36083333356 83 72
105780.68408333356 106244.00408333355 83 79
115476.88858333351 115705.97008333351 83 56
143006.87675 143229.47794166667 83 57
146025.1134166667 146247.12465833334 83 72
146884.61541666675 147155.49654166674 83 70
49921.14066666667 50137.74716666667 84 73
74801.52275000024 75771.57295833358 84 89
85889.54025000024 86907.70364583358 84 89
97886.91308333355 98339.74308333355 84 89
126621.64208333334 126838.24858333335 84 74
16787.288583333328 17010.08354166666 85 65
50029.44391666667 50209.94933333334 85 64
68004.80133333338 68228.49235000006 85 65
96029.98508333355 96958.44908333356 85 89
105667.47658333356 105789.37133333355 85 72
115935.51208333351 116057.17907916685 85 56
126729.94533333335 126910.45075000002 85 67
144731.49075 144957.86994166666 85 65
17648.47724999999 17872.27799999999 86 69
18508.75274999999 18737.008008333323 86 70
19263.92074999999 19368.450249999987 86 74
68865.99000000005 69090.69003125005 86 69
69726.26550000004 69952.7286416667 86 70
70482.53775000006 70588.17150000007 86 74
73873.05875000023 74807.33670000023 86 91
84961.07625000023 85895.35420000023 86 91
96496.91108333356 96969.14947083355 86 89
105327.85408333354 105780.68408333356 86 89
145592.67941666668 145821.8758541667 86 69
146452.9549166667 146680.31411666673 86 70
147207.39966666672 147311.20591666672 86 73
157451.37633333335 160055.3525416667 86 45
161404.68066666683 162404.68066666683 86 111
50137.74716666667 50282.54491666667 87 77
103470.92608333354 104399.39008333355 87 91
126838.24858333335 126983.04633333335 87 79
19159.391249999993 19263.92074999999 88 86
50246.18125 50392.435916666676 88 67
70376.90400000005 70482.53775000006 88 86
103937.85208333354 104599.77915833355 88 86
111239.2635833335 111359.14200000017 88 49
113066.3145833335 113185.78900000015 88 49
114666.9135833335 114896.7985833335 88 46
114896.7985833335 115023.16650833351 88 48
115130.7245833335 115360.6095833335 88 46
115360.6095833335 115487.43144166685 88 48
115591.90158333351 115820.03858333352 88 46
115820.03858333352 115945.09650000017 88 48
116050.52508333352 116278.66208333352 88 46
116278.66208333352 116401.6002333335 88 48
126946.68266666669 127092.93733333335 88 71
147103.59341666673 147207.39966666672 88 86
157451.37633333335 160055.3525416667 88 45
96029.98508333355 96969.14947083355 89 79
114781.85608333349 115014.4455833335 90 52
115245.66708333351 115476.88858333351 90 53
115705.97008333351 115935.51208333351 90 52
116164.59358333351 116395.84958333352 90 53
103470.92608333354 104599.77915833355 91 85
50355.67125000001 51216.37325000001 92 75
127056.17266666668 127916.87466666668 92 77
50466.37325000001 51217.32744791668 93 67
127166.87466666668 127917.82886458335 93 72
