259259.04397499995 259581.62464166657 33 31
159548.62633333358 160063.37695833354 35 59
160490.04300000027 160999.7926250003 35 59
25949.398874999988 26438.38995833333 40 50
31225.356999999993 31707.248833333328 40 50
75499.30904166671 75819.17437500003 40 31
81110.46633333339 81436.48250000006 40 31
83207.51470833337 84028.04877083338 40 40
86806.10820833339 87118.12670833338 40 31
124139.036 124469.40149999999 40 31
129731.65112500005 130052.3817916667 40 31
131784.68308333334 132605.21714583333 40 40
135444.52475 135772.80758333334 40 31
197189.92705833353 197678.91814166686 40 50
202532.70668333358 203014.5985166669 40 50
251346.0941416667 251979.8966416667 40 38
253966.4728916667 254600.27539166668 40 38
256573.62264166665 258807.91597499995 40 48
259420.33430833323 259742.9149749999 40 31
159707.00450000024 159945.1784166669 41 59
256348.05864166663 256646.6153083333 41 39
160648.42116666693 160904.92152708358 42 59
256122.4946416666 256573.62264166665 42 42
83072.14970833338 83410.21745833338 43 33
131649.31808333332 131987.38583333333 43 33
159865.3826666669 160063.37695833354 43 62
3403.8345000000004 4265.0477625 44 40
13708.912875 14564.81000625 44 43
28974.6285 29437.9804375 44 31
29854.646999999997 30320.122616666664 44 34
34257.41837499999 34720.77031249999 44 31
35137.436874999985 35601.02797499999 44 34
55079.95433333331 55937.623508333316 44 40
65437.18895833334 66293.08608958335 44 43
174681.8698083337 175546.6271583337 44 43
185008.72955833364 185875.25895208365 44 45
200279.37018333358 200742.72212083358 44 31
201159.3886833336 201624.86430000025 44 34
205564.76805833363 206028.11999583364 44 31
206444.78655833364 206902.72410833364 44 34
226398.41451666693 227266.71595416695 44 40
236683.4378916669 237546.4231979169 44 43
2968.7995 3403.8345000000004 45 55
4254.4155 5521.6630000000005 45 39
13270.508875 13708.912875 45 56
14559.493875 15823.070375 45 43
28542.974 29419.8645 45 44
29419.8645 30306.930999999997 45 44
33819.46237499999 34702.65437499999 45 44
34702.65437499999 35589.720874999985 45 44
54644.91933333331 55079.95433333331 45 55
55930.53533333332 57206.40683333332 45 39
64998.78495833333 65437.18895833334 45 56
66287.76995833335 67551.34645833334 45 43
174246.8348083337 174681.8698083337 45 55
175532.4508083337 176808.3223083337 45 39
184570.32555833366 185008.72955833364 45 56
185859.31055833364 187122.8870583336 45 43
199783.5021833336 200724.60618333358 45 44
200724.60618333358 201611.67268333357 45 44
205126.81205833363 206010.00405833364 45 44
206010.00405833364 206897.07055833362 45 44
225963.37951666696 226398.41451666693 45 55
227248.99551666694 228524.86701666695 45 39
236245.0338916669 236683.4378916669 45 56
237534.0188916669 238810.1318916669 45 43
259581.62464166657 259904.20530833324 45 30
264865.9036416666 265183.3639749999 45 31
5949.283 6813.4095875 46 36
57651.40883333332 58519.07950833332 46 36
98274.50879166673 98764.70070833339 46 59
177235.94230833373 178105.38502708368 46 36
228971.80451666698 229839.47519166695 46 36
239237.75189166694 240114.2827854169 46 36
2555.804 2968.7995 47 53
6809.865500000001 8095.229000000001 47 30
8522.652625 9408.89701875 47 35
12854.535375 13270.508875 47 53
16243.614625 21171.523124999996 47 50
24018.525374999994 24954.14287499999 47 50
47722.810083333316 48161.07935208332 47 29
49407.51258333332 49840.42641666666 47 26
50227.093083333326 50684.08045833332 47 24
54231.92383333331 54644.91933333331 47 53
58511.99133333332 59794.22683333332 47 36
60221.650458333315 61109.98433541665 47 37
64582.81145833332 64998.78495833333 47 53
67977.04620833336 70647.15934166669 47 46
70549.39395833336 72669.4983416667 47 48
75667.65920833337 75970.6895416667 47 30
81281.44366666672 81591.5213333334 47 30
82934.45158333339 83106.16333333339 47 34
86966.6115416667 87269.64187500004 47 30
124317.88633333331 124620.91666666666 47 30
129900.86662500005 130203.89695833335 47 30
131514.63029166666 131683.33170833334 47 34
135621.29241666666 135924.32275 47 30
144106.886375 144650.0155833333 47 57
145080.87099999998 145588.491625 47 58
146000.04433333332 146499.24937500004 47 59
146890.9863333334 147361.25275000007 47 59
148569.60208333342 149523.31898333345 47 37
149672.66658333343 150203.74183333345 47 57
150566.40566666677 151047.2781250001 47 58
151450.16712500012 151970.21995833344 47 59
152325.87166666685 152802.75116666686 47 59
153953.0791666669 154979.70559791694 47 37
155035.4748333336 155530.32345833362 47 57
155939.35558333358 156466.91258333361 47 58
156833.32295833365 157311.5680833336 47 59
157721.6498750003 158253.04412500025 47 57
158628.94095833358 159165.22037500024 47 58
160024.07495833357 160217.99583333358 47 57
173833.8393083337 174246.8348083337 47 53
178096.5248083337 179421.00730833368 47 36
179854.6780583337 180730.65036041703 47 32
184154.35205833364 184570.32555833366 47 53
187548.5868083336 192483.28980833356 47 50
195330.29205833352 196267.89079583352 47 46
219041.27026666695 219469.05002291696 47 24
220725.97276666694 221152.21993333357 47 26
221545.5532666669 222000.58751666694 47 24
225550.38401666694 225963.37951666696 47 53
229832.38701666694 231108.25851666692 47 32
231531.84089166694 232389.93756666695 47 41
235829.0603916669 236245.0338916669 47 53
240098.3343916669 241374.4473916669 47 33
36905.24787499999 37355.86788749999 48 42
37750.69537499999 38192.724249999985 48 46
41140.445874999976 41762.05637499997 48 26
43614.16387499997 44190.4151270833 48 21
44442.10437499997 44884.50692499997 48 46
72361.64695833337 75485.4201541667 48 40
78011.71100000007 81063.73737500006 48 40
82794.83425000004 82969.17379166672 48 37
83680.48770833337 86806.10820833339 48 40
89352.59633333338 92824.18533333336 48 40
93315.98883333337 95317.45355208336 48 34
97369.50979166673 97868.71483333339 48 59
102976.60570833339 103460.2939166667 48 59
108196.73337500003 109154.62352083337 48 39
110711.9954791667 112018.77889583338 48 46
113856.40470833336 114805.63610416668 48 39
117907.53866666666 118463.23883333334 48 57
120980.37358333333 124123.5720875 48 40
126632.89579166667 129684.9221666667 48 40
131377.40458333335 131548.64391666665 48 37
132257.65608333334 135444.52475 48 40
138966.73787499996 141454.71987499998 48 30
141946.52337499996 143979.76774999997 48 29
208212.59755833365 208661.49343333364 48 39
209058.04505833364 209500.07393333365 48 42
212450.92355833366 213072.53405833367 48 26
214924.64155833362 215578.59553125026 48 21
215752.58205833362 216181.82846666695 48 43
241802.06739166693 242671.5101104169 48 37
1705.223 2934.3832083333336 49 42
12003.954375000001 13235.844416666665 49 42
36494.28887499999 37336.90237499998 49 50
37336.90237499998 38185.47787499998 49 51
53381.34283333331 54610.50304166665 49 42
63732.23045833332 64964.12049999999 49 42
95476.35183333336 96019.48104166672 49 57
96450.33645833338 96957.95708333339 49 58
101161.36616666673 101676.30000000006 49 57
102087.6662083334 102580.01658333339 49 58
106553.50162500002 106861.33595833337 49 57
109289.30104166671 109558.65608333338 49 57
112153.45641666671 112461.29075000004 49 57
114940.31362500001 115248.14795833334 49 57
172983.25830833366 174212.418516667 49 48
183303.77105833366 184535.66110000032 49 48
207801.63855833362 208644.25205833366 49 50
208644.25205833366 209492.82755833367 49 51
224699.80301666693 225928.96322500028 49 42
234978.47939166692 236210.36943333357 49 42
242662.6498916669 243924.18989166684 49 34
259742.9149749999 260065.49564166658 49 38
854.6419999999999 1792.0531437500001 50 37
11153.373375000001 12034.07911875 50 44
52530.76183333331 53391.97509583331 50 44
62881.64945833331 63757.03907083332 50 44
160179.5520416669 160331.6648333336 50 57
172132.6773083337 172993.89057083367 50 39
182453.19005833368 183314.40332083366 50 42
223849.22201666696 224713.97936666696 50 37
234127.89839166694 234989.11165416692 50 37
51146.97108333332 52096.622083333314 51 28
96606.36695833338 96802.59683333339 51 58
97524.40445833339 97717.76066666673 51 59
99977.03016666674 101070.26448541674 51 34
102243.69670833339 102435.07004166672 51 58
103131.50037500005 103320.39958333338 51 59
105661.65537500002 106153.05670833337 51 59
160806.7993333336 160999.7926250003 51 62
222465.43126666694 223415.08226666696 51 28
256122.4946416666 257454.53197499996 51 39
258807.91597499995 259285.2536541666 51 41
260226.78597499992 260461.16097499992 51 39
854.6419999999999 3604.0754437500004 52 44
3403.8345000000004 5521.6630000000005 52 45
9392.948625 10724.021875 52 28
11153.373375000001 13909.15381875 52 44
13708.912875 15823.070375 52 42
24932.142874999994 26020.817208333323 52 44
26162.062041666657 26301.223374999994 52 45
26797.705999999995 28758.801249999997 52 36
28542.974 30320.122616666664 52 37
30306.930999999997 31295.720083333326 52 33
31434.88141666666 31572.04799999999 52 45
32064.678874999998 34040.26519166666 52 36
33819.46237499999 35601.02797499999 52 37
35589.720874999985 36497.71353333332 52 33
39457.72737499997 39906.04854166664 52 46
40289.38187499998 40722.006074999976 52 51
50678.22108333332 51655.44558333332 52 37
52530.76183333331 55280.195277083316 52 44
55079.95433333331 57206.40683333332 52 45
61088.99195833332 62051.816070833316 52 28
62881.64945833331 65637.42990208334 52 44
65437.18895833334 67551.34645833334 52 45
172132.6773083337 174882.11075208368 52 50
174681.8698083337 176808.3223083337 52 45
180721.6575583337 182023.83855833366 52 28
182453.19005833368 185208.97050208366 52 50
185008.72955833364 187122.8870583336 52 45
196233.00705833352 197261.34539166684 52 46
197402.5902250002 197541.75155833352 52 45
198038.23418333355 200066.5601666669 52 36
199783.5021833336 201624.86430000025 52 37
201611.67268333357 202603.0697666669 52 33
202742.23110000024 202879.39768333358 52 45
203372.0285583336 205376.81194166697 52 36
205126.81205833363 206902.72410833364 52 37
206897.07055833362 208036.22765416696 52 33
210765.07705833364 211216.52622500033 52 46
211599.85955833367 212043.12205833365 52 51
221996.68126666694 222973.90576666695 52 31
223849.22201666696 226598.65546041695 52 44
226398.41451666693 228524.86701666695 52 45
232382.84939166694 233698.54689166692 52 31
234127.89839166694 236883.6788354169 52 44
236683.4378916669 238810.1318916669 52 51
248719.32139166674 249353.12389166674 52 50
250453.7896416667 251768.6291416667 52 42
253080.56239166667 254389.0078916667 52 36
255690.84014166665 256122.4946416666 52 48
257019.74947499996 257473.32897499995 52 36
258356.78797499998 259285.2536541666 52 42
259904.20530833324 260226.78597499992 52 34
260383.03597499992 260616.1998083333 52 34
265024.63380833325 265342.09414166654 52 31
39055.04287499998 39889.38187499998 53 53
39889.38187499998 40714.91387499997 53 57
41565.977874999975 41992.38145833331 53 55
42369.09387499997 42804.30512499997 53 58
44036.69887499997 44864.63937499998 53 56
98428.42595833339 98618.17075000006 53 59
103892.1601666667 104381.63558333338 53 57
104780.35587500002 105300.09675000004 53 58
147030.84650000004 147209.1504583334 53 59
152472.9305000002 152656.22120833353 53 59
157875.56704166695 158066.46862500024 53 57
160949.38160416693 161156.71929166696 53 68
210362.39255833364 211199.85955833364 53 53
211199.85955833364 212025.39155833368 53 57
212876.45555833366 213302.859141667 53 55
213679.57155833367 214114.78280833364 53 58
215347.17655833362 216175.11705833362 53 56
247827.01689166678 249141.85639166675 53 52
255468.61789166662 255823.93361249997 53 39
262084.01564166666 264883.7607854166 53 31
5949.283 6813.4095875 54 43
6809.865500000001 8095.229000000001 54 36
23140.209624999992 23792.383374999994 54 62
26370.055958333327 26506.232541666657 54 46
31639.890583333327 31774.138499999997 54 46
46504.45387499998 46922.68146666665 54 42
47722.810083333316 48161.07935208332 54 39
48145.34508333332 49010.16158333332 54 41
49407.51258333332 49840.42641666666 54 31
50227.093083333326 50684.08045833332 54 30
57651.40883333332 58519.07950833332 54 43
58511.99133333332 59794.22683333332 54 36
141946.52337499996 143979.76774999997 54 29
144276.37787499998 144487.33562499998 54 57
146154.939 146348.29520833335 54 59
148569.60208333342 149523.31898333345 54 37
149829.87458333344 150020.98000000013 54 57
151601.68229166677 151791.6412500001 54 59
153953.0791666669 154979.70559791694 54 37
155189.32100000026 155381.62254166693 54 57
156981.4711250003 157166.11166666695 54 59
158782.85812500023 159013.66287500024 54 58
160331.6648333336 160999.7926250003 54 76
161105.52204166693 161474.55412500026 54 64
177235.94230833373 178105.38502708368 54 43
178096.5248083337 179421.00730833368 54 36
194451.9763083335 195104.15005833353 54 62
197610.58414166686 197746.7607250002 54 46
202947.24026666692 203081.4881833336 54 46
217822.9140583336 218267.1833062503 54 47
219041.27026666695 219469.05002291696 54 39
219463.80526666695 219890.80636666695 54 41
220725.97276666694 221152.21993333357 54 31
221545.5532666669 222000.58751666694 54 30
228971.80451666698 229839.47519166695 54 43
229832.38701666694 231108.25851666692 54 38
239237.75189166694 240114.2827854169 54 43
240098.3343916669 241374.4473916669 54 39
246077.37139166682 247839.88453958344 54 56
255246.39564166666 255690.84014166665 54 45
257454.53197499996 259259.04397499995 54 33
41140.445874999976 41762.05637499997 55 32
41958.13487499997 42407.427208333305 55 40
42769.09387499997 43207.47393749997 55 44
43614.16387499997 44190.4151270833 55 32
45687.52237499997 46504.45387499998 55 47
47325.45908333331 47758.021333333316 55 58
49010.16158333332 49442.477624999985 55 57
49827.093083333326 50264.68708333332 55 55
72361.64695833337 75485.4201541667 55 40
75819.17437500003 76122.20470833337 55 38
78011.71100000007 81063.73737500006 55 40
81436.48250000006 81746.56016666672 55 38
82652.98670833338 82829.79929166671 55 34
83680.48770833337 86806.10820833339 55 40
87118.12670833338 87421.15704166672 55 38
89352.59633333338 92824.18533333336 55 40
93315.98883333337 95317.45355208336 55 37
99977.03016666674 101070.26448541674 55 34
104934.2730416667 105121.25737500004 55 58
105815.5725416667 106043.5637916667 55 59
106707.4187916667 106937.66020833337 55 57
108196.73337500003 109154.62352083337 55 46
109443.21820833338 109633.0065416667 55 57
110782.1151666667 112018.77889583338 55 46
112307.37358333338 112537.61500000005 55 57
113856.40470833336 114805.63610416668 55 39
115094.23079166668 115325.03554166669 55 57
118066.34449999999 118262.911125 55 57
120980.37358333333 124123.5720875 55 40
124469.40149999999 124772.43183333334 55 38
126632.89579166667 129684.9221666667 55 40
130052.3817916667 130355.41212500002 55 38
131237.54104166667 131446.37008333334 55 34
132257.65608333334 135444.52475 55 40
135772.80758333334 136075.83791666664 55 38
138966.73787499996 141454.71987499998 55 36
145236.90149999998 145433.131375 55 58
150716.78166666676 150939.62141666678 55 58
156092.0274166669 156281.71929166696 55 58
158028.5898333336 158253.04412500025 55 62
159390.24816666692 160361.36073958362 55 75
161276.14141666694 161674.55412500023 55 71
212450.92355833366 213072.53405833367 55 32
213268.61255833367 213717.90489166699 55 40
214079.57155833364 214510.90937083366 55 44
214924.64155833362 215578.59553125026 55 32
217003.33355833363 217822.9140583336 55 47
218643.91926666696 219076.48151666694 55 58
220328.62176666694 220760.9378083336 55 57
221145.55326666692 221583.1472666669 55 55
250453.7896416667 250894.9661416667 55 48
253080.56239166667 253515.34489166667 55 40
9392.948625 10724.021875 56 34
17964.852625000003 18906.93325833333 56 61
20547.562874999996 21171.523124999996 56 58
23574.992124999993 24018.525374999994 56 58
25412.14287499999 26020.817208333323 56 50
26573.35649999999 26797.705999999995 56 47
30759.214999999993 31295.720083333326 56 36
31840.329374999998 32064.678874999998 56 47
36042.00487499999 36497.71353333332 56 36
36494.28887499999 38192.724249999985 56 41
38185.47787499998 39284.90861041664 56 34
40714.91387499997 41565.977874999975 56 38
43191.62887499997 44036.69887499997 56 36
61088.99195833332 62051.816070833316 56 34
69698.28420833337 70647.15934166669 56 58
95645.84333333338 95856.80108333338 56 57
101330.85766666675 101564.07916666674 56 57
161514.55412500026 161876.16704166692 56 62
180721.6575583337 182023.83855833366 56 34
189269.82480833356 190218.69994166688 56 61
191859.32955833353 192483.28980833356 56 58
194886.7588083335 195330.29205833352 56 58
196698.12355833352 197261.34539166684 56 56
197813.8846833335 198038.23418333355 56 47
202063.95668333358 202603.0697666669 56 36
203147.67905833357 203372.0285583336 56 47
207349.35455833364 208036.22765416696 56 36
207801.63855833362 209500.07393333365 56 41
209492.82755833367 210592.25829375032 56 38
212025.39155833368 212876.45555833366 56 38
214502.10655833365 214933.44437083363 56 36
232382.84939166694 233698.54689166692 56 39
241802.06739166693 242671.5101104169 56 44
242662.6498916669 243924.18989166684 56 40
250894.9661416667 251768.6291416667 56 45
253515.34489166667 254389.0078916667 56 38
257454.53197499996 259259.04397499995 56 39
258807.91597499995 259285.2536541666 56 41
8522.652625 9408.89701875 57 41
17094.326125 17964.852625000003 57 59
19669.988375 20547.562874999996 57 59
23792.383374999994 24149.040089583326 57 50
24932.142874999994 25666.38012499999 57 52
26797.705999999995 27222.996499999994 57 50
30306.930999999997 30985.356999999993 57 38
32064.678874999998 32493.188874999993 57 50
35589.720874999985 36494.28887499999 57 38
44864.63937499998 45687.52237499997 57 47
60221.650458333315 61109.98433541665 57 45
68827.75770833336 69698.28420833337 57 57
71410.21445833337 72061.64695833337 57 57
161755.1992916669 162079.41912500025 57 65
179854.6780583337 180730.65036041703 57 47
188399.29830833361 189269.82480833356 57 59
190981.75505833357 191859.32955833353 57 59
195104.15005833353 195460.80677291687 57 52
196233.00705833352 197189.92705833353 57 58
198038.23418333355 198463.52468333356 57 50
201611.67268333357 202220.20668333358 57 38
203372.0285583336 203800.53855833362 57 50
206897.07055833362 207375.73779166694 57 38
216175.11705833362 217003.33355833363 57 47
231531.84089166694 232389.93756666695 57 50
246077.37139166682 246720.22864166682 57 64
248268.19339166675 249353.12389166674 57 56
249999.2441416667 250453.7896416667 57 45
251346.0941416667 251979.8966416667 57 41
252626.01689166666 253080.56239166667 57 38
253966.4728916667 254600.27539166668 57 40
255246.39564166666 256348.05864166663 57 36
256122.4946416666 257454.53197499996 57 39
257019.74947499996 257473.32897499995 57 36
260065.49564166658 260246.31722499992 57 36
260538.68039166662 260846.96905833328 57 34
262084.01564166666 264883.7607854166 57 34
265183.3639749999 265500.8243083332 57 30
270629.0054749999 270949.0054749999 57 28
46504.45387499998 46922.68146666665 58 51
48145.34508333332 49010.16158333332 58 46
50678.22108333332 51655.44558333332 58 34
96762.39745833338 96957.95708333339 58 62
98580.85733333339 98764.70070833339 58 62
102398.03300000005 102580.01658333339 58 62
148569.60208333342 149523.31898333345 58 37
153953.0791666669 154979.70559791694 58 37
161998.1182916669 162449.96529166691 58 57
217822.9140583336 218267.1833062503 58 55
219463.80526666695 219890.80636666695 58 46
221996.68126666694 222973.90576666695 58 28
854.6419999999999 1792.0531437500001 59 30
6809.865500000001 8095.229000000001 59 42
11153.373375000001 12034.07911875 59 37
17519.616625000002 18383.847125000004 59 54
20095.278875 20963.536374999996 59 54
24459.70187499999 24932.142874999994 59 56
24932.142874999994 26020.817208333323 59 39
27010.351249999992 27239.957149999995 59 45
28094.274999999998 28758.801249999997 59 35
30306.930999999997 31295.720083333326 59 37
32278.93387499999 32508.265008333325 59 45
33370.76337499999 34040.26519166666 59 34
35589.720874999985 36497.71353333332 59 37
45687.52237499997 46504.45387499998 59 55
46908.79258333331 47524.13458333331 59 54
48564.92558333332 49208.837083333325 59 49
51146.97108333332 52096.622083333314 59 36
52530.76183333331 53391.97509583331 59 36
58511.99133333332 59794.22683333332 59 42
62881.64945833331 63757.03907083332 59 36
69253.04820833336 70117.27870833335 59 52
71835.50495833337 72669.4983416667 59 52
75970.6895416667 76273.71987500004 59 34
81591.5213333334 81901.59900000006 59 34
82508.58054166671 82688.70100000004 59 34
87269.64187500004 87572.67220833339 59 34
107013.16708333338 107198.88208333336 59 55
109742.49945833338 109919.82225000004 59 55
112613.39550000004 112837.5066666667 59 55
115401.35979166668 115623.90820833335 59 55
124620.91666666666 124886.06820833332 59 34
130203.89695833335 130506.92729166667 59 34
131094.9335416667 131272.75229166666 59 34
135924.32275 136227.3530833333 59 34
145392.932 145588.491625 59 62
146309.8336666667 146499.24937500004 59 62
147170.70666666672 147361.25275000007 59 62
150867.15766666678 151047.2781250001 59 62
151753.19745833342 151970.21995833344 59 62
152619.98933333353 152802.75116666686 59 62
156244.12529166695 156466.91258333361 59 62
157129.34695833363 157311.5680833336 59 62
158178.97004166694 158362.80150000023 59 57
158936.7752916669 159165.22037500024 59 62
162243.35362500025 162658.29862500023 59 62
172132.6773083337 172993.89057083367 59 34
178096.5248083337 179421.00730833368 59 42
182453.19005833368 183314.40332083366 59 34
188824.58880833356 189688.81930833356 59 54
191407.04555833354 192275.30305833355 59 54
195771.46855833355 196267.89079583352 59 48
196233.00705833352 197261.34539166684 59 50
198250.87943333355 198482.36985000022 59 45
199334.80318333357 200066.5601666669 59 35
201611.67268333357 202603.0697666669 59 37
203586.2835583336 203819.38372500028 59 45
204678.11305833363 205376.81194166697 59 34
206897.07055833362 208036.22765416696 59 37
217003.33355833363 217822.9140583336 59 55
218227.25276666696 218842.59476666697 59 54
219883.38576666694 220527.29726666695 59 45
222465.43126666694 223415.08226666696 59 36
223849.22201666696 224713.97936666696 59 30
229832.38701666694 231108.25851666692 59 46
234127.89839166694 234989.11165416692 59 30
240098.3343916669 241374.4473916669 59 48
246505.9428916668 246940.8168916668 59 61
247827.01689166678 248268.19339166675 59 61
249999.2441416667 251768.6291416667 59 36
252626.01689166666 254389.0078916667 59 29
27222.996499999994 28542.974 60 47
28974.6285 29437.9804375 60 31
29854.646999999997 30320.122616666664 60 30
32493.188874999993 33819.46237499999 60 46
34257.41837499999 34720.77031249999 60 31
35137.436874999985 35601.02797499999 60 30
38620.260374999976 39284.90861041664 60 41
39055.04287499998 40722.006074999976 60 45
40714.91387499997 41565.977874999975 60 46
41565.977874999975 43207.47393749997 60 44
43191.62887499997 44036.69887499997 60 45
44036.69887499997 44884.50692499997 60 46
46084.873374999974 46539.66512499998 60 54
72361.64695833337 75485.4201541667 60 48
78011.71100000007 81063.73737500006 60 48
82361.51775000004 82581.04429166671 60 38
83680.48770833337 86806.10820833339 60 48
89352.59633333338 92824.18533333336 60 48
93315.98883333337 95317.45355208336 60 46
97679.29912500006 97868.71483333339 60 62
103284.16770833338 103460.2939166667 60 62
104046.07733333338 104272.93616666671 60 57
108196.73337500003 109154.62352083337 60 46
113856.40470833336 114805.63610416668 60 47
120980.37358333333 124123.5720875 60 48
126632.89579166667 129684.9221666667 60 48
130949.73779166667 131130.90475000002 60 38
132257.65608333334 135444.52475 60 48
138966.73787499996 141454.71987499998 60 42
141946.52337499996 143979.76774999997 60 38
198463.52468333356 199783.5021833336 60 47
200279.37018333358 200742.72212083358 60 31
201159.3886833336 201624.86430000025 60 30
203800.53855833362 205126.81205833363 60 46
205564.76805833363 206028.11999583364 60 31
206444.78655833364 206902.72410833364 60 30
209927.61005833364 210592.25829375032 60 41
210362.39255833364 212043.12205833365 60 45
212025.39155833368 212876.45555833366 60 46
212876.45555833366 214510.90937083366 60 44
214502.10655833365 214933.44437083363 60 45
215347.17655833362 216181.82846666695 60 46
217403.33355833363 217858.12530833363 60 54
256122.4946416666 257454.53197499996 60 39
260693.12289166663 260999.6408916666 60 38
262084.01564166666 264883.7607854166 60 33
5949.283 6813.4095875 61 53
24018.525374999994 24912.457833333327 61 58
28542.974 29419.8645 61 41
29419.8645 30306.930999999997 61 41
33819.46237499999 34702.65437499999 61 41
34702.65437499999 35589.720874999985 61 41
38185.47787499998 39055.04287499998 61 44
44864.63937499998 45687.52237499997 61 55
50678.22108333332 51655.44558333332 61 41
57651.40883333332 58519.07950833332 61 53
95815.33483333339 96019.48104166672 61 62
98728.46883333339 99046.57366666674 61 57
99977.03016666674 101070.26448541674 61 41
101488.3215833334 101676.30000000006 61 62
106861.33595833337 107050.78370833337 61 58
109595.96950000004 109778.4706666667 61 58
112461.29075000004 112688.62875000003 61 58
115248.14795833334 115476.59304166668 61 58
147322.7912083334 147518.1275833334 61 57
152765.71412500017 152953.70533333355 61 57
162491.63195833357 163080.24695833362 61 63
177235.94230833373 178105.38502708368 61 53
195330.29205833352 196233.00705833352 61 58
199783.5021833336 200724.60618333358 61 41
200724.60618333358 201611.67268333357 61 41
205126.81205833363 206010.00405833364 61 41
206010.00405833364 206897.07055833362 61 41
209492.82755833367 209938.47962083365 61 44
216175.11705833362 217003.33355833363 61 55
221996.68126666694 222973.90576666695 61 41
228971.80451666698 229839.47519166695 61 53
239237.75189166694 240114.2827854169 61 51
242662.6498916669 243924.18989166684 61 50
246720.22864166682 247068.51468125012 61 58
247372.47139166677 247827.01689166678 61 58
251346.0941416667 251979.8966416667 61 41
253966.4728916667 254600.27539166668 61 41
255246.39564166666 256348.05864166663 61 36
257019.74947499996 257473.32897499995 61 42
260846.96905833328 261151.1560583333 61 34
265342.09414166654 265659.5544749999 61 38
9392.948625 10724.021875 62 40
45261.99037499997 45695.800520833305 62 54
61088.99195833332 62051.816070833316 62 40
105084.76104166672 105300.09675000004 62 62
145550.32366666666 145737.48558333333 62 55
151011.56383333344 151188.6226250001 62 55
156393.38316666696 156575.87266666695 62 55
158326.30516666692 158511.57911875023 62 57
159089.98712500025 159313.58470833357 62 55
162995.5012083336 163884.24587500028 62 59
180721.6575583337 182023.83855833366 62 36
216577.80155833362 217010.0002250003 62 54
232382.84939166694 233698.54689166692 62 40
246940.8168916668 247372.47139166677 62 61
249999.2441416667 251768.6291416667 62 36
252626.01689166666 254389.0078916667 62 29
257454.53197499996 259259.04397499995 62 46
8522.652625 9408.89701875 63 46
17094.326125 18383.847125000004 63 43
19669.988375 20963.536374999996 63 43
23140.209624999992 24954.14287499999 63 44
26797.705999999995 27699.72184583333 63 43
32064.678874999998 32988.00192499999 63 43
36905.24787499999 37355.86788749999 63 42
37750.69537499999 38192.724249999985 63 41
38185.47787499998 39284.90861041664 63 42
40714.91387499997 41565.977874999975 63 37
43191.62887499997 44036.69887499997 63 41
47722.810083333316 48161.07935208332 63 42
49407.51258333332 49840.42641666666 63 33
50227.093083333326 50684.08045833332 63 30
60221.650458333315 61109.98433541665 63 49
68827.75770833336 70117.27870833335 63 47
71410.21445833337 72669.4983416667 63 47
96919.78912500005 97106.95104166672 63 55
97831.40141666672 98014.45129166672 63 57
99977.03016666674 101070.26448541674 63 41
102544.30229166673 102719.89379166672 63 55
103426.04733333338 103600.62837500003 63 57
105969.48970833336 106153.05670833337 63 62
144445.86937499998 144650.0155833333 63 62
146461.93595833334 146644.98583333337 63 57
149983.66658333346 150203.74183333345 63 62
151899.29795833345 152075.3612916668 63 57
155342.6149166669 155530.32345833362 63 62
157275.3362083336 157454.93908333362 63 57
159239.9252916669 159425.8832541669 63 55
163791.65329166697 165851.9827083336 63 62
179854.6780583337 180730.65036041703 63 46
188399.29830833361 189688.81930833356 63 43
190981.75505833357 192275.30305833355 63 43
194451.9763083335 196267.89079583352 63 44
198038.23418333355 198983.8952895836 63 43
203372.0285583336 204309.52795833364 63 43
208212.59755833365 208661.49343333364 63 39
209058.04505833364 209500.07393333365 63 38
209492.82755833367 210592.25829375032 63 42
212025.39155833368 212876.45555833366 63 37
214502.10655833365 214933.44437083363 63 41
219041.27026666695 219469.05002291696 63 35
220725.97276666694 221152.21993333357 63 33
221545.5532666669 222000.58751666694 63 30
231531.84089166694 232389.93756666695 63 49
241802.06739166693 242671.5101104169 63 54
248268.19339166675 249141.85639166675 63 52
264357.4291416666 264883.7607854166 63 40
265818.2846416665 266056.3798916666 63 39
854.6419999999999 1792.0531437500001 64 36
1705.223 3604.0754437500004 64 55
3403.8345000000004 5521.6630000000005 64 46
11153.373375000001 12034.07911875 64 37
12003.954375000001 13909.15381875 64 55
13708.912875 15823.070375 64 45
16243.614625 17104.9583875 64 53
17964.852625000003 18906.93325833333 64 58
18809.167875 19687.708812499997 64 53
20547.562874999996 21506.632091666663 64 59
24932.142874999994 26020.817208333323 64 45
27675.280499999997 28758.801249999997 64 39
30306.930999999997 31295.720083333326 64 42
32945.47287499999 34040.26519166666 64 39
35589.720874999985 36497.71353333332 64 42
36494.28887499999 37336.90237499998 64 46
37336.90237499998 38185.47787499998 64 46
41140.445874999976 41762.05637499997 64 30
43614.16387499997 44190.4151270833 64 33
47325.45908333331 47758.021333333316 64 63
49010.16158333332 49442.477624999985 64 58
49827.093083333326 50264.68708333332 64 56
52530.76183333331 53391.97509583331 64 36
53381.34283333331 55280.195277083316 64 55
55079.95433333331 57206.40683333332 64 49
62881.64945833331 63757.03907083332 64 36
63732.23045833332 65637.42990208334 64 55
65437.18895833334 67551.34645833334 64 47
67977.04620833336 68953.57281458337 64 50
69698.28420833337 70647.15934166669 64 60
70549.39395833336 71422.61876458337 64 50
72361.64695833337 75485.4201541667 64 48
76122.20470833337 76311.59866666672 64 36
76572.79258333339 76750.45858333338 64 34
78011.71100000007 81063.73737500006 64 48
81746.56016666672 82055.37416666672 64 36
82209.1493333334 82398.55479166671 64 34
83680.48770833337 86806.10820833339 64 48
87421.15704166672 87724.18737500005 64 36
87874.86079166672 88057.62262500005 64 34
89352.59633333338 92824.18533333336 64 48
93315.98883333337 95317.45355208336 64 45
108196.73337500003 109154.62352083337 64 45
110852.23485416672 112018.77889583338 64 46
113856.40470833336 114805.63610416668 64 51
118223.54104166667 118463.23883333334 64 58
120980.37358333333 124123.5720875 64 48
124772.43183333334 124993.98183333334 64 36
125207.25795833333 125380.87912499999 64 34
126632.89579166667 129684.9221666667 64 48
130355.41212500002 130655.07545833333 64 36
130802.67895833333 131022.73045833335 64 34
132257.65608333334 135444.52475 64 48
136075.83791666664 136336.8420833333 64 36
136516.96254166664 136694.0213333333 64 34
138966.73787499996 141454.71987499998 64 35
141946.52337499996 143979.76774999997 64 37
148569.60208333342 149523.31898333345 64 37
153953.0791666669 154979.70559791694 64 37
164969.62970833364 167028.45320833364 64 46
172132.6773083337 172993.89057083367 64 41
172983.25830833366 174882.11075208368 64 55
174681.8698083337 176808.3223083337 64 47
182453.19005833368 183314.40332083366 64 41
183303.77105833366 185208.97050208366 64 62
185008.72955833364 187122.8870583336 64 48
187548.5868083336 188408.1585270836 64 50
189269.82480833356 190218.69994166688 64 62
190120.93455833357 190995.93140833356 64 50
191859.32955833353 192818.3987750002 64 59
196233.00705833352 197261.34539166684 64 50
198915.80868333357 200066.5601666669 64 39
201611.67268333357 202603.0697666669 64 42
204252.82255833363 205376.81194166697 64 39
206897.07055833362 208036.22765416696 64 42
207801.63855833362 208644.25205833366 64 46
208644.25205833366 209492.82755833367 64 46
212450.92355833366 213072.53405833367 64 30
214924.64155833362 215578.59553125026 64 33
218643.91926666696 219076.48151666694 64 63
220328.62176666694 220760.9378083336 64 58
221145.55326666692 221583.1472666669 64 56
223849.22201666696 224713.97936666696 64 36
224699.80301666693 226598.65546041695 64 55
226398.41451666693 228524.86701666695 64 45
234127.89839166694 234989.11165416692 64 36
234978.47939166692 236883.6788354169 64 55
236683.4378916669 238810.1318916669 64 48
248719.32139166674 249353.12389166674 64 60
249999.2441416667 251979.8966416667 64 42
252626.01689166666 254600.27539166668 64 36
260999.6408916666 261179.5651520833 64 34
263906.30114166666 264865.9036416666 64 44
265500.8243083332 265818.2846416665 64 34
265977.01480833325 266213.8602249999 64 34
270789.0054749999 271109.00547499995 64 27
95979.28166666672 96294.3059583334 65 57
98882.63916666673 99519.01466666673 65 57
101638.98658333339 101823.36279166672 65 57
104199.40675000004 104381.63558333338 65 62
107162.05237500003 107317.10363541669 65 55
109884.85720833337 110062.52154166669 65 55
112763.3336666667 112923.71234375003 65 55
115550.76604166668 115705.76914375 65 55
147478.44504166674 147648.72040625007 65 57
152915.53737500022 153082.88658958356 65 57
165851.9827083336 168204.92370833366 65 42
263437.55114166666 264357.4291416666 65 41
267705.6324749999 270487.0054749999 65 31
1.77204375 630.2924999999999 66 55
5949.283 6813.4095875 66 46
6809.865500000001 8095.229000000001 66 35
7660.446500000001 8305.019250000001 66 58
10298.731375000001 10929.023875 66 55
17094.326125 18383.847125000004 66 43
19669.988375 20963.536374999996 66 43
23140.209624999992 24149.040089583326 66 44
24018.525374999994 24954.14287499999 66 52
26797.705999999995 27239.957149999995 66 51
28542.974 29419.8645 66 50
29419.8645 30306.930999999997 66 50
32064.678874999998 32508.265008333325 66 51
33819.46237499999 34702.65437499999 66 50
34702.65437499999 35589.720874999985 66 50
40714.91387499997 41565.977874999975 66 44
43191.62887499997 44036.69887499997 66 49
46908.79258333331 47524.13458333331 66 52
47722.810083333316 48161.07935208332 66 42
48564.92558333332 49208.837083333325 66 52
49407.51258333332 49840.42641666666 66 33
50227.093083333326 50684.08045833332 66 30
50678.22108333332 52096.622083333314 66 48
51655.44558333332 52306.41233333331 66 54
57651.40883333332 59794.22683333332 66 46
59362.572333333315 60004.01708333332 66 57
62027.00745833332 62657.29995833332 66 55
68827.75770833336 70117.27870833335 66 47
71410.21445833337 72669.4983416667 66 47
141946.52337499996 143979.76774999997 66 44
144609.8162083333 144924.8405 66 57
146609.01462500004 146751.1261666667 66 57
148569.60208333342 149523.31898333345 66 43
150131.27808333345 150310.88833333345 66 57
152040.39625000014 152178.8128333335 66 57
153953.0791666669 154979.70559791694 66 43
155493.28641666693 155712.5445833336 66 57
157419.22479166696 157567.7327083336 66 57
158475.0237916669 159425.8832541669 66 74
167028.45320833364 168207.15545208368 66 38
171255.88380833366 171908.32780833368 66 50
177235.94230833373 178105.38502708368 66 46
178096.5248083337 179421.00730833368 66 42
178979.83080833367 179630.7975583337 66 56
181598.5480583337 182228.84055833367 66 55
188399.29830833361 189688.81930833356 66 43
190981.75505833357 192275.30305833355 66 43
194451.9763083335 195460.80677291687 66 44
195330.29205833352 196267.89079583352 66 55
198038.23418333355 198482.36985000022 66 51
199783.5021833336 200724.60618333358 66 50
200724.60618333358 201611.67268333357 66 50
203372.0285583336 203819.38372500028 66 51
205126.81205833363 206010.00405833364 66 50
206010.00405833364 206897.07055833362 66 50
212025.39155833368 212876.45555833366 66 44
214502.10655833365 214933.44437083363 66 49
218227.25276666696 218842.59476666697 66 52
219041.27026666695 219469.05002291696 66 42
219883.38576666694 220527.29726666695 66 48
220725.97276666694 221152.21993333357 66 33
221545.5532666669 222000.58751666694 66 30
221996.68126666694 223415.08226666696 66 48
222973.90576666695 223624.87251666695 66 55
228971.80451666698 229839.47519166695 66 46
229832.38701666694 231108.25851666692 66 41
230682.96801666694 231314.75626666693 66 58
233273.25639166695 233903.54889166693 66 55
239237.75189166694 240114.2827854169 66 54
240098.3343916669 241374.4473916669 66 43
249141.85639166675 249573.71214166674 66 52
251768.6291416667 252200.48489166668 66 42
254389.0078916667 254820.86364166668 66 52
39457.72737499997 39906.04854166664 67 46
40289.38187499998 40722.006074999976 67 47
41140.445874999976 41762.05637499997 67 38
41958.13487499997 42407.427208333305 67 44
42769.09387499997 43207.47393749997 67 44
43614.16387499997 44190.4151270833 67 42
44442.10437499997 44884.50692499997 67 49
46084.873374999974 46539.66512499998 67 52
46504.45387499998 46922.68146666665 67 59
48145.34508333332 49010.16158333332 67 57
72361.64695833337 75485.4201541667 67 48
76423.53891666672 76610.10600000004 67 34
78011.71100000007 81063.73737500006 67 48
82055.37416666672 82324.48070833339 67 34
83680.48770833337 86806.10820833339 67 48
87724.18737500005 87911.89783333338 67 34
89352.59633333338 92824.18533333336 67 48
93315.98883333337 95317.45355208336 67 59
97070.18633333337 97249.46642500005 67 55
99046.57366666674 99977.03016666674 67 66
102685.41104166672 102858.49852500005 67 55
105229.17475000003 105404.99525000004 67 55
106116.82483333336 106295.41445833337 67 57
108196.73337500003 109154.62352083337 67 58
110922.3545416667 112018.77889583338 67 64
113856.40470833336 114805.63610416668 67 57
118382.59366666667 118585.8565 67 55
120980.37358333333 124123.5720875 67 48
125065.41041666667 125242.46920833334 67 34
126632.89579166667 129684.9221666667 67 48
130655.07545833333 130949.73779166667 67 34
132257.65608333334 135444.52475 67 48
136373.0739583333 136552.6768333333 67 34
138966.73787499996 141454.71987499998 67 42
145700.720875 145864.5115 67 55
151153.4113750001 151328.9549916668 67 55
156539.64079166696 156722.21183333363 67 55
157567.7327083336 158511.57911875023 67 73
210765.07705833364 211216.52622500033 67 46
211599.85955833367 212043.12205833365 67 47
212450.92355833366 213072.53405833367 67 38
213268.61255833367 213717.90489166699 67 44
214079.57155833364 214510.90937083366 67 44
214924.64155833362 215578.59553125026 67 42
215752.58205833362 216181.82846666695 67 46
217403.33355833363 217858.12530833363 67 52
217822.9140583336 218267.1833062503 67 59
219463.80526666695 219890.80636666695 67 57
262993.1066416667 263906.30114166666 67 44
425.29049999999995 854.6419999999999 68 52
854.6419999999999 1680.4143875 68 55
2555.804 2968.7995 68 52
8095.229000000001 8522.652625 68 55
10724.021875 11153.373375000001 68 54
11153.373375000001 12003.954375000001 68 55
12854.535375 13270.508875 68 52
16243.614625 17094.326125 68 73
18809.167875 19669.988375 68 73
27675.280499999997 28758.801249999997 68 46
28974.6285 29437.9804375 68 39
29854.646999999997 30320.122616666664 68 38
32945.47287499999 34040.26519166666 68 46
34257.41837499999 34720.77031249999 68 39
35137.436874999985 35601.02797499999 68 38
38185.47787499998 39889.38187499998 68 51
39889.38187499998 40714.91387499997 68 53
41565.977874999975 41992.38145833331 68 55
42369.09387499997 42804.30512499997 68 56
44036.69887499997 44864.63937499998 68 56
45687.52237499997 46504.45387499998 68 59
52096.622083333314 52530.76183333331 68 51
52530.76183333331 53381.34283333331 68 55
54231.92383333331 54644.91933333331 68 52
59794.22683333332 60221.650458333315 68 52
62452.29795833332 62881.64945833331 68 54
62881.64945833331 63732.23045833332 68 55
64582.81145833332 64998.78495833333 68 52
67977.04620833336 68827.75770833336 68 74
70549.39395833336 71410.21445833337 68 74
96138.2754583334 96335.26396458338 68 57
97978.48008333339 98120.59162500006 68 57
98120.59162500006 99519.01466666673 68 74
99519.01466666673 100138.32050000007 68 58
101786.86645833339 101964.79218958339 68 57
103560.30579166669 103774.79832708336 68 57
104345.66437500004 104522.9871666667 68 57
142418.96437499998 143415.65587499997 68 65
146751.1261666667 147648.72040625007 68 71
152178.8128333335 153082.88658958356 68 71
171697.06030833366 172132.6773083337 68 49
172132.6773083337 172983.25830833366 68 51
173833.8393083337 174246.8348083337 68 52
179421.00730833368 179854.6780583337 68 52
182023.83855833366 182453.19005833368 68 50
182453.19005833368 183303.77105833366 68 55
184154.35205833364 184570.32555833366 68 52
187548.5868083336 188399.29830833361 68 74
190120.93455833357 190981.75505833357 68 73
198915.80868333357 200066.5601666669 68 46
200279.37018333358 200742.72212083358 68 39
201159.3886833336 201624.86430000025 68 38
204252.82255833363 205376.81194166697 68 46
205564.76805833363 206028.11999583364 68 39
206444.78655833364 206902.72410833364 68 38
209492.82755833367 211199.85955833364 68 51
211199.85955833364 212025.39155833368 68 53
212876.45555833366 213302.859141667 68 55
213679.57155833367 214114.78280833364 68 55
215347.17655833362 216175.11705833362 68 56
217003.33355833363 217822.9140583336 68 59
223415.08226666696 223849.22201666696 68 51
223849.22201666696 224699.80301666693 68 55
225550.38401666694 225963.37951666696 68 52
231108.25851666692 231531.84089166694 68 55
233698.54689166692 234127.89839166694 68 54
234127.89839166694 234978.47939166692 68 55
235829.0603916669 236245.0338916669 68 52
241802.06739166693 242671.5101104169 68 47
242662.6498916669 243924.18989166684 68 45
249353.12389166674 249699.59869166673 68 45
251979.8966416667 252326.37144166668 68 38
254600.27539166668 254946.75019166668 68 45
630.2924999999999 1279.9325 69 48
2130.5135 2934.3832083333336 69 52
2968.7995 3403.8345000000004 69 56
4254.4155 5521.6630000000005 69 49
8305.019250000001 8584.272312500001 69 51
10929.023875 11265.012131250001 69 50
12429.244875 13235.844416666665 69 55
13270.508875 13708.912875 69 57
14559.493875 15823.070375 69 54
27222.996499999994 27699.72184583333 69 40
32493.188874999993 32988.00192499999 69 40
45261.99037499997 45695.800520833305 69 52
52306.41233333331 52667.20920208331 69 47
53806.63333333331 54610.50304166665 69 56
54644.91933333331 55079.95433333331 69 56
55930.53533333332 57206.40683333332 69 49
60004.01708333332 60382.48964999998 69 46
62657.29995833332 62993.288214583314 69 47
64157.52095833332 64964.12049999999 69 55
64998.78495833333 65437.18895833334 69 57
66287.76995833335 67551.34645833334 69 54
76273.71987500004 76572.79258333339 69 39
81901.59900000006 82209.1493333334 69 39
87572.67220833339 87837.82375000005 69 39
124922.03941666667 125101.12470833333 69 39
130506.92729166667 130729.14954166666 69 39
136227.3530833333 136409.3058333333 69 39
142931.78487499998 143739.56883749997 69 67
171908.32780833368 172295.70533333367 69 46
173408.54880833367 174212.418516667 69 54
174246.8348083337 174681.8698083337 69 56
175532.4508083337 176808.3223083337 69 49
179630.7975583337 179916.2977458337 69 48
182228.84055833367 182616.2180833337 69 46
183729.06155833366 184535.66110000032 69 55
184570.32555833366 185008.72955833364 69 57
185859.31055833364 187122.8870583336 69 54
198463.52468333356 198983.8952895836 69 36
203800.53855833362 204309.52795833364 69 39
216577.80155833362 217010.0002250003 69 52
223624.87251666695 224274.51251666696 69 46
225125.09351666697 225928.96322500028 69 58
225963.37951666696 226398.41451666693 69 56
227248.99551666694 228524.86701666695 69 49
231314.75626666693 231592.50369375027 69 48
233903.54889166693 234290.92641666695 69 47
235403.76989166692 236210.36943333357 69 56
236245.0338916669 236683.4378916669 69 57
237534.0188916669 238810.1318916669 69 54
246505.9428916668 247789.13810000013 69 63
249573.71214166674 249999.2441416667 69 52
252200.48489166668 252626.01689166666 69 42
254820.86364166668 255246.39564166666 69 52
261151.1560583333 263011.62516249996 69 45
265659.5544749999 265826.2211499999 69 36
266135.12005833327 266370.1102249999 69 34
267705.6324749999 270487.0054749999 69 34
270949.0054749999 271269.00547499995 69 33
8945.187625 10050.797375 70 45
36494.28887499999 37336.90237499998 70 56
37336.90237499998 38185.47787499998 70 56
44864.63937499998 45687.52237499997 70 59
47325.45908333331 47722.810083333316 70 65
49010.16158333332 49407.51258333332 70 55
49827.093083333326 50227.093083333326 70 56
60641.23095833332 62027.00745833332 70 44
74801.30337500003 75485.4201541667 70 42
76715.49354166671 76888.86850000004 70 38
80406.30900000007 81063.73737500006 70 41
86114.87770833338 86806.10820833339 70 44
88021.39075000005 88200.23012500005 70 38
91806.06583333337 92824.18533333336 70 51
94785.12133333336 95317.45355208336 70 69
96294.3059583334 97249.46642500005 70 74
100460.90116666675 101070.26448541674 70 42
101931.63570833339 102858.49852500005 70 73
107307.84437500002 108196.73337500003 70 68
110029.04641666671 110711.9954791667 70 68
112914.09695833336 113606.40470833336 70 69
115699.99725000001 116386.83875 70 70
116611.92874999999 116761.98874999999 70 58
123420.03 124123.5720875 70 40
125346.396375 125517.39954166666 70 38
129027.49379166667 129684.9221666667 70 42
134692.04608333335 135444.52475 70 44
136658.8100833333 136833.39583333328 70 38
140436.60037499995 141454.71987499998 70 51
143415.65587499997 143979.76774999997 70 71
147639.1005833334 148569.60208333342 70 70
153070.29666666687 153953.0791666669 70 68
180277.2130583337 181598.5480583337 70 48
207801.63855833362 208644.25205833366 70 56
208644.25205833366 209492.82755833367 70 56
216175.11705833362 217003.33355833363 70 59
218643.91926666696 219041.27026666695 70 64
220328.62176666694 220725.97276666694 70 57
221145.55326666692 221545.5532666669 70 54
231947.81439166697 233273.25639166695 70 44
1279.9325 1792.0531437500001 71 45
2555.804 2968.7995 71 62
3403.8345000000004 4265.0477625 71 49
6809.865500000001 8095.229000000001 71 42
9818.239125 10724.021875 71 42
11578.663875000002 12034.07911875 71 45
12854.535375 13270.508875 71 62
13708.912875 14564.81000625 71 49
17094.326125 18383.847125000004 71 62
17964.852625000003 18906.93325833333 71 58
19669.988375 20963.536374999996 71 62
20547.562874999996 21506.632091666663 71 59
26573.35649999999 26891.624318749993 71 47
31840.329374999998 32159.308166666662 71 47
47722.810083333316 48161.07935208332 71 55
49407.51258333332 49840.42641666666 71 42
50227.093083333326 50684.08045833332 71 41
52956.052333333304 53391.97509583331 71 44
54231.92383333331 54644.91933333331 71 62
55079.95433333331 55937.623508333316 71 49
58511.99133333332 59794.22683333332 71 46
61547.00745833332 62051.816070833316 71 42
63306.939958333314 63757.03907083332 71 45
64582.81145833332 64998.78495833333 71 62
65437.18895833334 66293.08608958335 71 51
68827.75770833336 70117.27870833335 71 66
69698.28420833337 70647.15934166669 71 60
71410.21445833337 72669.4983416667 71 66
74321.69195833337 75314.12387500003 71 50
76854.38575000004 77025.3889166667 71 34
79926.30900000007 80923.55050000006 71 50
85634.87770833338 86636.61670833337 71 51
88164.76912500005 88339.85083333339 71 34
91322.19483333337 92132.82035000004 71 57
94301.25033333337 95306.86033333336 71 69
105370.2730416667 105550.06542916669 71 55
106399.58445833337 107317.10363541669 71 71
107752.28887500001 108348.24854166669 71 64
109135.38387500003 110062.52154166669 71 71
110501.6364166667 110782.1151666667 71 58
111999.53925000005 112923.71234375003 71 71
113375.63545833336 114005.99512500002 71 64
114786.39645833334 115705.76914375 71 73
116161.74875 116461.86875 71 58
116386.83875 116536.89875 71 53
116536.89875 116686.95874999999 71 52
116686.95874999999 116871.60414375 71 52
122940.41858333333 123932.8505 71 52
125483.38591666667 125652.08120833333 71 34
128547.49379166668 129544.73529166669 71 51
134212.04608333335 135242.50458333333 71 50
136798.67362499997 136970.85449999996 71 34
139952.72937499997 140962.91637499997 71 53
144768.80999999997 144944.3443125 71 57
148100.85208333342 148723.5192500001 71 64
150275.42733333344 150446.10486666678 71 57
153501.9511666669 154101.22733333358 71 57
155640.0808333336 155824.8517083336 71 57
172557.96780833366 172993.89057083367 71 46
173833.8393083337 174246.8348083337 71 62
174681.8698083337 175546.6271583337 71 50
178096.5248083337 179421.00730833368 71 42
181153.3120583337 182023.83855833366 71 38
182878.4805583337 183314.40332083366 71 48
184154.35205833364 184570.32555833366 71 62
185008.72955833364 185875.25895208365 71 54
188399.29830833361 190218.69994166688 71 62
190981.75505833357 192275.30305833355 71 62
191859.32955833353 192818.3987750002 71 59
197813.8846833335 198132.15250208357 71 47
203147.67905833357 203466.65785000028 71 47
219041.27026666695 219469.05002291696 71 55
220725.97276666694 221152.21993333357 71 42
221545.5532666669 222000.58751666694 71 41
224274.51251666696 224713.97936666696 71 48
225550.38401666694 225963.37951666696 71 62
226398.41451666693 227266.71595416695 71 49
229832.38701666694 231108.25851666692 71 49
232808.13989166694 233698.54689166692 71 42
234553.18889166694 234989.11165416692 71 51
235829.0603916669 236245.0338916669 71 62
236683.4378916669 237546.4231979169 71 51
240098.3343916669 241374.4473916669 71 51
36905.24787499999 37355.86788749999 72 50
37750.69537499999 38192.724249999985 72 50
40714.91387499997 41762.05637499997 72 52
41958.13487499997 42407.427208333305 72 44
42769.09387499997 43207.47393749997 72 45
43191.62887499997 44190.4151270833 72 59
44442.10437499997 44884.50692499997 72 49
73825.82395833336 74758.1999166667 72 44
79422.10750000007 80406.30900000007 72 46
85117.63620833338 86114.87770833338 72 45
90804.95333333337 91806.06583333337 72 52
93788.42983333337 94785.12133333336 72 60
99977.03016666674 100991.87466666674 72 58
104488.02212500005 104664.91800000003 72 57
106260.20320833336 106438.06375000003 72 57
108651.27887500003 109154.62352083337 72 47
110992.4742291667 111999.53925000005 72 64
111660.44125000003 112018.77889583338 72 63
114302.29145833335 114805.63610416668 72 49
116461.86875 116611.92874999999 72 58
118544.872875 118733.27706875 72 55
122444.55058333333 123376.92654166666 72 45
128043.29229166669 129027.49379166667 72 44
133694.80458333335 134692.04608333335 72 45
139435.48787499996 140436.60037499995 72 48
208212.59755833365 208661.49343333364 72 46
209058.04505833364 209500.07393333365 72 46
212025.39155833368 213072.53405833367 72 52
213268.61255833367 213717.90489166699 72 44
214079.57155833364 214510.90937083366 72 45
214502.10655833365 215578.59553125026 72 59
215752.58205833362 216181.82846666695 72 46
248268.19339166675 249141.85639166675 72 52
266291.9852249999 266525.1490583333 72 38
267705.6324749999 270487.0054749999 72 33
2968.7995 3403.8345000000004 73 66
4254.4155 5521.6630000000005 73 57
5104.9965 5726.665000000001 73 69
5949.283 6809.865500000001 73 55
6371.4615 6813.4095875 73 59
8522.652625 9392.948625 73 50
13270.508875 13708.912875 73 67
14559.493875 15823.070375 73 63
15410.074875 16024.412625 73 75
16662.609125 17104.9583875 73 59
17964.852625000003 18586.549875000004 73 76
19228.162375 19687.708812499997 73 58
20547.562874999996 21171.523124999996 73 77
22691.51062499999 23574.992124999993 73 62
23140.209624999992 24149.040089583326 73 55
26370.055958333327 26685.531249999993 73 50
31639.890583333327 31952.504124999996 73 50
47524.13458333331 47782.66920833332 73 52
49208.837083333325 49487.93217916666 73 52
50027.093083333326 50302.28108333332 73 48
54644.91933333331 55079.95433333331 73 66
55930.53533333332 57206.40683333332 73 57
56781.11633333332 57411.40883333332 73 69
57651.40883333332 58511.99133333332 73 55
58073.58733333332 58519.07950833332 73 59
60221.650458333315 61088.99195833332 73 54
64998.78495833333 65437.18895833334 73 67
66287.76995833335 67551.34645833334 73 63
67138.35095833335 67757.84420833334 73 72
68396.04070833336 68953.57281458337 73 60
69698.28420833337 70326.77595833335 73 78
70968.38845833337 71422.61876458337 73 62
149031.35358333343 149523.31898333345 73 54
154397.52366666694 154979.70559791694 73 54
174246.8348083337 174681.8698083337 73 66
175532.4508083337 176808.3223083337 73 57
176383.03180833373 177013.32430833371 73 69
177235.94230833373 178096.5248083337 73 55
177658.1208083337 178105.38502708368 73 59
179854.6780583337 180721.6575583337 73 52
184570.32555833366 185008.72955833364 73 67
185859.31055833364 187122.8870583336 73 63
186709.89155833362 187329.38480833362 73 75
187967.5813083336 188408.1585270836 73 64
189269.82480833356 189898.31655833355 73 81
190539.92905833357 190995.93140833356 73 63
191859.32955833353 192483.28980833356 73 77
194003.27730833352 194886.7588083335 73 63
194451.9763083335 195460.80677291687 73 55
197610.58414166686 197926.05943333355 73 50
202947.24026666692 203259.8538083336 73 50
218842.59476666697 219160.98851666696 73 46
220527.29726666695 220815.13362291694 73 45
221345.55326666692 221620.7412666669 73 41
225963.37951666696 226398.41451666693 73 66
227248.99551666694 228524.86701666695 73 57
228099.57651666694 228729.86901666695 73 69
228971.80451666698 229832.38701666694 73 55
229393.98301666693 229839.47519166695 73 63
231531.84089166694 232382.84939166694 73 55
236245.0338916669 236683.4378916669 73 67
237534.0188916669 238810.1318916669 73 63
238384.5998916669 239015.13389166692 73 72
239237.75189166694 240098.3343916669 73 54
239659.93039166692 240114.2827854169 73 62
242662.6498916669 243924.18989166684 73 54
248719.32139166674 249353.12389166674 73 60
266447.6296416666 266678.99522499996 73 34
271109.00547499995 271429.005475 73 30
271749.005475 272066.4858083334 73 30
5521.6630000000005 5949.283 74 68
6809.865500000001 8095.229000000001 74 57
25949.398874999988 26438.38995833333 74 54
31225.356999999993 31707.248833333328 74 54
39055.04287499998 39889.38187499998 74 59
39889.38187499998 40714.91387499997 74 62
41565.977874999975 41958.13487499997 74 59
42369.09387499997 42769.09387499997 74 59
44036.69887499997 44864.63937499998 74 67
57206.40683333332 57651.40883333332 74 68
58511.99133333332 59794.22683333332 74 57
73353.38295833336 74321.69195833337 74 52
78964.09200000006 79926.30900000007 74 55
84656.09770833337 85634.87770833338 74 53
90336.20333333337 91322.19483333337 74 57
93315.98883333337 94301.25033333337 74 65
104626.43870833337 105550.06542916669 74 74
121972.10958333332 122940.41858333333 74 53
127585.27679166668 128547.49379166668 74 53
133233.26608333335 134212.04608333335 74 56
138966.73787499996 139952.72937499997 74 57
144924.8405 145864.5115 74 73
150416.0296666668 151328.9549916668 74 74
155786.68375000026 156722.21183333363 74 74
176808.3223083337 177235.94230833373 74 68
178096.5248083337 179421.00730833368 74 57
197189.92705833353 197678.91814166686 74 54
202532.70668333358 203014.5985166669 74 54
210362.39255833364 211199.85955833364 74 59
211199.85955833364 212025.39155833368 74 62
212876.45555833366 213268.61255833367 74 60
213679.57155833367 214079.57155833364 74 60
215347.17655833362 216175.11705833362 74 67
228524.86701666695 228971.80451666698 74 68
229832.38701666694 231108.25851666692 74 59
238810.1318916669 239237.75189166694 74 71
240098.3343916669 241374.4473916669 74 62
240948.9153916669 241579.44939166692 74 75
246077.37139166682 246505.9428916668 74 63
15823.070375 16243.614625 75 72
18383.847125000004 18809.167875 75 75
20963.536374999996 21405.898124999996 75 75
22269.332124999994 23140.209624999992 75 68
46908.79258333331 47524.13458333331 75 64
48564.92558333332 49208.837083333325 75 63
67551.34645833334 67977.04620833336 75 70
70117.27870833335 70549.39395833336 75 70
97214.61512500005 98157.14695208339 75 74
102821.71104166671 103774.79832708336 75 75
118878.235 119218.66666666667 75 64
145845.14966666666 146768.60868750006 75 74
148569.60208333342 149515.45858333344 75 69
151298.65195833347 152325.87166666685 75 75
153953.0791666669 154881.62866666692 75 69
156685.17479166694 157604.28803541695 75 75
187122.8870583336 187548.5868083336 75 70
189688.81930833356 190120.93455833357 75 75
192275.30305833355 192717.66480833356 75 69
193581.09880833354 194451.9763083335 75 66
218227.25276666696 218842.59476666697 75 64
219883.38576666694 220527.29726666695 75 58
241802.06739166693 242662.6498916669 75 56
242224.24589166688 242671.5101104169 75 66
248268.19339166675 249141.85639166675 75 52
269996.5644749999 270487.0054749999 75 40
271269.00547499995 271443.005475 75 31
3403.8345000000004 4265.0477625 76 59
5726.665000000001 6047.791316666668 76 66
13708.912875 14564.81000625 76 61
16024.412625 16341.380008333332 76 68
18586.549875000004 18906.93325833333 76 70
21171.523124999996 21506.632091666663 76 71
21837.615124999997 22281.645664583328 76 64
39457.72737499997 39906.04854166664 76 56
40289.38187499998 40722.006074999976 76 57
41958.13487499997 42407.427208333305 76 59
42769.09387499997 43207.47393749997 76 59
44442.10437499997 44884.50692499997 76 63
46084.873374999974 46539.66512499998 76 64
46504.45387499998 46922.68146666665 76 71
48145.34508333332 49010.16158333332 76 69
55079.95433333331 55937.623508333316 76 59
57411.40883333332 57749.91714999999 76 66
65437.18895833334 66293.08608958335 76 61
67757.84420833334 68074.81159166669 76 66
70326.77595833335 70647.15934166669 76 64
72361.64695833337 73373.06800000001 76 61
76991.37529166671 77259.62316666672 76 34
78011.71100000007 78983.17597916673 76 61
83680.48770833337 84677.25155625005 76 61
88305.12862500006 88577.72895833338 76 34
89352.59633333338 90367.45333333337 76 61
92824.18533333336 93630.94950000003 76 58
108196.73337500003 109135.38387500003 76 58
111350.36358333337 111999.53925000005 76 63
113856.40470833336 114786.39645833334 76 65
118710.16783333333 119218.66666666667 76 73
119047.7265 119391.08050000001 76 53
120980.37358333333 121991.79462499998 76 61
125618.52416666666 125883.43945833333 76 34
126632.89579166667 127606.26916875 76 61
132257.65608333334 133252.49685416667 76 61
136936.6079166666 137208.26349999994 76 34
137983.13087499994 138986.26912499996 76 64
141454.71987499998 142261.48404166664 76 58
174681.8698083337 175546.6271583337 76 61
177013.32430833371 177334.45062500038 76 66
185008.72955833364 185875.25895208365 76 61
187329.38480833362 187646.35219166696 76 67
189898.31655833355 190218.69994166688 76 71
192483.28980833356 192818.3987750002 76 64
193149.38180833354 193598.68957916685 76 62
210765.07705833364 211216.52622500033 76 56
211599.85955833367 212043.12205833365 76 57
213268.61255833367 213717.90489166699 76 59
214079.57155833364 214510.90937083366 76 59
215752.58205833362 216181.82846666695 76 59
217403.33355833363 217858.12530833363 76 64
217822.9140583336 218267.1833062503 76 71
219463.80526666695 219890.80636666695 76 69
226398.41451666693 227266.71595416695 76 59
228729.86901666695 229070.31283333362 76 66
236683.4378916669 237546.4231979169 76 61
239015.13389166692 239336.26020833358 76 69
241374.4473916669 241802.06739166693 76 73
242662.6498916669 243924.18989166684 76 65
243513.23089166687 244129.66939166686 76 73
245636.19489166682 246077.37139166682 76 59
248719.32139166674 249353.12389166674 76 60
266602.0721416666 266766.6947791666 76 34
269538.5489749999 270469.0054749999 76 44
271589.00547499995 271909.005475 76 30
41762.05637499997 42066.01161249997 77 47
42569.09387499997 42890.57268749997 77 49
45687.52237499997 46504.45387499998 77 71
95306.86033333336 96335.26396458338 77 72
100991.87466666674 101964.79218958339 77 71
117566.15958333333 117768.58356249999 77 63
117748.73283333333 118733.27706875 77 79
213072.53405833367 213376.48929583366 77 47
213879.57155833364 214160.55743333366 77 49
217003.33355833363 217822.9140583336 77 71
269066.10797499993 269996.5644749999 77 41
5949.283 6809.865500000001 78 66
45261.99037499997 45695.800520833305 78 64
57651.40883333332 58511.99133333332 78 66
77126.28983333337 77392.95650000006 78 38
88442.5937916667 88712.86412500005 78 38
119391.08050000001 119767.51758333335 78 52
125751.86045833332 126015.01845833333 78 38
137073.12833333327 137343.3986666666 78 38
143937.39487499997 144944.3443125 78 73
149515.45858333344 150446.10486666678 78 71
154881.62866666692 155824.8517083336 78 74
177235.94230833373 178096.5248083337 78 66
216577.80155833362 217010.0002250003 78 64
228971.80451666698 229832.38701666694 78 67
239237.75189166694 240098.3343916669 78 69
241579.44939166692 241900.57570833358 78 69
243924.18989166684 244350.58239166686 78 68
245214.01639166684 245636.19489166682 78 65
271429.005475 271749.005475 78 34
44864.63937499998 45687.52237499997 79 71
77259.62316666672 77459.62316666672 79 34
88577.72895833338 88746.64791666671 79 34
105507.73820833337 106438.06375000003 79 75
111062.5939166667 111660.44125000003 79 69
117069.68108333331 117707.74920833332 79 63
119218.66666666667 119521.51525000003 79 53
119565.37491666668 119792.78541666668 79 46
125883.43945833333 126080.80795833333 79 34
137208.26349999994 137377.18245833326 79 34
216175.11705833362 217003.33355833363 79 71
268621.66347499995 269538.5489749999 79 44
21405.898124999996 22269.332124999994 80 75
103738.24300000003 104664.91800000003 80 76
116761.98874999999 117377.37341666665 80 69
192717.66480833356 193581.09880833354 80 74
241802.06739166693 242662.6498916669 80 71
244129.66939166686 244746.32297500016 80 64
244782.29939166683 245214.01639166684 80 62
244350.58239166686 244782.29939166683 81 71
247372.47139166677 248294.50919166676 81 69
266755.3311416666 268640.18199583323 81 49
271909.005475 272145.225975 81 33
273401.62689166673 274523.1218916668 81 25
274523.1218916668 275644.61689166684 81 26
275644.61689166684 276821.08789166686 81 26
276821.08789166686 281200.9913854168 81 25
77392.95650000006 77705.04198333339 83 34
88712.86412500005 89091.35895833338 83 34
126015.01845833333 126383.830475 83 34
137343.3986666666 137721.89349999995 83 34
119767.51758333335 120980.37358333333 84 52
272066.4858083334 272383.321225 85 30
273401.62689166673 274523.1218916668 85 25
274523.1218916668 275644.61689166684 85 26
275644.61689166684 276821.08789166686 85 26
276821.08789166686 281200.9913854168 85 25
77528.11633333338 77939.57133333338 88 40
88855.00133333339 89352.59633333338 88 40
126149.301125 126560.756125 88 40
137485.5358749999 137983.13087499994 88 40
272224.59105833335 272543.3212250001 88 30
273401.62689166673 274523.1218916668 88 29
274523.1218916668 275644.61689166684 88 29
275644.61689166684 276821.08789166686 88 29
276821.08789166686 281200.9913854168 88 28
272383.321225 272623.321225 92 33
272543.3212250001 272784.6115583334 93 30
273401.62689166673 274523.1218916668 93 29
274523.1218916668 275644.61689166684 93 29
275644.61689166684 276821.08789166686 93 29
276821.08789166686 281200.9913854168 93 28
272703.96639166673 272888.23382916674 97 30
272865.91239166673 281200.9913854168 100 36
