45770.79782500003 46865.67800000002 40 44
166082.3037333336 167177.1839083336 40 44
44682.05232500003 45785.858075000026 42 44
46855.13582500003 47963.46687500003 42 44
94528.07782500007 94824.06907500006 42 60
95726.74307500008 96032.70957500009 42 59
96937.99332500009 97233.9845750001 42 60
98138.2508250001 98447.40182500011 42 59
99353.82228750014 99650.09057708347 42 57
100551.56420208346 100854.74770208346 42 56
101764.90020208346 102062.05797708346 42 45
102963.53160208344 103266.71510208344 42 44
104185.36485208342 104474.29713541677 42 39
105413.67628541678 105724.01476041676 42 35
120179.78513958355 120478.29263958354 42 35
164993.5582333336 166103.3880833336 42 44
167166.64173333358 168269.1924333336 42 44
44304.53757500003 44682.05232500003 43 45
47946.12582500003 48994.11895000003 43 44
62199.96132500002 65268.974054166676 43 36
119582.77013958356 120042.96920208355 43 37
164616.0434833336 164993.5582333336 43 45
168257.63173333363 169308.63690833363 43 44
183736.99923333366 188596.23823333366 43 27
186913.99573333364 195325.20823333366 43 26
93300.26357500005 93601.91782500006 44 49
93907.65332500005 94220.25107500007 44 53
48986.588825000035 50085.98707500004 45 41
80544.03082500002 80836.34282500001 45 44
81709.32982500002 82159.58870000002 45 41
82284.01982500002 82726.12005833337 45 41
82860.76132500003 83150.15782500003 45 35
84017.07757500003 84458.53322083336 45 41
84589.77307500002 85033.7815916667 45 40
85171.41182500003 85463.72382500005 45 39
86336.71082500006 86781.04440833339 45 41
86911.40082500006 87360.25119583339 45 41
87484.17557500006 87769.60532500007 45 35
88636.52507500007 89077.9807208334 45 41
89209.22057500006 89656.49022083341 45 40
89786.14607500007 90073.77332500007 45 39
90945.25282500006 91238.70557500007 45 45
91532.15832500007 91825.61107500007 45 45
92117.12032500005 92408.62957500004 45 47
92702.08232500005 92999.71507500006 45 47
119732.02388958356 120042.96920208355 45 42
120329.03888958355 120577.79513958354 45 38
169298.09473333362 170398.99900833363 45 41
43954.66857500003 44216.30232500003 46 46
79960.59332500001 80251.71882500002 46 49
164266.17448333363 164527.8082333336 46 46
50070.926825000046 51371.63897500004 47 44
66482.417825 66905.328825 47 59
71116.790325 71539.91182499999 47 59
78206.08007500003 78501.87957500001 47 49
107711.42588958344 108140.49588958343 47 59
170382.4327333336 171667.06302083362 47 44
48986.588825000035 50085.98707500004 48 47
77622.69757500003 77912.02432500003 48 53
119881.27763958355 120042.96920208355 48 35
169298.09473333362 170398.99900833363 48 47
13382.984924999995 14489.584566666661 49 33
51155.26482500004 52237.3219979167 49 46
58846.552825000035 59992.7649541667 49 38
75885.68032500001 76177.99232500001 49 49
77050.00207500004 77335.37932500003 49 52
94674.56232500006 94973.57582500007 49 62
95122.07607500008 95422.16807500007 49 60
95879.72632500008 96185.6928250001 49 63
96337.14682500009 96640.05482500009 49 57
97084.4778250001 97383.4913250001 49 62
97531.99157500011 97832.0835750001 49 60
98292.8263250001 98601.97732500012 49 63
98753.43132500013 99056.33932500012 49 57
99500.58382708346 99785.89254166679 49 59
99948.00531458347 100248.38070208346 49 57
100703.15595208346 101006.33945208346 49 60
101157.93120208345 101463.47970208345 49 53
101912.55122708346 102197.85994166679 49 47
102359.97271458346 102660.34810208346 49 45
103115.12335208345 103418.30685208343 49 48
103569.89860208343 103878.90460208342 49 42
104334.4530875001 104628.25388541677 49 41
104793.32040833343 105103.08178541677 49 39
105565.72001041677 105867.79915833342 49 37
106035.3684312501 106349.22788958343 49 35
133701.5189000003 134794.31486666694 49 33
171466.77073333363 172545.79760208365 49 46
179158.05873333366 180304.27086250033 49 29
2125.0 3545.366433333332 50 33
11189.802424999996 12484.499739583329 50 42
14469.645924999995 15460.26934166666 50 39
15443.462624999995 16379.293874999998 50 33
17752.227191666672 19331.62197083335 50 36
43612.774450000026 43868.461700000036 50 51
44682.05232500003 46865.67800000002 50 44
46865.67800000002 49031.76957500004 50 44
50070.926825000046 51371.63897500004 50 49
52220.65532500003 54045.57182500003 50 51
59971.552825000035 61062.46232500003 50 33
63425.49332500001 65251.02532500002 50 37
75304.041575 75593.368325 50 53
79383.531575 79670.65432500001 50 49
83005.01982500004 83295.29582500004 50 41
87624.46732500006 87914.74332500008 50 41
117183.32713958355 117647.16073333356 50 44
117777.03413958354 118236.13955833357 50 37
120030.53138958356 120478.29263958354 50 53
120478.29263958354 120630.98139166688 50 35
122442.11019166686 123958.99239166685 50 33
131508.33640000023 132621.2154645836 50 42
134788.17990000028 135801.9713166669 50 39
135760.30465000024 136690.79978333364 50 33
163924.28035833364 164179.96760833365 50 51
164993.5582333336 167177.1839083336 50 44
167177.1839083336 169313.15498333363 50 44
170382.4327333336 171667.06302083362 50 49
172532.16123333364 174357.07773333366 50 46
180283.05873333366 181373.96823333364 50 26
185231.75323333364 193642.96573333367 50 29
190278.48073333365 195325.20823333366 50 21
12292.075424999997 13382.984924999995 51 39
55534.94182500002 56679.520150000026 51 41
62199.96132500002 63443.22382500001 51 40
116578.53963958356 117046.03239583355 51 37
119433.51638958356 120030.53138958356 51 56
132610.60940000028 133701.5189000003 51 39
175846.44773333365 176977.47183333366 51 37
182511.46723333362 185245.77192083365 51 31
3340.8225499999994 4474.364158333333 52 31
13019.348424999995 13403.943012499996 52 34
16629.293875 17765.385091666674 52 31
51155.26482500004 52237.3219979167 52 51
52947.92832500003 53322.17088958336 52 49
56659.94182500002 57744.27982500003 52 37
58846.552825000035 59992.7649541667 52 38
65404.87157500001 65883.17068541667 52 49
67788.858575 68239.17429166667 52 49
70103.43932500001 70556.84290833333 52 49
72407.80882499999 72853.09204375 52 49
74731.346075 75016.72332499998 52 52
78797.67907500002 79093.478575 52 46
80105.562825 80397.87482500002 52 47
80690.18682500001 80982.49882500002 52 48
85317.56782500003 85609.87982500005 52 42
89927.58882500007 90219.95782500008 52 42
106658.60113958342 107135.33726458343 52 49
109023.15838958346 109469.86208958346 52 49
115986.25288958354 116448.13910208354 52 44
123659.35652500017 124792.89813333353 52 31
133337.88240000026 133722.47698750027 52 34
136940.79978333364 138076.89100000032 52 31
171466.77073333363 172545.79760208365 52 51
173259.43423333365 173642.76771041699 52 44
176971.44773333365 178055.78573333367 52 33
179158.05873333366 180304.27086250033 52 29
38434.145450000025 41936.79695000004 53 44
43277.578950000025 43612.774450000026 53 50
100854.74770208346 101020.23536250011 53 55
101309.52295208344 101617.43645208345 53 59
103266.71510208344 103432.20276250009 53 44
103721.49035208342 104036.31885208342 53 47
115401.62888958353 115952.14982291688 53 41
120627.27072291687 120826.27380625022 53 42
158745.65135833368 162248.30285833366 53 44
163589.08485833366 163924.28035833364 53 50
4451.8077583333325 5838.814299999995 54 36
15240.428424999995 15460.26934166666 54 40
48986.588825000035 50085.98707500004 54 50
52584.29182500003 53311.56482500002 54 50
53311.56482500002 54045.57182500003 54 48
55534.94182500002 56679.520150000026 54 41
59971.552825000035 61062.46232500003 54 37
62199.96132500002 63443.22382500001 54 42
66023.022075 66587.81990208334 54 49
66621.409575 66905.328825 54 47
68371.900825 68811.3657625 54 49
70687.199325 71216.40107916665 54 49
71255.78207499998 71539.91182499999 54 47
72979.93057499999 73507.45273333334 54 49
76470.30432500003 76762.61632500004 54 41
77765.86832500003 78058.18032500004 54 50
78353.97982500003 78649.77932500001 54 52
83150.15782500003 83308.6001416667 54 39
87769.60532500007 87923.20970833341 54 39
91089.51132500007 91387.89982500006 54 48
94824.06907500006 94993.37585833341 54 60
95270.57632500007 95573.75982500007 54 62
97233.9845750001 97400.81635416676 54 60
97680.4918250001 97983.67532500009 54 62
99650.09057708347 99816.83009375015 54 57
100096.78895208347 100393.6561291668 54 59
102062.05797708346 102220.1349791668 54 45
102508.75635208347 102805.6235291668 54 47
104474.29713541677 104641.86640833344 54 39
104944.78703541677 105261.37653541676 54 41
105724.01476041676 105899.37330208343 54 35
106189.10838958345 106509.34738958343 54 37
107262.76438958343 107718.49802708343 54 49
107852.86863958344 108140.49588958343 54 47
109597.84838958347 110039.9486229168 54 49
114817.00488958352 115271.3064562502 54 49
117925.46088958354 118236.13955833357 54 42
118974.56263958356 119278.25288958356 54 35
120776.24880625021 120977.4895562502 54 40
124770.34173333352 126153.01301250019 54 36
135558.96240000028 135801.9713166669 54 40
138063.73310000033 139433.5901916669 54 36
169298.09473333362 170398.99900833363 54 50
172895.79773333363 173623.07073333368 54 45
173623.07073333368 174357.07773333366 54 42
175846.44773333365 176977.47183333366 54 37
180283.05873333366 181373.96823333364 54 29
182511.46723333362 185245.77192083365 54 34
3390.2996624999996 4474.364158333333 55 36
5633.350408333331 6894.946924999995 55 33
13019.348424999995 13403.943012499996 55 38
14101.547924999995 14489.584566666661 55 40
14469.645924999995 15435.059266666662 55 45
16683.337775 17765.385091666674 55 36
18904.945091666676 20160.144608333347 55 33
38075.907700000025 38434.145450000025 55 45
42942.38345000003 43277.578950000025 55 51
45770.79782500003 46865.67800000002 55 48
47946.12582500003 49454.96260000004 55 41
50070.926825000046 51371.63897500004 55 53
52220.65532500003 52947.92832500003 55 51
56659.94182500002 57744.27982500003 55 41
58846.552825000035 59992.7649541667 55 42
63425.49332500001 65251.02532500002 55 38
79525.68482500002 79815.62382500002 55 48
85463.72382500005 85623.27745833338 55 38
90073.77332500007 90227.07560000008 55 38
91676.41682500008 91974.80532500007 55 48
115547.78488958353 115952.14982291688 55 48
116132.40888958354 116448.13910208354 55 44
116726.16288958355 117046.03239583355 55 42
117331.75388958355 117647.16073333356 55 44
118380.85563958356 118847.16301250021 55 37
123708.83363750018 124792.89813333353 55 36
125951.88438333351 127193.90257500019 55 33
133337.88240000026 133722.47698750027 55 38
134420.08190000028 134794.31486666694 55 40
134788.17990000028 135580.77447708359 55 45
136994.84368333363 138076.89100000032 55 36
139216.45100000023 140467.1324416669 55 33
158387.41360833368 158745.65135833368 55 45
163253.88935833366 163589.08485833366 55 51
166082.3037333336 167177.1839083336 55 48
168257.63173333363 169766.4685083336 55 41
170382.4327333336 171667.06302083362 55 53
172532.16123333364 173259.43423333365 55 46
176971.44773333365 178055.78573333367 55 37
179158.05873333366 180304.27086250033 55 34
185231.75323333364 193642.96573333367 55 29
190278.48073333365 195325.20823333366 55 24
66760.401325 67050.256325 56 49
71394.77382499998 71685.049825 56 49
92259.43532500006 92557.82382500004 56 50
93447.43782500004 93756.39782500007 56 53
94058.90882500006 94381.59332500007 56 57
96032.70957500009 96193.26552500008 56 58
96488.60082500009 96791.5088250001 56 62
98447.40182500011 98620.90907500012 56 58
98904.88532500013 99193.9100416668 56 62
107994.31138958342 108286.68038958343 56 49
120926.89763958355 121130.41138958355 56 42
2189.3492375 3545.366433333332 57 37
4507.214345833333 5838.814299999995 57 44
6864.826424999995 7971.754799999995 57 41
11189.802424999996 12484.499739583329 57 48
12292.075424999997 13382.984924999995 57 45
13742.266424999994 14469.645924999995 57 51
15505.897762499995 16838.117158333338 57 37
17807.63377916667 19331.62197083335 57 44
20148.09640833335 21256.530808333348 57 41
44682.05232500003 45785.858075000026 57 55
46855.13582500003 47963.46687500003 57 51
52220.65532500003 54045.57182500003 57 60
55534.94182500002 56679.520150000026 57 47
58471.552825000035 58869.990325000035 57 53
58846.552825000035 61127.679750000025 57 52
61062.46232500003 61807.80432500002 57 49
77191.23182500002 77479.52682500004 57 49
80836.34282500001 80995.89645833334 57 42
82426.22682500003 82726.12005833337 57 47
83295.29582500004 83585.57182500004 57 40
86048.34782500005 86303.52919166672 57 39
87053.60782500006 87360.25119583339 57 47
87914.74332500008 88205.01932500006 57 40
91238.70557500007 91404.7299833334 57 45
92846.34082500005 93153.08932500005 57 50
114963.16088958352 115271.3064562502 57 49
118529.28238958356 118847.16301250021 57 42
119122.98938958356 119433.51638958356 57 38
121079.2500562502 121241.03042708355 57 38
122508.30479583351 123958.99239166685 57 37
124825.74832083352 126153.01301250019 57 44
127183.3604000002 128297.8189000002 57 41
131508.33640000023 132621.2154645836 57 48
132610.60940000028 133701.5189000003 57 45
134060.80040000027 134788.17990000028 57 51
135822.46312916692 137252.38375833366 57 37
138119.1396875003 139433.5901916669 57 44
140459.60231666692 141566.53069166688 57 41
164993.5582333336 166103.3880833336 57 55
167166.64173333358 168269.1924333336 57 51
172532.16123333364 174357.07773333366 57 53
175846.44773333365 176977.47183333366 57 41
178783.05873333366 179173.68373333366 57 42
179158.05873333366 181439.18565833362 57 41
181373.96823333364 182119.31023333364 57 39
37726.03870000003 37987.67245000003 58 46
38434.145450000025 41936.79695000004 58 44
42607.18795000003 42942.38345000003 58 55
51155.26482500004 52237.3219979167 58 59
66905.328825 67063.62141666666 58 52
71539.91182499999 71691.09724166665 58 52
80251.71882500002 80405.18262500003 58 41
81851.53682500003 82159.58870000002 58 46
85609.87982500005 85902.19182500005 58 39
86478.91782500006 86781.04440833339 58 46
90219.95782500008 90504.66882500007 58 39
108140.49588958343 108301.29883958344 58 52
158037.5446083337 158299.17835833368 58 46
158745.65135833368 162248.30285833366 58 44
162918.69385833366 163253.88935833366 58 55
171466.77073333363 172545.79760208365 58 52
5682.11620833333 6894.946924999995 59 36
7949.1644249999945 9260.110487499995 59 41
18958.988991666676 20160.144608333347 59 36
21232.43440833335 22543.38047083335 59 44
45404.94432500003 45785.858075000026 59 51
45770.79782500003 46865.67800000002 59 48
47578.02782500003 47963.46687500003 59 51
47946.12582500003 48994.11895000003 59 46
53675.20132500003 54432.66882500003 59 52
55159.94182500002 57936.704139583366 59 55
57744.27982500003 58846.552825000035 59 57
61435.133325000024 62199.96132500002 59 46
62999.96132500002 65251.02532500002 59 42
67050.256325 67341.85832500001 59 53
67493.588075 67772.11215416668 59 50
69374.04932500001 69808.970575 59 53
71685.049825 71975.32582499998 59 53
72120.46382499998 72348.55590833332 59 51
74004.304825 74441.469075 59 53
74872.57582499998 75160.87082499999 59 49
75447.212325 75739.524325 59 50
78501.87957500001 78658.40681041668 59 49
78945.57882500002 79241.378325 59 51
79670.65432500001 79832.53693333335 59 42
84732.94382500002 85033.7815916667 59 45
89352.39132500006 89656.49022083341 59 45
91825.61107500007 92096.95903333339 59 45
92408.62957500004 92565.03675000004 59 50
101463.47970208345 101764.90020208346 59 55
103878.90460208342 104159.28180208342 59 44
108286.68038958343 108579.04938958345 59 53
108730.00038958345 109023.15838958346 59 50
110617.65338958347 111052.57463958347 59 53
113082.9728895835 113629.71703125018 59 41
114235.36613958351 114679.37465625018 59 53
126000.65018333352 127193.90257500019 59 36
128267.6984000002 129619.58011250019 59 41
139270.49490000025 140467.1324416669 59 36
141543.94031666688 142895.82202916688 59 44
165716.4502333336 166103.3880833336 59 51
166082.3037333336 167177.1839083336 59 48
167889.53373333364 168269.1924333336 59 51
168257.63173333363 169308.63690833363 59 46
173986.70723333364 174744.17473333367 59 47
175471.44773333365 178248.21004791697 59 49
178055.78573333367 179158.05873333366 59 45
181746.63923333364 182511.46723333362 59 36
184671.00573333364 193642.96573333367 59 34
190278.48073333365 195325.20823333366 59 25
6864.826424999995 7971.754799999995 60 47
20148.09640833335 21256.530808333348 60 47
42271.992450000034 42607.18795000003 60 51
54045.57182500003 54441.759737500026 60 56
54432.66882500003 55534.94182500002 60 58
61807.80432500002 62223.294658333354 60 46
62199.96132500002 63425.49332500001 60 48
68804.383825 69228.85532500001 60 59
73418.493325 73855.657575 60 59
77912.02432500003 78068.04030833337 60 45
84158.30732500003 84458.53322083336 60 47
88777.75482500005 89077.9807208334 60 47
110030.33138958347 110468.25088958348 60 59
112498.34888958349 112948.99655625016 60 49
113662.6706395835 114108.89864375017 60 52
118677.70913958356 118847.16301250021 60 36
127183.3604000002 128297.8189000002 60 47
140459.60231666692 141566.53069166688 60 47
162583.49835833366 162918.69385833366 60 51
174357.07773333366 174751.75049375033 60 49
174744.17473333367 175846.44773333365 60 51
182119.31023333364 182536.46723333365 60 36
182511.46723333362 185231.75323333364 60 38
9033.502424999995 10115.559597916663 61 42
22316.77240833335 23394.284125000013 61 40
65558.71782500001 65883.17068541667 61 55
66171.536825 66587.81990208334 61 56
67196.057325 67493.588075 61 51
67932.399325 68239.17429166667 61 55
68514.107825 68811.3657625 61 56
70247.69782500001 70556.84290833333 61 55
70829.40632499999 71216.40107916665 61 56
71830.18782499999 72120.46382499998 61 50
72550.015825 72853.09204375 61 55
73119.569325 73507.45273333334 61 56
76031.83632500001 76324.14832500003 61 52
76616.46032500004 76908.77232500004 61 48
77335.37932500003 77493.84390000004 61 44
80690.18682500001 80995.89645833334 61 41
81420.96682500002 81684.44360000003 61 46
81996.67482500002 82159.58870000002 61 46
86624.05582500006 86781.04440833339 61 46
92999.71507500006 93159.22158541672 61 47
93601.91782500006 93770.26291250005 61 49
94220.25107500007 94528.07782500007 61 53
95422.16807500007 95582.68384791673 61 57
96640.05482500009 96929.44839583343 61 58
97832.0835750001 97996.55661666677 61 57
99056.33932500012 99336.7324291668 61 58
99799.50506458347 100393.6561291668 61 72
100248.38070208346 100399.97245208346 61 53
100399.97245208346 100854.74770208346 61 75
101006.33945208346 101764.90020208346 61 72
102211.47246458346 102805.6235291668 61 64
102660.34810208346 102811.93985208345 61 42
102811.93985208345 103266.71510208344 61 68
103418.30685208343 104159.28180208342 61 64
104641.86640833344 105261.37653541676 61 58
105103.08178541677 105404.79213333342 61 38
105881.4116812501 106509.34738958343 61 51
106349.22788958343 106649.89467083343 61 34
106807.85488958342 107135.33726458343 61 55
107408.39538958343 107718.49802708343 61 56
108432.86488958345 108730.00038958345 61 51
109165.36538958346 109469.86208958346 61 55
109740.05538958346 110039.9486229168 61 56
116281.66263958355 116448.13910208354 61 42
116880.53163958355 117046.03239583355 61 36
121233.32388958354 121406.00350625021 61 47
129352.0364000002 130434.09357291689 61 42
142628.2783166669 143708.82033750025 61 40
2250.8836333333334 3444.7515583333325 62 40
3438.422441666666 3545.366433333332 62 37
4560.119799999999 5736.584299999996 62 40
5730.214874999996 5838.814299999995 62 36
7949.1644249999945 9260.110487499995 62 46
10098.892924999996 11200.40848958333 62 51
15240.428424999995 15460.26934166666 62 53
15566.195924999995 16741.903325000003 62 40
16735.146566666666 16838.117158333338 62 37
17860.53923333334 19017.55454166668 62 40
19010.797783333346 19331.62197083335 62 36
21232.43440833335 22543.38047083335 62 49
23382.162908333346 24492.190045833344 62 44
37384.14457500001 37639.83182500002 62 51
38434.145450000025 41936.79695000004 62 57
41936.79695000004 42271.992450000034 62 55
44682.05232500003 45770.79782500003 62 55
46855.13582500003 47946.12582500003 62 51
49709.48082500004 50085.98707500004 62 53
50070.926825000046 51371.63897500004 62 59
67050.256325 67493.588075 62 51
67341.85832500001 67645.317825 62 55
71685.049825 72120.46382499998 62 51
71975.32582499998 72265.60182499999 62 53
75593.368325 75749.26805833334 62 44
80105.562825 80397.87482500002 62 50
81128.654825 81567.12282500003 62 49
82571.36482500003 82726.12005833337 62 46
83005.01982500004 83308.6001416667 62 36
83440.43382500003 83730.70982500003 62 40
87198.74582500006 87360.25119583339 62 46
87624.46732500006 87923.20970833341 62 36
88059.88132500007 88350.15732500007 62 39
91089.51132500007 91404.7299833334 62 49
91676.41682500008 92096.95903333339 62 52
108286.68038958343 108730.00038958345 62 51
108579.04938958345 108880.95138958345 62 55
111916.71013958348 112364.37255625015 62 53
112644.50488958349 112948.99655625016 62 49
113229.1288895835 113629.71703125018 62 48
114378.5368895835 114679.37465625018 62 50
114963.16088958352 115255.47288958353 62 52
115693.94088958355 115952.14982291688 62 40
117480.18063958354 117647.16073333356 62 42
118078.94488958355 118236.13955833357 62 36
118826.13588958356 119278.25288958356 62 52
119278.25288958356 119475.80495208356 62 35
121390.0018062502 121570.1435562502 62 40
122571.52319166684 123763.28553333352 62 40
123756.95641666686 123958.99239166685 62 37
124878.65377500017 126055.11827500019 62 40
126048.7488500002 126153.01301250019 62 36
128267.6984000002 129619.58011250019 62 46
130417.42690000021 131521.97276875025 62 51
135558.96240000028 135801.9713166669 62 53
135882.95494166692 137053.40923333363 62 40
137046.6524750003 137252.38375833366 62 37
138172.04514166695 139329.06045000025 62 40
139322.30369166692 139433.5901916669 62 36
141543.94031666688 142895.82202916688 62 49
143693.6688166669 145012.51937916692 62 44
157695.6504833337 157951.3377333337 62 51
158745.65135833368 162248.30285833366 62 57
162248.30285833366 162583.49835833366 62 55
164993.5582333336 166082.3037333336 62 55
167166.64173333358 168257.63173333363 62 51
170020.98673333362 170398.99900833363 62 53
170382.4327333336 171667.06302083362 62 59
84302.45482500002 84458.53322083336 63 49
88921.90232500006 89077.9807208334 63 49
100703.15595208346 101020.23536250011 63 70
103115.12335208345 103432.20276250009 63 62
118232.42888958356 118826.13588958356 63 56
9033.502424999995 10115.559597916663 64 48
10826.165924999996 11200.40848958333 64 49
13382.984924999995 14101.547924999995 64 52
14101.547924999995 14489.584566666661 64 53
14469.645924999995 15435.059266666662 64 55
22316.77240833335 23394.284125000013 64 51
24473.072408333344 25810.015110416676 64 41
48986.588825000035 50070.926825000046 64 57
51857.018825000036 52237.3219979167 64 62
66760.401325 67063.62141666666 64 57
71394.77382499998 71691.09724166665 64 57
75016.72332499998 75176.38098958333 64 42
77765.86832500003 78058.18032500004 64 50
79093.478575 79383.531575 64 47
79525.68482500002 79815.62382500002 64 52
80982.49882500002 81420.96682500002 64 51
84879.09982500003 85033.7815916667 64 49
85317.56782500003 85623.27745833338 64 45
85756.03582500004 86048.34782500005 64 41
89498.54732500007 89656.49022083341 64 51
89927.58882500007 90227.07560000008 64 45
90362.31332500007 90652.83157500006 64 41
92259.43532500006 92565.03675000004 64 53
92846.34082500005 93159.22158541672 64 53
107994.31138958342 108301.29883958344 64 57
111344.01463958347 111787.85646458347 64 52
129352.0364000002 130434.09357291689 64 48
131144.69990000024 131521.97276875025 64 49
133701.5189000003 134420.08190000028 64 52
134420.08190000028 134794.31486666694 64 53
134788.17990000028 135580.77447708359 64 55
142628.2783166669 143708.82033750025 64 51
144784.5783166669 145880.61183750024 64 41
169298.09473333362 170382.4327333336 64 57
172168.52473333362 172545.79760208365 64 56
32196.100574999997 35700.635075 65 44
37048.94907500002 37384.14457500001 65 50
39482.83945000003 40170.659450000036 65 53
40536.51295000004 41936.79695000004 65 51
76177.99232500001 76342.41782500003 65 48
93447.43782500004 93770.26291250005 65 56
94058.90882500006 94528.07782500007 65 58
95573.75982500007 96929.44839583343 65 60
97983.67532500009 99336.7324291668 65 60
152507.60648333366 156012.14098333364 65 44
157360.4549833337 157695.6504833337 65 50
159794.3453583337 160482.16535833367 65 53
160848.01885833367 162248.30285833366 65 51
2309.4649166666663 3545.366433333332 66 45
6864.826424999995 7971.754799999995 66 52
10462.529424999995 11189.802424999996 66 50
11189.802424999996 12484.499739583329 66 48
12292.075424999997 13382.984924999995 66 50
15624.827104166663 16838.117158333338 66 45
20148.09640833335 21256.530808333348 66 52
23382.162908333346 24492.190045833344 66 49
25553.954408333342 26660.015429166673 66 41
26644.86390833334 28099.409908333335 66 34
27735.773408333338 32196.100574999997 66 26
51506.141825000035 52220.65532500003 66 63
66326.977325 66587.81990208334 66 57
66760.401325 67063.62141666666 66 57
67050.256325 67493.588075 66 51
68659.245825 68811.3657625 66 57
68944.02257500001 69228.85532500001 66 47
69808.970575 70095.02424583334 66 51
70973.098325 71216.40107916665 66 57
71394.77382499998 71691.09724166665 66 57
71685.049825 72120.46382499998 66 51
73269.031325 73507.45273333334 66 57
73562.751825 73855.657575 66 47
74441.469075 74731.346075 66 51
75447.212325 75739.524325 66 50
76762.61632500004 76995.86400416671 66 40
77191.23182500002 77479.52682500004 66 52
82141.81282500003 82726.12005833337 66 57
83005.01982500004 83308.6001416667 66 39
83585.57182500004 83869.80040833337 66 42
86769.19382500005 87360.25119583339 66 57
87624.46732500006 87923.20970833341 66 39
88205.01932500006 88489.2479083334 66 42
94381.59332500007 95582.68384791673 66 73
96791.5088250001 97996.55661666677 66 73
99207.33778750013 99816.83009375015 66 82
100096.78895208347 100411.34183333347 66 46
101617.43645208345 102220.1349791668 66 73
102508.75635208347 102824.57249791679 66 40
104036.31885208342 104657.01180833344 66 66
104944.78703541677 105404.79213333342 66 36
105261.37653541676 105899.37330208343 66 59
106189.10838958345 106649.89467083343 66 31
107559.91063958344 107718.49802708343 66 57
107994.31138958342 108301.29883958344 66 57
108286.68038958343 108730.00038958345 66 51
109885.19338958347 110039.9486229168 66 57
110174.58988958347 110468.25088958348 66 47
111052.57463958347 111327.5378354168 66 51
112059.88088958347 112364.37255625015 66 50
112644.50488958349 112936.8168895835 66 52
113803.9003895835 114108.89864375017 66 49
116430.91638958354 116880.53163958355 66 61
121553.40995625021 121741.75876458353 66 45
122631.37702500018 123958.99239166685 66 45
127183.3604000002 128297.8189000002 66 52
130781.06340000022 131508.33640000023 66 50
131508.33640000023 132621.2154645836 66 48
132610.60940000028 133701.5189000003 66 50
135941.1014208336 137252.38375833366 66 45
140459.60231666692 141566.53069166688 66 52
143693.6688166669 145012.51937916692 66 49
145865.46031666693 146971.52133750028 66 41
146956.36981666696 148410.91581666697 66 34
148047.27931666697 152507.60648333366 66 26
171817.6477333336 172532.16123333364 66 57
3485.183662499999 4474.364158333333 67 39
5777.624037499995 6894.946924999995 67 39
7949.1644249999945 9260.110487499995 67 52
10098.892924999996 10826.165924999996 67 51
13019.348424999995 13403.943012499996 67 49
16784.627162500004 17765.385091666674 67 39
19060.27837916668 20160.144608333347 67 39
21232.43440833335 22543.38047083335 67 53
24473.072408333344 25810.015110416676 67 47
36711.870575000015 37048.94907500002 67 51
39127.809950000024 39496.963741666696 67 52
40170.659450000036 40558.70229375004 67 46
51155.26482500004 51857.018825000036 67 66
65716.612575 65883.17068541667 67 52
68081.046575 68239.17429166667 67 55
69083.66132500001 69374.04932500001 67 49
70396.34507500002 70556.84290833333 67 55
72695.15382499999 72853.09204375 67 55
73707.01032500001 74004.304825 67 49
74872.57582499998 75160.87082499999 67 52
78945.57882500002 79383.531575 67 57
79670.65432500001 79832.53693333335 67 48
80251.71882500002 80405.18262500003 67 47
80690.18682500001 80995.89645833334 67 42
80982.49882500002 81420.96682500002 67 51
81567.12282500003 82159.58870000002 67 59
84446.60232500003 85033.7815916667 67 60
85317.56782500003 85623.27745833338 67 45
85902.19182500005 86194.50382500005 67 44
86194.50382500005 86781.04440833339 67 59
89066.04982500007 89656.49022083341 67 60
89927.58882500007 90227.07560000008 67 45
90504.66882500007 90800.99432500007 67 44
91676.41682500008 92096.95903333339 67 62
106962.49413958343 107135.33726458343 67 52
109310.50338958346 109469.86208958346 67 55
110318.84838958348 110617.65338958347 67 49
111485.24438958347 111787.85646458347 67 49
113375.2848895835 113629.71703125018 67 40
114524.6928895835 114679.37465625018 67 44
115693.94088958355 115952.14982291688 67 40
115840.09688958355 116448.13910208354 67 62
116726.16288958355 117046.03239583355 67 58
123803.71763750019 124792.89813333353 67 39
126096.1580125002 127193.90257500019 67 39
128267.6984000002 129619.58011250019 67 52
130417.42690000021 131144.69990000024 67 51
133337.88240000026 133722.47698750027 67 49
137096.13307083363 138076.89100000032 67 39
139371.78428750025 140467.1324416669 67 39
141543.94031666688 142895.82202916688 67 53
144784.5783166669 145880.61183750024 67 47
157023.3764833337 157360.4549833337 67 51
159439.3158583337 159811.29450833367 67 52
160482.16535833367 160864.2910437503 67 49
171466.77073333363 172168.52473333362 67 59
100703.15595208346 101764.90020208346 68 52
103115.12335208345 104159.28180208342 68 47
4610.599674999998 5838.814299999995 69 42
10098.892924999996 11200.40848958333 69 48
11553.438924999997 12292.075424999997 69 56
13382.984924999995 14489.584566666661 69 52
14469.645924999995 16379.293874999998 69 55
17911.01910833334 19331.62197083335 69 42
25553.954408333342 26660.015429166673 69 47
26644.86390833334 28099.409908333335 69 39
28099.409908333335 32196.100574999997 69 41
39821.822450000036 40536.51295000004 69 49
69228.85532500001 69385.91228333335 69 51
73855.657575 74017.52852083334 69 52
76616.46032500004 76995.86400416671 69 57
77335.37932500003 77493.84390000004 69 48
77912.02432500003 78068.04030833337 69 46
78353.97982500003 78658.40681041668 69 49
78649.77932500001 79093.478575 69 60
81274.81082500002 81684.44360000003 69 57
83295.29582500004 83730.70982500003 69 55
83730.70982500003 83875.84782500002 69 39
83875.84782500002 84458.53322083336 69 62
87914.74332500008 88350.15732500007 69 55
88350.15732500007 88495.29532500006 69 39
88495.29532500006 89077.9807208334 69 60
91089.51132500007 91404.7299833334 69 59
92846.34082500005 93159.22158541672 69 63
110468.25088958348 110634.26153125013 69 51
112790.6608895835 112948.99655625016 69 48
113948.04788958351 114108.89864375017 69 42
115109.31688958353 115271.3064562502 69 48
117628.60738958354 118236.13955833357 69 59
121724.22311458354 121904.68494791686 69 40
124929.13365000016 126153.01301250019 69 42
130417.42690000021 131521.97276875025 69 48
131871.97290000026 132610.60940000028 69 56
133701.5189000003 134794.31486666694 69 52
134788.17990000028 136690.79978333364 69 55
138222.52501666694 139433.5901916669 69 42
145865.46031666693 146971.52133750028 69 47
146956.36981666696 148410.91581666697 69 39
148410.91581666697 152507.60648333366 69 41
160133.32835833367 160848.01885833367 69 49
9033.502424999995 10115.559597916663 70 52
22316.77240833335 23394.284125000013 70 52
32196.100574999997 35700.635075 70 44
36374.79207500001 36711.870575000015 70 55
38778.972950000025 39482.83945000003 70 55
65874.50732500001 66587.81990208334 70 62
68229.693825 68811.3657625 70 62
70544.99232500001 71216.40107916665 70 62
72840.291825 73507.45273333334 70 62
90652.83157500006 90945.25282500006 70 39
94381.59332500007 95582.68384791673 70 73
95573.75982500007 96929.44839583343 70 60
96791.5088250001 97996.55661666677 70 73
97983.67532500009 99336.7324291668 70 60
99500.58382708346 99816.83009375015 70 55
100096.78895208347 100411.34183333347 70 56
101912.55122708346 102220.1349791668 70 49
102508.75635208347 102824.57249791679 70 49
104334.4530875001 104657.01180833344 70 44
104944.78703541677 105404.79213333342 70 44
105565.72001041677 105899.37330208343 70 39
106189.10838958345 106649.89467083343 70 39
107117.13338958343 107718.49802708343 70 62
109455.64138958346 110039.9486229168 70 62
129352.0364000002 130434.09357291689 70 52
142628.2783166669 143708.82033750025 70 52
152507.60648333366 156012.14098333364 70 44
156686.29798333367 157023.3764833337 70 55
159090.4788583337 159794.3453583337 70 55
3063.0447999999997 3545.366433333332 71 51
3531.562758333332 4474.364158333333 71 55
5360.623158333331 5838.814299999995 71 53
5824.363424999995 6894.946924999995 71 52
13019.348424999995 13403.943012499996 71 55
16379.293874999998 16838.117158333338 71 51
16831.982191666673 17765.385091666674 71 52
18661.042591666675 19331.62197083335 71 53
19107.63340833335 20160.144608333347 71 50
23382.162908333346 24492.190045833344 71 58
65251.02532500002 65883.17068541667 71 70
67050.256325 67493.588075 71 61
67645.317825 68239.17429166667 71 70
69374.04932500001 69658.76032500001 71 56
69658.76032500001 69959.180825 71 52
69959.180825 70556.84290833333 71 70
71685.049825 72120.46382499998 71 61
72265.60182499999 72853.09204375 71 70
74004.304825 74292.821825 71 56
74292.821825 74590.116325 71 52
75016.72332499998 75176.38098958333 71 48
75593.368325 75749.26805833334 71 47
76031.83632500001 76342.41782500003 71 49
76324.14832500003 76762.61632500004 71 60
78353.97982500003 78658.40681041668 71 50
78649.77932500001 79383.531575 71 71
80982.49882500002 81420.96682500002 71 59
83005.01982500004 83308.6001416667 71 49
87624.46732500006 87923.20970833341 71 49
91387.89982500006 92096.95903333339 71 72
92259.43532500006 92565.03675000004 71 63
93447.43782500004 93770.26291250005 71 67
94058.90882500006 94528.07782500007 71 69
100703.15595208346 101764.90020208346 71 52
103115.12335208345 104159.28180208342 71 47
106509.34738958343 107135.33726458343 71 70
108286.68038958343 108730.00038958345 71 61
108880.95138958345 109469.86208958346 71 70
110617.65338958347 110902.36438958347 71 56
110902.36438958347 111202.78488958348 71 52
111629.39188958348 111787.85646458347 71 42
112206.03688958347 112364.37255625015 71 44
115255.47288958353 115952.14982291688 71 67
117034.90038958355 117647.16073333356 71 62
123381.57877500018 123958.99239166685 71 51
123850.09673333351 124792.89813333353 71 55
125679.1571333335 126153.01301250019 71 53
126142.89740000019 127193.90257500019 71 52
133337.88240000026 133722.47698750027 71 55
136690.79978333364 137252.38375833366 71 51
137143.48810000034 138076.89100000032 71 52
138972.54850000024 139433.5901916669 71 53
139419.13931666693 140467.1324416669 71 50
143693.6688166669 145012.51937916692 71 58
11917.075424999997 12484.499739583329 72 58
12292.075424999997 13382.984924999995 72 57
36037.713575 36374.79207500001 72 51
69516.404825 69808.970575 72 57
74148.563325 74441.469075 72 56
90800.99432500007 91404.7299833334 72 71
110760.00888958348 111052.57463958347 72 57
114963.16088958352 115271.3064562502 72 67
132235.60940000028 132621.2154645836 72 58
132610.60940000028 133701.5189000003 72 57
156349.21948333367 156686.29798333367 72 51
24473.072408333344 25810.015110416676 73 53
66760.401325 67063.62141666666 73 67
71394.77382499998 71691.09724166665 73 67
76031.83632500001 76342.41782500003 73 50
76324.14832500003 76995.86400416671 73 71
80690.18682500001 80995.89645833334 73 67
82716.50282500003 83150.15782500003 73 60
85902.19182500005 86303.52919166672 73 57
87343.88382500007 87769.60532500007 73 58
90219.95782500008 90652.83157500006 73 61
92557.82382500004 93159.22158541672 73 74
93153.08932500005 93770.26291250005 73 78
93756.39782500007 94528.07782500007 73 80
94973.57582500007 95582.68384791673 73 85
95573.75982500007 96032.70957500009 73 80
96185.6928250001 96929.44839583343 73 81
97383.4913250001 97996.55661666677 73 84
97983.67532500009 98447.40182500011 73 80
98601.97732500012 99336.7324291668 73 81
99500.58382708346 99816.83009375015 73 64
101912.55122708346 102220.1349791668 73 58
104334.4530875001 104657.01180833344 73 51
105565.72001041677 105899.37330208343 73 46
107994.31138958342 108301.29883958344 73 67
144784.5783166669 145880.61183750024 73 53
2365.3707999999997 3340.8225499999994 74 50
4658.86915833333 5633.350408333331 74 53
7587.718424999995 7971.754799999995 74 60
7949.1644249999945 9260.110487499995 74 59
11189.802424999996 11917.075424999997 74 60
15681.619874999997 16629.293875 74 55
17959.288591666675 18904.945091666676 74 53
20870.988408333345 21256.530808333348 74 60
21232.43440833335 22543.38047083335 74 62
25553.954408333342 26660.015429166673 74 51
26644.86390833334 28099.409908333335 74 49
27735.773408333338 28463.046408333335 74 44
28463.046408333335 29190.31940833333 74 41
28826.682908333332 32196.100574999997 74 48
32196.100574999997 35700.635075 74 57
35700.635075 36037.713575 74 55
38434.145450000025 39127.809950000024 74 57
66482.417825 66905.328825 74 73
71116.790325 71539.91182499999 74 73
79815.62382500002 80405.18262500003 74 73
80397.87482500002 80836.34282500001 74 72
85317.56782500003 85623.27745833338 74 53
85609.87982500005 86048.34782500005 74 61
89927.58882500007 90227.07560000008 74 53
91974.80532500007 92565.03675000004 74 74
107711.42588958344 108140.49588958343 74 73
112936.8168895835 113629.71703125018 74 71
114092.1953895835 114679.37465625018 74 73
114670.8488895835 115109.31688958353 74 77
122683.90477500018 123659.35652500017 74 53
124977.4031333335 125951.88438333351 74 53
127906.2524000002 128297.8189000002 74 60
128267.6984000002 129619.58011250019 74 59
131508.33640000023 132235.60940000028 74 60
135993.1257833336 136940.79978333364 74 55
138270.79450000025 139216.45100000023 74 53
141182.49431666688 141566.53069166688 74 60
141543.94031666688 142895.82202916688 74 62
145865.46031666693 146971.52133750028 74 51
146956.36981666696 148410.91581666697 74 49
148047.27931666697 148774.552316667 74 44
148774.552316667 149501.825316667 74 41
149138.188816667 152507.60648333366 74 48
152507.60648333366 156012.14098333364 74 57
156012.14098333364 156349.21948333367 74 55
158745.65135833368 159439.3158583337 74 57
69658.76032500001 70095.02424583334 75 62
74292.821825 74731.346075 75 62
78058.18032500004 78501.87957500001 75 79
95879.72632500008 96193.26552500008 75 80
98292.8263250001 98620.90907500012 75 80
110902.36438958347 111327.5378354168 75 62
6864.826424999995 7949.1644249999945 76 63
9735.256424999996 10115.559597916663 76 56
20148.09640833335 21232.43440833335 76 63
22667.649408333345 23382.162908333346 76 55
69083.66132500001 69385.91228333335 76 71
69374.04932500001 69808.970575 76 70
73707.01032500001 74017.52852083334 76 71
74004.304825 74441.469075 76 70
77479.52682500004 78068.04030833337 76 75
79241.378325 79832.53693333335 76 75
85025.25582500003 85463.72382500005 76 66
89644.70332500007 90073.77332500007 76 64
110318.84838958348 110634.26153125013 76 71
110617.65338958347 111052.57463958347 76 70
112644.50488958349 112948.99655625016 76 67
113521.44088958352 114108.89864375017 76 77
127183.3604000002 128267.6984000002 76 63
130053.7904000002 130434.09357291689 76 57
140459.60231666692 141543.94031666688 76 63
142979.1553166669 143693.6688166669 76 61
33244.794575 33932.614575 77 53
34298.468075000004 35700.635075 77 52
75739.524325 76177.99232500001 77 77
153556.30048333367 154244.12048333368 77 53
154609.97398333368 156012.14098333364 77 52
9384.379424999996 10098.892924999996 78 58
23382.162908333346 24473.072408333344 78 62
24109.435908333347 24492.190045833344 78 56
68804.383825 69228.85532500001 78 74
73418.493325 73855.657575 78 72
75160.87082499999 75749.26805833334 78 77
76908.77232500004 77493.84390000004 78 77
78353.97982500003 78658.40681041668 78 69
94381.59332500007 94993.37585833341 78 86
96791.5088250001 97400.81635416676 78 86
110030.33138958347 110468.25088958348 78 74
111773.53938958347 112364.37255625015 78 77
112352.19288958347 112790.6608895835 78 75
129702.9134000002 130417.42690000021 78 60
143693.6688166669 144784.5783166669 78 62
144420.9418166669 145012.51937916692 78 56
9033.502424999995 9735.256424999996 79 66
22316.77240833335 23018.526408333346 79 66
23018.526408333346 23394.284125000013 79 57
24826.013408333343 25553.954408333342 79 60
32889.765075 33265.9810125 79 52
33932.614575 34320.65741875 79 49
74590.116325 75176.38098958333 79 79
111202.78488958348 111787.85646458347 79 79
129352.0364000002 130053.7904000002 79 66
142628.2783166669 143330.03231666688 79 66
143330.03231666688 143708.82033750025 79 62
145137.51931666693 145865.46031666693 79 60
153201.27098333367 153570.42477500034 79 52
154244.12048333368 154626.24616875034 79 49
76031.83632500001 76342.41782500003 80 67
25553.954408333342 26644.86390833334 81 61
26281.22740833334 26660.015429166673 81 55
27008.50040833334 27735.773408333338 81 53
27735.773408333338 29190.31940833333 81 50
29190.31940833333 29917.592408333327 81 39
33583.777575 34298.468075000004 81 49
145865.46031666693 146956.36981666696 81 61
146592.73331666694 146971.52133750028 81 55
147320.00631666693 148047.27931666697 81 53
148047.27931666697 149501.825316667 81 50
149501.825316667 150229.09831666705 81 39
153895.28348333368 154609.97398333368 81 49
32540.928074999996 33244.794575 82 55
152852.43398333367 153556.30048333367 82 55
24473.072408333344 24908.36630833334 83 62
25178.954408333342 25810.015110416676 83 57
144784.5783166669 145490.46031666693 83 62
145490.46031666693 145880.61183750024 83 57
26644.86390833334 27372.136908333337 86 55
27372.136908333337 28099.409908333335 86 53
27735.773408333338 29190.31940833333 86 57
29553.95590833333 30038.804574999995 86 39
30283.833824999994 32196.100574999997 86 42
32196.100574999997 32889.765075 86 57
146956.36981666696 147683.64281666695 86 55
147683.64281666695 148410.91581666697 86 53
148047.27931666697 149501.825316667 86 57
149865.46181666703 150350.3104833337 86 39
150595.3397333337 152507.60648333366 86 42
152507.60648333366 153201.27098333367 86 57
29917.592408333327 30345.562241666663 93 44
30658.858324999994 32196.100574999997 93 42
150229.09831666705 150657.06815000036 93 44
150970.3642333337 152507.60648333366 93 42
31042.254074999997 32196.100574999997 98 45
151353.75998333367 152507.60648333366 98 44
