62590.73697499997 63351.63067916664 38 34
13667.2515 15136.359250000003 42 49
91358.07926666655 92827.18701666656 42 46
115299.55651666656 116796.03318333322 42 42
12964.840000000002 13316.045750000001 43 46
13316.045750000001 13550.182916666667 43 39
13550.182916666667 13717.7693 43 39
15136.359250000003 15847.259750000005 43 46
30137.75499999999 30907.64595833333 43 28
90655.66776666655 91006.87351666654 43 46
91006.87351666654 91241.01068333321 43 39
91241.01068333321 91395.96761666656 43 40
92827.18701666656 93538.08751666656 43 46
107828.58276666654 109326.92804791653 43 31
114597.14501666656 114948.35076666655 43 38
114948.35076666655 115182.48793333322 43 33
115182.48793333322 115327.97277916656 43 36
116796.03318333322 117525.07318333321 43 36
119829.16943333323 120971.89943333324 43 26
122907.34468333324 124044.29168333324 43 26
126006.90018333323 134577.96236874993 43 26
13433.114333333335 13667.2515 45 39
14771.839250000003 15157.09384791667 45 47
61196.95197499996 61893.67800624997 45 37
91123.94209999988 91358.07926666655 45 40
92462.66701666656 92856.80787083322 45 43
115065.41934999988 115299.55651666656 45 36
116431.51318333323 116820.33451666655 45 37
15491.809500000005 16211.779750000005 46 49
21033.755499999996 22118.044999999995 46 49
50660.07351666665 53727.45176666665 46 37
53385.45451666666 54867.32151666664 46 39
54707.747016666646 57593.695724999954 46 36
57267.608724999955 58729.67947499995 46 39
58576.618224999955 60202.998974999966 46 49
59876.911974999966 61358.242349999964 46 39
93182.63726666656 93902.60751666657 46 49
98724.58326666655 99808.87276666657 46 49
117160.5531833332 117899.04468333321 46 38
22501.971249999995 23644.701249999995 47 53
100192.79901666657 101335.52901666655 47 49
19567.67399999999 21054.74877708333 48 45
24044.70124999999 24837.270249999994 48 52
55345.48509999997 56740.43474166662 48 37
97258.50176666655 98736.57942499989 48 45
101735.52901666657 102528.09801666657 48 41
15847.259750000005 16595.706000000002 50 51
18117.319500000005 19612.465395833326 50 40
27832.21524999999 30156.209724999993 50 45
30137.75499999999 30907.64595833333 50 36
50014.24026666665 52735.659741666655 50 41
54069.44901666665 55503.37984999997 50 37
56615.43472499995 57927.435787499955 50 43
57919.782724999954 59349.73799166663 50 45
59224.73797499996 60557.7318083333 50 43
61884.85447499997 63351.63067916664 50 45
64003.717474999976 64801.15203749999 50 41
65359.19772499995 66035.82824999995 50 41
66647.1572666666 67453.29746249993 50 37
67994.39926666659 68703.1190354166 50 40
69320.56401666663 70117.99857916663 50 41
70672.5380166666 71377.59440208325 50 41
72005.66276666656 72740.94293333322 50 38
73384.37476666656 74091.16908333322 50 35
74739.89201666653 75486.04868333321 50 38
76137.29301666655 76841.2373562499 50 41
77505.28201666656 78209.2263562499 50 38
78873.27101666658 79583.68734374992 50 38
80277.13951666656 80986.2970249999 50 38
81667.26476666656 82736.02626666655 50 38
83111.02626666655 84062.78407499989 50 38
93538.08751666656 94286.53376666656 50 51
95808.14726666656 97309.69193333323 50 36
105523.04301666658 107847.28134166654 50 37
107828.58276666654 109326.92804791653 50 31
117525.07318333321 118282.97093333321 50 40
119829.16943333323 120971.89943333324 50 26
122907.34468333324 124044.29168333324 50 26
126006.90018333323 134577.96236874993 50 26
52701.46001666666 54229.02351666665 51 39
55345.48509999997 56740.43474166662 51 43
60529.085974999965 61893.67800624997 52 41
54069.44901666665 55503.37984999997 53 43
56615.43472499995 57927.435787499955 53 47
16211.779750000005 16984.811000000005 54 54
17752.799500000005 18136.018075000004 54 44
20335.526499999993 21054.74877708333 54 33
24418.67274999999 24988.823649999995 54 52
50014.24026666665 51375.74983333332 54 41
52701.46001666666 54229.02351666665 54 45
57919.782724999954 59349.73799166663 54 45
78189.27651666656 79583.68734374992 54 45
80965.83876666657 82736.02626666655 54 41
82361.02626666655 84062.78407499989 54 42
93902.60751666657 94675.63876666657 54 54
95443.62726666656 95823.7294124999 54 39
98026.35426666656 98736.57942499989 54 33
102109.50051666655 102607.03207916656 54 46
117899.04468333321 118672.07593333322 54 42
119440.06443333322 119858.35230833323 54 36
122512.91918333324 122939.3385374999 54 33
125601.38518333323 126040.6930999999 54 33
811.03 3157.7649999999994 55 38
2389.9124999999995 4716.737999999999 55 33
3968.794999999999 6253.532000000001 55 36
5505.589000000001 7177.077875 55 33
7001.475 8814.51775 55 38
8471.739 10254.257500000003 55 33
9889.737500000003 11780.913750000003 55 40
11416.393750000003 13140.442875 55 34
16595.706000000002 18117.319500000005 55 57
18865.2625 19612.465395833326 55 33
21753.524999999998 22531.154124999994 55 36
23280.181249999994 24054.050537499992 55 34
24774.122999999992 25536.932749999993 55 51
26315.14274999999 28614.480249999993 55 36
51314.57076666666 52735.659741666655 55 41
59224.73797499996 60557.7318083333 55 43
63345.93072499998 64801.15203749999 55 37
68678.3937666666 70117.99857916663 55 37
74068.36926666656 75486.04868333321 55 35
76821.28751666656 78209.2263562499 55 46
79562.85401666658 80986.2970249999 55 47
84692.30276666654 86505.34551666654 55 38
86162.56676666654 87945.08526666656 55 34
87580.56526666656 89471.74151666656 55 40
89107.22151666656 90831.27064166655 55 34
94286.53376666656 95808.14726666656 55 57
96556.09026666656 97309.69193333323 55 33
99444.35276666658 100212.25426666657 55 36
100971.00901666656 102109.50051666655 55 31
102464.95076666656 103227.76051666656 55 49
104005.97051666657 106305.30801666656 55 32
108576.52576666654 114772.74789166656 55 34
117525.07318333321 117963.03239166655 55 30
118282.97093333321 119829.16943333323 55 44
121355.82568333324 122907.34468333324 55 38
124444.29168333324 126006.90018333323 55 38
126817.93018333323 130062.05018333324 55 24
128439.99018333324 131684.11018333325 55 22
130062.05018333324 134565.95468333326 55 20
131684.11018333325 134577.96236874993 55 18
4716.737999999999 6262.881287500001 57 40
10638.183750000004 12184.840000000004 57 33
14425.018500000002 15157.09384791667 57 38
17373.916000000005 18136.018075000004 57 38
20335.526499999993 21054.74877708333 57 33
53727.45176666665 54229.02351666665 57 60
60529.085974999965 61893.67800624997 57 46
62237.79572499997 63351.63067916664 57 52
64723.832474999996 66035.82824999995 57 41
67313.8237666666 68703.1190354166 57 52
70040.67901666663 71377.59440208325 57 41
72707.08876666655 74091.16908333322 57 43
75460.00701666654 76841.2373562499 57 53
78189.27651666656 79583.68734374992 57 45
80965.83876666657 82736.02626666655 57 41
82361.02626666655 84062.78407499989 57 42
88329.01151666655 89872.33443333322 57 39
92115.84626666656 92856.80787083322 57 38
95064.74376666656 95823.7294124999 57 38
98026.35426666656 98736.57942499989 57 33
116076.06293333322 116796.03318333322 57 28
119061.18093333322 119829.16943333323 57 28
122134.03568333323 122907.34468333324 57 25
125222.50168333323 126006.90018333323 57 25
3.379291666666666 1595.778958333333 58 40
3157.7649999999994 4756.18055 58 40
6253.532000000001 7745.478510416667 58 40
9169.968 10683.579333333337 58 42
12164.840000000004 12964.840000000002 58 34
12964.840000000002 13717.7693 58 37
15847.259750000005 16631.373958333337 58 42
18865.2625 19612.465395833326 58 33
21753.524999999998 22531.154124999994 58 36
27094.02624999999 28614.480249999993 58 36
30137.75499999999 30907.64595833333 58 37
32287.367391666663 33830.006808333324 58 35
33661.467433333324 35165.532433333334 58 36
35002.488933333334 36572.1501 58 34
36308.992183333336 37756.830391666685 58 39
37598.935641666685 38947.281600000024 58 49
38893.51814166669 40535.78226666668 58 37
40219.992766666684 41897.83101666667 58 34
41560.06926666667 43243.70401666668 58 32
42924.55501666667 45664.20476666665 58 36
45504.63026666665 47100.375266666655 58 34
46781.22626666665 48224.65439166665 58 39
48067.38876666665 49691.65951666665 58 49
49369.07876666665 50816.32351666665 58 39
51314.57076666666 52735.659741666655 58 46
54069.44901666665 54388.59801666665 58 62
59224.73797499996 60557.7318083333 58 47
63345.93072499998 64801.15203749999 58 41
66011.37172499995 67453.29746249993 58 43
68678.3937666666 70117.99857916663 58 41
71346.69551666659 72740.94293333322 58 43
74068.36926666656 75486.04868333321 58 38
76821.28751666656 78209.2263562499 58 46
79562.85401666658 80986.2970249999 58 47
83944.35976666654 85449.10381874988 58 40
86860.79576666655 88348.46676666655 58 42
89855.66776666656 90655.66776666655 58 38
90655.66776666655 91395.96761666656 58 37
93538.08751666656 94325.44426666657 58 42
96556.09026666656 97309.69193333323 58 33
99444.35276666658 100212.25426666657 58 36
104784.85401666658 106305.30801666656 58 32
107828.58276666654 108752.12864166654 58 35
108576.52576666654 109044.80009999988 58 34
111495.87926666655 112244.32551666655 58 31
113797.14501666655 114597.14501666656 58 35
114597.14501666656 115065.41934999988 58 29
117525.07318333321 117963.03239166655 58 33
120607.37943333323 121355.82568333324 58 28
123675.19718333324 124444.29168333324 58 28
126817.93018333323 130062.05018333324 58 24
128439.99018333324 131684.11018333325 58 22
130062.05018333324 134565.95468333326 58 20
131684.11018333325 134577.96236874993 58 18
23280.181249999994 24054.050537499992 59 34
100971.00901666656 102109.50051666655 59 39
1578.8824999999997 3191.557916666666 60 40
4716.737999999999 6262.881287500001 60 45
7703.8865000000005 9196.959356250001 60 38
10638.183750000004 12184.840000000004 60 39
14425.018500000002 15157.09384791667 60 42
17373.916000000005 18136.018075000004 60 38
25153.006499999992 25870.91454166666 60 54
26315.14274999999 27370.84712499999 60 40
28595.024999999994 30156.209724999993 60 46
34327.56468333333 35798.465825 60 37
39556.77976666669 40895.56338125002 60 42
44866.33226666666 46265.268716666644 60 37
50014.24026666665 51375.74983333332 60 46
57919.782724999954 59349.73799166663 60 51
64723.832474999996 66035.82824999995 60 41
67313.8237666666 68703.1190354166 60 52
70040.67901666663 71377.59440208325 60 41
72707.08876666655 74091.16908333322 60 43
75460.00701666654 76841.2373562499 60 53
85394.71426666655 86878.79000416654 60 38
88329.01151666655 89872.33443333322 60 39
92115.84626666656 92856.80787083322 60 42
95064.74376666656 95823.7294124999 60 38
102843.83426666656 103616.86551666657 60 45
104005.97051666657 105061.67489166657 60 36
106285.85276666656 107847.28134166654 60 37
110046.78976666655 110757.69026666656 60 31
113022.53551666655 113797.14501666655 60 31
116076.06293333322 116796.03318333322 60 33
119061.18093333322 119829.16943333323 60 28
122134.03568333323 122907.34468333324 60 25
125222.50168333323 126006.90018333323 60 25
54388.59801666665 54707.747016666646 61 63
60841.585974999965 61137.724308333294 61 63
61519.53272499996 61769.40772499997 61 62
64003.717474999976 64666.82337083333 61 57
69320.56401666663 69983.66991249996 61 61
77847.27926666656 78209.2263562499 61 41
80610.47276666656 80986.2970249999 61 41
3.379291666666666 1595.778958333333 62 45
3157.7649999999994 7745.478510416667 62 45
9169.968 10683.579333333337 62 49
10638.183750000004 12184.840000000004 62 45
12164.840000000004 12964.840000000002 62 38
12964.840000000002 13717.7693 62 41
14425.018500000002 15157.09384791667 62 42
15847.259750000005 16631.373958333337 62 49
17373.916000000005 18136.018075000004 62 42
18865.2625 19612.465395833326 62 38
20335.526499999993 21054.74877708333 62 38
21753.524999999998 22531.154124999994 62 40
23280.181249999994 24054.050537499992 62 39
27094.02624999999 28614.480249999993 62 40
29373.234999999993 30156.209724999993 62 35
32977.022391666665 34490.60818333333 62 37
35677.41318333334 36993.22372500001 62 43
36956.765391666675 38560.184891666686 62 47
38244.39539166669 39577.613100000024 62 39
40882.122516666685 42274.55517916667 62 49
43567.779766666674 45025.90676666666 62 37
46142.92826666664 47443.11411041665 62 43
47419.524266666645 48847.57322083332 62 45
48723.917266666656 50027.26109999999 62 43
52341.402516666654 52626.44803749999 62 58
52551.436058333325 52701.46001666666 62 50
52701.46001666666 53852.85075833332 62 62
54707.747016666646 55026.896016666644 62 64
59550.82497499996 60447.564224999966 62 64
60474.73814166663 60557.7318083333 62 61
61137.724308333294 61358.242349999964 62 57
61827.13109999997 61893.67800624997 62 58
63687.92797499997 63898.454308333305 62 49
63898.454308333305 64012.71891249998 62 49
64543.80372499999 64801.15203749999 62 55
66011.37172499995 67453.29746249993 62 43
68336.3965166666 68703.1190354166 62 40
69008.06401666661 69216.39734999996 62 52
69216.39734999996 69341.56737083329 62 52
69860.65026666662 70117.99857916663 62 57
71346.69551666659 72740.94293333322 62 43
73726.37201666656 74091.16908333322 62 35
76479.29026666655 76841.2373562499 62 41
79202.79651666658 79583.68734374992 62 41
82000.96876666656 82736.02626666655 62 39
83527.69301666656 83944.35976666654 62 38
83944.35976666654 85449.10381874988 62 45
86860.79576666655 88348.46676666655 62 49
88329.01151666655 89872.33443333322 62 45
89855.66776666656 90655.66776666655 62 42
90655.66776666655 91395.96761666656 62 41
92115.84626666656 92856.80787083322 62 42
93538.08751666656 94325.44426666657 62 49
95064.74376666656 95823.7294124999 62 42
96556.09026666656 97309.69193333323 62 38
98026.35426666656 98736.57942499989 62 38
99444.35276666658 100212.25426666657 62 40
100971.00901666656 102109.50051666655 62 44
104784.85401666658 106305.30801666656 62 36
107064.06276666655 107828.58276666654 62 26
107828.58276666654 108752.12864166654 62 36
108576.52576666654 109044.80009999988 62 39
111495.87926666655 112244.32551666655 62 37
113797.14501666655 114597.14501666656 62 39
114597.14501666656 115065.41934999988 62 36
116076.06293333322 116796.03318333322 62 33
117525.07318333321 117963.03239166655 62 36
119061.18093333322 119829.16943333323 62 33
120607.37943333323 121355.82568333324 62 33
122134.03568333323 122907.34468333324 62 28
123675.19718333324 124444.29168333324 62 33
125222.50168333323 126006.90018333323 62 28
126817.93018333323 130062.05018333324 62 29
128439.99018333324 131684.11018333325 62 26
130062.05018333324 134565.95468333326 62 25
131684.11018333325 134577.96236874993 62 23
1578.8824999999997 3191.557916666666 63 45
7703.8865000000005 9196.959356250001 63 42
26694.02624999999 27370.84712499999 63 51
31594.68689166666 33033.84055833333 63 37
34327.56468333333 35798.465825 63 43
39556.77976666669 40895.56338125002 63 47
42257.88851666667 43727.354266666676 63 45
44866.33226666666 46265.268716666644 63 43
52626.44803749999 52735.659741666655 63 50
55026.896016666644 55292.85351666664 63 66
63793.19114166664 64003.717474999976 63 49
69112.23068333328 69320.56401666663 63 52
85394.71426666655 86878.79000416654 63 42
104384.85401666656 105061.67489166657 63 45
110046.78976666655 110757.69026666656 63 37
113022.53551666655 113797.14501666655 63 37
25536.932749999993 27094.02624999999 65 57
32977.022391666665 34490.60818333333 65 43
35677.41318333334 36993.22372500001 65 47
43567.779766666674 45025.90676666666 65 43
46142.92826666664 47443.11411041665 65 47
55345.48509999997 55661.27459999996 65 67
103227.76051666656 104784.85401666658 65 49
7703.8865000000005 9169.968 66 57
19567.67399999999 21033.755499999996 66 61
27463.12074999999 27832.21524999999 66 57
28614.480249999993 30199.270749999992 66 46
31594.68689166666 33033.84055833333 66 43
36956.765391666675 38560.184891666686 66 47
42257.88851666667 43727.354266666676 66 50
47419.524266666645 48847.57322083332 66 45
55661.27459999996 55977.06409999996 66 68
62943.678224999974 63351.63067916664 66 54
64723.832474999996 64878.47159999998 66 66
70040.67901666663 70195.31814166662 66 64
85394.71426666655 86860.79576666655 66 61
97258.50176666655 98724.58326666655 66 61
105153.94851666657 105523.04301666658 66 49
106305.30801666656 107862.86348749988 66 37
109278.93726666654 110757.69026666656 66 48
7001.475 7352.68075 67 56
7352.68075 7586.817916666667 67 52
7586.817916666667 7745.478510416667 67 48
9169.968 9889.737500000003 67 52
18865.2625 19216.468249999998 67 56
19216.468249999998 19450.60541666666 67 52
19450.60541666666 19612.465395833326 67 48
21033.755499999996 21753.524999999998 67 58
24774.122999999992 25572.600708333324 67 44
26315.14274999999 27370.84712499999 67 46
27832.21524999999 28211.09874999999 67 62
30137.75499999999 30907.64595833333 67 42
38244.39539166669 39577.613100000024 67 43
48723.917266666656 50027.26109999999 67 43
51648.27476666666 52551.436058333325 67 64
60202.998974999966 60474.73814166663 67 61
60529.085974999965 60841.585974999965 67 70
61196.95197499996 61519.53272499996 67 68
61884.85447499997 63345.93072499998 67 68
84692.30276666654 85043.50851666654 67 56
85043.50851666654 85277.6456833332 67 49
85277.6456833332 85449.10381874988 67 48
86860.79576666655 87580.56526666656 67 58
96556.09026666656 96907.29601666654 67 56
96907.29601666654 97141.43318333323 67 52
97141.43318333323 97309.69193333323 67 52
98724.58326666655 99444.35276666658 67 54
102464.95076666656 103250.45830833324 67 40
104005.97051666657 105061.67489166657 67 41
105523.04301666658 105901.92651666656 67 54
107828.58276666654 108752.12864166654 67 42
108576.52576666654 108927.73151666654 67 46
108927.73151666654 109161.86868333322 67 41
109161.86868333322 109326.92804791653 67 41
110757.69026666656 111495.87926666655 67 42
64878.47159999998 65033.11072499997 68 62
70195.31814166662 70349.9572666666 68 61
7469.749333333333 7703.8865000000005 69 49
8814.51775 9196.959356250001 69 44
19333.53683333333 19567.67399999999 69 48
20678.305249999994 21054.74877708333 69 53
28211.09874999999 28595.024999999994 69 58
29737.754999999994 30156.209724999993 69 46
32632.194891666662 33033.84055833333 69 55
43243.70401666668 43727.354266666676 69 55
50326.74026666665 50604.51797499999 69 58
50972.57351666665 51257.571224999985 69 55
51314.57076666666 52341.402516666654 69 68
56293.41351666662 56561.08689166662 69 68
56561.08689166662 56740.43474166662 69 64
58225.90522499996 58518.166058333285 69 64
58882.74072499995 59167.73843333329 69 62
59167.73843333329 59349.73799166663 69 59
65033.11072499997 65196.154224999955 69 64
70349.9572666666 70511.2476416666 69 64
85160.57709999986 85394.71426666655 69 49
86505.34551666654 86878.79000416654 69 53
97024.36459999988 97258.50176666655 69 52
98369.13301666656 98736.57942499989 69 53
105901.92651666656 106285.85276666656 69 50
107428.58276666656 107847.28134166654 69 48
109044.80009999988 109278.93726666654 69 41
110402.24001666655 110791.52392916656 69 40
9529.852750000002 10254.257500000003 70 57
21393.640249999997 22118.044999999995 70 62
28595.024999999994 30137.75499999999 70 58
32977.022391666665 33321.19680833333 70 56
38244.39539166669 39577.613100000024 70 47
43567.779766666674 43833.73726666667 70 56
48723.917266666656 50014.24026666665 70 47
50014.24026666665 50326.74026666665 70 66
50660.07351666665 50972.57351666665 70 64
55977.06409999996 56240.22201666662 70 70
57593.695724999954 57865.43489166662 70 67
57865.43489166662 57927.435787499955 70 61
58518.166058333285 58729.67947499995 70 60
87220.68051666654 87945.08526666656 70 62
99084.46801666656 99808.87276666657 70 57
106285.85276666656 107821.91609999989 70 46
111126.78476666655 111860.39926666654 70 46
24774.122999999992 25572.600708333324 72 52
26315.14274999999 27370.84712499999 72 46
27094.02624999999 27463.12074999999 72 68
36956.765391666675 38560.184891666686 72 54
47419.524266666645 48847.57322083332 72 51
56615.43472499995 57838.260974999954 72 72
102464.95076666656 103250.45830833324 72 46
104005.97051666657 105061.67489166657 72 41
104784.85401666658 105153.94851666657 72 56
33321.19680833333 33605.287641666655 73 58
43889.29280833334 44222.626058333335 73 58
65196.154224999955 65359.19772499995 73 67
70511.2476416666 70672.5380166666 73 68
77163.28476666655 78189.27651666656 73 63
79919.99676666658 80965.83876666657 73 59
9889.737500000003 10638.183750000004 74 64
12164.840000000004 13140.442875 74 61
21753.524999999998 22501.971249999995 74 66
25536.932749999993 26694.02624999999 74 62
30883.95489166666 31520.65230833333 74 64
31446.617724999996 31594.68689166666 74 63
31594.68689166666 32977.022391666665 74 69
33661.467433333324 33996.67343333332 74 62
41204.70326666668 42107.86455833334 74 64
42107.86455833334 42257.88851666667 74 55
42257.88851666667 43515.148183333346 74 67
44222.626058333335 44538.41555833333 74 62
49046.49801666665 49933.59507916665 74 60
49960.47680833332 50027.26109999999 74 57
50604.51797499999 50816.32351666665 74 57
51257.571224999985 51375.74983333332 74 56
57919.782724999954 58225.90522499996 74 72
58576.618224999955 58882.74072499995 74 73
59224.73797499996 59876.911974999966 74 70
65359.19772499995 66035.82824999995 74 69
67629.6132666666 68678.3937666666 74 64
70672.5380166666 71377.59440208325 74 73
73019.58876666655 74068.36926666656 74 54
75772.50701666655 76821.28751666656 74 64
78531.27376666658 79562.85401666658 74 64
81316.55176666657 82361.02626666655 74 57
82736.02626666655 83937.41532083323 74 55
87580.56526666656 88329.01151666655 74 66
89855.66776666656 90831.27064166655 74 62
99444.35276666658 100192.79901666657 74 60
103227.76051666656 104384.85401666656 74 60
111495.87926666655 112244.32551666655 74 49
113797.14501666655 114772.74789166656 74 45
24774.122999999992 25572.600708333324 75 58
31520.65230833333 31704.36130416666 75 63
33996.67343333332 34327.56468333333 75 66
42182.87653750001 42274.55517916667 75 58
44538.41555833333 44813.140766666664 75 64
102464.95076666656 103250.45830833324 75 52
23644.701249999995 24837.270249999994 77 67
34327.56468333333 34653.65168333333 77 67
44866.33226666666 45185.481266666655 77 67
101335.52901666655 102109.50051666655 77 57
101735.52901666657 102528.09801666657 77 56
10254.257500000003 10683.579333333337 78 69
11780.913750000003 12184.840000000004 78 60
22118.044999999995 22531.154124999994 78 69
34653.65168333333 35002.488933333334 78 68
39869.27976666669 40882.122516666685 78 64
45185.481266666655 45504.63026666665 78 68
47366.33276666665 47443.11411041665 78 63
47734.05551666665 48011.83322499998 78 67
48011.83322499998 48224.65439166665 78 63
48381.92001666665 48666.917724999985 78 64
48666.917724999985 48847.57322083332 78 62
66647.1572666666 67313.8237666666 78 67
72005.66276666656 72707.08876666655 78 65
74739.89201666653 75460.00701666654 78 65
87945.08526666656 88348.46676666655 78 68
89471.74151666656 89872.33443333322 78 64
99808.87276666657 100212.25426666657 78 63
111860.39926666654 112276.75093333321 78 50
113391.63001666656 113837.14501666656 78 50
10638.183750000004 12164.840000000004 79 68
22501.971249999995 24044.70124999999 79 73
38560.184891666686 39556.77976666669 79 68
41897.83101666667 42182.87653750001 79 67
49691.65951666665 49960.47680833332 79 61
66334.6572666666 66542.99059999993 79 66
66490.9072666666 66595.07393333327 79 58
66595.07393333327 66661.04615208326 79 58
67147.1571416666 67453.29746249993 79 63
71683.77426666657 71898.3665999999 79 64
71844.71851666657 71952.01468333323 79 59
71952.01468333323 72023.19841666656 79 59
72531.73226666656 72740.94293333322 79 64
74410.36651666656 74630.05018333321 79 64
74575.12926666655 74684.97109999986 79 59
74684.97109999986 74751.8939333332 79 60
75279.97826666653 75486.04868333321 79 65
88329.01151666655 89855.66776666656 79 68
100192.79901666657 101735.52901666657 79 66
112244.32551666655 113797.14501666655 79 55
35328.57593333333 35619.27364166667 81 68
35619.27364166667 35798.465825 81 64
37269.265391666675 37543.99060000001 81 70
37914.72514166668 38189.450350000014 81 69
38189.450350000014 38560.184891666686 81 68
40535.78226666668 41560.06926666667 81 68
45823.77926666665 46089.73676666665 81 68
46089.73676666665 46265.268716666644 81 64
48723.917266666656 49369.07876666665 81 70
66542.99059999993 66647.1572666666 81 58
71898.3665999999 72005.66276666656 81 59
74630.05018333321 74739.89201666653 81 59
35002.488933333334 35328.57593333333 82 70
36627.09514166667 36901.82035000001 82 67
36901.82035000001 36993.22372500001 82 68
37543.99060000001 37756.830391666685 82 67
39210.43951666669 40219.992766666684 82 70
45504.63026666665 45823.77926666665 82 70
47100.375266666655 47366.33276666665 82 67
47419.524266666645 47734.05551666665 82 73
48067.38876666665 48381.92001666665 82 73
35677.41318333334 36874.347829166676 84 77
46142.92826666664 47339.73701666665 84 75
36956.765391666675 37269.265391666675 86 75
37598.935641666685 37914.72514166668 86 75
38244.39539166669 38893.51814166669 86 75
67313.8237666666 67994.39926666659 86 74
72707.08876666655 73384.37476666656 86 76
75460.00701666654 76137.29301666655 86 77
