85454.4794166666 85599.49631249993 38 58
44296.28829166661 44654.21620833328 40 61
46775.88362499997 47133.54987499997 40 61
49244.20037499998 49655.51437499998 40 55
51715.08820833331 52127.459541666656 40 55
54214.370291666666 54471.04504166667 40 61
56706.691458333335 56963.36620833333 40 61
59173.67012500002 59533.17337500002 40 55
61645.09212500002 62055.87745833336 40 55
64118.372041666706 64531.277541666714 40 51
66600.17429166671 66908.65979166672 40 40
85348.20158333327 85490.09699999994 40 60
165144.7777687487 177096.1913145821 40 39
20950.788375 21268.921875 42 39
26106.201458333337 26429.790958333335 42 37
31287.03154166667 31605.165041666674 42 39
36442.44462499998 36766.03412499998 42 37
85242.7679166666 85383.53224999993 42 62
122090.70975416627 122411.57125416627 42 37
127242.49583749956 127564.25633749955 42 35
132425.1444208329 132747.8144208329 42 37
137578.73900416627 137900.49950416628 42 35
69776.50912500003 70005.51662500003 43 50
76783.92499999999 77012.93249999998 43 50
85138.16508333328 85277.81874999993 43 69
87065.37649999991 87296.14549999993 43 50
94063.60887499992 94292.61637499991 43 50
167458.12493541537 167967.41347708204 43 40
169517.53281041543 170083.66920624886 43 40
19405.2195 20468.132124999996 44 31
166496.59914374872 167468.49837291535 44 40
167958.03847708204 168473.84304791535 44 42
168981.18681041535 169526.5825770821 44 42
170070.9141020822 177096.1913145821 44 39
68260.07462500005 69071.43212500006 45 42
75261.074375 76076.07499999995 45 42
82484.38074999992 82689.80374999992 45 49
82895.22674999991 83100.64974999992 45 49
83306.07274999992 83511.49574999991 45 49
85032.72474999995 85172.9404166666 45 61
85561.61749999993 86358.51049999992 45 42
92556.40324999989 93360.4628749999 45 42
168458.756852082 168993.30133958202 45 40
165592.5947687487 165872.4453937487 46 40
23514.447958333334 23836.198458333336 47 39
28213.755791666666 28860.93479166667 47 29
33850.691125000005 34172.441625 47 39
38548.15995833331 39096.28912499997 47 29
44501.15495833328 44856.23654166662 47 61
44906.99795833328 45161.58204166662 47 62
46980.48862499997 47285.83412499997 47 61
47387.874958333305 47747.38087499997 47 62
49450.38604166664 49859.59604166664 47 55
49859.59604166664 50219.363624999976 47 56
51921.273874999984 52179.00595833332 47 55
52332.85220833332 52744.43054166666 47 56
54419.76295833334 54675.12670833334 47 61
54827.41095833334 55135.10879166667 47 62
56912.084125 57167.447875 47 61
57319.732125 57626.639625 47 62
59379.32712500002 59737.255041666685 47 55
59788.53712500002 60045.74054166669 47 56
61850.749125000024 62259.95912500002 47 55
62259.95912500002 62516.10787500002 47 56
64325.09187500004 64736.40587500005 47 50
64736.40587500005 64993.87362500005 47 49
66806.09562500006 67112.74145833339 47 39
67215.30562500005 67576.6674583334 47 39
70005.51662500003 70238.07462500004 47 49
77012.93249999998 77248.22649999999 47 49
84928.12216666662 85067.91616666662 47 63
87296.14549999993 87532.36599999992 47 49
94292.61637499991 94527.91037499992 47 49
124654.39983749956 124974.34183749955 47 37
129995.40017083289 130642.57917083288 47 28
134990.64300416625 135310.58500416626 47 37
140329.8043374997 140877.93350416637 47 28
146261.93217083285 146416.5712958328 47 45
165816.4752687487 166049.78893541536 47 37
166266.561227082 166400.2226437487 47 39
70238.07462500004 70480.01012500004 48 53
77248.22649999999 77490.162 48 53
87532.36599999992 87774.30149999994 48 53
94527.91037499992 94771.81287499992 48 53
21109.855125 21427.988625 49 37
26267.996208333338 26591.585708333332 49 40
28860.93479166667 29508.11379166667 49 25
31446.098291666673 31764.231791666673 49 37
36604.239374999976 36927.82887499998 49 40
39850.1539583333 40396.356624999964 49 24
84825.14491666663 84962.76016666663 49 64
122249.77650416626 122573.36600416627 49 35
127402.46158749957 127726.05108749955 49 38
130642.57917083288 131289.75817083288 49 23
132586.01967083287 132909.6091708329 49 35
137738.70475416628 138062.29425416628 49 38
141631.79833749973 142178.0010041664 49 22
166040.4256437487 166285.5726437487 49 42
29508.11379166667 30155.29279166667 50 29
69302.20112500005 69891.01287500003 50 48
69776.50912500003 70005.51662500003 50 50
76307.73499999997 76898.42874999998 50 48
76783.92499999999 77012.93249999998 50 50
82278.95774999993 82458.70287499993 50 46
82689.80374999992 82869.54887499992 50 48
84621.70049999995 84723.61649999995 50 64
84723.61649999995 84859.24899999997 50 73
86591.06849999992 87180.76099999993 50 48
87065.37649999991 87296.14549999993 50 50
93593.0208749999 94178.1126249999 50 48
94063.60887499992 94292.61637499991 50 50
131289.75817083288 131936.93717083285 50 28
16311.912499999999 17257.462999999996 51 37
18206.589499999995 18856.63983125 51 37
19457.667062499997 20468.132124999996 51 31
30155.29279166667 30804.37529166667 51 29
41153.87945833329 41801.05845833329 51 37
83100.64974999992 83280.39487499991 51 46
118274.85192083276 118551.88379583276 51 45
120499.34833749953 120787.71012916621 51 37
131936.93717083285 132406.3756416662 51 28
142935.5238374998 143582.70283749976 51 35
145437.19017083306 145591.829295833 51 45
1251.6474999999998 2190.2805 52 37
3755.3644999999997 4697.418 52 37
6267.1635 6904.09445 52 37
8780.7775 9724.569999999998 52 37
11290.814999999997 12229.447999999997 52 37
13794.531999999997 14736.585499999997 52 37
28860.93479166667 29508.11379166667 52 25
39850.1539583333 40396.356624999964 52 24
41801.05845833329 42179.203291666614 52 42
44704.72129166662 45008.52079166662 52 66
45110.56162499995 45521.61395833329 52 62
45521.61395833329 45933.98529166663 52 62
47184.311291666636 47438.89537499997 52 66
47592.74162499997 48005.48637499998 52 62
48005.48637499998 48418.07037499998 52 62
52127.459541666656 52486.698458333325 52 59
52538.24487499999 52951.68454166666 52 56
52951.68454166666 53366.19254166666 52 56
54624.10629166667 54929.451791666674 52 66
55032.01595833334 55447.069125000016 52 62
55447.069125000016 55863.73579166668 52 62
57116.42745833333 57472.793375 52 66
57524.07545833333 57936.02445833333 52 62
57936.02445833333 58348.608458333336 52 62
62055.87745833336 62310.97954166669 52 59
62464.82579166669 62722.293541666695 52 56
62877.73404166669 63292.242041666694 52 56
64531.277541666714 64787.68795833338 52 52
64942.32720833338 65201.12762500004 52 48
65357.37762500004 65774.04429166671 52 46
67010.70062500006 67266.58770833339 52 41
67421.2269583334 67732.9174583334 52 38
67837.6294583334 68260.07462500005 52 36
68298.73443750005 69071.43212500006 52 47
70480.01012500004 70728.97262500005 52 51
71587.21862500007 71822.06812500006 52 58
73225.26037500003 73460.10987500002 52 58
74863.302125 75098.151625 52 58
75300.34137499999 76076.07499999995 52 47
77490.162 77739.1245 52 51
83511.49574999991 83722.6549749999 52 58
84520.43091666659 84721.91789999996 52 66
85599.49631249993 86358.51049999992 52 47
87774.30149999994 88024.30149999994 52 51
88882.54749999994 89117.39699999995 52 58
90520.58924999993 90755.43874999993 52 58
92158.6309999999 92393.48049999989 52 58
92594.6685624999 93360.4628749999 52 47
94771.81287499992 95019.7468749999 52 51
108694.80342083333 108967.6896708333 52 37
110432.22642083316 110705.11267083313 52 37
112175.19592083308 112448.08217083305 52 37
113919.46592083292 114192.35217083289 52 37
115661.25092083291 115934.13717083288 52 37
117398.67392083278 117671.56017083274 52 37
130642.57917083288 131289.75817083288 52 23
141631.79833749973 142178.0010041664 52 22
143582.70283749976 143960.84767083309 52 37
149436.59326874928 149709.47951874926 52 37
151174.0162687491 151446.9025187491 52 37
152916.98576874912 153189.8720187491 52 37
154661.25576874896 154934.14201874894 52 37
156403.04076874896 156675.92701874892 52 37
158133.09126874883 158405.9775187488 52 37
159872.52176874885 160146.24426874882 52 37
161619.6267687488 161897.63251874878 52 41
163382.20226874872 164544.5626437487 52 39
164707.6062687487 165155.8478687487 52 40
166496.59914374872 166593.57431041537 52 37
166968.85956041538 167069.34281041534 52 37
167458.12493541537 167583.03847708204 52 36
167958.03847708204 168083.03847708204 52 37
168458.756852082 168566.51539374868 52 37
168981.18681041535 169091.70872708206 52 37
169517.53281041543 169631.0663937488 52 36
170070.9141020822 170198.7268104155 52 37
170696.44226874885 170830.41956041552 52 36
171352.30735208216 171470.30243541548 52 35
172089.0771854155 172191.59398124885 52 27
172993.41268541547 173645.91268541545 52 22
42451.979958333286 43114.39495833328 53 48
144233.62433749976 144896.03933749977 53 40
21268.921875 21587.055375000004 54 37
23675.323208333335 23997.073708333337 54 37
26429.790958333335 26750.652458333334 54 44
28213.755791666666 28860.93479166667 54 29
31605.165041666674 31923.298541666674 54 37
34011.566375 34333.316875 54 37
36766.03412499998 37086.895624999976 54 44
38548.15995833331 39096.28912499997 54 29
41153.87945833329 41801.05845833329 54 37
43114.39495833328 43771.22845833327 54 55
49655.51437499998 50064.724374999976 54 59
50064.724374999976 50477.469124999974 54 56
50477.469124999974 50890.05312499998 54 56
59584.19379166669 59891.10129166669 54 59
59994.19412500002 60407.473041666686 54 56
60407.473041666686 60820.05704166669 54 56
79208.29724999999 79413.72024999998 54 49
79619.14324999998 79824.56624999997 54 49
80029.98924999997 80235.41224999996 54 49
80846.33899999996 81051.76199999996 54 49
81257.18499999995 81462.60799999995 54 49
81668.03099999994 81873.45399999994 54 49
82278.95774999993 82458.70287499993 54 46
82689.80374999992 82869.54887499992 54 48
83100.64974999992 83280.39487499991 54 46
84419.79999999993 84587.85724999994 54 66
96488.91962499988 96694.34262499987 54 49
96899.76562499987 97105.18862499986 54 49
97310.61162499986 97516.03462499985 54 49
98126.96137499985 98332.38437499985 54 49
98537.80737499984 98743.23037499984 54 49
98948.65337499983 99154.07637499983 54 49
99765.00312499983 99970.42612499982 54 49
100175.84912499982 100381.27212499981 54 49
100586.69512499981 100792.1181249998 54 49
100997.5411249998 101171.75695833314 54 49
112175.19592083308 112448.08217083305 54 37
122411.57125416627 122732.43275416625 54 35
124813.46658749954 125135.21708749955 54 35
127564.25633749955 127887.84583749955 54 41
129995.40017083289 130642.57917083288 54 28
132747.8144208329 133068.6759208329 54 35
135149.70975416625 135471.46025416625 54 35
137900.49950416628 138224.0890041663 54 41
140329.8043374997 140877.93350416637 54 33
142935.5238374998 143582.70283749976 54 35
144896.03933749977 145265.36892083308 54 46
152916.98576874912 153189.8720187491 54 37
159872.52176874885 160146.24426874882 54 37
70005.51662500003 70238.07462500004 55 49
70238.07462500004 70480.01012500004 55 53
70728.97262500005 71593.0515645834 55 55
77012.93249999998 77248.22649999999 55 49
77248.22649999999 77490.162 55 53
77739.1245 78664.03266666665 55 55
78597.37049999999 78832.21999999999 55 58
80235.41224999996 80470.26174999996 55 58
81873.45399999994 82108.30349999994 55 58
83511.49574999991 83722.6549749999 55 58
84319.9306666666 84453.25824999994 55 78
87296.14549999993 87532.36599999992 55 49
87532.36599999992 87774.30149999994 55 53
88024.30149999994 88894.21337916661 55 55
94292.61637499991 94527.91037499992 55 49
94527.91037499992 94771.81287499992 55 53
95019.7468749999 95944.65504166656 55 55
95877.9928749999 96112.84237499989 55 58
97516.03462499985 97750.88412499985 55 58
99154.07637499983 99388.92587499983 55 58
163830.0192687487 164106.77176874873 55 40
8780.7775 9724.569999999998 56 37
16311.912499999999 17257.462999999996 56 37
18844.7765 19457.667062499997 56 34
19828.248125 20468.132124999996 56 37
29508.11379166667 30155.29279166667 56 35
41801.05845833329 42179.203291666614 56 42
42451.979958333286 43114.39495833328 56 48
52744.43054166666 53055.31154166666 56 61
53158.93854166666 53378.258185416664 56 55
62670.74712500002 62981.36104166669 56 61
63084.9880416667 63303.8459666667 56 55
65149.31412500005 65461.54429166671 56 51
65565.71095833338 65785.64821666671 56 45
67628.75079166672 67995.52420833339 56 40
68048.43429166672 68270.38390833339 56 35
120964.87550416622 121956.82857291626 56 34
131289.75817083288 131936.93717083285 56 28
143582.70283749976 143960.84767083309 56 37
144233.62433749976 144896.03933749977 56 40
162945.03076874872 163840.1668604154 56 42
164051.42126874873 164280.97544999875 56 37
164490.21476874873 164713.0410562487 56 39
165592.5947687487 165656.96041249874 56 42
166040.4256437487 166105.0640437487 56 37
21427.988625 21747.021125000003 57 39
23836.198458333336 24157.948958333334 57 37
26591.585708333332 26910.618208333337 57 48
28860.93479166667 29508.11379166667 57 35
30155.29279166667 30804.37529166667 57 35
31764.231791666673 32083.264291666674 57 39
34172.441625 34494.192124999994 57 37
36927.82887499998 37246.86137499997 57 48
39850.1539583333 40396.356624999964 57 24
68337.39425000006 69071.43212500006 57 52
69302.20112500005 69891.01287500003 57 53
72198.14537500005 72403.56837500005 57 49
72608.99137500004 72814.41437500004 57 49
73019.83737500003 73225.26037500003 57 49
73836.18712500003 74041.61012500002 57 49
74247.03312500002 74452.45612500001 57 49
74657.879125 74863.302125 57 49
75339.60837499998 76076.07499999995 57 52
76307.73499999997 76898.42874999998 57 53
82278.95774999993 82458.70287499993 57 46
82689.80374999992 82869.54887499992 57 48
83100.64974999992 83280.39487499991 57 46
83511.49574999991 83722.6549749999 57 58
84218.64741666659 84353.13783333327 57 70
85637.37512499993 86358.51049999992 57 52
86591.06849999992 87180.76099999993 57 53
89493.47424999996 89698.89724999995 57 49
89904.32024999995 90109.74324999994 57 49
90315.16624999994 90520.58924999993 57 49
91131.51599999992 91336.93899999991 57 49
91542.3619999999 91747.7849999999 57 49
91953.2079999999 92158.6309999999 57 49
92632.93387499989 93360.4628749999 57 52
93593.0208749999 94178.1126249999 57 53
112175.19592083308 112448.08217083305 57 37
122573.36600416627 122891.49950416625 57 37
124974.34183749955 125296.09233749956 57 35
127726.05108749955 128049.64058749957 57 45
130642.57917083288 131289.75817083288 57 33
131936.93717083285 132406.3756416662 57 33
132909.6091708329 133227.7426708329 57 37
135310.58500416626 135632.33550416626 57 35
138062.29425416628 138385.8837541663 57 45
141631.79833749973 142178.0010041664 57 22
145643.375670833 145798.01479583295 57 45
146468.11767083278 146622.75679583274 57 45
152916.98576874912 153189.8720187491 57 37
159872.52176874885 160146.24426874882 57 37
164272.82326874873 164544.5626437487 57 42
9409.972499999998 10039.167499999998 58 48
18206.589499999995 18856.63983125 58 37
19510.114624999995 19981.079612499998 58 40
52744.43054166666 53158.93854166666 58 62
62670.74712500002 63084.9880416667 58 59
63601.680041666696 63956.454854166695 58 52
65149.31412500005 65565.71095833338 58 44
66083.48229166672 66403.28299166671 58 37
114356.08392083287 114628.97017083288 58 48
121436.60850416623 121736.83762916624 58 40
155097.87376874892 155370.7600187489 58 48
162067.44376874878 162344.19626874878 58 40
166730.6000187487 166829.3363937487 58 37
167211.37306041535 167313.5811437487 58 36
167708.03847708204 167833.03847708204 58 36
168208.03847708204 168333.03847708204 58 37
168718.31293541536 168827.38822708203 58 37
169247.5618104154 169359.5693937488 58 36
169791.1979354155 169906.2995604155 58 36
170379.94189374885 170537.28693541553 58 37
171020.49172708218 171157.70431041552 58 36
171711.64893541546 171835.48918541547 58 31
172486.50960208214 172623.9682687488 58 27
309.438 701.9685999999999 59 49
1251.6474999999998 2190.2805 59 37
3755.3644999999997 4697.418 59 37
6267.1635 6904.09445 59 37
7205.7965 7829.831999999999 59 41
8151.5824999999995 9724.569999999998 59 41
9724.569999999998 10348.605499999998 59 47
10348.605499999998 10741.136099999996 59 49
11290.814999999997 12229.447999999997 59 37
13794.531999999997 14736.585499999997 59 37
15049.443999999998 15689.634499999998 59 50
16311.912499999999 17257.462999999996 59 37
19161.131999999998 19457.667062499997 59 39
19510.114624999995 20468.132124999996 59 37
23997.073708333337 24318.824208333335 59 39
28213.755791666666 28860.93479166667 59 35
34333.316875 34655.067374999984 59 39
38548.15995833331 39096.28912499997 59 35
41153.87945833329 41801.05845833329 59 37
41801.05845833329 42179.203291666614 59 42
42451.979958333286 43114.39495833328 59 48
43114.39495833328 43771.22845833327 59 55
43771.22845833327 44227.05747916661 59 64
45315.42829166662 45624.70679166663 59 69
45727.79962499996 45949.45719166663 59 61
47799.19437499998 48108.63237499998 59 69
48211.77837499998 48423.22767499998 59 61
50271.17712499998 50580.61512499998 59 61
50683.76112499998 50899.07839999998 59 55
51508.90254166665 52951.68454166666 59 59
53055.31154166666 53378.258185416664 59 61
53366.19254166666 54007.874541666664 59 63
55238.73579166668 55551.23579166668 59 69
55655.402458333345 55876.629041666674 59 61
57729.73245833334 58039.17045833334 59 69
58142.31645833334 58360.21238333334 59 61
60201.181041666685 60510.61904166669 59 61
60613.76504166669 60832.95029166668 59 55
61438.90645833335 62722.293541666695 59 59
62981.36104166669 63303.8459666667 59 58
63292.242041666694 63911.1180416667 59 63
63911.1180416667 65201.12762500004 59 52
65461.54429166671 65785.64821666671 59 42
65774.04429166671 66392.92029166671 59 50
66392.92029166671 67732.9174583334 59 37
69776.50912500003 70005.51662500003 59 57
70005.51662500003 70238.07462500004 59 56
70728.97262500005 71593.0515645834 59 55
71587.21862500007 71822.06812500006 59 58
73225.26037500003 73460.10987500002 59 58
74863.302125 75098.151625 59 58
76783.92499999999 77012.93249999998 59 57
77012.93249999998 77248.22649999999 59 56
77739.1245 78664.03266666665 59 55
78597.37049999999 78832.21999999999 59 58
79002.87425 79182.61937499998 59 46
79413.72024999998 79593.46537499999 59 48
79824.56624999997 80004.31137499998 59 46
80235.41224999996 80470.26174999996 59 58
80640.91599999997 80820.66112499996 59 46
81051.76199999996 81231.50712499995 59 48
81462.60799999995 81642.35312499994 59 46
81873.45399999994 82108.30349999994 59 58
84117.24774999992 84252.6194166666 59 66
87065.37649999991 87296.14549999993 59 57
87296.14549999993 87532.36599999992 59 56
88024.30149999994 88894.21337916661 59 55
88882.54749999994 89117.39699999995 59 58
90520.58924999993 90755.43874999993 59 58
92158.6309999999 92393.48049999989 59 58
94063.60887499992 94292.61637499991 59 57
94292.61637499991 94527.91037499992 59 56
95019.7468749999 95944.65504166656 59 55
95877.9928749999 96112.84237499989 59 58
96283.49662499988 96463.24174999988 59 46
96694.34262499987 96874.08774999988 59 48
97105.18862499986 97284.93374999987 59 46
97516.03462499985 97750.88412499985 59 58
97921.53837499986 98101.28349999984 59 46
98332.38437499985 98512.12949999985 59 48
98743.23037499984 98922.97549999984 59 46
99154.07637499983 99388.92587499983 59 58
99559.58012499983 99739.32524999982 59 46
99970.42612499982 100150.17124999981 59 48
100381.27212499981 100561.0172499998 59 46
100792.1181249998 100971.8632499998 59 46
101411.54895833312 101616.97195833313 59 49
101822.39495833313 102027.81795833312 59 49
102233.24095833312 102438.66395833311 59 49
102644.08695833311 102853.1459583331 59 49
102853.1459583331 103007.2555833331 59 52
108040.98492083327 108207.49129583329 59 49
108694.80342083333 108967.6896708333 59 37
110432.22642083316 110705.11267083313 59 37
112826.54442083303 113051.28074999967 59 41
113482.84792083297 114364.27050833288 59 41
114574.39292083288 114804.33315624953 59 47
115007.43242083286 115173.93879583287 59 49
115661.25092083291 115934.13717083288 59 37
117398.67392083278 117671.56017083274 59 37
118274.85192083276 118551.88379583276 59 50
121195.64450416621 121448.37320416623 59 39
121671.90250416624 121956.82857291626 59 37
125135.21708749955 125456.96758749956 59 37
129995.40017083289 130642.57917083288 59 33
135471.46025416625 135793.21075416627 59 37
140329.8043374997 140877.93350416637 59 33
142935.5238374998 143582.70283749976 59 35
143582.70283749976 143960.84767083309 59 37
144233.62433749976 144896.03933749977 59 40
144896.03933749977 145265.36892083308 59 46
145643.375670833 145798.01479583295 59 45
146468.11767083278 146622.75679583274 59 45
148782.77476874922 148949.28114374922 59 49
149436.59326874928 149709.47951874926 59 37
151174.0162687491 151446.9025187491 59 37
153568.33426874905 153792.16097708239 59 41
154224.63776874897 155106.06035624893 59 41
155316.18276874893 155544.33358333222 59 47
155749.22226874888 155915.7286437489 59 49
156403.04076874896 156675.92701874892 59 37
158133.09126874883 158405.9775187488 59 37
160527.08426874885 160756.73024791552 59 41
161182.45526874877 162072.97881874876 59 48
162288.84576874878 162517.49415208213 59 37
162727.63926874875 162890.68289374874 59 39
164707.6062687487 164816.3020187487 59 43
165144.7777687487 165255.47876874873 59 43
166613.10556041537 166710.91497708205 59 32
166849.1776437487 166968.85956041538 59 32
167089.585727082 167190.9648937487 59 33
167334.1572687487 167437.37806041536 59 33
167583.03847708204 167708.03847708204 59 33
167833.03847708204 167958.03847708204 59 33
168083.03847708204 168208.03847708204 59 35
168333.03847708204 168437.2051437487 59 34
168588.16043541534 168718.31293541536 59 32
168849.31806041536 168981.18681041535 59 32
169113.9309354154 169247.5618104154 59 33
169382.09193541543 169517.53281041543 59 33
169653.89743541548 169791.1979354155 59 33
169929.44772708215 170045.40389374885 59 33
170224.50001874883 170353.9002270822 59 35
170537.28693541553 170669.70431041552 59 33
170857.44660208217 170993.1693104155 59 30
171185.32860208215 171352.30735208216 59 30
171529.82626874882 171650.6733520821 59 30
171897.98918541547 172024.97460208216 59 25
172285.16126874884 172418.9420187488 59 23
172693.41268541547 172993.41268541547 59 24
68376.05406250006 69071.43212500006 60 62
69302.20112500005 69891.01287500003 60 60
70238.07462500004 70480.01012500004 60 60
70480.01012500004 70728.97262500005 60 51
75378.87537499997 76076.07499999995 60 62
76307.73499999997 76898.42874999998 60 60
77248.22649999999 77490.162 60 60
77490.162 77739.1245 60 51
83306.07274999992 83511.49574999991 60 59
85675.25393749993 86358.51049999992 60 62
86591.06849999992 87180.76099999993 60 60
87532.36599999992 87774.30149999994 60 60
87774.30149999994 88024.30149999994 60 51
92671.1991874999 93360.4628749999 60 62
93593.0208749999 94178.1126249999 60 60
94527.91037499992 94771.81287499992 60 60
94771.81287499992 95019.7468749999 60 51
4697.418 5323.134999999999 61 48
5644.8855 6904.09445 61 49
6896.3585 7515.2345000000005 61 48
10039.167499999998 10668.536999999997 61 53
14736.585499999997 15362.302499999998 61 48
18521.186999999998 18856.63983125 61 41
18844.7765 19405.2195 61 46
21587.055375000004 21907.896375000004 61 39
26750.652458333334 27071.493458333334 61 46
31923.298541666674 32244.13954166667 61 39
37086.895624999976 37407.73662499997 61 46
39850.1539583333 40396.356624999964 61 29
40830.2899583333 41477.46895833329 61 59
41477.46895833329 42124.647958333284 61 67
42124.647958333284 42779.31195833328 61 71
42779.31195833328 43449.47795833328 61 72
43449.47795833328 44091.15995833328 61 70
48108.63237499998 48423.22767499998 61 61
49036.94637499998 50477.469124999974 61 64
50271.17712499998 50683.76112499998 61 62
53366.19254166666 54007.874541666664 61 70
58039.17045833334 58360.21238333334 61 61
58967.48445833335 60407.473041666686 61 64
60201.181041666685 60613.76504166669 61 62
63292.242041666694 63911.1180416667 61 58
65774.04429166671 66392.92029166671 61 40
78597.37049999999 78832.21999999999 61 58
80235.41224999996 80470.26174999996 61 58
81873.45399999994 82108.30349999994 61 58
83511.49574999991 83722.6549749999 61 64
84016.74491666658 84150.96091666659 61 68
95877.9928749999 96112.84237499989 61 58
97516.03462499985 97750.88412499985 61 58
99154.07637499983 99388.92587499983 61 58
107826.2544208333 107987.30229583329 61 53
111085.9369208331 111312.07494166642 61 48
111743.38592083305 112619.86631458304 61 49
112611.81392083302 112880.22704583303 61 48
114792.70192083286 115062.93454583286 61 53
118055.07192083275 118285.84092083275 61 48
120728.65500416621 120982.18317916621 61 41
120964.87550416622 121255.88550416622 61 46
122732.43275416625 123050.56625416625 61 37
127887.84583749955 128211.43533749958 61 42
133068.6759208329 133386.8094208329 61 37
138224.0890041663 138547.67850416634 61 42
141631.79833749973 142178.0010041664 61 27
142611.93433749978 143259.11333749976 61 56
143259.11333749976 143906.29233749976 61 58
143906.29233749976 144560.95633749975 61 61
144560.95633749975 145231.12233749975 61 61
148568.04426874925 148729.09214374924 61 53
151827.7267687491 152053.86478958247 61 48
152485.1757687491 153363.44558333242 61 49
153353.60376874908 153622.01689374904 61 48
155534.4917687489 155804.7243937489 61 53
158786.31576874878 159011.94753958212 61 48
159439.30876874883 160318.60051249882 61 49
160310.47776874882 160582.23126874884 61 48
162510.24776874878 162781.98714374876 61 42
42451.979958333286 43114.39495833328 62 48
69776.50912500003 70005.51662500003 62 63
70005.51662500003 70238.07462500004 62 62
70728.97262500005 71593.0515645834 62 61
76783.92499999999 77012.93249999998 62 63
77012.93249999998 77248.22649999999 62 62
77739.1245 78664.03266666665 62 61
79002.87425 79182.61937499998 62 46
79413.72024999998 79593.46537499999 62 48
79824.56624999997 80004.31137499998 62 46
80640.91599999997 80820.66112499996 62 46
81051.76199999996 81231.50712499995 62 48
81462.60799999995 81642.35312499994 62 46
82484.38074999992 82689.80374999992 62 59
82895.22674999991 83100.64974999992 62 58
83916.9994999999 84083.66141666658 62 80
87065.37649999991 87296.14549999993 62 63
87296.14549999993 87532.36599999992 62 62
88024.30149999994 88894.21337916661 62 61
94063.60887499992 94292.61637499991 62 63
94292.61637499991 94527.91037499992 62 62
95019.7468749999 95944.65504166656 62 61
96283.49662499988 96463.24174999988 62 46
96694.34262499987 96874.08774999988 62 48
97105.18862499986 97284.93374999987 62 46
97921.53837499986 98101.28349999984 62 46
98332.38437499985 98512.12949999985 62 48
98743.23037499984 98922.97549999984 62 46
144233.62433749976 144896.03933749977 62 40
15362.302499999998 15799.8295625 63 47
18206.589499999995 18844.7765 63 48
18844.7765 19524.69574375 63 40
19510.114624999995 20468.132124999996 63 38
24157.948958333334 24483.442208333337 63 39
28213.755791666666 28860.93479166667 63 35
34494.192124999994 34819.68537499999 63 39
38548.15995833331 39096.28912499997 63 35
43114.39495833328 43771.22845833327 63 55
48418.07037499998 49036.94637499998 63 71
50580.61512499998 50899.07839999998 63 58
58348.608458333336 58967.48445833335 63 71
60510.61904166669 60832.95029166668 63 58
71992.72237500006 72172.46750000006 63 46
72403.56837500005 72583.31350000005 63 48
72814.41437500004 72994.15950000004 63 46
73630.76412500003 73810.50925000002 63 46
74041.61012500002 74221.35525000002 63 48
74452.45612500001 74632.20125000001 63 46
89288.05124999995 89467.79637499995 63 46
89698.89724999995 89878.64237499994 63 48
90109.74324999994 90289.48837499993 63 46
90926.09299999992 91105.83812499992 63 46
91336.93899999991 91516.68412499991 63 48
91747.7849999999 91927.5301249999 63 46
99559.58012499983 99739.32524999982 63 46
99970.42612499982 100150.17124999981 63 48
100381.27212499981 100561.0172499998 63 46
100792.1181249998 100971.8632499998 63 46
103676.83895833316 103830.94858333317 63 57
118494.63192083276 118666.38754583278 63 47
119161.59542083277 119438.34792083279 63 37
120499.34833749953 120787.71012916621 63 48
125296.09233749956 125617.84283749957 63 37
125939.59333749957 126265.08658749957 63 40
129995.40017083289 130642.57917083288 63 33
135632.33550416626 135954.08600416628 63 37
136275.83650416628 136601.32975416628 63 41
140329.8043374997 140877.93350416637 63 33
144896.03933749977 145265.36892083308 63 46
165816.4752687487 165928.4155187487 63 41
166266.561227082 166361.90847708203 63 37
629.3694999999999 2190.2805 64 50
4384.5595 5010.2765 64 50
7829.831999999999 8256.448333333334 64 39
8780.7775 9724.569999999998 64 44
10668.536999999997 12229.447999999997 64 50
14423.726999999995 15049.443999999998 64 50
17577.3945 18325.874385416664 64 48
28860.93479166667 29508.11379166667 64 35
39850.1539583333 40396.356624999964 64 29
41801.05845833329 42179.203291666614 64 42
44091.15995833328 45521.61395833329 64 69
45933.98529166663 46570.75529166663 64 71
47799.19437499998 48211.77837499998 64 66
50890.05312499998 51457.356124999984 64 63
51508.90254166665 52951.68454166666 64 59
52744.43054166666 53158.93854166666 64 62
53366.19254166666 54007.874541666664 64 70
53687.943041666666 54031.20996666666 64 64
54007.874541666664 55447.069125000016 64 69
55863.73579166668 56500.50579166667 64 71
57729.73245833334 58142.31645833334 64 66
60820.05704166669 61387.36004166669 64 63
61438.90645833335 63084.9880416667 64 59
62981.36104166669 63911.1180416667 64 58
63911.1180416667 65201.12762500004 64 52
65149.31412500005 65565.71095833338 64 44
65461.54429166671 65785.64821666671 64 42
65774.04429166671 66392.92029166671 64 40
66392.92029166671 67732.9174583334 64 37
68414.71387500006 69071.43212500006 64 67
70238.07462500004 70480.01012500004 64 68
70480.01012500004 70728.97262500005 64 58
71587.21862500007 71822.06812500006 64 58
73225.26037500003 73460.10987500002 64 58
74863.302125 75098.151625 64 58
75418.14237499997 76076.07499999995 64 67
77248.22649999999 77490.162 64 68
77490.162 77739.1245 64 58
78597.37049999999 78832.21999999999 64 58
80235.41224999996 80470.26174999996 64 58
81873.45399999994 82108.30349999994 64 58
83814.2892499999 83983.41383333324 64 59
85713.13274999993 86358.51049999992 64 67
87532.36599999992 87774.30149999994 64 68
87774.30149999994 88024.30149999994 64 58
88882.54749999994 89117.39699999995 64 58
90520.58924999993 90755.43874999993 64 58
92158.6309999999 92393.48049999989 64 58
92709.4644999999 93360.4628749999 64 67
94527.91037499992 94771.81287499992 64 68
94771.81287499992 95019.7468749999 64 58
95877.9928749999 96112.84237499989 64 58
97516.03462499985 97750.88412499985 64 58
99154.07637499983 99388.92587499983 64 58
108262.9934208333 109136.78968333328 64 50
110868.84442083312 111140.2100458331 64 50
113259.583920833 113427.03192083297 64 39
115229.44092083287 116107.7107354162 64 50
117835.29192083274 118110.01692083274 64 50
120053.25133749952 120507.83889999952 64 48
130642.57917083288 131289.75817083288 64 33
141631.79833749973 142178.0010041664 64 27
143582.70283749976 143960.84767083309 64 37
149004.78326874925 149881.26366249923 64 50
151610.63426874907 151881.9998937491 64 50
154001.373768749 154168.82176874898 64 39
155971.2307687489 156849.50058333224 64 50
158569.7092687488 158840.46739374878 64 50
160965.06376874883 161128.1073937488 64 41
164272.82326874873 164381.51901874875 64 43
165704.53501874875 165816.4752687487 64 36
165928.4155187487 166021.69906041535 64 36
166153.06731041532 166247.54981041534 64 35
166381.0655604154 166496.59914374872 64 34
20468.132124999996 20876.557225 65 60
25620.817208333337 26030.697241666672 65 60
29508.11379166667 30155.29279166667 65 35
30804.37529166667 31212.80039166667 65 60
35957.06037499999 36366.940408333314 65 60
122249.77650416626 122732.43275416625 65 57
127402.46158749957 127887.84583749955 65 57
131289.75817083288 131936.93717083285 65 33
132586.01967083287 133068.6759208329 65 57
137738.70475416628 138224.0890041663 65 57
5323.134999999999 5755.0805625 66 47
6267.1635 6904.09445 66 44
7515.2345000000005 8151.5824999999995 66 47
20791.721625 21907.896375000004 66 64
21747.021125000003 22015.75954166667 66 39
24318.824208333335 24648.060208333336 66 39
25944.40670833334 27071.493458333334 66 64
26910.618208333337 27179.356625000004 66 50
30155.29279166667 30804.37529166667 66 35
31127.96479166667 32244.13954166667 66 64
32083.264291666674 32352.002708333337 66 39
34655.067374999984 34984.30337499998 66 39
36280.64987499998 37407.73662499997 66 64
37246.86137499997 37515.59979166664 66 50
41153.87945833329 41801.05845833329 66 37
48727.508374999976 49056.37643749998 66 61
49036.94637499998 50477.469124999974 66 64
50271.17712499998 50683.76112499998 66 62
50580.61512499998 50899.07839999998 66 58
50890.05312499998 51457.356124999984 66 61
58658.046458333345 58975.21642083335 66 61
58967.48445833335 60407.473041666686 66 64
60201.181041666685 60613.76504166669 66 62
60510.61904166669 60832.95029166668 66 58
60820.05704166669 61387.36004166669 66 61
69302.20112500005 69891.01287500003 66 60
76307.73499999997 76898.42874999998 66 60
79002.87425 79182.61937499998 66 46
79413.72024999998 79593.46537499999 66 48
79824.56624999997 80004.31137499998 66 46
80640.91599999997 80820.66112499996 66 46
81051.76199999996 81231.50712499995 66 48
81462.60799999995 81642.35312499994 66 46
82484.38074999992 82689.80374999992 66 59
82895.22674999991 83100.64974999992 66 58
83306.07274999992 83511.49574999991 66 59
83712.5019999999 83848.39333333324 66 66
86591.06849999992 87180.76099999993 66 60
93593.0208749999 94178.1126249999 66 60
96283.49662499988 96463.24174999988 66 46
96694.34262499987 96874.08774999988 66 48
97105.18862499986 97284.93374999987 66 46
97921.53837499986 98101.28349999984 66 46
98332.38437499985 98512.12949999985 66 48
98743.23037499984 98922.97549999984 66 46
99559.58012499983 99739.32524999982 66 46
99970.42612499982 100150.17124999981 66 48
100381.27212499981 100561.0172499998 66 46
100792.1181249998 100971.8632499998 66 46
101206.12595833313 101385.87108333313 66 46
101616.97195833313 101796.71708333312 66 48
102027.81795833312 102207.56308333311 66 46
102438.66395833311 102618.4090833331 66 46
102853.1459583331 103007.2555833331 66 52
104501.2454583332 104655.35508333321 66 59
111520.12192083307 111687.56992083306 66 47
113041.274920833 113315.39992083299 66 47
122573.36600416627 123050.56625416625 66 61
122891.49950416625 123209.63300416623 66 37
123368.69975416623 123689.54075416623 66 42
125456.96758749956 125776.0368333329 66 37
126100.46858749956 126429.70458749957 66 47
127726.05108749955 128211.43533749958 66 61
128049.64058749957 128373.2300874996 66 47
131936.93717083285 132406.3756416662 66 33
132909.6091708329 133386.8094208329 66 61
133227.7426708329 133545.8761708329 66 37
133704.94292083287 134025.78392083288 66 41
135793.21075416627 136114.96125416626 66 37
136436.7117541663 136765.94775416626 66 48
138062.29425416628 138547.67850416634 66 61
138385.8837541663 138709.47325416634 66 47
142935.5238374998 143582.70283749976 66 35
145643.375670833 145798.01479583295 66 45
146468.11767083278 146622.75679583274 66 45
152261.91176874912 152429.3597687491 66 47
153783.06476874903 154057.189768749 66 47
159219.5287687488 159384.36376874882 66 47
160747.67226874887 161019.4116437488 66 48
18206.589499999995 18856.63983125 67 44
69776.50912500003 70005.51662500003 67 71
70005.51662500003 70238.07462500004 67 62
70238.07462500004 70480.01012500004 67 68
70480.01012500004 70728.97262500005 67 66
70728.97262500005 71593.0515645834 67 69
76783.92499999999 77012.93249999998 67 71
77012.93249999998 77248.22649999999 67 62
77248.22649999999 77490.162 67 68
77490.162 77739.1245 67 66
77739.1245 78664.03266666665 67 69
83611.61616666656 83746.34524999991 67 71
87065.37649999991 87296.14549999993 67 71
87296.14549999993 87532.36599999992 67 62
87532.36599999992 87774.30149999994 67 68
87774.30149999994 88024.30149999994 67 66
88024.30149999994 88894.21337916661 67 69
94063.60887499992 94292.61637499991 67 71
94292.61637499991 94527.91037499992 67 62
94527.91037499992 94771.81287499992 67 68
94771.81287499992 95019.7468749999 67 66
95019.7468749999 95944.65504166656 67 69
164924.99776874867 165034.88776874868 67 43
165366.17976874873 165479.38726874872 67 42
1251.6474999999998 2190.2805 68 44
1880.8424999999997 2499.7185 68 52
3136.4885 4384.5595 68 51
3755.3644999999997 4697.418 68 44
5010.2765 5644.8855 68 50
8780.7775 9724.569999999998 68 44
11290.814999999997 12229.447999999997 68 44
11920.009999999997 12538.885999999997 68 52
13175.655999999997 14423.726999999995 68 51
13794.531999999997 14736.585499999997 68 44
17257.462999999996 18206.589499999995 68 41
18844.7765 19524.69574375 68 40
19828.248125 20468.132124999996 68 52
41801.05845833329 42179.203291666614 68 42
42451.979958333286 43114.39495833328 68 48
44091.15995833328 45727.79962499996 68 69
46570.75529166663 48211.77837499998 68 66
48108.63237499998 48423.22767499998 68 61
48418.07037499998 49036.94637499998 68 66
50890.05312499998 51457.356124999984 68 61
51508.90254166665 52951.68454166666 68 59
52744.43054166666 53158.93854166666 68 62
53366.19254166666 54007.874541666664 68 70
53687.943041666666 54031.20996666666 68 64
54007.874541666664 55655.402458333345 68 69
56500.50579166667 58142.31645833334 68 66
58039.17045833334 58360.21238333334 68 61
58348.608458333336 58967.48445833335 68 66
60820.05704166669 61387.36004166669 68 61
61438.90645833335 63084.9880416667 68 59
62981.36104166669 63911.1180416667 68 58
63911.1180416667 65201.12762500004 68 52
65149.31412500005 65565.71095833338 68 44
65461.54429166671 65785.64821666671 68 42
65774.04429166671 66392.92029166671 68 40
66392.92029166671 67732.9174583334 68 37
71587.21862500007 71822.06812500006 68 64
73225.26037500003 73460.10987500002 68 64
74863.302125 75098.151625 68 64
88882.54749999994 89117.39699999995 68 64
90520.58924999993 90755.43874999993 68 64
92158.6309999999 92393.48049999989 68 64
109131.42142083327 109399.83454583325 68 52
110002.76542083318 110877.88994166645 68 51
111303.02942083309 111575.93792083306 68 50
116097.86892083287 116366.28204583286 68 52
116969.2129208328 117845.36517083274 68 51
119828.27992083282 120062.54502499952 68 41
121801.77275416625 121931.64300416627 68 36
143582.70283749976 143960.84767083309 68 37
144233.62433749976 144896.03933749977 68 40
149873.21126874923 150141.6243937492 68 52
150744.55526874916 151618.77523749907 68 51
152044.81926874912 152317.72776874912 68 50
156839.6587687489 157108.0718937489 68 52
157703.6302687489 158578.7345395821 68 51
159002.92226874878 159274.4737687488 68 50
164816.3020187487 164924.99776874867 68 36
165034.88776874868 165144.7777687487 68 36
165255.47876874873 165366.17976874873 68 36
165479.38726874872 165592.5947687487 68 36
6267.1635 6904.09445 69 44
20149.998625 20791.721625 69 64
21907.896375000004 22071.319356250006 69 42
24483.442208333337 24652.10507708334 69 42
25300.88570833334 25944.40670833334 69 64
27071.493458333334 27453.088958333334 69 55
28213.755791666666 28860.93479166667 69 35
28860.93479166667 29508.11379166667 69 35
30482.62479166667 31127.96479166667 69 64
32244.13954166667 32722.599875000007 69 42
34819.68537499999 35307.892874999976 69 42
35637.12887499998 36280.64987499998 69 64
37407.73662499997 37789.33212499997 69 55
38548.15995833331 39096.28912499997 69 35
39850.1539583333 40396.356624999964 69 29
41153.87945833329 41801.05845833329 69 37
43114.39495833328 43771.22845833327 69 55
49036.94637499998 50477.469124999974 69 64
50271.17712499998 50683.76112499998 69 62
58967.48445833335 60407.473041666686 69 64
60201.181041666685 60613.76504166669 69 62
68453.37368750006 69071.43212500006 69 69
69717.22062500005 69891.01287500003 69 62
71992.72237500006 72172.46750000006 69 46
72403.56837500005 72583.31350000005 69 48
72814.41437500004 72994.15950000004 69 46
73630.76412500003 73810.50925000002 69 46
74041.61012500002 74221.35525000002 69 48
74452.45612500001 74632.20125000001 69 46
75457.40937499997 76076.07499999995 69 69
76724.40124999997 76898.42874999998 69 62
82484.38074999992 82689.80374999992 69 59
82895.22674999991 83100.64974999992 69 58
83306.07274999992 83511.49574999991 69 59
83511.49574999991 83678.78883333322 69 81
85751.01156249993 86358.51049999992 69 69
87006.08799999992 87180.76099999993 69 62
89288.05124999995 89467.79637499995 69 46
89698.89724999995 89878.64237499994 69 48
90109.74324999994 90289.48837499993 69 46
90926.09299999992 91105.83812499992 69 46
91336.93899999991 91516.68412499991 69 48
91747.7849999999 91927.5301249999 69 46
92747.72981249989 93360.4628749999 69 69
94004.7853749999 94178.1126249999 69 62
101206.12595833313 101385.87108333313 69 46
101616.97195833313 101796.71708333312 69 48
102027.81795833312 102207.56308333311 69 46
102438.66395833311 102618.4090833331 69 46
102853.1459583331 103007.2555833331 69 52
103676.83895833316 103830.94858333317 69 57
121931.64300416627 122411.57125416627 69 61
123050.56625416625 123368.69975416623 69 40
123528.66550416623 123797.40392083289 69 49
125617.84283749957 125778.71808749955 69 40
125778.71808749955 126100.46858749956 69 44
126265.08658749957 126445.88406249958 69 45
127082.53008749956 127564.25633749955 69 61
128211.43533749958 128532.29683749958 69 51
128532.29683749958 128853.13783749958 69 52
129995.40017083289 130642.57917083288 69 33
130642.57917083288 131289.75817083288 69 33
132264.26917083288 132747.8144208329 69 61
133386.8094208329 133704.94292083287 69 40
133864.90867083287 134133.64708749956 69 45
135954.08600416628 136275.83650416628 69 37
136601.32975416628 136779.4306499996 69 46
137418.77325416627 137900.49950416628 69 61
138547.67850416634 138868.54000416634 69 51
138868.54000416634 139189.38100416632 69 50
140329.8043374997 140877.93350416637 69 33
141631.79833749973 142178.0010041664 69 27
142935.5238374998 143582.70283749976 69 35
144896.03933749977 145265.36892083308 69 46
145231.12233749975 145334.09742083307 69 59
145643.375670833 145746.46842083297 69 59
146055.7466708329 146158.83942083287 69 59
146468.11767083278 146571.21042083277 69 60
9409.972499999998 10039.167499999998 70 61
16941.1075 17577.3945 70 48
18206.589499999995 18856.63983125 70 44
19510.114624999995 19981.079612499998 70 52
29831.703291666672 30482.62479166667 70 59
52744.43054166666 53158.93854166666 70 79
62670.74712500002 63084.9880416667 70 74
63601.680041666696 63956.454854166695 70 67
65149.31412500005 65565.71095833338 70 56
66083.48229166672 66403.28299166671 70 48
119604.39942083281 119865.2813374995 70 48
131613.34767083285 132264.26917083288 70 56
145437.19017083306 145540.282920833 70 59
145849.56117083295 145952.6539208329 70 59
164490.21476874873 164598.91051874871 70 43
309.438 701.9685999999999 71 62
1251.6474999999998 2190.2805 71 44
2190.2805 2809.1565 71 50
2809.1565 3246.0811249999997 71 49
3755.3644999999997 4697.418 71 44
7205.7965 7829.831999999999 71 57
8151.5824999999995 9724.569999999998 71 58
9724.569999999998 10348.605499999998 71 59
10348.605499999998 10741.136099999996 71 62
11290.814999999997 12229.447999999997 71 44
12229.447999999997 12848.323999999997 71 50
12848.323999999997 13285.248624999997 71 49
13794.531999999997 14736.585499999997 71 44
15049.443999999998 15689.634499999998 71 63
15689.634499999998 16941.1075 71 49
16311.912499999999 17257.462999999996 71 44
19161.131999999998 19524.69574375 71 52
24971.649708333338 25620.817208333337 71 67
29508.11379166667 30155.29279166667 71 56
30155.29279166667 30804.37529166667 71 57
35307.892874999976 35957.06037499999 71 67
41153.87945833329 41801.05845833329 71 66
41801.05845833329 42179.203291666614 71 73
42451.979958333286 43114.39495833328 71 79
43114.39495833328 43771.22845833327 71 89
43771.22845833327 44227.05747916661 71 81
44091.15995833328 45727.79962499996 71 69
45624.70679166663 45949.45719166663 71 66
46243.42329166663 46588.7040208333 71 64
46570.75529166663 48211.77837499998 71 66
48108.63237499998 48423.22767499998 71 61
48418.07037499998 49036.94637499998 71 66
50580.61512499998 50899.07839999998 71 73
50890.05312499998 51457.356124999984 71 61
51508.90254166665 52951.68454166666 71 74
53055.31154166666 53378.258185416664 71 77
53687.943041666666 54031.20996666666 71 81
54007.874541666664 55655.402458333345 71 69
55551.23579166668 55876.629041666674 71 66
56173.17379166667 56515.96971666667 71 64
56500.50579166667 58142.31645833334 71 66
58039.17045833334 58360.21238333334 71 61
58348.608458333336 58967.48445833335 71 66
60510.61904166669 60832.95029166668 71 73
60820.05704166669 61387.36004166669 71 61
61438.90645833335 62722.293541666695 71 74
62981.36104166669 63303.8459666667 71 72
63911.1180416667 65201.12762500004 71 66
65461.54429166671 65785.64821666671 71 53
66392.92029166671 67732.9174583334 71 47
69657.93212500005 69731.05460833336 71 62
70728.97262500005 71593.0515645834 71 69
71587.21862500007 71822.06812500006 71 64
71890.01212500005 72095.43387500006 71 59
73225.26037500003 73460.10987500002 71 64
73528.05387500003 73733.47562500002 71 59
74863.302125 75098.151625 71 64
75166.095625 75300.34137499999 71 59
76664.87749999997 76738.29012499997 71 62
77739.1245 78664.03266666665 71 69
78597.37049999999 78832.21999999999 71 64
78900.16399999999 79105.58574999998 71 59
79208.29724999999 79413.72024999998 71 59
79619.14324999998 79824.56624999997 71 58
80029.98924999997 80235.41224999996 71 59
80235.41224999996 80470.26174999996 71 64
80538.20574999996 80743.62749999996 71 59
80846.33899999996 81051.76199999996 71 59
81257.18499999995 81462.60799999995 71 58
81668.03099999994 81873.45399999994 71 59
81873.45399999994 82108.30349999994 71 64
82176.24749999992 82381.66924999993 71 59
82458.70287499993 82587.09224999993 71 55
82869.54887499992 82997.93824999992 71 55
83280.39487499991 83408.78424999991 71 55
86946.79949999992 87019.92198333325 71 62
88024.30149999994 88894.21337916661 71 69
88882.54749999994 89117.39699999995 71 64
89185.34099999996 89390.76274999995 71 59
90520.58924999993 90755.43874999993 71 64
90823.38274999992 91028.80449999993 71 59
92158.6309999999 92393.48049999989 71 64
92461.42449999989 92594.6685624999 71 59
93945.9618749999 94018.51085833325 71 62
95019.7468749999 95944.65504166656 71 69
95877.9928749999 96112.84237499989 71 64
96180.78637499988 96386.20812499989 71 59
96488.91962499988 96694.34262499987 71 59
96899.76562499987 97105.18862499986 71 58
97310.61162499986 97516.03462499985 71 59
97516.03462499985 97750.88412499985 71 64
97818.82812499985 98024.24987499985 71 59
98126.96137499985 98332.38437499985 71 59
98537.80737499984 98743.23037499984 71 58
98948.65337499983 99154.07637499983 71 59
99154.07637499983 99388.92587499983 71 64
99456.86987499983 99662.29162499982 71 59
99765.00312499983 99970.42612499982 71 59
100175.84912499982 100381.27212499981 71 58
100586.69512499981 100792.1181249998 71 59
100997.5411249998 101171.75695833314 71 59
101206.12595833313 101385.87108333313 71 46
101616.97195833313 101796.71708333312 71 48
102027.81795833312 102207.56308333311 71 46
102438.66395833311 102618.4090833331 71 46
102853.1459583331 103007.2555833331 71 52
103265.17145833312 103367.91120833313 71 63
103676.83895833316 103830.94858333317 71 57
104088.86445833318 104191.95970833319 71 71
104501.2454583332 104655.35508333321 71 59
109346.15192083325 109578.77662916656 71 50
109775.6129208332 109945.97729583319 71 49
116312.59942083286 116536.27702499951 71 50
116742.06042083281 116912.4247958328 71 49
118723.63942083278 119612.79493958282 71 49
126753.29408749957 127177.1764895829 71 62
131289.75817083288 131936.93717083285 71 52
131936.93717083285 132406.3756416662 71 53
137089.53725416627 137513.4196562496 71 62
142935.5238374998 143582.70283749976 71 62
143582.70283749976 143960.84767083309 71 63
144233.62433749976 144896.03933749977 71 68
144896.03933749977 145265.36892083308 71 75
145540.282920833 145643.375670833 71 55
145952.6539208329 146055.7466708329 71 53
150087.9417687492 150318.77705624918 71 50
150517.4027687492 150687.76714374917 71 49
157054.3892687489 157278.06687291557 71 50
157483.85026874888 157648.6852687489 71 49
162945.03076874872 163027.45837916541 71 47
163382.20226874872 163477.22062708208 71 46
163830.0192687487 163890.9048187487 71 45
164381.51901874875 164490.21476874873 71 39
164598.91051874871 164707.6062687487 71 37
68492.03350000006 69302.20112500005 72 73
69071.43212500006 69315.04696666672 72 62
69302.20112500005 69717.22062500005 72 68
70238.07462500004 70480.01012500004 72 68
70480.01012500004 70728.97262500005 72 66
71788.22487500006 71924.11620833339 72 66
71992.72237500006 72172.46750000006 72 55
72403.56837500005 72583.31350000005 72 57
72814.41437500004 72994.15950000004 72 55
73426.26662500002 73562.15795833335 72 66
73630.76412500003 73810.50925000002 72 55
74041.61012500002 74221.35525000002 72 57
74452.45612500001 74632.20125000001 72 55
75064.308375 75261.074375 72 66
75496.67637499997 76307.73499999997 72 73
76076.07499999995 76316.66356249996 72 62
76307.73499999997 76724.40124999997 72 68
77248.22649999999 77490.162 72 68
77490.162 77739.1245 72 66
85788.89037499993 86591.06849999992 72 73
86358.51049999992 86597.9854916666 72 62
86591.06849999992 87006.08799999992 72 68
87532.36599999992 87774.30149999994 72 68
87774.30149999994 88024.30149999994 72 66
89083.55374999995 89219.44508333328 72 66
89288.05124999995 89467.79637499995 72 55
89698.89724999995 89878.64237499994 72 57
90109.74324999994 90289.48837499993 72 55
90721.59549999992 90857.48683333326 72 66
90926.09299999992 91105.83812499992 72 55
91336.93899999991 91516.68412499991 72 57
91747.7849999999 91927.5301249999 72 55
92359.6372499999 92556.40324999989 72 66
92785.9951249999 93593.0208749999 72 73
93360.4628749999 93602.82479166656 72 62
93593.0208749999 94004.7853749999 72 68
94527.91037499992 94771.81287499992 72 68
94771.81287499992 95019.7468749999 72 66
2499.7185 3136.4885 73 55
4697.418 5323.134999999999 73 60
5644.8855 6904.09445 73 62
6896.3585 7515.2345000000005 73 61
10039.167499999998 10668.536999999997 73 68
12538.885999999997 13175.655999999997 73 55
14736.585499999997 15362.302499999998 73 60
18521.186999999998 18856.63983125 73 53
18844.7765 19405.2195 73 57
24648.060208333336 25300.88570833334 73 67
28537.34529166667 29184.52429166667 73 68
29184.52429166667 29831.703291666672 73 63
34984.30337499998 35637.12887499998 73 67
39850.1539583333 40396.356624999964 73 59
40830.2899583333 41477.46895833329 73 71
41477.46895833329 42124.647958333284 73 80
42124.647958333284 42779.31195833328 73 84
42779.31195833328 43449.47795833328 73 86
43449.47795833328 44091.15995833328 73 88
45933.98529166663 46570.75529166663 73 70
48108.63237499998 48423.22767499998 73 78
49036.94637499998 50477.469124999974 73 81
50271.17712499998 50683.76112499998 73 79
53366.19254166666 54007.874541666664 73 88
55863.73579166668 56500.50579166667 73 70
58039.17045833334 58360.21238333334 73 78
58967.48445833335 60407.473041666686 73 81
60201.181041666685 60613.76504166669 73 79
63292.242041666694 63911.1180416667 73 72
65774.04429166671 66392.92029166671 73 51
78798.37675 78934.26808333333 73 66
80436.41849999996 80572.30983333329 73 66
82074.46024999993 82210.35158333326 73 66
96078.99912499989 96214.89045833322 73 66
97717.04087499985 97852.9322083332 73 66
99355.08262499982 99490.97395833315 73 66
109560.88242083322 109832.40104583319 73 55
116527.32992083284 116798.8485458328 73 55
123209.63300416623 123528.66550416623 73 46
123689.54075416623 123856.91817916623 73 45
126429.70458749957 127082.53008749956 73 62
128373.2300874996 128692.26258749959 73 55
128692.26258749959 128961.00100416626 73 54
130318.98967083287 130966.16867083288 73 63
130966.16867083288 131613.34767083285 73 60
133545.8761708329 133864.90867083287 73 45
134025.78392083288 134205.0246770829 73 43
136765.94775416626 137418.77325416627 73 62
138709.47325416634 139028.50575416634 73 48
139028.50575416634 139297.244170833 73 52
141631.79833749973 142178.0010041664 73 56
142611.93433749978 143259.11333749976 73 67
143259.11333749976 143906.29233749976 73 71
143906.29233749976 144560.95633749975 73 74
144560.95633749975 145231.12233749975 73 75
145334.09742083307 145437.19017083306 73 53
145746.46842083297 145849.56117083295 73 55
150302.6722687492 150574.19089374918 73 55
157269.11976874887 157538.7952687489 73 55
23031.822208333335 23400.49465625 74 63
33368.065375000006 33736.73782291667 74 63
70005.51662500003 70238.07462500004 74 70
70728.97262500005 71593.0515645834 74 78
71687.33904166672 71822.06812500006 74 71
73325.38079166668 73460.10987500002 74 71
74963.42254166666 75098.151625 74 71
77012.93249999998 77248.22649999999 74 70
77739.1245 78664.03266666665 74 78
78697.49091666665 78832.21999999999 74 71
79208.29724999999 79413.72024999998 74 59
79619.14324999998 79824.56624999997 74 58
80029.98924999997 80235.41224999996 74 59
80335.53266666662 80470.26174999996 74 71
80846.33899999996 81051.76199999996 74 59
81257.18499999995 81462.60799999995 74 58
81668.03099999994 81873.45399999994 74 59
81973.5744166666 82108.30349999994 74 71
87296.14549999993 87532.36599999992 74 70
88024.30149999994 88894.21337916661 74 78
88982.66791666661 89117.39699999995 74 71
90620.70966666659 90755.43874999993 74 71
92258.75141666655 92393.48049999989 74 71
94292.61637499991 94527.91037499992 74 70
95019.7468749999 95944.65504166656 74 78
95978.11329166655 96112.84237499989 74 71
96488.91962499988 96694.34262499987 74 59
96899.76562499987 97105.18862499986 74 58
97310.61162499986 97516.03462499985 74 59
97616.15504166651 97750.88412499985 74 71
98126.96137499985 98332.38437499985 74 59
98537.80737499984 98743.23037499984 74 58
98948.65337499983 99154.07637499983 74 59
99254.19679166649 99388.92587499983 74 71
103058.62545833312 103161.36520833313 74 62
103470.65095833314 103573.39070833314 74 66
124813.46658749954 125296.09233749956 74 60
135149.70975416625 135632.33550416626 74 60
146261.93217083285 146365.0249208328 74 59
146674.30317083272 146777.3959208327 74 59
15362.302499999998 15799.8295625 75 59
16311.912499999999 17257.462999999996 75 44
18206.589499999995 18844.7765 75 57
23353.572708333333 24652.10507708334 75 66
28213.755791666666 28860.93479166667 75 60
28860.93479166667 29508.11379166667 75 59
33689.81587500001 35307.892874999976 75 66
38548.15995833331 39096.28912499997 75 60
39530.2224583333 40179.389958333304 75 63
40613.32329166663 41153.87945833329 75 60
99765.00312499983 99970.42612499982 75 59
100175.84912499982 100381.27212499981 75 58
100586.69512499981 100792.1181249998 75 59
100997.5411249998 101171.75695833314 75 59
101411.54895833312 101616.97195833313 75 59
101822.39495833313 102027.81795833312 75 58
102233.24095833312 102438.66395833311 75 59
102644.08695833311 102853.1459583331 75 59
103161.36520833313 103265.17145833312 75 59
103573.39070833314 103676.83895833316 75 62
104501.2454583332 104655.35508333321 75 59
121554.25550416624 121671.90250416624 75 42
121671.90250416624 121801.77275416625 75 44
125135.21708749955 126445.88406249958 75 62
129995.40017083289 130642.57917083288 75 57
130642.57917083288 131289.75817083288 75 56
135471.46025416625 136779.4306499996 75 62
140329.8043374997 140877.93350416637 75 57
141311.86683749972 141961.03433749973 75 60
142394.9676708331 142935.5238374998 75 57
146365.0249208328 146468.11767083278 75 53
146777.3959208327 146829.8014020827 75 53
146887.1943895827 146994.8333895827 75 53
147304.70413958264 147408.51038958263 75 50
163162.42226874872 163272.31226874873 75 47
163603.60426874875 163716.81176874874 75 45
164051.42126874873 164162.12226874873 75 44
629.3694999999999 2190.2805 76 63
4384.5595 5010.2765 76 63
7829.831999999999 8256.448333333334 76 57
10668.536999999997 12229.447999999997 76 63
14423.726999999995 15049.443999999998 76 63
17577.3945 18325.874385416664 76 57
22386.356708333336 23031.822208333335 76 63
22713.688708333335 23353.572708333333 76 67
27890.16629166667 28537.34529166667 76 68
32722.599875000007 33368.065375000006 76 63
33049.93187500001 33689.81587500001 76 67
38226.409458333306 38879.32245833331 76 68
39313.255791666634 39850.1539583333 76 60
40396.356624999964 40830.2899583333 76 60
44091.15995833328 45521.61395833329 76 85
45315.42829166662 45727.79962499996 76 69
45624.70679166663 45949.45719166663 76 66
45933.98529166663 46570.75529166663 76 70
46570.75529166663 48005.48637499998 76 66
47799.19437499998 48211.77837499998 76 82
51199.49112499998 51517.92316458331 76 73
54007.874541666664 55447.069125000016 76 85
55238.73579166668 55655.402458333345 76 69
55551.23579166668 55876.629041666674 76 66
55863.73579166668 56500.50579166667 76 70
56500.50579166667 57936.02445833333 76 66
57729.73245833334 58142.31645833334 76 82
61129.49504166668 61447.927081250025 76 73
70238.07462500004 70480.01012500004 76 75
71587.21862500007 71754.51170833338 76 81
73225.26037500003 73392.55345833335 76 81
74863.302125 75030.59520833332 76 81
77248.22649999999 77490.162 76 75
78597.37049999999 78764.66358333331 76 81
80235.41224999996 80402.70533333329 76 81
81873.45399999994 82040.74708333326 76 81
87532.36599999992 87774.30149999994 76 75
88882.54749999994 89049.84058333328 76 81
90520.58924999993 90687.88233333325 76 81
92158.6309999999 92325.92408333322 76 81
94527.91037499992 94771.81287499992 76 75
95877.9928749999 96045.2859583332 76 81
97516.03462499985 97683.32770833318 76 81
99154.07637499983 99321.36945833315 76 81
102955.8857083331 103058.62545833312 76 59
103367.91120833313 103470.65095833314 76 62
107826.2544208333 107933.6196708333 76 44
108262.9934208333 108370.9459208333 76 44
108694.80342083333 108803.95792083332 76 44
109131.42142083327 109238.78667083326 76 46
109560.88242083322 109627.09099166656 76 50
110002.76542083318 110078.81580624987 76 44
110432.22642083316 110541.38092083315 76 44
110868.84442083312 110977.39067083312 76 45
114792.70192083286 114856.2263604162 76 49
115229.44092083287 115337.39342083289 76 44
115661.25092083291 115770.4054208329 76 44
116097.86892083287 116172.12988541622 76 49
116527.32992083284 116606.0644374995 76 50
116969.2129208328 117045.26330624949 76 47
117398.67392083278 117507.82842083277 76 44
117835.29192083274 117909.46767083275 76 45
124168.00108749956 124654.39983749956 76 60
124495.33308749956 124974.34183749955 76 62
129671.81067083289 130318.98967083287 76 63
134504.24425416623 134944.24853541626 76 60
134831.57625416623 135310.58500416626 76 62
140008.0538374997 140660.9668374997 76 63
141094.90017083305 141631.79833749973 76 57
142178.0010041664 142611.93433749978 76 57
146158.83942083287 146261.93217083285 76 55
146571.21042083277 146674.30317083272 76 56
148568.04426874925 148675.40951874922 76 44
149004.78326874925 149076.75160208257 76 44
149436.59326874928 149545.74776874928 76 44
149873.21126874923 149980.5765187492 76 46
150302.6722687492 150359.93373541586 76 50
150744.55526874916 150820.60565416582 76 44
151174.0162687491 151283.1707687491 76 44
151610.63426874907 151719.18051874908 76 45
155534.4917687489 155593.5426562489 76 49
155971.2307687489 156079.18326874892 76 44
156403.04076874896 156512.19526874894 76 44
156839.6587687489 156898.70965624892 76 49
157269.11976874887 157329.06536666557 76 50
157703.6302687489 157779.68065416557 76 47
158133.09126874883 158242.24576874883 76 44
158569.7092687488 158646.4240708321 76 45
162510.24776874878 162618.94351874877 76 49
163053.72651874874 163162.42226874872 76 44
163272.31226874873 163382.20226874872 76 43
163492.90326874872 163603.60426874875 76 43
163716.81176874874 163830.0192687487 76 43
163940.72026874873 164051.42126874873 76 42
164162.12226874873 164272.82326874873 76 36
103882.31845833317 103985.05820833318 77 70
104294.6994583332 104397.4392083332 77 73
147097.92613958265 147201.25588958265 77 51
147512.31663958263 147616.4833895826 77 49
5323.134999999999 5755.0805625 78 59
7515.2345000000005 8151.5824999999995 78 62
22070.00120833334 22713.688708333335 78 67
27671.944958333333 28213.755791666666 78 63
32406.244375000006 33049.93187500001 78 67
38008.18812499998 38548.15995833331 78 63
39096.28912499997 39530.2224583333 78 61
40179.389958333304 40613.32329166663 78 63
48727.508374999976 49056.37643749998 78 77
50890.05312499998 51457.356124999984 78 77
58658.046458333345 58975.21642083335 78 77
60820.05704166669 61387.36004166669 78 77
72198.14537500005 72403.56837500005 78 59
72608.99137500004 72814.41437500004 78 58
73019.83737500003 73225.26037500003 78 59
73836.18712500003 74041.61012500002 78 59
74247.03312500002 74452.45612500001 78 58
74657.879125 74863.302125 78 59
79208.29724999999 79413.72024999998 78 59
79619.14324999998 79824.56624999997 78 58
80029.98924999997 80235.41224999996 78 59
80846.33899999996 81051.76199999996 78 59
81257.18499999995 81462.60799999995 78 58
81668.03099999994 81873.45399999994 78 59
89493.47424999996 89698.89724999995 78 59
89904.32024999995 90109.74324999994 78 58
90315.16624999994 90520.58924999993 78 59
91131.51599999992 91336.93899999991 78 59
91542.3619999999 91747.7849999999 78 58
91953.2079999999 92158.6309999999 78 59
96488.91962499988 96694.34262499987 78 59
96899.76562499987 97105.18862499986 78 58
97310.61162499986 97516.03462499985 78 59
98126.96137499985 98332.38437499985 78 59
98537.80737499984 98743.23037499984 78 58
98948.65337499983 99154.07637499983 78 59
99765.00312499983 99970.42612499982 78 59
100175.84912499982 100381.27212499981 78 58
100586.69512499981 100792.1181249998 78 59
100997.5411249998 101171.75695833314 78 59
101411.54895833312 101616.97195833313 78 59
101822.39495833313 102027.81795833312 78 58
102233.24095833312 102438.66395833311 78 59
102644.08695833311 102853.1459583331 78 59
103985.05820833318 104088.86445833318 78 66
104397.4392083332 104501.2454583332 78 71
104913.27095833322 105016.01070833323 78 79
105325.65695833325 105428.39670833325 78 76
105738.04295833327 105840.78270833328 78 75
106150.06845833329 106253.04354166663 78 72
106562.91429166665 106666.72054166664 78 65
106978.98120833327 107083.51070833328 78 57
107398.31937499995 107503.58262499995 78 51
111303.02942083309 111411.57567083309 78 49
111743.38592083305 111819.85227499972 78 46
112175.19592083308 112284.35042083307 78 47
112611.81392083302 112671.7595187497 78 46
123851.64558749956 124495.33308749956 78 62
128853.13783749958 129023.47357083292 78 56
129453.58933749955 129671.81067083289 78 60
134187.8887541662 134831.57625416623 78 62
139189.38100416632 139365.20400416636 78 54
139789.83250416635 140329.8043374997 78 60
140877.93350416637 141311.86683749972 78 58
141961.03433749973 142394.9676708331 78 60
147201.25588958265 147304.70413958264 78 47
147616.4833895826 147685.9278895826 78 43
147720.77105624927 147825.30055624928 78 48
148140.10922291595 148245.37247291597 78 46
152044.81926874912 152128.03806041577 78 49
152485.1757687491 152561.64212291577 78 46
152916.98576874912 153026.14026874912 78 47
153353.60376874908 153410.86523541575 78 46
159002.92226874878 159111.2255187488 78 45
159439.30876874883 159516.02357083216 78 47
159872.52176874885 159982.01076874885 78 44
160310.47776874882 160374.5571916655 78 47
70480.01012500004 70728.97262500005 79 73
77490.162 77739.1245 79 73
79182.61937499998 79311.00874999998 79 55
79593.46537499999 79721.85474999998 79 55
80004.31137499998 80132.70074999997 79 55
80820.66112499996 80949.05049999995 79 55
81231.50712499995 81359.89649999994 79 55
81642.35312499994 81770.74249999993 79 55
87774.30149999994 88024.30149999994 79 73
94771.81287499992 95019.7468749999 79 73
96463.24174999988 96591.63112499988 79 55
96874.08774999988 97002.47712499987 79 55
97284.93374999987 97413.32312499986 79 55
98101.28349999984 98229.67287499984 79 55
98512.12949999985 98640.51887499985 79 55
98922.97549999984 99051.36487499984 79 55
108040.98492083327 108151.98917083329 79 44
108478.8984208333 108586.85092083331 79 44
108913.1124208333 109022.2669208333 79 44
109346.15192083325 109453.51717083323 79 47
113482.84792083297 113555.61758749963 79 44
113919.46592083292 114028.62042083291 79 44
114356.08392083287 114420.66699999955 79 46
115007.43242083286 115118.43667083286 79 46
115445.34592083289 115553.2984208329 79 44
115879.5599208329 115988.71442083288 79 47
116312.59942083286 116419.96467083285 79 47
118274.85192083276 118335.29142083274 79 45
118723.63942083278 118801.19412916612 79 50
119161.59542083277 119272.29642083279 79 44
119604.39942083281 119716.33967083282 79 47
148782.77476874922 148893.77901874922 79 44
149220.68826874925 149328.64076874926 79 44
149654.90226874925 149764.05676874923 79 44
150087.9417687492 150195.30701874918 79 47
154224.63776874897 154297.40743541566 79 44
154661.25576874896 154770.41026874894 79 44
155097.87376874892 155157.9087437489 79 46
155749.22226874888 155860.2265187489 79 46
156187.13576874894 156295.08826874895 79 44
156621.3497687489 156730.50426874892 79 47
157054.3892687489 157161.7545187489 79 47
161182.45526874877 161264.88287916547 79 50
161619.6267687488 161714.64512708213 79 50
162067.44376874878 162138.47691041545 79 45
162727.63926874875 162836.33501874874 79 47
1880.8424999999997 2499.7185 80 67
3136.4885 4697.418 80 64
5010.2765 5644.8855 80 63
11920.009999999997 12538.885999999997 80 67
13175.655999999997 14736.585499999997 80 64
17257.462999999996 18206.589499999995 80 57
27453.088958333334 27890.16629166667 80 64
37789.33212499997 38226.409458333306 80 64
38879.32245833331 39313.255791666634 80 64
45315.42829166662 45727.79962499996 80 86
45624.70679166663 45949.45719166663 80 66
45933.98529166663 46570.75529166663 80 70
46570.75529166663 48005.48637499998 80 83
48418.07037499998 49036.94637499998 80 82
55238.73579166668 55655.402458333345 80 86
55551.23579166668 55876.629041666674 80 66
55863.73579166668 56500.50579166667 80 70
56500.50579166667 57936.02445833333 80 83
58348.608458333336 58967.48445833335 80 82
99739.32524999982 99867.71462499982 80 55
100150.17124999981 100278.56062499981 80 55
100561.0172499998 100689.4066249998 80 55
100971.8632499998 101102.0706249998 80 55
103779.57870833317 103882.31845833317 80 66
104191.95970833319 104294.6994583332 80 67
104706.72495833322 104809.46470833322 80 80
105118.75045833323 105221.49020833326 80 77
105531.13645833326 105633.87620833327 80 75
105943.52245833329 106046.2622083333 80 73
106356.13629166663 106459.46604166663 80 69
106770.52679166662 106874.69354166661 80 60
107188.28387499994 107293.17887499994 80 54
107609.21637499996 107679.63887499996 80 48
108151.98917083329 108262.9934208333 80 39
108586.85092083331 108694.80342083333 80 40
109022.2669208333 109131.42142083327 80 39
109453.51717083323 109560.88242083322 80 43
109775.6129208332 109889.1891708332 80 47
110217.49592083319 110324.86117083317 80 44
110650.53542083314 110759.68992083313 80 44
111085.9369208331 111194.48317083309 80 46
113259.583920833 113371.21592083298 80 44
113701.15692083295 113810.31142083294 80 44
114137.77492083289 114246.92942083288 80 44
114574.39292083288 114683.54742083287 80 46
115118.43667083286 115229.44092083287 80 44
115553.2984208329 115661.25092083291 80 40
115988.71442083288 116097.86892083287 80 43
116419.96467083285 116527.32992083284 80 44
116742.06042083281 116855.63667083281 80 49
117183.9434208328 117291.30867083279 80 46
117616.98292083276 117726.13742083275 80 44
118055.07192083275 118164.96192083275 80 45
118494.63192083276 118609.13567083277 80 47
118942.61742083279 119052.10642083279 80 49
119382.99742083279 119493.6984208328 80 44
119828.27992083282 119940.46933749951 80 47
120964.87550416622 121063.91386666622 80 50
121316.12650416623 121436.60850416623 80 43
121436.60850416623 121504.25552916623 80 45
129234.73333749957 129453.58933749955 80 61
139570.97650416635 140008.0538374997 80 61
140660.9668374997 141094.90017083305 80 61
146994.8333895827 147097.92613958265 80 47
147408.51038958263 147512.31663958263 80 46
147930.07372291596 148034.96872291595 80 47
148351.00622291595 148421.4287229159 80 44
148893.77901874922 149004.78326874925 80 39
149328.64076874926 149436.59326874928 80 40
149764.05676874923 149873.21126874923 80 39
150195.30701874918 150302.6722687492 80 43
150517.4027687492 150630.97901874917 80 47
150959.28576874913 151066.65101874914 80 44
151392.3252687491 151501.47976874906 80 44
151827.7267687491 151936.2730187491 80 46
154001.373768749 154113.005768749 80 44
154442.94676874898 154552.10126874896 80 44
154879.56476874894 154988.71926874892 80 44
155316.18276874893 155425.3372687489 80 46
155860.2265187489 155971.2307687489 80 44
156295.08826874895 156403.04076874896 80 40
156730.50426874892 156839.6587687489 80 43
157161.7545187489 157269.11976874887 80 44
157483.85026874888 157593.7402687489 80 49
157918.36076874885 158025.72601874886 80 46
158351.4002687488 158460.5547687488 80 44
158786.31576874878 158894.61901874878 80 45
160965.06376874883 161073.7595187488 80 47
161399.84676874877 161509.7367687488 80 47
161841.0287687488 161954.2362687488 80 46
162288.84576874878 162399.54676874878 80 44
162836.33501874874 162945.03076874872 80 44
27233.59829166667 27562.83429166667 81 68
37569.84145833331 37899.07745833331 81 68
104809.46470833322 104913.27095833322 81 77
105221.49020833326 105325.65695833325 81 71
105633.87620833327 105738.04295833327 81 69
106046.2622083333 106150.06845833329 81 67
106459.46604166663 106562.91429166665 81 64
106874.69354166661 106944.1380416666 81 55
107293.17887499994 107398.31937499995 81 49
107714.97454166664 107768.8614333333 81 43
111520.12192083307 111631.75392083306 81 45
111959.29092083305 112067.24342083307 81 45
112393.50492083305 112502.65942083304 81 44
112826.54442083303 112933.90967083302 81 45
113041.274920833 113150.42942083301 81 44
129015.24267083291 129234.73333749957 81 63
139351.48583749967 139680.72183749967 81 63
148034.96872291595 148140.10922291595 81 41
148456.7643895826 148510.65128124924 81 42
152261.91176874912 152373.5437687491 81 45
152701.08076874912 152809.03326874913 81 45
153135.2947687491 153244.4492687491 81 44
153568.33426874905 153675.69951874905 81 45
153783.06476874903 153892.219268749 81 44
159219.5287687488 159329.41876874882 81 47
159655.91526874882 159764.21851874882 81 46
160091.49976874882 160200.98876874882 81 44
160527.08426874885 160637.37826874884 81 47
160747.67226874887 160856.36801874885 81 49
16941.1075 17577.3945 82 61
120053.25133749952 120164.77558749952 82 49
120499.34833749953 120585.93473333286 82 50
2190.2805 2809.1565 83 63
2809.1565 3246.0811249999997 83 62
12229.447999999997 12848.323999999997 83 63
12848.323999999997 13285.248624999997 83 62
15689.634499999998 17257.462999999996 83 62
45624.70679166663 45949.45719166663 83 82
46243.42329166663 46588.7040208333 83 81
55551.23579166668 55876.629041666674 83 82
56173.17379166667 56515.96971666667 83 81
72172.46750000006 72300.85687500006 83 55
72583.31350000005 72711.70287500005 83 55
72994.15950000004 73122.54887500004 83 55
73810.50925000002 73938.89862500002 83 55
74221.35525000002 74349.744625 83 55
74632.20125000001 74760.59062500001 83 55
89467.79637499995 89596.18574999995 83 55
89878.64237499994 90007.03174999994 83 55
90289.48837499993 90417.87774999993 83 55
91105.83812499992 91234.22749999992 83 55
91516.68412499991 91645.07349999991 83 55
91927.5301249999 92055.9194999999 83 55
101411.54895833312 101616.97195833313 83 59
101822.39495833313 102027.81795833312 83 58
102233.24095833312 102438.66395833311 83 59
102644.08695833311 102853.1459583331 83 59
104603.9852083332 104706.72495833322 83 75
105016.01070833323 105118.75045833323 83 71
105428.39670833325 105531.13645833326 83 70
105840.78270833328 105943.52245833329 83 68
106253.04354166663 106356.13629166663 83 65
106666.72054166664 106770.52679166662 83 57
107083.51070833328 107188.28387499994 83 52
107503.58262499995 107609.21637499996 83 45
107933.6196708333 108040.98492083327 83 39
108370.9459208333 108478.8984208333 83 40
108803.95792083332 108913.1124208333 83 39
109238.78667083326 109346.15192083325 83 43
109668.24767083321 109775.6129208332 83 45
110110.1306708332 110217.49592083319 83 40
110541.38092083315 110650.53542083314 83 40
110977.39067083312 111085.9369208331 83 43
111411.57567083309 111520.12192083307 83 40
111851.33842083304 111959.29092083305 83 44
112284.35042083307 112393.50492083305 83 44
112719.17917083304 112826.54442083303 83 43
113150.42942083301 113259.583920833 83 40
113592.00242083296 113701.15692083295 83 40
114028.62042083291 114137.77492083289 83 40
114683.54742083287 114792.70192083286 83 43
114900.06717083287 115007.43242083286 83 43
115337.39342083289 115445.34592083289 83 40
115770.4054208329 115879.5599208329 83 39
116205.23417083287 116312.59942083286 83 44
116634.69517083283 116742.06042083281 83 44
117076.57817083281 117183.9434208328 83 43
117507.82842083277 117616.98292083276 83 40
117945.18192083274 118055.07192083275 83 42
118609.13567083277 118723.63942083278 83 43
119052.10642083279 119161.59542083277 83 46
119493.6984208328 119604.39942083281 83 40
119940.46933749951 120053.25133749952 83 45
147825.30055624928 147930.07372291596 83 44
148245.37247291597 148351.00622291595 83 43
148675.40951874922 148782.77476874922 83 39
149112.73576874923 149220.68826874925 83 40
149545.74776874928 149654.90226874925 83 39
149980.5765187492 150087.9417687492 83 43
150410.0375187492 150517.4027687492 83 45
150851.92051874916 150959.28576874913 83 40
151283.1707687491 151392.3252687491 83 40
151719.18051874908 151827.7267687491 83 43
152153.3655187491 152261.91176874912 83 40
152593.1282687491 152701.08076874912 83 44
153026.14026874912 153135.2947687491 83 44
153460.96901874908 153568.33426874905 83 43
153892.219268749 154001.373768749 83 40
154333.792268749 154442.94676874898 83 40
154770.41026874894 154879.56476874894 83 40
155425.3372687489 155534.4917687489 83 43
155641.8570187489 155749.22226874888 83 43
156079.18326874892 156187.13576874894 83 40
156512.19526874894 156621.3497687489 83 39
156947.02401874893 157054.3892687489 83 44
157376.4850187489 157483.85026874888 83 44
157810.99551874888 157918.36076874885 83 43
158242.24576874883 158351.4002687488 83 40
158678.0125187488 158786.31576874878 83 42
159111.2255187488 159219.5287687488 83 42
159547.61201874883 159655.91526874882 83 44
159982.01076874885 160091.49976874882 83 40
160418.78101874882 160527.08426874885 83 44
160856.36801874885 160965.06376874883 83 44
161291.1510187488 161399.84676874877 83 44
161730.3277687488 161841.0287687488 83 45
162399.54676874878 162510.24776874878 83 36
162618.94351874877 162727.63926874875 83 44
72198.14537500005 72403.56837500005 84 59
72608.99137500004 72814.41437500004 84 58
73019.83737500003 73225.26037500003 84 59
73836.18712500003 74041.61012500002 84 59
74247.03312500002 74452.45612500001 84 58
74657.879125 74863.302125 84 59
89493.47424999996 89698.89724999995 84 59
89904.32024999995 90109.74324999994 84 58
90315.16624999994 90520.58924999993 84 59
91131.51599999992 91336.93899999991 84 59
91542.3619999999 91747.7849999999 84 58
91953.2079999999 92158.6309999999 84 59
120276.29983749952 120387.82408749952 84 47
2499.7185 3136.4885 85 69
12538.885999999997 13175.655999999997 85 69
45933.98529166663 46570.75529166663 85 89
55863.73579166668 56500.50579166667 85 89
101385.87108333313 101514.26045833313 85 55
101796.71708333312 101925.10645833312 85 55
102207.56308333311 102335.95245833311 85 55
102618.4090833331 102748.6164583331 85 55
109889.1891708332 110002.76542083318 85 45
110324.86117083317 110432.22642083316 85 40
110759.68992083313 110868.84442083312 85 40
111194.48317083309 111303.02942083309 85 43
114465.23842083289 114574.39292083288 85 40
116855.63667083281 116969.2129208328 85 44
117291.30867083279 117398.67392083278 85 44
117726.13742083275 117835.29192083274 85 40
118164.96192083275 118274.85192083276 85 42
120387.82408749952 120499.34833749953 85 44
150630.97901874917 150744.55526874916 85 45
151066.65101874914 151174.0162687491 85 40
151501.47976874906 151610.63426874907 85 40
151936.2730187491 152044.81926874912 85 43
155207.02826874892 155316.18276874893 85 40
157593.7402687489 157703.6302687489 85 44
158025.72601874886 158133.09126874883 85 44
158460.5547687488 158569.7092687488 85 40
158894.61901874878 159002.92226874878 85 42
162178.14476874878 162288.84576874878 85 42
120728.65500416621 120846.76525416621 86 47
111631.75392083306 111743.38592083305 87 40
112067.24342083307 112175.19592083308 87 42
112502.65942083304 112611.81392083302 87 43
112933.90967083302 113041.274920833 87 42
118384.74192083275 118494.63192083276 87 42
118833.1284208328 118942.61742083279 87 44
119272.29642083279 119382.99742083279 87 40
119716.33967083282 119828.27992083282 87 44
120846.76525416621 120964.87550416622 87 43
121195.64450416621 121316.12650416623 87 46
152373.5437687491 152485.1757687491 87 40
152809.03326874913 152916.98576874912 87 42
153244.4492687491 153353.60376874908 87 43
153675.69951874905 153783.06476874903 87 42
159329.41876874882 159439.30876874883 87 43
159764.21851874882 159872.52176874885 87 42
160200.98876874882 160310.47776874882 87 40
160637.37826874884 160747.67226874887 87 45
113371.21592083298 113482.84792083297 88 40
113810.31142083294 113919.46592083292 88 40
114246.92942083288 114356.08392083287 88 40
154113.005768749 154224.63776874897 88 40
154552.10126874896 154661.25576874896 88 40
154988.71926874892 155097.87376874892 88 40
161073.7595187488 161182.45526874877 88 44
161509.7367687488 161619.6267687488 88 43
161954.2362687488 162067.44376874878 88 43
120164.77558749952 120276.29983749952 91 44
120613.71250416621 120728.65500416621 91 44
121080.26000416621 121195.64450416621 92 45
