65028.48268124997 65861.77146666661 37 46
50256.337014583296 52177.39932499996 38 35
159648.27992916663 161434.9518833333 38 35
163043.86226249998 164917.4428520833 38 25
166306.09892916665 167948.00052708335 38 25
169555.20976250002 171219.54967083334 38 25
172817.44642916668 174726.42759583337 38 25
176058.94592916672 177712.4671750001 38 25
79090.59931458316 80183.06064791647 40 48
92250.71677291645 93343.17810624978 40 43
56915.3860145833 57731.32313124997 41 46
63409.82401458331 64229.162493749966 41 46
74169.08181458317 74995.58825833315 41 49
87329.19927291643 88143.71613124978 41 41
69217.46702291653 70591.5786895832 42 51
82377.54481458313 83751.69614791646 42 43
19655.135181249992 20769.42684791666 43 50
32395.800264583322 33648.89213958332 43 47
45246.52680624995 45357.07108749996 43 48
55289.0060145833 56122.29479999997 43 46
61783.44401458331 62616.73279999998 43 46
70873.22902291654 71699.7354666665 43 49
77460.7906479165 78275.30750624982 43 49
84033.3464812498 84859.85292499978 43 41
90620.90810624979 91442.27615624979 43 41
95534.66527291643 97188.62723541642 43 36
98834.52660624975 100485.06391041641 43 36
129103.80492916648 130218.09659583312 43 50
141818.90301249988 143064.70438749986 43 47
154638.46972083335 155012.61959583336 43 48
21327.087514583327 22422.978181249993 44 48
130775.75726249981 131860.54092916648 44 48
8159.904181249999 9825.81708125 45 27
11417.580681250001 13335.389347916667 45 32
22984.72051458332 23819.883135416658 45 49
24622.96551458332 25458.306331249987 45 48
37064.11401458331 38384.5620145833 45 36
48608.43334791662 49446.246116666625 45 53
50256.337014583296 52177.39932499996 45 35
53639.0080145833 55011.18968124997 45 46
60133.44601458331 61505.62768124998 45 46
67340.07190208323 69222.74796666653 45 26
80738.75864791647 81558.0692937498 45 46
93898.87610624978 94707.9099645831 45 41
97173.21627291643 97715.64527291643 45 42
100473.07760624975 101015.50660624976 45 42
117612.15326249979 119267.86207499978 45 27
120869.8297624998 122787.63842916643 45 32
132422.28326249984 133246.64477916653 45 49
134049.49576249986 134890.4303395832 45 48
146467.3362624999 147787.78426249992 45 36
158000.37626249998 158844.99175624995 45 53
159648.27992916663 161434.9518833333 45 35
163043.86226249998 164917.4428520833 45 28
166306.09892916665 167948.00052708335 45 28
169555.20976250002 171219.54967083334 45 28
172817.44642916668 174726.42759583337 45 28
176058.94592916672 177712.4671750001 45 28
9798.60618125 11436.416302083333 46 36
35569.805639583305 36762.10063958331 46 51
46975.77934791662 47805.71179791662 46 57
52039.60668124996 52863.41080833329 46 48
58534.04468124997 59357.8488083333 46 48
66654.86268124994 67345.02239791656 46 46
75709.86343958316 75891.42001874982 46 42
88869.98089791645 89025.84550833312 46 35
119250.85526249978 120888.66538333312 46 36
144980.87088749988 146165.3228874999 46 51
156367.72226250003 157202.75675625 46 57
34028.63913958332 35584.80563958331 48 49
72418.15460624984 72531.19926874984 48 42
85578.27206458311 85819.77657083311 48 35
143444.45138749987 144992.3087999999 48 49
1632.955 3286.9631312499996 50 27
3271.6569999999992 4496.147499999999 50 33
8159.904181249999 9825.81708125 50 31
9798.60618125 11436.416302083333 50 42
17976.813181249992 19670.54614374999 50 50
26290.63501458332 27860.332160416652 50 40
32452.61845208332 33648.89213958332 50 47
34028.63913958332 35584.80563958331 50 55
35569.805639583305 36762.10063958331 50 51
45348.56768124995 47247.88834791662 50 52
109479.03502291643 111129.3511270831 50 35
111111.99002291643 112764.29747291643 50 27
112750.69202291642 113964.26102291643 50 33
117612.15326249979 119267.86207499978 50 31
119250.85526249978 120888.66538333312 50 42
127425.4829291665 129117.5035624998 50 50
135714.36976249987 137280.86177916653 50 40
141875.72119999988 143064.70438749986 50 47
143444.45138749987 144992.3087999999 50 55
144980.87088749988 146165.3228874999 50 51
154740.51059583333 156410.23929375 50 52
161431.5495958333 163059.17255624995 50 32
164701.3975958333 166526.37869166664 50 32
167942.89709583332 169570.52005625 50 32
171212.74509583335 172833.18069791672 50 32
174454.24459583336 176074.68019791672 50 32
177702.0505125001 179804.14086458346 50 25
97715.64527291643 98014.59637916644 51 45
101015.50660624976 101312.70946041643 51 47
11417.580681250001 13335.389347916667 52 32
16348.466681249995 17996.04395416666 52 49
37118.858514583306 38384.5620145833 52 36
67377.80379999989 69222.74796666653 52 29
79909.01298124982 80758.76932291646 52 43
81540.94131458312 82389.86875208313 52 37
93069.13043958312 93917.21922499978 52 39
94701.05877291643 95543.4065333331 52 33
95534.66527291643 97581.41710624976 52 36
97447.18893958308 97995.36560624976 52 48
98554.80627291642 98976.13502499975 52 44
98834.52660624975 100881.27843958308 52 36
100747.05027291641 101295.2269395831 52 49
101854.66760624976 102678.6059395831 52 51
108662.70835624977 109846.27631041643 52 43
120869.8297624998 122787.63842916643 52 32
125800.71576249979 127448.21020624983 52 49
146522.0807624999 147787.78426249992 52 36
171212.74509583335 172833.18069791672 52 32
174454.24459583336 176074.68019791672 52 32
4904.310999999999 6128.801499999999 53 40
14687.387681249998 16360.452985416661 53 40
26290.63501458332 27860.332160416652 53 42
29415.781014583325 30201.370654166654 53 41
43704.57501458329 45357.07108749996 53 47
47792.10634791662 48624.27841041662 53 41
50256.337014583296 52177.39932499996 53 38
64212.15568124997 65045.846202083296 53 34
74976.74748124983 75891.42001874982 53 33
75812.63131458315 77475.7986541665 53 45
88136.8649395831 89025.84550833312 53 28
88972.74877291644 90634.24855624979 53 38
97995.36560624976 98834.52660624975 53 49
101295.2269395831 101856.41585833309 53 53
107736.03502291645 109479.03502291643 53 48
114369.66652291644 115588.71552291645 53 40
124139.6367624998 125814.41439583313 53 46
135714.36976249987 137280.86177916653 53 42
138839.51576249985 140000.83876249986 53 41
153096.5179291667 155012.61959583336 53 47
157184.0492625 158014.46076249998 53 41
159648.27992916663 161434.9518833333 53 38
163043.86226249998 164917.4428520833 53 28
169555.20976250002 171219.54967083334 53 28
173097.16676250004 173563.83342916673 53 41
176338.66626250008 176811.63934583345 53 41
177702.0505125001 179804.14086458346 53 25
5720.637999999999 6550.570449999998 54 38
30964.233014583326 32452.61845208332 54 47
34790.55163958331 36359.41613958331 54 53
70043.48335624987 70893.23969791652 54 46
83203.60081458313 84046.6869312498 54 31
115183.31002291644 116011.01291874978 54 38
140383.00426249986 141875.72119999988 54 47
144201.61688749987 145762.63838749993 54 53
6536.964999999998 8159.904181249999 55 41
13061.41668125 14706.618454166664 55 48
20495.454181249992 21345.92313541666 55 37
25444.88351458332 26298.80495208332 55 37
27844.30651458332 29431.80666041666 55 49
35969.805639583305 36762.10063958331 55 62
42080.78901458329 43711.42433124996 55 52
45348.56768124995 47247.88834791662 55 52
49434.34134791663 50266.82652708329 55 37
52842.01234791662 53652.617164583295 55 37
59336.45034791663 60150.45745208331 55 37
62598.38968124997 63424.73652708331 55 36
65843.42834791662 66673.0890854166 55 36
71680.89468958319 72520.92248124984 55 33
72520.92248124984 74180.75470833317 55 45
78268.45631458316 79109.44009166649 55 39
79909.01298124982 80758.76932291646 55 43
84841.01214791645 85655.34797083311 55 28
85681.03993958312 87340.87216666645 55 34
91428.57377291645 92267.84475208313 55 33
93069.13043958312 93917.21922499978 55 39
102678.6059395831 103506.5119395831 55 53
106839.29877291643 107888.70685624977 55 52
115994.12102291644 117612.15326249979 55 41
122513.66576249978 124158.86753541646 55 48
129944.12392916644 130796.02753749982 55 37
134868.61826249986 136031.36333749988 55 37
137268.04126249987 138855.54140833317 55 49
145373.02788749992 146165.3228874999 55 62
151478.10092916663 153118.77820833336 55 52
154740.51059583333 156410.23929375 55 52
158826.28426249998 159664.01419791664 55 37
161431.5495958333 163059.17255624995 55 32
164701.3975958333 166526.37869166664 55 32
167942.89709583332 169570.52005625 55 32
171484.92809583334 172015.1507625 55 40
173363.83342916673 173825.8197916667 55 40
174726.42759583337 175256.65026250004 55 40
176608.93659583342 177121.5709250001 55 40
22149.005514583325 23001.72732708332 56 36
30190.007014583323 30964.233014583326 56 61
131586.56826249982 132432.35037499983 56 36
139613.74176249985 140383.00426249986 56 61
1632.955 3286.9631312499996 57 31
3271.6569999999992 4496.147499999999 57 33
4904.310999999999 6550.570449999998 57 36
11417.580681250001 13335.389347916667 57 36
13872.302014583332 14706.618454166664 57 37
15526.548681249997 16360.452985416661 57 33
17159.352014583328 17996.04395416666 57 41
18815.974181249996 19670.54614374999 57 37
23801.047514583322 24650.362781249987 57 39
25444.88351458332 26298.80495208332 57 37
26290.63501458332 27860.332160416652 57 50
27844.30651458332 29431.80666041666 57 55
29415.781014583325 30201.370654166654 57 47
30579.617514583322 32452.61845208332 57 57
40425.21734791663 42354.76168124996 57 44
42080.78901458329 43711.42433124996 57 59
43704.57501458329 45357.07108749996 57 47
47792.10634791662 48624.27841041662 57 41
49434.34134791663 50266.82652708329 57 37
54455.5570145833 55301.16047916663 57 37
57717.717681249975 58539.14811249997 57 36
60949.995014583306 61793.86212708331 57 37
62598.38968124997 63424.73652708331 57 36
64212.15568124997 65045.846202083296 57 34
65843.42834791662 66673.0890854166 57 36
67416.67836458322 69222.74796666653 57 33
74976.74748124983 75891.42001874982 57 33
81540.94131458312 82389.86875208313 57 37
88136.8649395831 89025.84550833312 57 28
94701.05877291643 95543.4065333331 57 33
97173.21627291643 97715.64527291643 57 47
100473.07760624975 101015.50660624976 57 47
102134.38793958309 102962.29393958309 57 56
105974.86485624975 106986.35760624977 57 53
109479.03502291643 111129.3511270831 57 35
111111.99002291643 112764.29747291643 57 31
112750.69202291642 113964.26102291643 57 33
114369.66652291644 116011.01291874978 57 36
120869.8297624998 122787.63842916643 57 36
123324.5510958331 124158.86753541646 57 37
124978.7977624998 125814.41439583313 57 37
126608.0217624998 127448.21020624983 57 41
128264.64392916649 129117.5035624998 57 37
133233.13126249984 134064.80189374986 57 39
134868.61826249986 136031.36333749988 57 37
135714.36976249987 137280.86177916653 57 50
137268.04126249987 138855.54140833317 57 55
138839.51576249985 140000.83876249986 57 47
140000.83876249986 141875.72119999988 57 57
149822.52926249997 151495.2242208333 57 44
151478.10092916663 153118.77820833336 57 59
153096.5179291667 155012.61959583336 57 47
157184.0492625 158014.46076249998 57 41
158826.28426249998 159664.01419791664 57 37
163043.86226249998 164917.4428520833 57 28
166306.09892916665 167948.00052708335 57 28
169555.20976250002 171219.54967083334 57 28
171750.03942916667 172212.67501250003 57 41
173632.32659583338 174726.42759583337 57 44
174991.53892916668 175454.17451250006 57 41
176880.1325125001 178535.38351250012 57 44
179090.93884583344 179393.7593562501 57 36
179921.27375416682 180226.69003125015 57 34
180800.09814583347 181168.77204583347 57 30
184609.66831250014 190920.65719583345 57 22
9798.60618125 11012.17518125 58 36
10606.76968125 11436.416302083333 58 34
20495.454181249992 21345.92313541666 58 37
32509.43663958332 33273.89213958332 58 57
33273.89213958332 35177.64863958331 58 64
38795.5210145833 40437.2036520833 58 50
46164.894681249956 47247.88834791662 58 56
56103.951681249964 56935.269364583306 58 36
71680.89468958319 72520.92248124984 58 33
75812.63131458315 77475.7986541665 58 45
78268.45631458316 79109.44009166649 58 39
84841.01214791645 85655.34797083311 58 28
88972.74877291644 90634.24855624979 58 38
91428.57377291645 92267.84475208313 58 33
95534.66527291643 97188.62723541642 58 41
98834.52660624975 100485.06391041641 58 41
105137.62627291642 106116.70885624975 58 51
119250.85526249978 120888.66538333312 58 36
129944.12392916644 130796.02753749982 58 37
141932.53938749988 142692.03338749986 58 57
142692.03338749986 144588.71388749988 58 64
148198.7432624999 149837.94022499997 58 50
155556.83759583335 156410.23929375 58 56
161431.5495958333 163059.17255624995 58 36
164701.3975958333 166526.37869166664 58 36
167942.89709583332 169570.52005625 58 36
172015.1507625 173363.83342916673 58 42
175256.65026250004 176608.93659583342 58 42
178257.60584583343 178559.68905833346 58 36
178535.38351250012 179321.84153125013 58 39
179368.07441875013 180084.84603125014 58 39
180203.64038125015 181130.67681250014 58 36
183433.19764583348 185334.02726875013 58 23
22149.005514583325 23001.72732708332 59 36
131586.56826249982 132432.35037499983 59 36
8159.904181249999 9825.81708125 60 44
18815.974181249996 19670.54614374999 60 37
32101.682514583325 32452.61845208332 60 55
38795.5210145833 40437.2036520833 60 57
40425.21734791663 42354.76168124996 60 44
45348.56768124995 46334.962806249954 60 59
52842.01234791662 53652.617164583295 60 37
54455.5570145833 55301.16047916663 60 37
56103.951681249964 56935.269364583306 60 36
57717.717681249975 58539.14811249997 60 36
59336.45034791663 60150.45745208331 60 37
60949.995014583306 61793.86212708331 60 37
70043.48335624987 70893.23969791652 60 46
72520.92248124984 74180.75470833317 60 45
74702.69981458317 74995.58825833315 60 50
83203.60081458313 84046.6869312498 60 31
85681.03993958312 87340.87216666645 60 34
87862.81727291645 88143.71613124978 60 42
117612.15326249979 119267.86207499978 60 44
128264.64392916649 129117.5035624998 60 37
141524.78526249988 141875.72119999988 60 55
148198.7432624999 149837.94022499997 60 57
149822.52926249997 151495.2242208333 60 44
154740.51059583333 155726.90572083334 60 59
181130.67681250014 184609.66831250014 60 35
1632.955 3286.9631312499996 61 31
13872.302014583332 14706.618454166664 61 37
17159.352014583328 17996.04395416666 61 41
25444.88351458332 26298.80495208332 61 41
37973.60301458331 38805.7949895833 61 57
44252.52034791662 44550.948174999954 61 57
49434.34134791663 50266.82652708329 61 40
50815.777681249965 52039.60668124996 61 55
75524.84281458316 75778.37535624983 61 46
88684.96027291645 88938.4928145831 61 39
97173.21627291643 97715.64527291643 61 41
100473.07760624975 101015.50660624976 61 41
103506.5119395831 104043.52160624975 61 56
104859.84860624975 105415.40393958309 61 55
111111.99002291643 112764.29747291643 61 31
123324.5510958331 124158.86753541646 61 37
126608.0217624998 127448.21020624983 61 41
134868.61826249986 136031.36333749988 61 41
147376.82526249991 148207.30490833323 61 57
153644.46326250004 153942.89108958337 61 57
158826.28426249998 159664.01419791664 61 40
160207.72059583332 161123.85726249998 61 51
160508.4725958333 161427.70344166664 61 50
163588.22826249996 164423.58126249997 61 40
163867.9485958333 164697.92489166665 61 45
170099.57576250003 170934.92876250003 61 40
170379.29609583336 171209.2723916667 61 45
3271.6569999999992 4496.147499999999 62 36
4904.310999999999 8159.904181249999 62 42
8159.904181249999 9825.81708125 62 49
9798.60618125 11012.17518125 62 36
15526.548681249997 16360.452985416661 62 36
20495.454181249992 21345.92313541666 62 37
22149.005514583325 23001.72732708332 62 36
23801.047514583322 24650.362781249987 62 39
26290.63501458332 27074.949014583322 62 54
29800.396514583324 30201.370654166654 62 58
30964.233014583326 32395.800264583322 62 62
32896.533639583315 34028.63913958332 62 53
36762.10063958331 37091.48626458331 62 60
37173.60301458331 38384.5620145833 62 62
43978.547681249955 44532.240681249954 62 57
45076.458681249955 45357.07108749996 62 59
47792.10634791662 48624.27841041662 62 46
51731.91434791663 52177.39932499996 62 50
64212.15568124997 65045.846202083296 62 38
70043.48335624987 70893.23969791652 62 46
71406.84702291653 71699.7354666665 62 50
72228.9900229165 72520.92248124984 62 46
75250.79514791649 75709.86343958316 62 50
76631.04498124983 77475.7986541665 62 46
78268.45631458316 79109.44009166649 62 44
79909.01298124982 80758.76932291646 62 43
83203.60081458313 84046.6869312498 62 31
84566.9644812498 84859.85292499978 62 42
85389.10748124978 85655.34797083311 62 39
88410.91260624978 88869.98089791645 62 42
89791.16243958312 90634.24855624979 62 39
91428.57377291645 92267.84475208313 62 37
93069.13043958312 93917.21922499978 62 39
95534.66527291643 97188.62723541642 62 49
98834.52660624975 100485.06391041641 62 49
102962.29393958309 103771.41260624975 62 57
104315.63060624976 105137.62627291642 62 55
109479.03502291643 111129.3511270831 62 39
112750.69202291642 113964.26102291643 62 36
114369.66652291644 117612.15326249979 62 42
117612.15326249979 119267.86207499978 62 49
119250.85526249978 120464.42426249979 62 36
124978.7977624998 125814.41439583313 62 41
129944.12392916644 130796.02753749982 62 37
131586.56826249982 132432.35037499983 62 36
133233.13126249984 134064.80189374986 62 39
135714.36976249987 136498.68376249986 62 54
139224.13126249984 140000.83876249986 62 58
140383.00426249986 141818.90301249988 62 62
142312.28638749986 143444.45138749987 62 53
146165.3228874999 146518.43112916657 62 60
146576.82526249991 147787.78426249992 62 62
153370.49059583337 153924.18359583337 62 57
154468.40159583333 155012.61959583336 62 59
157184.0492625 158014.46076249998 62 46
161123.85726249998 161431.5495958333 62 45
161431.5495958333 163059.17255624995 62 36
164423.58126249997 164701.3975958333 62 42
164701.3975958333 166306.09892916665 62 36
166306.09892916665 167948.00052708335 62 28
167942.89709583332 169570.52005625 62 36
170934.92876250003 171212.74509583335 62 42
171212.74509583335 172833.18069791672 62 36
174454.24459583336 176074.68019791672 62 36
177702.0505125001 179804.14086458346 62 28
49706.45034791663 50256.337014583296 63 66
62329.82501458331 62616.73279999998 63 54
159098.39326249994 159648.27992916663 63 66
161968.84392916664 162252.0616520833 63 46
168480.19142916668 168797.97589583334 63 46
10606.76968125 11436.416302083333 64 34
11417.580681250001 13335.389347916667 64 36
13872.302014583332 14706.618454166664 64 41
25888.890347916655 26012.857347916655 64 50
26012.857347916655 26298.80495208332 64 56
28621.079014583323 30190.007014583323 64 62
36359.41613958331 37064.11401458331 64 63
38384.5620145833 38805.7949895833 64 53
40973.16268124997 41266.48846458329 64 57
42899.206014583295 44252.52034791662 64 57
44532.240681249954 45246.52680624995 64 61
45620.676681249955 45892.78568124995 64 71
49978.55934791663 51116.529681249966 64 61
52842.01234791662 53652.617164583295 64 41
55566.822347916626 56103.951681249964 64 54
56103.951681249964 56935.269364583306 64 41
59336.45034791663 60150.45745208331 64 41
62061.260347916636 62598.38968124997 64 54
62598.38968124997 63132.00768124998 64 56
63132.00768124998 63424.73652708331 64 56
65843.42834791662 66673.0890854166 64 36
67456.54579999989 69222.74796666653 64 41
71954.94235624984 72418.15460624984 64 50
73339.3361479165 74180.75470833317 64 44
74976.74748124983 75524.84281458316 64 54
75812.63131458315 77179.14031458317 64 51
81540.94131458312 82389.86875208313 64 41
85115.05981458312 85578.27206458311 64 42
86499.45360624978 87340.87216666645 64 39
88136.8649395831 88684.96027291645 64 45
88972.74877291644 90339.25777291645 64 43
94701.05877291643 95543.4065333331 64 37
104043.52160624975 104859.84860624975 64 58
120059.01876249979 122787.63842916643 64 36
123324.5510958331 124158.86753541646 64 41
135312.6250958332 135436.59209583318 64 50
135436.59209583318 136031.36333749988 64 56
138044.81376249986 139591.01448333316 64 62
145762.63838749993 146467.3362624999 64 63
147787.78426249992 148207.30490833323 64 53
150370.4745958333 150668.90242291664 64 57
152296.51792916667 153644.46326250004 64 57
153924.18359583337 154638.46972083335 64 61
155012.61959583336 155284.72859583335 64 71
159370.50226249994 160508.4725958333 64 61
161703.7325958333 162233.95526249995 64 45
162233.95526249995 162564.03517916665 64 45
162764.14192916665 163867.9485958333 64 43
168215.08009583334 168745.30276249998 64 45
168745.30276249998 169075.38267916668 64 45
169275.4894291667 170379.29609583336 64 43
3271.6569999999992 4496.147499999999 65 36
15526.548681249997 16360.452985416661 65 36
22149.005514583325 23001.72732708332 65 40
23801.047514583322 24650.362781249987 65 45
25170.910847916653 25950.873847916653 65 55
25950.873847916653 26290.63501458332 65 50
27074.949014583322 29018.430014583322 65 60
40699.1900145833 41252.8830145833 65 57
41797.1010145833 42354.76168124996 65 59
42080.78901458329 43167.66234791662 65 61
45892.78568124995 46164.894681249956 65 70
49162.23234791663 49978.55934791663 65 62
54455.5570145833 55301.16047916663 65 41
55835.3870145833 56122.29479999997 65 54
57717.717681249975 58539.14811249997 65 41
60949.995014583306 61793.86212708331 65 41
62865.19868124998 63409.82401458331 65 56
71680.89468958319 72228.9900229165 65 54
72520.92248124984 73887.43148124983 65 51
84841.01214791645 85389.10748124978 65 45
85681.03993958312 87047.54893958311 65 43
103771.41260624975 104315.63060624976 65 64
109479.03502291643 111129.3511270831 65 44
112750.69202291642 113964.26102291643 65 36
124978.7977624998 125814.41439583313 65 41
131586.56826249982 132432.35037499983 65 40
133233.13126249984 134064.80189374986 65 45
134594.6455958332 135374.60859583318 65 55
135374.60859583318 135714.36976249987 65 50
136498.68376249986 138442.16476249986 65 60
150096.50192916664 150650.19492916664 65 57
151194.4129291666 151495.2242208333 65 59
151478.10092916663 152563.18459583336 65 61
155284.72859583335 155556.83759583335 65 70
158554.17526249998 159370.50226249994 65 62
162497.7573458333 163043.86226249998 65 43
166585.8192625 167052.48592916667 65 46
169009.10484583335 169555.20976250002 65 43
8993.237181249999 10606.76968125 66 57
18815.974181249996 19670.54614374999 66 41
48890.123347916626 49434.34134791663 66 68
56103.951681249964 56637.569681249974 66 56
65574.86368124995 65861.77146666661 66 60
96082.84193958309 96370.13389374975 66 51
99382.70327291642 99666.57056874975 66 51
118445.48626249979 120059.01876249979 66 57
128264.64392916649 129117.5035624998 66 41
158282.06626249995 158826.28426249998 66 68
1632.955 3286.9631312499996 67 44
6536.964999999998 8159.904181249999 67 47
10206.76968125 11012.17518125 67 57
10606.76968125 13335.389347916667 67 36
17159.352014583328 17996.04395416666 67 47
20495.454181249992 21345.92313541666 67 41
32509.43663958332 33273.89213958332 67 57
35969.805639583305 37064.11401458331 67 57
39619.84834791663 40973.16268124997 67 59
41252.8830145833 42080.78901458329 67 61
46164.894681249956 46437.00368124995 67 71
48336.32434791662 49162.23234791663 67 66
52311.78968124996 52842.01234791662 67 58
56370.76068124997 56915.3860145833 67 56
58806.22768124997 59336.45034791663 67 58
65306.29901458329 65843.42834791662 67 60
65843.42834791662 66377.0463479166 67 70
66377.0463479166 66673.0890854166 67 60
67497.64233541656 69222.74796666653 67 54
79364.64698124983 79909.01298124982 67 61
92524.76443958312 93069.13043958312 67 55
95814.38560624975 96351.29827291642 67 51
96899.24360624976 97188.62723541642 67 52
97173.21627291643 97715.64527291643 67 49
99114.24693958308 99651.15960624976 67 51
100199.10493958308 100485.06391041641 67 52
100473.07760624975 101015.50660624976 67 49
111111.99002291643 112764.29747291643 67 44
115994.12102291644 117612.15326249979 67 47
119659.01876249978 120464.42426249979 67 57
120059.01876249979 122787.63842916643 67 36
126608.0217624998 127448.21020624983 67 47
129944.12392916644 130796.02753749982 67 41
141932.53938749988 142692.03338749986 67 57
145373.02788749992 146467.3362624999 67 57
149017.16026249994 150370.4745958333 67 59
150650.19492916664 151478.10092916663 67 61
155556.83759583335 155828.94659583335 67 71
157728.26726249998 158554.17526249998 67 66
164973.5805958333 165503.80326249995 67 45
166852.48592916667 167144.95170416665 67 45
4087.9839999999995 4904.310999999999 68 54
36762.10063958331 37973.60301458331 68 56
48064.21534791662 48608.43334791662 68 69
56637.569681249974 56935.269364583306 68 56
113558.85552291643 114369.66652291644 68 55
146165.3228874999 147376.82526249991 68 56
157456.15826249996 158000.37626249998 68 69
3271.6569999999992 4496.147499999999 69 42
4496.147499999999 4926.419856249999 69 50
4904.310999999999 6550.570449999998 69 42
13335.389347916667 13872.302014583332 69 58
16622.43934791666 17159.352014583328 69 61
24896.93818124999 25444.88351458332 69 63
27454.696014583318 28621.079014583323 69 49
32101.682514583325 32522.339872916655 69 51
35177.64863958331 36359.41613958331 69 57
37573.60301458331 38795.5210145833 69 55
42354.76168124996 42899.206014583295 69 71
43704.57501458329 45357.07108749996 69 74
46437.00368124995 46709.11268124996 69 70
47519.99734791662 48336.32434791662 69 67
52576.901014583294 52863.41080833329 69 58
57717.717681249975 58539.14811249997 69 45
59071.339014583304 59357.8488083333 69 58
64212.15568124997 65045.846202083296 69 54
66110.23734791661 66654.86268124994 69 60
79636.82998124982 80183.06064791647 69 62
82093.85681458314 82389.86875208313 69 55
92796.94743958312 93343.17810624978 69 56
95252.97527291643 95543.4065333331 69 49
96351.29827291642 97173.21627291643 69 54
99651.15960624976 100473.07760624975 69 54
109479.03502291643 112764.29747291643 69 49
112750.69202291642 113964.26102291643 69 42
113964.26102291643 114394.83430416643 69 52
114369.66652291644 116011.01291874978 69 42
122787.63842916643 123324.5510958331 69 58
126074.68842916648 126608.0217624998 69 61
134321.60476249983 134868.61826249986 69 63
136878.43076249986 138044.81376249986 69 49
141524.78526249988 141942.03306249986 69 51
144588.71388749988 145762.63838749993 69 57
146976.82526249991 148198.7432624999 69 55
151752.0735958333 152296.51792916667 69 71
153096.5179291667 155012.61959583336 69 74
155828.94659583335 156101.05559583334 69 70
156911.9402625 157728.26726249998 69 67
165238.69192916664 165531.7858645833 69 46
167120.97909583332 167948.00052708335 69 49
6536.964999999998 8159.904181249999 70 52
7354.5351812499985 9798.60618125 70 59
24348.992847916656 25170.910847916653 70 57
31717.067014583325 32395.800264583322 70 52
34408.386139583316 35569.805639583305 70 63
46709.11268124996 47792.10634791662 70 71
52842.01234791662 53172.09226458329 70 57
56915.3860145833 57731.32313124997 70 67
59336.45034791663 59666.5302645833 70 57
63409.82401458331 64229.162493749966 70 67
79909.01298124982 80457.10831458314 70 66
93069.13043958312 93617.22577291644 70 59
115994.12102291644 117612.15326249979 70 52
116806.78426249979 119250.85526249978 70 59
133775.5230958332 134457.65926249986 70 57
141140.1697624999 141818.90301249988 70 52
143819.45138749987 144980.87088749988 70 63
156101.05559583334 157184.0492625 70 71
165503.80326249995 166852.48592916667 70 47
13603.84568125 14005.635347916666 71 55
16890.895681249993 17292.68534791666 71 57
24075.02018124999 24622.96551458332 71 66
28228.92201458332 29415.781014583325 71 53
42621.428347916626 43167.66234791662 71 71
53105.81443124996 53639.0080145833 71 60
57445.60868124997 57731.32313124997 71 56
59600.25243124997 60133.44601458331 71 60
123056.09476249976 123457.88442916644 71 55
126341.35509583313 126741.35509583315 71 58
133503.4015958332 134049.49576249986 71 66
137652.6567624999 138839.51576249985 71 53
152018.74026249998 152563.18459583336 71 71
6128.801499999999 6550.570449999998 72 47
23528.938514583322 24348.992847916656 72 58
31339.233014583326 32101.682514583325 72 53
39069.493681249965 39619.84834791663 72 69
40425.21734791663 42354.76168124996 72 74
53372.1990145833 53652.617164583295 72 63
56103.951681249964 57445.60868124997 72 67
57180.497347916644 57717.717681249975 72 56
58261.935681249975 58539.14811249997 72 58
59866.637014583306 60150.45745208331 72 63
81272.37664791646 81558.0692937498 72 59
94432.49410624977 94707.9099645831 72 53
115588.71552291645 116011.01291874978 72 50
132961.02226249984 133638.53676249986 72 58
140758.00426249986 141524.78526249988 72 53
148472.7159291666 149017.16026249994 72 69
149822.52926249997 151495.2242208333 72 74
12239.49868125 13335.389347916667 73 56
13872.302014583332 14274.99868125 73 57
17159.352014583328 17494.481097916658 73 61
20769.42684791666 21327.087514583327 73 64
23256.82951458332 23801.047514583322 73 68
29018.430014583322 30190.007014583323 73 57
30579.617514583322 31717.067014583325 73 54
42899.206014583295 43436.11868124996 73 73
62598.38968124997 63940.04668124997 73 67
63940.04668124997 64229.162493749966 73 62
67539.90700208322 69222.74796666653 73 63
81005.56764791647 81540.94131458312 73 61
81540.94131458312 82377.54481458313 73 62
94165.68510624977 94701.05877291643 73 55
94701.05877291643 95534.66527291643 73 56
121691.74776249977 122787.63842916643 73 56
123324.5510958331 123727.24776249978 73 61
126608.0217624998 126943.15084583315 73 61
130218.09659583312 130775.75726249981 73 64
132690.73959583318 133233.13126249984 73 68
138442.16476249986 139591.01448333316 73 57
140000.83876249986 141140.1697624999 73 54
152296.51792916667 152829.85126250001 73 73
3679.8204999999994 4496.147499999999 74 52
4904.310999999999 6536.964999999998 74 52
11012.17518125 11436.416302083333 74 58
11417.580681250001 13061.41668125 74 59
14139.863514583332 14480.01226458333 74 61
17426.913514583324 17767.994264583325 74 65
19235.554681249992 19670.54614374999 74 67
20383.51393124999 20495.454181249992 74 62
20495.454181249992 21043.399514583325 74 69
21043.399514583325 21345.92313541666 74 64
22696.950847916658 23528.938514583322 74 57
29800.396514583324 30595.643160416657 74 49
33648.89213958332 34790.55163958331 74 67
39336.16034791663 39888.30468124996 74 70
43167.66234791662 43704.57501458329 74 70
55011.18968124997 55301.16047916663 74 63
55289.0060145833 56122.29479999997 74 64
57717.717681249975 58534.04468124997 74 61
61505.62768124998 61793.86212708331 74 63
61783.44401458331 62616.73279999998 74 64
63674.935347916646 64212.15568124997 74 64
64756.37368124997 65045.846202083296 74 58
66654.86268124994 67777.93949791654 74 72
77994.4086479165 78275.30750624982 74 64
78816.5516479165 79109.44009166649 74 65
80738.75864791647 81272.37664791646 74 64
91154.52610624979 91442.27615624979 74 54
91976.66910624978 92267.84475208313 74 55
93898.87610624978 94432.49410624977 74 57
113158.85552291642 113964.26102291643 74 52
114369.66652291644 115994.12102291644 74 52
120464.42426249979 120888.66538333312 74 58
120869.8297624998 122513.66576249978 74 59
123592.11259583311 123932.26134583313 74 63
126875.58326249981 127216.66401249982 74 62
128684.22442916648 129117.5035624998 74 68
129832.18367916647 129944.12392916644 74 62
129944.12392916644 130492.06926249979 74 69
130492.06926249979 130796.02753749982 74 64
132134.51359583318 132824.96776249984 74 57
139224.13126249984 140016.76232499987 74 49
143064.70438749986 144201.61688749987 74 67
148739.38259583327 149285.6165958333 74 70
152563.18459583336 153096.5179291667 74 70
2466.2879999999996 4087.9839999999995 76 53
10606.76968125 11417.580681250001 76 62
14411.519097916665 14706.618454166664 76 64
17699.028764583323 17996.04395416666 76 68
20203.080514583322 20439.484056249992 76 64
20439.484056249992 20769.42684791666 76 62
22422.978181249993 22984.72051458332 76 63
39619.84834791663 40156.761014583295 76 73
43436.11868124996 43711.42433124996 76 67
54183.3740145833 55011.18968124997 76 63
54455.5570145833 55289.0060145833 76 65
60677.81201458331 61505.62768124998 76 63
60949.995014583306 61783.44401458331 76 65
64212.15568124997 65028.48268124997 76 68
65843.42834791662 67197.7903479166 76 70
67197.7903479166 67345.02239791656 76 67
74702.69981458317 74995.58825833315 76 64
76358.86198124984 77179.14031458317 76 63
77727.5996479165 78268.45631458316 76 66
78542.50398124984 79090.59931458316 76 67
80457.10831458314 80758.76932291646 76 58
87862.81727291645 88143.71613124978 76 54
89518.97943958313 90339.25777291645 76 56
90887.7171062498 91428.57377291645 76 56
91702.62143958312 92250.71677291645 76 56
93617.22577291644 93917.21922499978 76 52
111945.32302291643 113558.85552291643 76 54
120059.01876249979 120869.8297624998 76 62
123863.76817916645 124158.86753541646 76 67
127147.69851249982 127448.21020624983 76 65
129651.7502624998 129888.15380416645 76 66
129888.15380416645 130218.09659583312 76 62
131860.54092916648 132422.28326249984 76 63
149017.16026249994 149554.07292916664 76 73
152829.85126250001 153118.77820833336 76 67
827.5859999999999 3271.6569999999992 77 52
19929.107847916657 20271.57368124999 77 65
21327.087514583327 22696.950847916658 77 69
39888.30468124996 40425.21734791663 77 70
53639.0080145833 54455.5570145833 77 67
60133.44601458331 60949.995014583306 77 67
65028.48268124997 65861.77146666661 77 68
66919.97401458326 67267.24443124991 77 67
74435.89081458318 74976.74748124983 77 66
75524.84281458316 75778.37535624983 77 62
76086.67898124983 76631.04498124983 77 65
77179.14031458317 77475.7986541665 77 65
77460.7906479165 77994.4086479165 77 69
78268.45631458316 78816.5516479165 77 69
80183.06064791647 80738.75864791647 77 62
87596.00827291646 88136.8649395831 77 56
88684.96027291645 88938.4928145831 77 52
89246.79643958312 89791.16243958312 77 55
90339.25777291645 90634.24855624979 77 56
90620.90810624979 91154.52610624979 77 58
91428.57377291645 91976.66910624978 77 58
93343.17810624978 93898.87610624978 77 56
110306.62102291643 112750.69202291642 77 53
129377.77759583312 129720.24342916645 77 67
130775.75726249981 132134.51359583318 77 69
149285.6165958333 149822.52926249997 77 70
71406.84702291653 71699.7354666665 78 61
73067.1531479165 73887.43148124983 78 63
84566.9644812498 84859.85292499978 78 50
86227.27060624977 87047.54893958311 78 53
19655.135181249992 20203.080514583322 79 69
40156.761014583295 40437.2036520833 79 67
71140.03802291653 71680.89468958319 79 59
72228.9900229165 72520.92248124984 79 63
72794.9701479165 73339.3361479165 79 65
73887.43148124983 74180.75470833317 79 64
74169.08181458317 74702.69981458317 79 69
74976.74748124983 75709.86343958316 79 70
76631.04498124983 77460.7906479165 79 70
84300.1554812498 84841.01214791645 79 52
85389.10748124978 85655.34797083311 79 53
85955.08760624977 86499.45360624978 79 55
87047.54893958311 87340.87216666645 79 53
87329.19927291643 87862.81727291645 79 57
88136.8649395831 88869.98089791645 79 58
89791.16243958312 90620.90810624979 79 59
129103.80492916648 129651.7502624998 79 70
149554.07292916664 149837.94022499997 79 67
69771.30035624986 70591.5786895832 80 66
82931.41781458312 83751.69614791646 80 53
14687.387681249998 16890.895681249993 81 68
17976.813181249992 19655.135181249992 81 72
68935.81668958321 69222.74796666653 81 57
69499.11735624987 70043.48335624987 81 65
70591.5786895832 70893.23969791652 81 64
70873.22902291654 71406.84702291653 81 67
71680.89468958319 72418.15460624984 81 62
73339.3361479165 74169.08181458317 81 67
82659.23481458313 83203.60081458313 81 55
83751.69614791646 84046.6869312498 81 54
84033.3464812498 84566.9644812498 81 56
84841.01214791645 85578.27206458311 81 59
86499.45360624978 87329.19927291643 81 58
124139.6367624998 126341.35509583313 81 68
127425.4829291665 129103.80492916648 81 68
67583.55135624987 69217.46702291653 82 71
70043.48335624987 70873.22902291654 82 70
83203.60081458313 84033.3464812498 82 58
