42217.03000000002 42980.672500000015 36 66
145702.87650000042 146466.51900000047 36 66
32409.954000000012 33009.02400000001 38 66
41997.15300000003 42217.03000000002 38 63
42869.86500000002 43091.48000000002 38 65
135904.00850000046 136502.09350000045 38 66
145482.99950000044 145702.87650000042 38 63
146355.71150000047 146577.32650000046 38 65
43091.48000000002 43850.87750000001 39 70
146577.32650000046 147336.72400000042 39 70
32868.17900000001 33302.08985000001 40 66
41331.048000000024 41554.79500000003 40 64
41778.54200000003 41997.15300000003 40 64
43740.93900000001 43960.816000000006 40 64
136362.23350000047 136806.9266583338 40 66
144816.8945000004 145040.6415000004 40 64
145264.3885000004 145482.99950000044 40 64
147226.78550000043 147446.66250000044 40 64
41107.30100000002 41331.048000000024 41 60
144593.1475000004 144816.8945000004 41 60
18213.936000000012 18438.41950000001 42 54
33298.44633333335 33741.83030208334 42 71
41554.79500000003 41778.54200000003 42 60
43960.816000000006 44724.45850000001 42 71
62879.08966666666 63216.51191666666 42 29
69982.83749999997 70320.25974999997 42 29
121721.0175000004 121945.5010000004 42 54
136790.53083333382 137234.7703833338 42 71
145040.6415000004 145264.3885000004 42 60
147446.66250000044 148210.30500000046 42 71
17979.194000000014 18213.936000000012 43 49
33735.66833333334 34283.42733333335 43 67
34395.30083333335 34619.04783333335 43 64
40445.48450000002 41219.17450000002 43 63
44613.651000000005 44835.266 43 65
50109.023999999976 50558.25999999997 43 54
53627.3758333333 54076.6118333333 43 56
62004.79133333333 62262.236000000004 43 27
69098.05416666662 69355.4988333333 43 27
72794.29774999994 72942.30341666662 43 52
121486.27550000038 121721.0175000004 43 49
137227.7528333338 137675.94924166717 43 67
137886.64433333385 138110.39133333386 43 64
143931.33100000038 144705.02100000042 43 63
148099.49750000046 148321.11250000045 43 65
153597.86750000043 154047.1035000004 43 54
157114.71533333376 157563.95133333377 43 61
159917.37400000042 161411.1635916671 43 65
20041.996999999996 20264.005499999996 44 54
72200.56008333327 72646.29208333326 44 44
72646.29208333326 72794.29774999994 44 57
72942.30341666662 73090.3090833333 44 52
73238.31474999998 73386.32041666665 44 53
123549.0785000004 123771.08700000038 44 54
17746.365000000013 17979.194000000014 45 54
19811.9885 20041.996999999996 45 50
21846.209000000003 22301.08510416667 45 54
23612.9445 24060.206020833335 45 55
34619.04783333335 34847.23683333336 45 66
40223.47600000002 40466.515939583354 45 60
44835.266 45594.663499999995 45 70
49667.43899999998 50333.64199999998 45 48
53184.97183333331 53851.993833333305 45 50
61113.32733333332 61513.557525 45 28
68206.59016666663 68613.32061666662 45 28
71754.82808333328 72423.42608333327 45 36
76339.60183333329 76485.90749999997 45 56
121253.44650000038 121486.27550000038 45 54
123319.0700000004 123549.0785000004 45 50
125353.29050000037 125805.42337291704 45 54
127120.02600000038 127564.53381458374 45 55
138110.39133333386 138338.58033333384 45 66
143709.32250000042 144150.7895000004 45 60
148321.11250000045 149080.51000000042 45 70
153156.28250000044 153822.48550000042 45 48
156672.31133333378 157117.52305833378 45 55
45484.725 45704.60199999999 46 64
49229.33099999998 49775.92249999997 46 53
52745.99633333331 53402.7578333333 46 55
73090.3090833333 73238.31474999998 46 59
73386.32041666665 73534.32608333332 46 53
73682.90341666665 73831.48074999997 46 55
75747.56416666662 76193.29616666661 46 45
76193.29616666661 76339.60183333329 46 61
76485.90749999997 76632.21316666664 46 56
76779.64049999996 76927.06783333329 46 57
148970.57150000043 149190.44850000044 46 64
152718.17450000043 153373.24950000044 46 53
156233.3358333338 156679.5708666671 46 60
3818.3120000000004 4528.94875 47 61
4424.781999999999 4563.670999999999 47 56
4563.670999999999 4712.835666666666 47 56
4712.835666666666 5400.7548333333325 47 62
5296.225333333332 5435.597999999999 47 56
5435.597999999999 5574.970666666665 47 55
5574.970666666665 6262.390766666666 47 61
17510.64550000001 17746.365000000013 47 51
19583.8515 19811.9885 47 53
21616.200500000006 21846.209000000003 47 50
22291.941000000003 22736.556866666666 47 50
24051.027000000002 24502.302733333334 47 52
34847.23683333336 35081.97883333335 47 59
39559.015000000014 40006.50900000002 47 64
40006.50900000002 40445.48450000002 47 64
45704.60199999999 46468.24449999999 47 67
48787.74599999997 49337.81449999997 47 56
52304.41133333331 52854.47983333331 47 58
54076.6118333333 54620.20016666663 47 53
54954.49916666664 55495.95999999997 47 53
55823.87649999997 56484.564333333314 47 53
61113.32733333332 61513.557525 47 28
63776.80016666666 64034.664916666654 47 31
68206.59016666663 68613.32061666662 47 28
70880.54799999997 71138.41274999996 47 33
75301.83216666662 75749.42138333329 47 43
98291.72650000028 98587.73783333362 47 52
99179.76050000028 99478.08983333364 47 57
100083.86133333365 100233.60666666698 47 55
100233.60666666698 100381.61350000031 47 49
100381.61350000031 100533.7395000003 47 49
100533.7395000003 100762.10113333365 47 55
100982.9755000003 101132.72083333363 47 55
101132.72083333363 101280.14816666696 47 49
101280.14816666696 101431.67483333363 47 49
101431.67483333363 101880.91083333365 47 55
101880.91083333365 102028.33816666697 47 55
102028.33816666697 102175.7655000003 47 49
102175.7655000003 102327.29216666697 47 49
102327.29216666697 102556.09913333361 47 55
102776.97350000028 102924.97916666696 47 55
102924.97916666696 103072.98483333363 47 49
103072.98483333363 103223.91683333361 47 49
103223.91683333361 103673.15283333363 47 55
107269.224166667 107979.27850000032 47 61
107869.78950000032 108015.77483333365 47 56
108015.77483333365 108169.76316666699 47 56
108169.76316666699 108885.38133333367 47 62
108773.50783333367 108922.67250000034 47 56
108922.67250000034 109071.837166667 47 55
109071.837166667 109864.88250000033 47 61
121017.72700000039 121253.44650000038 47 51
123090.9330000004 123319.0700000004 47 53
125123.28200000037 125353.29050000037 47 50
125799.02250000036 126246.40262916703 47 50
127558.1085000004 128013.90437916706 47 52
138338.58033333384 138573.32233333384 47 59
143044.8615000004 143492.3555000004 47 64
143492.3555000004 143931.33100000038 47 64
149190.44850000044 149954.09100000045 47 67
152276.58950000044 152935.14150000043 47 56
155791.7508333338 156243.28015416715 47 58
157563.95133333377 158055.53760000045 47 58
158441.8386666671 159014.9940000004 47 58
17278.75250000001 17510.64550000001 48 59
22729.1855 23612.9445 48 54
24495.0705 25376.3775 48 55
39334.39700000001 39559.015000000014 48 61
39782.76200000002 40223.47600000002 48 60
42217.03000000002 42980.672500000015 48 74
46357.43699999999 46579.05199999999 48 60
62004.79133333333 62262.236000000004 48 27
62879.08966666666 63216.51191666666 48 29
69098.05416666662 69355.4988333333 48 27
69982.83749999997 70320.25974999997 48 29
73534.32608333332 73682.90341666665 48 59
73831.48074999997 73980.0580833333 48 55
76632.21316666664 76779.64049999996 48 64
76927.06783333329 77074.49516666662 48 57
120785.83400000038 121017.72700000039 48 59
126236.26700000037 127120.02600000038 48 54
128002.1520000004 128883.45900000038 48 55
142820.24350000036 143044.8615000004 48 61
143268.6085000004 143709.32250000042 48 60
145702.87650000042 146466.51900000047 48 74
149843.28350000046 150064.89850000045 48 60
19352.869 19583.8515 49 50
21390.704500000007 21616.200500000006 49 53
23390.0785 23622.926358333334 49 51
25152.6305 25385.383270833332 49 54
73980.0580833333 74427.5520833333 49 60
74427.5520833333 74685.4168333333 49 39
77222.5008333333 77370.50649999997 49 59
97854.5045000003 98145.98583333362 49 50
98735.74350000029 99031.75483333362 49 54
99627.2545000003 99891.38750000032 49 59
122859.95050000038 123090.9330000004 49 50
124897.78600000039 125123.28200000037 49 53
126897.16000000038 127127.28553333372 49 51
128659.71200000038 128892.46477083373 49 54
7189.621666666669 7424.363666666669 50 60
10099.005000000005 10333.747000000007 50 71
10568.489000000007 11037.973000000007 50 71
12376.720666666677 13243.79466666668 50 63
14156.642666666676 14798.456479166674 50 62
17044.01050000001 17278.75250000001 50 54
19124.732 19352.869 50 54
25376.3775 25814.161912499996 50 62
27124.884000000002 27563.934670833336 50 63
31961.523000000016 32598.97181250001 50 67
32409.954000000012 33302.08985000001 50 74
33298.44633333335 33741.83030208334 50 79
33735.66833333334 34283.42733333335 50 75
34395.30083333335 34619.04783333335 50 64
34619.04783333335 34847.23683333336 50 66
34847.23683333336 35081.97883333335 50 59
35081.97883333335 35316.72083333335 50 70
35551.462833333346 36020.94683333335 50 68
38671.709500000004 39446.70600000001 50 67
39559.015000000014 40006.50900000002 50 64
40445.48450000002 41442.921500000026 50 71
41997.15300000003 42217.03000000002 50 70
42869.86500000002 43091.48000000002 50 65
46579.05199999999 47052.86075416666 50 63
47480.49499999998 47928.28037499998 50 63
48340.25199999997 49004.71299999997 50 63
50994.1633333333 51441.1371083333 50 66
51856.9173333333 52485.21716666664 50 66
54076.6118333333 54620.20016666663 50 53
54954.49916666664 55495.95999999997 50 53
55823.87649999997 56484.564333333314 50 53
77074.49516666662 77222.5008333333 50 64
77370.50649999997 77518.51216666665 50 59
78855.78216666673 79151.79350000009 50 36
103673.15283333363 103970.5995000003 50 55
103822.02216666697 104346.74416666698 50 49
104122.12616666697 104571.362166667 50 55
104571.362166667 104868.51683333365 50 55
104719.93950000031 105245.26083333364 50 49
105020.64283333364 105469.87883333366 50 55
110686.47950000037 110921.22150000038 50 60
113609.00316666701 113843.74516666702 50 71
114078.48716666704 114547.97116666702 50 71
115884.77683333372 116751.85083333372 50 63
117664.69883333374 118306.5126458337 50 62
120551.09200000037 120785.83400000038 50 54
122631.81350000038 122859.95050000038 50 54
128883.45900000038 129323.99711875041 50 62
130631.9655000004 131070.10529166709 50 63
135455.57750000045 135907.82704166713 50 67
135904.00850000046 136806.9266583338 50 74
136790.53083333382 137234.7703833338 50 79
137227.7528333338 137675.94924166717 50 75
137886.64433333385 138110.39133333386 50 64
138110.39133333386 138338.58033333384 50 66
138338.58033333384 138573.32233333384 50 59
138573.32233333384 138808.0643333338 50 70
139042.8063333338 139512.2903333338 50 68
142161.1130000004 142932.5525000004 50 67
143044.8615000004 143492.3555000004 50 64
143931.33100000038 144928.76800000042 50 71
145482.99950000044 145702.87650000042 50 70
146355.71150000047 146577.32650000046 50 65
150064.89850000045 150544.04532916713 50 63
150966.34150000045 151411.54222500042 50 63
151829.09550000043 152442.9308666671 50 63
154483.00683333378 154931.71292500044 50 66
155344.25683333378 156008.7178333338 50 66
157563.95133333377 158055.53760000045 50 58
158441.8386666671 159014.9940000004 50 58
159917.37400000042 161411.1635916671 50 65
11505.55400000001 12516.580666666678 51 64
13243.79466666668 14269.841666666674 51 64
21164.306500000002 21390.704500000007 51 50
31076.299666666673 32072.093500000014 51 71
38230.12450000001 38679.907412500004 51 71
43091.48000000002 43850.87750000001 51 70
47046.632999999994 47491.42554999998 51 56
47917.71699999998 48346.77795416664 51 55
50558.25999999997 51001.450366666635 51 58
51431.3853333333 51866.24012499997 51 57
77518.51216666665 77967.74816666667 51 66
79299.79916666677 79595.81050000011 51 39
86101.3351666669 86397.34650000025 51 36
98291.72650000028 98587.73783333362 51 52
99179.76050000028 99478.08983333364 51 57
100083.86133333365 100233.60666666698 51 55
100233.60666666698 100381.61350000031 51 49
100381.61350000031 100533.7395000003 51 49
100533.7395000003 100762.10113333365 51 55
100982.9755000003 101132.72083333363 51 55
101132.72083333363 101280.14816666696 51 49
101280.14816666696 101431.67483333363 51 49
101431.67483333363 101880.91083333365 51 55
101880.91083333365 102028.33816666697 51 55
102028.33816666697 102175.7655000003 51 49
102175.7655000003 102327.29216666697 51 49
102327.29216666697 102556.09913333361 51 55
102776.97350000028 102924.97916666696 51 55
102924.97916666696 103072.98483333363 51 49
103072.98483333363 103223.91683333361 51 49
103223.91683333361 103673.15283333363 51 55
115015.55216666704 116024.63683333372 51 64
116751.85083333372 117777.89783333373 51 64
124671.38800000038 124897.78600000039 51 50
134576.44116666712 135676.71850000045 51 71
141722.97200000042 142376.1670000004 51 71
146577.32650000046 147336.72400000042 51 70
150532.47950000045 150982.73732500043 51 56
151403.56350000045 151837.48601250042 51 55
154047.1035000004 154495.75914166713 51 58
154920.22883333376 155354.5119041671 51 57
16368.327500000007 17161.38150000001 52 64
17044.01050000001 17278.75250000001 52 54
17278.75250000001 17510.64550000001 52 59
17510.64550000001 17746.365000000013 52 51
17746.365000000013 17979.194000000014 52 54
18894.723500000004 19124.732 52 51
20941.440499999997 21164.306500000002 52 54
25808.6545 26257.15785833333 52 56
27553.915000000005 27991.459808333344 52 59
30203.27366666667 31089.644854166676 52 69
32868.17900000001 33302.08985000001 52 74
37358.60250000001 38447.09150000001 52 69
41331.048000000024 41554.79500000003 52 72
41778.54200000003 41997.15300000003 52 72
43740.93900000001 43960.816000000006 52 64
86545.35216666693 86841.36350000028 52 39
97854.5045000003 98145.98583333362 52 50
98735.74350000029 99031.75483333362 52 54
99627.2545000003 99891.38750000032 52 59
119875.40900000038 120668.46300000037 52 64
120551.09200000037 120785.83400000038 52 54
120785.83400000038 121017.72700000039 52 59
121017.72700000039 121253.44650000038 52 51
121253.44650000038 121486.27550000038 52 54
122401.80500000039 122631.81350000038 52 51
124448.52200000038 124671.38800000038 52 54
129315.73600000041 129768.72543125041 52 56
131060.99650000042 131501.24303958376 52 59
133709.3671666671 134588.89667500046 52 69
136362.23350000047 136806.9266583338 52 74
140849.94600000043 141741.65526250043 52 69
144816.8945000004 145040.6415000004 52 72
145264.3885000004 145482.99950000044 52 72
147226.78550000043 147446.66250000044 52 64
15933.183000000008 16480.20100000001 53 62
26253.568999999996 27124.884000000002 53 62
27987.85750000001 28867.61600000001 53 65
29335.197000000007 30345.11766666667 53 71
36488.52783333335 37499.94516666668 53 71
41107.30100000002 41331.048000000024 53 67
79743.81616666679 80037.54483333344 53 36
119440.26450000037 119987.28250000038 53 62
129760.6505000004 130631.9655000004 53 62
131494.93900000042 132374.69750000042 53 65
132842.27850000042 133849.22716666711 53 71
139979.87133333378 140991.79000000044 53 71
144593.1475000004 144816.8945000004 53 67
15495.961000000008 15941.95493750001 54 64
18213.936000000012 18438.41950000001 54 60
20714.150500000003 20941.440499999997 54 51
26902.018 27133.822145833336 54 58
28641.218000000008 29025.42458750001 54 61
31961.523000000016 32598.97181250001 54 67
33298.44633333335 33741.83030208334 54 79
35081.97883333335 35316.72083333335 54 70
35551.462833333346 36020.94683333335 54 68
38671.709500000004 39446.70600000001 54 67
39334.39700000001 39559.015000000014 54 61
41554.79500000003 41778.54200000003 54 67
43960.816000000006 44724.45850000001 54 71
54076.6118333333 54620.20016666663 54 53
54954.49916666664 55495.95999999997 54 53
55823.87649999997 56484.564333333314 54 53
59342.87374999999 59680.295999999995 54 30
60240.58424999999 60350.73249999999 54 55
62879.08966666666 63216.51191666666 54 33
63776.80016666666 64034.664916666654 54 31
66424.11458333331 66761.53683333332 54 30
67321.82508333333 67431.97333333331 54 55
69982.83749999997 70320.25974999997 54 33
70880.54799999997 71138.41274999996 54 33
71754.82808333328 72423.42608333327 54 41
78411.7651666667 78707.77650000005 54 39
80184.40916666677 80480.42050000012 54 39
81075.92016666684 81375.41083333349 54 39
81987.12116666681 82451.05089166682 54 72
83833.04016666682 84297.92067916684 54 72
86989.36916666696 87283.09783333361 54 36
97854.5045000003 98145.98583333362 54 50
98291.72650000028 98587.73783333362 54 52
98735.74350000029 99031.75483333362 54 54
99179.76050000028 99478.08983333364 54 57
99627.2545000003 99891.38750000032 54 59
100083.86133333365 100233.60666666698 54 55
100233.60666666698 100381.61350000031 54 49
100381.61350000031 100533.7395000003 54 49
100533.7395000003 100762.10113333365 54 55
100982.9755000003 101132.72083333363 54 55
101132.72083333363 101280.14816666696 54 49
101280.14816666696 101431.67483333363 54 49
101431.67483333363 101880.91083333365 54 55
101880.91083333365 102028.33816666697 54 55
102028.33816666697 102175.7655000003 54 49
102175.7655000003 102327.29216666697 54 49
102327.29216666697 102556.09913333361 54 55
102776.97350000028 102924.97916666696 54 55
102924.97916666696 103072.98483333363 54 49
103072.98483333363 103223.91683333361 54 49
103223.91683333361 103673.15283333363 54 55
119003.04250000037 119447.28205000037 54 64
121721.0175000004 121945.5010000004 54 60
124221.23200000037 124448.52200000038 54 51
130409.09950000039 130640.00983125041 54 58
132148.29950000043 132380.5422625004 54 61
135455.57750000045 135907.82704166713 54 67
136790.53083333382 137234.7703833338 54 79
138573.32233333384 138808.0643333338 54 70
139042.8063333338 139512.2903333338 54 68
142161.1130000004 142932.5525000004 54 67
142820.24350000036 143044.8615000004 54 61
145040.6415000004 145264.3885000004 54 67
147446.66250000044 148210.30500000046 54 71
157563.95133333377 158055.53760000045 54 58
158441.8386666671 159014.9940000004 54 58
3818.3120000000004 4528.94875 55 68
4424.781999999999 4563.670999999999 55 63
4563.670999999999 4712.835666666666 55 63
4712.835666666666 5400.7548333333325 55 69
5296.225333333332 5435.597999999999 55 63
5435.597999999999 5574.970666666665 55 62
5574.970666666665 6262.390766666666 55 68
6250.653666666665 6485.395666666666 55 55
6720.137666666667 6954.879666666668 55 55
9864.263000000004 10099.005000000005 55 53
10333.747000000007 10568.489000000007 55 66
15067.663666666673 15502.337154166675 55 61
17979.194000000014 18213.936000000012 55 55
28867.61600000001 29476.04200000001 55 79
29335.197000000007 30345.11766666667 55 71
30203.27366666667 31089.644854166676 55 69
31076.299666666673 32072.093500000014 55 71
33735.66833333334 34283.42733333335 55 75
34395.30083333335 34619.04783333335 55 72
35316.72083333335 35551.462833333346 55 65
36020.94683333335 36630.37183333335 55 79
36488.52783333335 37499.94516666668 55 71
37358.60250000001 38447.09150000001 55 69
38230.12450000001 38679.907412500004 55 71
39559.015000000014 40006.50900000002 55 72
40445.48450000002 41219.17450000002 55 71
44613.651000000005 44835.266 55 65
50109.023999999976 50558.25999999997 55 60
53627.3758333333 54076.6118333333 55 63
54508.767166666636 54954.49916666664 55 56
55386.65449999997 55823.87649999997 55 56
56261.69833333331 56707.43033333332 55 56
58470.112416666656 58727.55708333333 55 31
60387.58933333332 60498.44899999999 55 55
62004.79133333333 62151.37633333333 55 31
65551.35324999997 65808.79791666665 55 31
67468.83016666665 67579.68983333332 55 55
69098.05416666662 69244.63916666663 55 31
85657.31816666687 85953.32950000023 55 39
87429.96216666694 87725.9735000003 55 39
88321.473166667 88620.96383333366 55 39
89232.67416666698 89700.40704166699 55 72
91078.593166667 91542.522891667 55 72
107269.224166667 107979.27850000032 55 68
107869.78950000032 108015.77483333365 55 63
108015.77483333365 108169.76316666699 55 63
108169.76316666699 108885.38133333367 55 69
108773.50783333367 108922.67250000034 55 63
108922.67250000034 109071.837166667 55 62
109071.837166667 109864.88250000033 55 68
109747.51150000033 109927.480366667 55 55
110216.99550000034 110451.73750000035 55 55
113374.261166667 113609.00316666701 55 53
113843.74516666702 114078.48716666704 55 66
118575.7198333337 119011.24041250037 55 61
121486.27550000038 121721.0175000004 55 55
132374.69750000042 132982.62950000042 55 79
132842.27850000042 133849.22716666711 55 71
133709.3671666671 134588.89667500046 55 69
134576.44116666712 135676.71850000045 55 71
137227.7528333338 137675.94924166717 55 75
137886.64433333385 138110.39133333386 55 72
138808.0643333338 139042.8063333338 55 65
139512.2903333338 140121.7153333338 55 79
139979.87133333378 140991.79000000044 55 71
140849.94600000043 141741.65526250043 55 69
141722.97200000042 142376.1670000004 55 71
143044.8615000004 143492.3555000004 55 72
143931.33100000038 144705.02100000042 55 71
148099.49750000046 148321.11250000045 55 65
153597.86750000043 154047.1035000004 55 60
157114.71533333376 157563.95133333377 55 69
157996.1066666671 158284.90385833377 55 61
158873.99400000044 159127.9940000004 55 61
159353.9940000004 159668.54783333375 55 61
159917.37400000042 161411.1635916671 55 73
20041.996999999996 20264.005499999996 56 60
20941.440499999997 21164.306500000002 56 54
21164.306500000002 21390.704500000007 56 51
21390.704500000007 21616.200500000006 56 53
72200.56008333327 72646.29208333326 56 49
74427.5520833333 74685.4168333333 56 39
75301.83216666662 75749.42138333329 56 48
77967.74816666667 78263.75950000001 56 37
80628.4261666668 80926.75550000016 56 35
123549.0785000004 123771.08700000038 56 60
124448.52200000038 124671.38800000038 56 54
124671.38800000038 124897.78600000039 56 51
124897.78600000039 125123.28200000037 56 53
6485.395666666666 6720.137666666667 57 61
6954.879666666668 7189.621666666669 57 61
7189.621666666669 7424.363666666669 57 67
9636.074000000004 9864.263000000004 57 58
10099.005000000005 10333.747000000007 57 79
10568.489000000007 11037.973000000007 57 79
17746.365000000013 17979.194000000014 57 60
19811.9885 20041.996999999996 57 56
21846.209000000003 22301.08510416667 57 60
22291.941000000003 22736.556866666666 57 56
22729.1855 23612.9445 57 60
23390.0785 23622.926358333334 57 57
23612.9445 24060.206020833335 57 62
24051.027000000002 24502.302733333334 57 58
24495.0705 25376.3775 57 62
25152.6305 25385.383270833332 57 60
34619.04783333335 34847.23683333336 57 74
35081.97883333335 35316.72083333335 57 78
35551.462833333346 36020.94683333335 57 76
40223.47600000002 40466.515939583354 57 67
44835.266 45594.663499999995 57 70
49667.43899999998 50333.64199999998 57 54
53184.97183333331 53851.993833333305 57 56
57578.648416666656 58024.38041666666 57 31
59342.87374999999 59680.295999999995 57 30
60535.59333333332 60647.31999999999 57 51
61113.32733333332 61513.557525 57 32
62151.37633333333 62262.236000000004 57 55
64659.88924999998 65026.689541666645 57 31
66424.11458333331 66761.53683333332 57 30
67616.83416666665 67728.56083333331 57 51
68206.59016666663 68613.32061666662 57 32
69244.63916666663 69355.4988333333 57 55
71754.82808333328 72423.42608333327 57 41
85213.30116666683 85509.31250000019 57 37
87873.97916666698 88172.30850000033 57 35
92918.906166667 93223.15816666701 57 45
109982.25350000033 110216.99550000034 57 61
110451.73750000035 110686.47950000037 57 61
110686.47950000037 110921.22150000038 57 67
113146.07216666701 113374.261166667 57 58
113609.00316666701 113843.74516666702 57 79
114078.48716666704 114547.97116666702 57 79
121253.44650000038 121486.27550000038 57 60
123319.0700000004 123549.0785000004 57 56
125353.29050000037 125805.42337291704 57 60
125799.02250000036 126246.40262916703 57 56
126236.26700000037 127120.02600000038 57 60
126897.16000000038 127127.28553333372 57 57
127120.02600000038 127564.53381458374 57 62
127558.1085000004 128013.90437916706 57 58
128002.1520000004 128883.45900000038 57 62
128659.71200000038 128892.46477083373 57 60
138110.39133333386 138338.58033333384 57 74
138573.32233333384 138808.0643333338 57 78
139042.8063333338 139512.2903333338 57 76
143709.32250000042 144150.7895000004 57 67
148321.11250000045 149080.51000000042 57 70
153156.28250000044 153822.48550000042 57 54
156672.31133333378 157117.52305833378 57 61
45484.725 45704.60199999999 58 64
49229.33099999998 49775.92249999997 58 60
52745.99633333331 53402.7578333333 58 63
75747.56416666662 76193.29616666661 58 51
77967.74816666667 78263.75950000001 58 37
78411.7651666667 78707.77650000005 58 39
78855.78216666673 79151.79350000009 58 40
79299.79916666677 79595.81050000011 58 39
79743.81616666679 80037.54483333344 58 36
80184.40916666677 80480.42050000012 58 39
80628.4261666668 80926.75550000016 58 35
81075.92016666684 81375.41083333349 58 39
81525.15616666681 81833.13283333348 58 70
81679.14450000015 81987.12116666681 58 67
81833.13283333348 82139.86283333348 58 66
82445.34616666683 82921.12658333349 58 68
83367.38216666682 83677.82083333349 58 73
83522.60150000015 83985.78183333349 58 70
84291.26516666684 84761.2248583335 58 68
92458.854166667 92765.55550000034 58 44
97854.5045000003 98145.98583333362 58 56
98735.74350000029 99031.75483333362 58 60
99627.2545000003 99891.38750000032 58 66
148970.57150000043 149190.44850000044 58 64
152718.17450000043 153373.24950000044 58 60
156233.3358333338 156679.5708666671 58 69
6250.653666666665 6485.395666666666 59 62
6720.137666666667 6954.879666666668 59 62
7424.363666666669 8127.34366666667 59 61
8022.448666666669 8162.3086666666695 59 56
8162.3086666666695 8310.886000000004 59 56
8310.886000000004 8963.962000000003 59 62
8894.27566666667 9038.834666666671 59 56
9038.834666666671 9188.580000000005 59 55
9412.327000000005 9636.074000000004 59 54
9864.263000000004 10099.005000000005 59 59
10333.747000000007 10568.489000000007 59 74
11037.973000000007 11750.30900000001 59 72
11645.41400000001 11785.27400000001 59 67
11785.27400000001 11934.438666666676 59 67
11934.438666666676 12621.475666666678 59 72
12516.580666666678 12656.440666666678 59 67
12656.440666666678 12796.300666666677 59 66
12796.300666666677 13585.205666666678 59 72
17510.64550000001 17746.365000000013 59 57
19583.8515 19811.9885 59 59
21616.200500000006 21846.209000000003 59 56
22291.941000000003 22736.556866666666 59 56
24051.027000000002 24502.302733333334 59 58
34847.23683333336 35081.97883333335 59 66
35316.72083333335 35551.462833333346 59 73
39559.015000000014 40006.50900000002 59 72
40006.50900000002 40445.48450000002 59 72
45704.60199999999 46468.24449999999 59 67
47188.98166666666 47491.42554999998 59 61
47480.49499999998 48199.40699999997 59 62
48058.561999999976 48340.25199999997 59 61
48199.40699999997 48346.77795416664 59 60
48340.25199999997 49004.71299999997 59 61
48787.74599999997 49337.81449999997 59 63
52304.41133333331 52854.47983333331 59 66
54508.767166666636 54954.49916666664 59 56
55386.65449999997 55823.87649999997 59 56
56261.69833333331 56707.43033333332 59 56
56707.43033333332 56965.29508333332 59 35
57578.648416666656 58024.38041666666 59 31
60240.58424999999 60498.44899999999 59 35
60684.756333333324 62004.79133333333 59 55
62299.380333333334 62411.399 59 51
63331.068166666664 63850.23233333333 59 55
63776.80016666666 64034.664916666654 59 35
64659.88924999998 65026.689541666645 59 31
67321.82508333333 67579.68983333332 59 35
67765.99716666664 69098.05416666662 59 55
69392.64316666663 69504.6618333333 59 51
70434.81599999996 70953.98016666663 59 55
70880.54799999997 71138.41274999996 59 37
75301.83216666662 75749.42138333329 59 48
85213.30116666683 85509.31250000019 59 37
85657.31816666687 85953.32950000023 59 39
86101.3351666669 86397.34650000025 59 40
86545.35216666693 86841.36350000028 59 39
86989.36916666696 87283.09783333361 59 36
87429.96216666694 87725.9735000003 59 39
87873.97916666698 88172.30850000033 59 35
88321.473166667 88620.96383333366 59 39
88770.70916666699 89078.68583333366 59 70
88924.69750000031 89232.67416666698 59 67
89078.68583333366 89385.41583333365 59 66
89690.89916666699 90159.88873750031 59 68
90612.93516666698 90923.37383333365 59 73
90768.15450000032 91231.33483333366 59 70
91536.818166667 92007.747979167 59 68
93831.06700000034 94097.28750000037 59 48
96525.8245000003 96819.55316666697 59 58
97407.0105000003 97705.33983333364 59 58
98291.72650000028 98587.73783333362 59 58
99179.76050000028 99478.08983333364 59 63
100083.86133333365 100233.60666666698 59 65
100233.60666666698 100381.61350000031 59 58
100381.61350000031 100533.7395000003 59 58
100533.7395000003 100762.10113333365 59 65
100982.9755000003 101132.72083333363 59 65
101132.72083333363 101280.14816666696 59 58
101280.14816666696 101431.67483333363 59 58
101431.67483333363 101880.91083333365 59 65
101880.91083333365 102028.33816666697 59 65
102028.33816666697 102175.7655000003 59 58
102175.7655000003 102327.29216666697 59 58
102327.29216666697 102556.09913333361 59 65
102776.97350000028 102924.97916666696 59 65
102924.97916666696 103072.98483333363 59 58
103072.98483333363 103223.91683333361 59 58
103223.91683333361 103673.15283333363 59 65
109747.51150000033 109927.480366667 59 62
110216.99550000034 110451.73750000035 59 62
110921.22150000038 111628.10116666702 59 61
111519.20816666703 111664.39883333369 59 56
111664.39883333369 111812.97616666702 59 56
111812.97616666702 112473.960166667 59 62
112401.63783333368 112548.83283333368 59 56
112548.83283333368 112698.57816666701 59 55
112922.32516666701 113146.07216666701 59 54
113374.261166667 113609.00316666701 59 59
113843.74516666702 114078.48716666704 59 74
114547.97116666702 115258.60791666704 59 72
115154.44116666703 115293.33016666704 59 67
115293.33016666704 115442.49483333371 59 67
115442.49483333371 116129.53183333372 59 72
116024.63683333372 116164.49683333372 59 67
116164.49683333372 116304.35683333372 59 66
116304.35683333372 117093.26183333373 59 72
121017.72700000039 121253.44650000038 59 57
123090.9330000004 123319.0700000004 59 59
125123.28200000037 125353.29050000037 59 56
125799.02250000036 126246.40262916703 59 56
127558.1085000004 128013.90437916706 59 58
138338.58033333384 138573.32233333384 59 66
138808.0643333338 139042.8063333338 59 73
143044.8615000004 143492.3555000004 59 72
143492.3555000004 143931.33100000038 59 72
149190.44850000044 149954.09100000045 59 67
150674.8281666671 150817.17683333377 59 61
150817.17683333377 150966.34150000045 59 61
150966.34150000045 151651.79050000044 59 62
151545.40750000044 151687.25150000042 59 61
151687.25150000042 151829.09550000043 59 60
151829.09550000043 152442.9308666671 59 61
152276.58950000044 152935.14150000043 59 63
155791.7508333338 156243.28015416715 59 66
157996.1066666671 158284.90385833377 59 61
158873.99400000044 159127.9940000004 59 61
159353.9940000004 159668.54783333375 59 61
159917.37400000042 161411.1635916671 59 79
6485.395666666666 6720.137666666667 60 68
6954.879666666668 7189.621666666669 60 68
9188.580000000005 9412.327000000005 60 61
9636.074000000004 9864.263000000004 60 65
17278.75250000001 17510.64550000001 60 66
22729.1855 23612.9445 60 60
24495.0705 25376.3775 60 62
39334.39700000001 39559.015000000014 60 68
39782.76200000002 40223.47600000002 60 67
46357.43699999999 46579.05199999999 60 60
58470.112416666656 58727.55708333333 60 31
59342.87374999999 59680.295999999995 60 30
61559.05933333333 62077.94416666666 60 55
62448.98166666666 63223.19436458333 60 55
65551.35324999997 65808.79791666665 60 31
66424.11458333331 66761.53683333332 60 30
68652.32216666662 69171.20699999997 60 55
69542.24449999997 70326.94219791662 60 55
72200.56008333327 72646.29208333326 60 64
92458.854166667 92765.55550000034 60 44
92918.906166667 93223.15816666701 60 45
93375.284166667 93679.53616666702 60 46
109982.25350000033 110216.99550000034 60 68
110451.73750000035 110686.47950000037 60 68
112698.57816666701 112922.32516666701 60 61
113146.07216666701 113374.261166667 60 65
120785.83400000038 121017.72700000039 60 66
126236.26700000037 127120.02600000038 60 60
128002.1520000004 128883.45900000038 60 62
142820.24350000036 143044.8615000004 60 68
143268.6085000004 143709.32250000042 60 67
149843.28350000046 150064.89850000045 60 60
19352.869 19583.8515 61 56
21390.704500000007 21616.200500000006 61 59
23390.0785 23622.926358333334 61 57
25152.6305 25385.383270833332 61 60
71754.82808333328 72423.42608333327 61 46
74427.5520833333 74685.4168333333 61 44
94739.03916666703 95038.82250000034 61 52
96082.96416666696 96378.39716666695 61 56
96966.4175000003 97260.14616666695 61 58
122859.95050000038 123090.9330000004 61 56
124897.78600000039 125123.28200000037 61 59
126897.16000000038 127127.28553333372 61 57
128659.71200000038 128892.46477083373 61 60
835.2557499999999 1789.8337499999998 62 65
954.578 1909.156 62 67
1789.8337499999998 2744.4117499999998 62 63
1909.156 2863.734 62 70
2744.4117499999998 3698.98975 62 66
2863.734 3818.3120000000004 62 70
3698.98975 3838.7686687500004 62 67
3818.3120000000004 6837.5086666666675 62 70
6720.137666666667 7306.992666666669 62 67
7189.621666666669 7424.363666666669 62 68
7424.363666666669 8127.34366666667 62 68
8022.448666666669 8162.3086666666695 62 63
8162.3086666666695 8310.886000000004 62 63
8310.886000000004 8963.962000000003 62 69
8894.27566666667 9038.834666666671 62 63
9038.834666666671 9188.580000000005 62 62
9412.327000000005 9636.074000000004 62 61
12376.720666666677 13243.79466666668 62 70
14156.642666666676 14496.239666666675 62 69
14383.040666666675 14609.438666666674 62 71
17044.01050000001 17278.75250000001 62 60
19124.732 19352.869 62 60
25376.3775 25814.161912499996 62 69
25808.6545 26257.15785833333 62 63
26253.568999999996 27124.884000000002 62 69
26902.018 27133.822145833336 62 65
27124.884000000002 27563.934670833336 62 71
27553.915000000005 27991.459808333344 62 66
27987.85750000001 28867.61600000001 62 73
28641.218000000008 29025.42458750001 62 68
31961.523000000016 32598.97181250001 62 75
35081.97883333335 35316.72083333335 62 78
35316.72083333335 35551.462833333346 62 73
35551.462833333346 36020.94683333335 62 76
38671.709500000004 39446.70600000001 62 75
45704.60199999999 45920.21199999999 62 65
46141.82699999999 46357.43699999999 62 65
46579.05199999999 47052.86075416666 62 63
47480.49499999998 47928.28037499998 62 63
48340.25199999997 49004.71299999997 62 63
49004.71299999997 49229.33099999998 62 58
49446.29799999997 49667.43899999998 62 60
50994.1633333333 51441.1371083333 62 66
51856.9173333333 52485.21716666664 62 66
54076.6118333333 54620.20016666663 62 59
54508.767166666636 54954.49916666664 62 63
54954.49916666664 55495.95999999997 62 59
55386.65449999997 55823.87649999997 62 63
55823.87649999997 56484.564333333314 62 59
56261.69833333331 56707.43033333332 62 63
56707.43033333332 56965.29508333332 62 39
75747.56416666662 76193.29616666661 62 67
78855.78216666673 79151.79350000009 62 40
93375.284166667 93679.53616666702 62 46
93831.06700000034 94097.28750000037 62 48
94286.6958333337 94588.70850000037 62 50
103673.15283333363 103970.5995000003 62 65
103822.02216666697 104346.74416666698 62 58
104122.12616666697 104571.362166667 62 65
104571.362166667 104868.51683333365 62 65
104719.93950000031 105245.26083333364 62 58
105020.64283333364 105469.87883333366 62 65
105469.87883333366 105768.20816666698 62 71
105619.04350000032 106144.35283333366 62 63
105919.73483333366 106368.97083333366 62 71
106368.97083333366 106668.46150000033 62 71
106518.71616666699 107044.606166667 62 63
106819.98816666698 107269.224166667 62 71
107269.224166667 107572.27750000033 62 70
107420.75083333366 107869.78950000032 62 65
107723.80416666699 108434.93483333367 62 70
108321.28983333366 108472.81650000034 62 64
108472.81650000034 108624.34316666701 62 64
108624.34316666701 109333.60083333366 62 70
109222.16783333366 109370.745166667 62 64
109370.745166667 109519.32250000033 62 64
109519.32250000033 110334.36650000034 62 70
110216.99550000034 110803.85050000036 62 67
110686.47950000037 110921.22150000038 62 68
110921.22150000038 111628.10116666702 62 68
111519.20816666703 111664.39883333369 62 63
111664.39883333369 111812.97616666702 62 63
111812.97616666702 112473.960166667 62 69
112401.63783333368 112548.83283333368 62 63
112548.83283333368 112698.57816666701 62 62
112922.32516666701 113146.07216666701 62 61
115884.77683333372 116751.85083333372 62 70
117664.69883333374 118004.29583333372 62 69
117891.09683333372 118117.49483333371 62 71
120551.09200000037 120785.83400000038 62 60
122631.81350000038 122859.95050000038 62 60
128883.45900000038 129323.99711875041 62 69
129315.73600000041 129768.72543125041 62 63
129760.6505000004 130631.9655000004 62 69
130409.09950000039 130640.00983125041 62 65
130631.9655000004 131070.10529166709 62 71
131060.99650000042 131501.24303958376 62 66
131494.93900000042 132374.69750000042 62 73
132148.29950000043 132380.5422625004 62 68
135455.57750000045 135907.82704166713 62 75
138573.32233333384 138808.0643333338 62 78
138808.0643333338 139042.8063333338 62 73
139042.8063333338 139512.2903333338 62 76
142161.1130000004 142932.5525000004 62 75
149190.44850000044 149406.05850000045 62 65
149627.67350000044 149843.28350000046 62 65
150064.89850000045 150544.04532916713 62 63
150966.34150000045 151411.54222500042 62 63
151829.09550000043 152442.9308666671 62 63
152493.55650000044 152935.14150000043 62 58
152935.14150000043 153373.24950000044 62 60
154483.00683333378 154931.71292500044 62 66
155344.25683333378 156008.7178333338 62 66
157563.95133333377 158055.53760000045 62 64
157996.1066666671 158284.90385833377 62 69
158441.8386666671 159014.9940000004 62 64
158873.99400000044 159127.9940000004 62 69
159353.9940000004 159668.54783333375 62 68
159917.37400000042 161411.1635916671 62 79
11505.55400000001 12516.580666666678 63 72
13243.79466666668 14269.841666666674 63 72
21164.306500000002 21390.704500000007 63 56
31076.299666666673 32072.093500000014 63 79
38230.12450000001 38679.907412500004 63 79
47046.632999999994 47491.42554999998 63 63
47917.71699999998 48346.77795416664 63 61
50558.25999999997 51001.450366666635 63 66
51431.3853333333 51866.24012499997 63 64
57578.648416666656 58024.38041666666 63 35
60240.58424999999 60498.44899999999 63 39
61113.32733333332 61513.557525 63 35
63776.80016666666 64034.664916666654 63 39
64659.88924999998 65026.689541666645 63 35
67321.82508333333 67579.68983333332 63 39
68206.59016666663 68613.32061666662 63 39
70880.54799999997 70990.69624999995 63 59
75301.83216666662 75749.42138333329 63 48
79299.79916666677 79595.81050000011 63 44
81987.12116666681 82451.05089166682 63 72
82901.72416666683 83379.02361666683 63 71
83833.04016666682 84297.92067916684 63 72
84747.64316666684 85214.2262020835 63 71
86101.3351666669 86397.34650000025 63 40
95637.80383333366 95934.9585000003 63 54
96525.8245000003 96819.55316666697 63 58
97407.0105000003 97705.33983333364 63 58
115015.55216666704 116024.63683333372 63 72
116751.85083333372 117777.89783333373 63 72
124671.38800000038 124897.78600000039 63 56
134576.44116666712 135676.71850000045 63 79
141722.97200000042 142376.1670000004 63 79
150532.47950000045 150982.73732500043 63 63
151403.56350000045 151837.48601250042 63 61
154047.1035000004 154495.75914166713 63 66
154920.22883333376 155354.5119041671 63 64
9188.580000000005 9412.327000000005 64 68
16368.327500000007 17161.38150000001 64 72
17278.75250000001 17510.64550000001 64 73
17510.64550000001 17746.365000000013 64 69
17746.365000000013 17979.194000000014 64 67
18894.723500000004 19124.732 64 57
20941.440499999997 21164.306500000002 64 60
25808.6545 26257.15785833333 64 63
27553.915000000005 27991.459808333344 64 66
30203.27366666667 31089.644854166676 64 77
37358.60250000001 38447.09150000001 64 77
45484.725 45704.60199999999 64 64
45920.21199999999 46141.82699999999 64 62
46357.43699999999 46579.05199999999 64 61
49229.33099999998 49446.29799999997 64 62
49667.43899999998 49884.40599999997 64 62
58470.112416666656 58727.55708333333 64 35
59342.87374999999 59680.295999999995 64 34
62004.79133333333 62262.236000000004 64 39
63216.51191666666 63776.80016666666 64 55
65551.35324999997 65808.79791666665 64 35
66424.11458333331 66761.53683333332 64 34
69098.05416666662 69355.4988333333 64 39
70320.25974999997 70880.54799999997 64 55
71027.55308333329 71138.41274999996 64 59
73980.0580833333 74427.5520833333 64 54
74427.5520833333 74611.41399999996 64 61
86545.35216666693 86841.36350000028 64 44
89232.67416666698 89700.40704166699 64 72
90147.27716666699 90620.69613333365 64 71
91078.593166667 91542.522891667 64 72
91993.19616666701 92467.48014166701 64 71
92458.854166667 92765.55550000034 64 49
94286.6958333337 94588.70850000037 64 50
94739.03916666703 95038.82250000034 64 52
95188.56783333368 95488.05850000033 64 53
96082.96416666696 96378.39716666695 64 56
96966.4175000003 97260.14616666695 64 58
112698.57816666701 112922.32516666701 64 68
119875.40900000038 120668.46300000037 64 72
120785.83400000038 121017.72700000039 64 73
121017.72700000039 121253.44650000038 64 69
121253.44650000038 121486.27550000038 64 67
122401.80500000039 122631.81350000038 64 57
124448.52200000038 124671.38800000038 64 60
129315.73600000041 129768.72543125041 64 63
131060.99650000042 131501.24303958376 64 66
133709.3671666671 134588.89667500046 64 77
140849.94600000043 141741.65526250043 64 77
148970.57150000043 149190.44850000044 64 64
149406.05850000045 149627.67350000044 64 62
149843.28350000046 150064.89850000045 64 61
152718.17450000043 153156.28250000044 64 62
153156.28250000044 153597.86750000043 64 62
15933.183000000008 16480.20100000001 65 69
26253.568999999996 27124.884000000002 65 69
27987.85750000001 28867.61600000001 65 73
29335.197000000007 30345.11766666667 65 79
36488.52783333335 37499.94516666668 65 79
71175.55708333329 71287.28374999994 65 57
79743.81616666679 80037.54483333344 65 40
82445.34616666683 82921.12658333349 65 68
84291.26516666684 84761.2248583335 65 68
92918.906166667 93223.15816666701 65 51
119440.26450000037 119987.28250000038 65 69
129760.6505000004 130631.9655000004 65 69
131494.93900000042 132374.69750000042 65 73
132842.27850000042 133849.22716666711 65 79
139979.87133333378 140991.79000000044 65 79
15495.961000000008 15941.95493750001 66 72
18894.723500000004 19124.732 66 60
19124.732 19352.869 66 62
19352.869 19583.8515 66 57
19583.8515 19811.9885 66 60
20714.150500000003 20941.440499999997 66 57
26902.018 27133.822145833336 66 65
28641.218000000008 29025.42458750001 66 68
44835.266 45053.416 66 73
45271.56599999999 45484.725 66 71
49884.40599999997 50109.023999999976 66 57
61113.32733333332 61513.557525 66 39
63776.80016666666 63886.94841666666 66 55
68206.59016666663 68613.32061666662 66 39
71324.72008333328 72423.42608333327 66 62
73534.32608333332 74203.8050833333 66 60
74574.55716666662 74759.70549999995 66 61
77518.51216666665 77967.74816666667 66 56
78411.7651666667 78707.77650000005 66 44
80184.40916666677 80480.42050000012 66 44
81075.92016666684 81375.41083333349 66 44
82901.72416666683 83379.02361666683 66 71
84747.64316666684 85214.2262020835 66 71
86989.36916666696 87283.09783333361 66 40
89690.89916666699 90159.88873750031 66 68
91536.818166667 92007.747979167 66 68
93375.284166667 93679.53616666702 66 52
95188.56783333368 95488.05850000033 66 53
95637.80383333366 95934.9585000003 66 61
96082.96416666696 96378.39716666695 66 63
96525.8245000003 96819.55316666697 66 65
96966.4175000003 97260.14616666695 66 65
97407.0105000003 97705.33983333364 66 65
98000.24516666695 98291.72650000028 66 71
98439.73216666694 98735.74350000029 66 73
98883.74916666695 99179.76050000028 66 77
99328.92516666696 99627.2545000003 66 81
99777.44283333365 99967.91058333365 66 84
119003.04250000037 119447.28205000037 66 72
122401.80500000039 122631.81350000038 66 60
122631.81350000038 122859.95050000038 66 62
122859.95050000038 123090.9330000004 66 57
123090.9330000004 123319.0700000004 66 60
124221.23200000037 124448.52200000038 66 57
130409.09950000039 130640.00983125041 66 65
132148.29950000043 132380.5422625004 66 68
148321.11250000045 148539.26250000042 66 73
148757.4125000004 148970.57150000043 66 71
153373.24950000044 153822.48550000042 66 57
7882.588666666669 8894.27566666667 67 83
8754.903000000004 9981.634000000005 67 70
9864.263000000004 10099.005000000005 67 68
11037.973000000007 11750.30900000001 67 80
11645.41400000001 11785.27400000001 67 75
11785.27400000001 11934.438666666676 67 75
11934.438666666676 12621.475666666678 67 81
12516.580666666678 12656.440666666678 67 75
12656.440666666678 12796.300666666677 67 74
12796.300666666677 13585.205666666678 67 80
13470.192666666679 13700.218666666677 67 66
13926.616666666676 14156.642666666676 67 66
15067.663666666673 15502.337154166675 67 68
28867.61600000001 29581.675750000006 67 82
29476.04200000001 29616.887000000006 67 77
29616.887000000006 29766.051666666674 67 77
29766.051666666674 30451.50066666667 67 83
30345.11766666667 30486.961666666673 67 77
30486.961666666673 30628.805666666674 67 76
30628.805666666674 31402.570666666677 67 82
36020.94683333335 36772.21583333335 67 82
36630.37183333335 37358.60250000001 67 77
36921.380500000014 37641.28783333334 67 83
37499.94516666668 37782.630500000014 67 77
37641.28783333334 38230.12450000001 67 76
37782.630500000014 38671.709500000004 67 82
44613.651000000005 44835.266 67 65
45053.416 45271.56599999999 67 66
46579.05199999999 47331.33033333332 67 65
47188.98166666666 47491.42554999998 67 61
47480.49499999998 48199.40699999997 67 62
48058.561999999976 48340.25199999997 67 61
48199.40699999997 48346.77795416664 67 60
48340.25199999997 49004.71299999997 67 61
49004.71299999997 49229.33099999998 67 65
49229.33099999998 49446.29799999997 67 62
50109.023999999976 50558.25999999997 67 62
56707.43033333332 56817.57858333332 67 55
58470.112416666656 58616.69741666666 67 55
62004.79133333333 62262.236000000004 67 39
65551.35324999997 65697.93824999998 67 55
69098.05416666662 69355.4988333333 67 39
73090.3090833333 73608.61475 67 60
74722.56116666662 74989.10780833328 67 59
85657.31816666687 85953.32950000023 67 44
87429.96216666694 87725.9735000003 67 44
88321.473166667 88620.96383333366 67 44
90147.27716666699 90620.69613333365 67 71
91993.19616666701 92467.48014166701 67 71
93831.06700000034 94097.28750000037 67 54
111072.15350000036 111223.08550000036 67 67
111223.08550000036 111374.01750000037 67 67
111374.01750000037 112071.98608333369 67 74
111960.98183333369 112108.98750000035 67 67
112108.98750000035 112256.99316666702 67 67
112256.99316666702 113491.632166667 67 70
113374.261166667 113609.00316666701 67 68
114547.97116666702 115258.60791666704 67 80
115154.44116666703 115293.33016666704 67 75
115293.33016666704 115442.49483333371 67 75
115442.49483333371 116129.53183333372 67 81
116024.63683333372 116164.49683333372 67 75
116164.49683333372 116304.35683333372 67 74
116304.35683333372 117093.26183333373 67 80
116978.24883333372 117208.27483333374 67 66
117434.67283333372 117664.69883333374 67 66
118575.7198333337 119011.24041250037 67 68
132374.69750000042 133087.89275000044 67 82
132982.62950000042 133122.98050000044 67 77
133122.98050000044 133272.14516666712 67 77
133272.14516666712 133954.1221666671 67 83
133849.22716666711 133989.0871666671 67 77
133989.0871666671 134128.94716666712 67 76
134128.94716666712 135015.46016666712 67 82
139512.2903333338 140228.09833333376 67 82
140121.7153333338 140263.55933333377 67 77
140263.55933333377 140412.72400000045 67 77
140412.72400000045 141098.17300000042 67 83
140991.79000000044 141133.63400000043 67 77
141133.63400000043 141275.4780000004 67 76
141275.4780000004 142161.1130000004 67 82
148099.49750000046 148321.11250000045 67 65
148539.26250000042 148757.4125000004 67 66
150064.89850000045 150781.5896666671 67 65
150674.8281666671 150817.17683333377 67 61
150817.17683333377 150966.34150000045 67 61
150966.34150000045 151651.79050000044 67 62
151545.40750000044 151687.25150000042 67 61
151687.25150000042 151829.09550000043 67 60
151829.09550000043 152442.9308666671 67 61
152493.55650000044 152935.14150000043 67 65
152718.17450000043 153156.28250000044 67 62
153597.86750000043 154047.1035000004 67 62
159353.9940000004 159668.54783333375 67 71
159917.37400000042 161411.1635916671 67 88
17044.01050000001 17278.75250000001 68 75
17510.64550000001 17746.365000000013 68 69
20714.150500000003 20941.440499999997 68 60
20941.440499999997 21164.306500000002 68 62
21164.306500000002 21390.704500000007 68 57
21390.704500000007 21616.200500000006 68 60
63923.80524999999 64034.664916666654 68 55
72200.56008333327 72646.29208333326 68 67
72646.29208333326 73164.31191666663 68 61
73534.32608333332 74203.8050833333 68 60
73980.0580833333 74427.5520833333 68 54
74871.72416666662 75749.42138333329 68 65
77074.49516666662 77743.13016666665 68 59
77967.74816666667 78263.75950000001 68 41
80628.4261666668 80926.75550000016 68 39
94286.6958333337 94588.70850000037 68 56
120551.09200000037 120785.83400000038 68 75
121017.72700000039 121253.44650000038 68 69
124221.23200000037 124448.52200000038 68 60
124448.52200000038 124671.38800000038 68 62
124671.38800000038 124897.78600000039 68 57
124897.78600000039 125123.28200000037 68 60
13700.218666666677 13926.616666666676 69 72
14156.642666666676 14383.040666666675 69 72
14383.040666666675 14609.438666666674 69 79
16815.821500000013 17044.01050000001 69 69
17278.75250000001 17510.64550000001 69 82
17746.365000000013 17979.194000000014 69 73
22511.3995 22736.556866666666 69 50
23390.0785 23622.926358333334 69 52
24271.323500000002 24502.302733333334 69 53
25152.6305 25385.383270833332 69 54
32182.664000000015 32409.954000000012 69 72
35081.97883333335 35316.72083333335 69 84
35551.462833333346 36020.94683333335 69 77
39334.39700000001 39559.015000000014 69 72
43960.816000000006 44176.42600000001 69 69
44398.041000000005 44613.651000000005 69 69
46357.43699999999 46579.05199999999 69 69
56854.43541666665 56965.29508333332 69 55
58616.69741666666 58727.55708333333 69 55
62879.08966666666 63216.51191666666 69 39
65697.93824999998 65808.79791666665 69 55
69982.83749999997 70320.25974999997 69 39
76632.21316666664 77148.49799999996 69 63
80777.59083333348 80926.75550000016 69 57
85213.30116666683 85509.31250000019 69 41
87873.97916666698 88172.30850000033 69 39
94739.03916666703 95038.82250000034 69 58
117208.27483333374 117434.67283333372 69 72
117664.69883333374 117891.09683333372 69 72
117891.09683333372 118117.49483333371 69 79
120322.90300000038 120551.09200000037 69 69
120785.83400000038 121017.72700000039 69 82
121253.44650000038 121486.27550000038 69 73
126018.48100000036 126246.40262916703 69 50
126897.16000000038 127127.28553333372 69 52
127778.4050000004 128013.90437916706 69 53
128659.71200000038 128892.46477083373 69 54
135676.71850000045 135907.82704166713 69 72
138573.32233333384 138808.0643333338 69 84
139042.8063333338 139512.2903333338 69 77
142820.24350000036 143044.8615000004 69 72
147446.66250000044 147662.27250000046 69 69
147883.88750000045 148099.49750000046 69 69
149843.28350000046 150064.89850000045 69 69
18894.723500000004 19124.732 70 67
19352.869 19583.8515 70 64
57002.43941666665 57114.16608333332 70 51
64071.809249999984 64183.535916666646 70 51
75747.56416666662 76193.29616666661 70 69
76193.29616666661 76705.9268333333 70 63
77074.49516666662 77743.13016666665 70 59
77518.51216666665 77967.74816666667 70 56
77967.74816666667 78115.75383333335 70 59
80628.4261666668 80777.59083333348 70 59
80926.75550000016 81075.92016666684 70 57
82597.47216666683 82901.72416666683 70 65
83056.94350000015 83367.38216666682 70 67
84443.39116666684 84747.64316666684 70 65
84902.86250000016 85213.30116666683 70 67
88023.14383333366 88172.30850000033 70 57
95188.56783333368 95488.05850000033 70 59
96082.96416666696 96378.39716666695 70 63
96966.4175000003 97260.14616666695 70 65
122401.80500000039 122631.81350000038 70 67
122859.95050000038 123090.9330000004 70 64
13470.192666666679 13700.218666666677 71 74
13926.616666666676 14156.642666666676 71 74
14609.438666666674 15312.418666666676 71 72
15207.523666666673 15347.383666666674 71 67
15347.383666666674 15495.961000000008 71 67
15495.961000000008 16143.70950000001 71 72
16073.534000000009 16218.582166666674 71 67
16218.582166666674 16368.327500000007 71 66
16592.07450000001 16815.821500000013 71 69
17044.01050000001 17278.75250000001 71 75
17510.64550000001 17746.365000000013 71 77
18668.428000000007 18894.723500000004 71 63
19124.732 19352.869 71 69
19583.8515 19811.9885 71 67
28867.61600000001 29581.675750000006 71 82
29476.04200000001 29616.887000000006 71 77
29616.887000000006 29766.051666666674 71 77
29766.051666666674 30451.50066666667 71 83
30345.11766666667 30486.961666666673 71 77
30486.961666666673 30628.805666666674 71 76
30628.805666666674 31402.570666666677 71 82
31289.822666666678 31515.318666666677 71 73
31736.45966666668 31961.523000000016 71 76
34847.23683333336 35081.97883333335 71 76
35316.72083333335 35551.462833333346 71 80
36020.94683333335 36772.21583333335 71 82
36630.37183333335 37358.60250000001 71 77
36921.380500000014 37641.28783333334 71 83
37499.94516666668 37782.630500000014 71 77
37641.28783333334 38230.12450000001 71 76
37782.630500000014 38671.709500000004 71 82
38447.09150000001 38679.907412500004 71 73
38890.32050000001 39224.66775000001 71 76
40445.48450000002 40888.690000000024 71 78
41107.30100000002 41331.048000000024 71 72
43740.93900000001 43960.816000000006 71 64
44176.42600000001 44398.041000000005 71 66
45704.60199999999 45920.21199999999 71 73
46141.82699999999 46357.43699999999 71 73
46579.05199999999 47331.33033333332 71 73
47188.98166666666 47491.42554999998 71 68
47480.49499999998 48199.40699999997 71 70
48058.561999999976 48346.77795416664 71 68
48340.25199999997 49004.71299999997 71 69
50109.023999999976 50558.25999999997 71 62
50701.62933333331 51001.450366666635 71 67
50994.1633333333 51715.0733333333 71 68
51573.2293333333 51856.9173333333 71 67
51715.0733333333 51866.24012499997 71 66
51856.9173333333 52485.21716666664 71 67
57151.602416666654 58037.38093333333 71 55
58764.70141666666 58876.720083333326 71 51
59794.85224999999 60314.01641666666 71 55
64220.97224999998 65551.35324999997 71 55
65845.94224999998 65957.96091666665 71 51
66876.09308333331 67395.25724999998 71 55
70880.54799999997 71138.41274999996 71 42
85213.30116666683 85361.30683333351 71 59
87873.97916666698 88023.14383333366 71 59
88172.30850000033 88321.473166667 71 57
89843.025166667 90147.27716666699 71 65
90302.49650000031 90612.93516666698 71 67
91688.94416666702 91993.19616666701 71 65
92148.41550000034 92458.854166667 71 67
95637.80383333366 95934.9585000003 71 61
96525.8245000003 96819.55316666697 71 65
97407.0105000003 97705.33983333364 71 65
100083.86133333365 100233.60666666698 71 79
100233.60666666698 100381.61350000031 71 71
100381.61350000031 100533.7395000003 71 71
100533.7395000003 100762.10113333365 71 79
100982.9755000003 101132.72083333363 71 79
101132.72083333363 101280.14816666696 71 71
101280.14816666696 101431.67483333363 71 71
101431.67483333363 101880.91083333365 71 79
101880.91083333365 102028.33816666697 71 79
102028.33816666697 102175.7655000003 71 71
102175.7655000003 102327.29216666697 71 71
102327.29216666697 102556.09913333361 71 79
102776.97350000028 102924.97916666696 71 79
102924.97916666696 103072.98483333363 71 71
103072.98483333363 103223.91683333361 71 71
103223.91683333361 103673.15283333363 71 79
116978.24883333372 117208.27483333374 71 74
117434.67283333372 117664.69883333374 71 74
118117.49483333371 118819.62200000038 71 72
118715.09250000038 118854.46516666704 71 67
118854.46516666704 119003.04250000037 71 67
119003.04250000037 119650.79100000038 71 72
119580.61550000038 119725.66366666705 71 67
119725.66366666705 119875.40900000038 71 66
120099.15600000038 120322.90300000038 71 69
120551.09200000037 120785.83400000038 71 75
121017.72700000039 121253.44650000038 71 77
122175.5095000004 122401.80500000039 71 63
122631.81350000038 122859.95050000038 71 69
123090.9330000004 123319.0700000004 71 67
132374.69750000042 133087.89275000044 71 82
132982.62950000042 133122.98050000044 71 77
133122.98050000044 133272.14516666712 71 77
133272.14516666712 133954.1221666671 71 83
133849.22716666711 133989.0871666671 71 77
133989.0871666671 134128.94716666712 71 76
134128.94716666712 135015.46016666712 71 82
134789.9641666671 135230.51416666713 71 73
135230.51416666713 135676.71850000045 71 76
138338.58033333384 138573.32233333384 71 76
138808.0643333338 139042.8063333338 71 80
139512.2903333338 140228.09833333376 71 82
140121.7153333338 140263.55933333377 71 77
140263.55933333377 140412.72400000045 71 77
140412.72400000045 141098.17300000042 71 83
140991.79000000044 141133.63400000043 71 77
141133.63400000043 141275.4780000004 71 76
141275.4780000004 142161.1130000004 71 82
141936.4950000004 142376.1670000004 71 73
142376.1670000004 142710.5142500004 71 76
143931.33100000038 144374.5365000004 71 78
144593.1475000004 144816.8945000004 71 72
147226.78550000043 147446.66250000044 71 64
147662.27250000046 147883.88750000045 71 66
149190.44850000044 149406.05850000045 71 73
149627.67350000044 149843.28350000046 71 73
150064.89850000045 150781.5896666671 71 73
150674.8281666671 150817.17683333377 71 68
150817.17683333377 150966.34150000045 71 68
150966.34150000045 151651.79050000044 71 70
151545.40750000044 151687.25150000042 71 68
151687.25150000042 151829.09550000043 71 68
151829.09550000043 152442.9308666671 71 69
153597.86750000043 154047.1035000004 71 62
154190.47283333377 154333.8421666671 71 67
154333.8421666671 154483.00683333378 71 67
154483.00683333378 155167.57850000044 71 68
155061.57150000043 155202.91416666712 71 67
155202.91416666712 155344.25683333378 71 66
155344.25683333378 156008.7178333338 71 67
159353.9940000004 159668.54783333375 71 71
13700.218666666677 13926.616666666676 72 80
14156.642666666676 14383.040666666675 72 80
16368.327500000007 16592.07450000001 72 72
16815.821500000013 17044.01050000001 72 77
17746.365000000013 17979.194000000014 72 82
20714.150500000003 20941.440499999997 72 67
21164.306500000002 21390.704500000007 72 64
31515.318666666677 31736.45966666668 72 78
31961.523000000016 32182.664000000015 72 78
34619.04783333335 34847.23683333336 72 81
38671.709500000004 39114.93850000001 72 78
39114.93850000001 39250.271241666676 72 78
40223.47600000002 40466.515939583354 72 73
40664.94300000002 40997.99550000003 72 76
43091.48000000002 43309.63000000001 72 73
43527.780000000006 43740.93900000001 72 71
45484.725 45704.60199999999 72 72
45920.21199999999 46141.82699999999 72 70
46357.43699999999 46579.05199999999 72 69
49667.43899999998 49884.40599999997 72 69
58024.38041666666 58543.26524999999 72 55
58914.30274999999 59686.978447916656 72 55
62879.08966666666 63216.51191666666 72 39
65105.62124999997 65624.50608333331 72 55
65995.54358333332 66768.21928124999 72 55
69982.83749999997 70320.25974999997 72 39
78115.75383333335 78263.75950000001 72 57
92612.20483333367 92918.906166667 72 56
93071.03216666699 93375.284166667 72 59
117208.27483333374 117434.67283333372 72 80
117664.69883333374 117891.09683333372 72 80
119875.40900000038 120099.15600000038 72 72
120322.90300000038 120551.09200000037 72 77
121253.44650000038 121486.27550000038 72 82
124221.23200000037 124448.52200000038 72 67
124671.38800000038 124897.78600000039 72 64
135015.46016666712 135268.39583333378 72 78
135455.57750000045 135904.00850000046 72 78
138110.39133333386 138338.58033333384 72 81
142161.1130000004 142600.7850000004 72 78
142600.7850000004 142820.24350000036 72 78
143709.32250000042 144150.7895000004 72 73
144150.7895000004 144483.8420000004 72 76
146577.32650000046 146795.47650000043 72 73
147013.62650000042 147226.78550000043 72 71
148970.57150000043 149190.44850000044 72 72
149406.05850000045 149627.67350000044 72 70
149843.28350000046 150064.89850000045 72 69
153156.28250000044 153597.86750000043 72 69
18438.41950000001 18668.428000000007 73 59
18894.723500000004 19124.732 73 67
19352.869 19583.8515 73 64
20490.4035 20714.150500000003 73 63
20941.440499999997 21164.306500000002 73 69
21390.704500000007 21616.200500000006 73 67
49229.33099999998 49446.29799999997 73 69
79890.68050000012 80037.54483333344 73 59
85361.30683333351 85509.31250000019 73 57
121945.5010000004 122175.5095000004 73 59
122401.80500000039 122631.81350000038 73 67
122859.95050000038 123090.9330000004 73 64
123997.48500000036 124221.23200000037 73 63
124448.52200000038 124671.38800000038 73 69
124897.78600000039 125123.28200000037 73 67
152718.17450000043 153156.28250000044 73 69
835.2557499999999 1789.8337499999998 74 73
954.578 1909.156 74 75
1789.8337499999998 2744.4117499999998 74 71
1909.156 2863.734 74 78
2744.4117499999998 3698.98975 74 74
2863.734 3818.3120000000004 74 78
3698.98975 3838.7686687500004 74 75
3818.3120000000004 6837.5086666666675 74 78
6720.137666666667 7306.992666666669 74 75
7189.621666666669 7424.363666666669 74 76
10099.005000000005 10333.747000000007 74 87
10333.747000000007 10568.489000000007 74 79
10568.489000000007 11037.973000000007 74 84
14609.438666666674 15312.418666666676 74 80
15207.523666666673 15347.383666666674 74 75
15347.383666666674 15495.961000000008 74 75
15495.961000000008 16143.70950000001 74 81
16073.534000000009 16218.582166666674 74 75
16218.582166666674 16368.327500000007 74 74
16592.07450000001 16815.821500000013 74 77
18213.936000000012 18438.41950000001 74 64
18668.428000000007 18894.723500000004 74 71
19583.8515 19811.9885 74 67
22291.941000000003 22729.1855 74 54
23171.467500000002 23612.9445 74 54
24051.027000000002 24495.0705 74 56
24932.334000000003 25376.3775 74 56
26028.950999999997 26257.15785833333 74 56
26902.018 27133.822145833336 74 59
27772.526000000005 27991.459808333344 74 61
28641.218000000008 29025.42458750001 74 70
32182.664000000015 32409.954000000012 74 81
32409.954000000012 33114.65775000001 74 90
33009.02400000001 33149.86900000001 74 84
33149.86900000001 33298.44633333335 74 84
33298.44633333335 33946.93583333335 74 91
33876.51333333335 34021.808500000014 74 84
34021.808500000014 34171.553833333346 74 83
34395.30083333335 34619.04783333335 74 77
34847.23683333336 35081.97883333335 74 85
35081.97883333335 35316.72083333335 74 84
35316.72083333335 35551.462833333346 74 80
35551.462833333346 36020.94683333335 74 77
39334.39700000001 39559.015000000014 74 81
39559.015000000014 40445.48450000002 74 82
40888.690000000024 41055.380887500025 74 78
42869.86500000002 43091.48000000002 74 68
43309.63000000001 43527.780000000006 74 66
44835.266 45053.416 74 81
45271.56599999999 45484.725 74 79
45704.60199999999 45920.21199999999 74 73
46141.82699999999 46357.43699999999 74 73
49004.71299999997 49229.33099999998 74 65
49446.29799999997 49667.43899999998 74 68
52521.378333333305 52745.99633333331 74 66
52962.963333333304 53184.97183333331 74 69
54076.6118333333 54221.25649999997 74 68
54954.49916666664 55099.1438333333 74 68
55823.87649999997 55968.381499999974 74 68
78263.75950000001 78411.7651666667 74 57
78559.77083333337 78707.77650000005 74 57
79743.81616666679 79890.68050000012 74 61
80037.54483333344 80184.40916666677 74 59
80332.41483333345 80480.42050000012 74 58
81225.66550000016 81375.41083333349 74 57
87136.2335000003 87283.09783333361 74 59
93527.41016666702 93793.63066666701 74 59
93983.19300000035 94286.6958333337 74 62
103673.15283333363 103970.5995000003 74 79
103822.02216666697 104346.74416666698 74 71
104122.12616666697 104571.362166667 74 79
104571.362166667 104868.51683333365 74 79
104719.93950000031 105245.26083333364 74 71
105020.64283333364 105469.87883333366 74 79
105469.87883333366 105768.20816666698 74 84
105619.04350000032 106144.35283333366 74 75
105919.73483333366 106368.97083333366 74 84
106368.97083333366 106668.46150000033 74 84
106518.71616666699 107044.606166667 74 75
106819.98816666698 107269.224166667 74 84
107269.224166667 107572.27750000033 74 78
107420.75083333366 107869.78950000032 74 73
107723.80416666699 108434.93483333367 74 78
108321.28983333366 108472.81650000034 74 72
108472.81650000034 108624.34316666701 74 72
108624.34316666701 109333.60083333366 74 78
109222.16783333366 109370.745166667 74 72
109370.745166667 109519.32250000033 74 72
109519.32250000033 110334.36650000034 74 78
110216.99550000034 110803.85050000036 74 75
110686.47950000037 110921.22150000038 74 76
113609.00316666701 113843.74516666702 74 87
113843.74516666702 114078.48716666704 74 79
114078.48716666704 114547.97116666702 74 84
118117.49483333371 118819.62200000038 74 80
118715.09250000038 118854.46516666704 74 75
118854.46516666704 119003.04250000037 74 75
119003.04250000037 119650.79100000038 74 81
119580.61550000038 119725.66366666705 74 75
119725.66366666705 119875.40900000038 74 74
120099.15600000038 120322.90300000038 74 77
121721.0175000004 121945.5010000004 74 64
122175.5095000004 122401.80500000039 74 71
123090.9330000004 123319.0700000004 74 67
125799.02250000036 126236.26700000037 74 54
126678.54900000038 127120.02600000038 74 54
127558.1085000004 128002.1520000004 74 56
128439.41550000037 128883.45900000038 74 56
129536.03250000041 129768.72543125041 74 56
130409.09950000039 130640.00983125041 74 59
131279.60750000042 131501.24303958376 74 61
132148.29950000043 132380.5422625004 74 70
135676.71850000045 135907.82704166713 74 81
135904.00850000046 136606.98850000044 74 90
136502.09350000045 136641.95350000047 74 84
136641.95350000047 136790.53083333382 74 84
136790.53083333382 137438.2793333338 74 91
137368.1038333338 137513.1520000005 74 84
137513.1520000005 137662.89733333385 74 83
137886.64433333385 138110.39133333386 74 77
138338.58033333384 138573.32233333384 74 85
138573.32233333384 138808.0643333338 74 84
138808.0643333338 139042.8063333338 74 80
139042.8063333338 139512.2903333338 74 77
142820.24350000036 143044.8615000004 74 81
143044.8615000004 143931.33100000038 74 82
144374.5365000004 144593.1475000004 74 78
146355.71150000047 146577.32650000046 74 68
146795.47650000043 147013.62650000042 74 66
148321.11250000045 148539.26250000042 74 81
148757.4125000004 148970.57150000043 74 79
149190.44850000044 149406.05850000045 74 73
149627.67350000044 149843.28350000046 74 73
152493.55650000044 152935.14150000043 74 65
152935.14150000043 153373.24950000044 74 68
156008.7178333338 156243.28015416715 74 72
156450.30283333382 156679.5708666671 74 75
157563.95133333377 157708.59600000043 74 74
158441.8386666671 158586.48333333377 74 74
159353.9940000004 159668.54783333375 74 71
20264.005499999996 20490.4035 75 59
20714.150500000003 20941.440499999997 75 67
21164.306500000002 21390.704500000007 75 64
78411.7651666667 78559.77083333337 75 60
78707.77650000005 78855.78216666673 75 57
80184.40916666677 80332.41483333345 75 60
80480.42050000012 80628.4261666668 75 58
81075.92016666684 81225.66550000016 75 60
81375.41083333349 81525.15616666681 75 58
85509.31250000019 85657.31816666687 75 57
85805.32383333355 85953.32950000023 75 57
86989.36916666696 87136.2335000003 75 61
87283.09783333361 87429.96216666694 75 59
87577.96783333362 87725.9735000003 75 58
88471.21850000034 88620.96383333366 75 57
100083.86133333365 100233.60666666698 75 79
100233.60666666698 100381.61350000031 75 71
100381.61350000031 100533.7395000003 75 71
100533.7395000003 100762.10113333365 75 79
100982.9755000003 101132.72083333363 75 79
101132.72083333363 101280.14816666696 75 71
101280.14816666696 101431.67483333363 75 71
101431.67483333363 101880.91083333365 75 79
101880.91083333365 102028.33816666697 75 79
102028.33816666697 102175.7655000003 75 71
102175.7655000003 102327.29216666697 75 71
102327.29216666697 102556.09913333361 75 79
102776.97350000028 102924.97916666696 75 79
102924.97916666696 103072.98483333363 75 71
103072.98483333363 103223.91683333361 75 71
103223.91683333361 103673.15283333363 75 79
123771.08700000038 123997.48500000036 75 59
124221.23200000037 124448.52200000038 75 67
124671.38800000038 124897.78600000039 75 64
16368.327500000007 16592.07450000001 76 80
18438.41950000001 18668.428000000007 76 66
20041.996999999996 20264.005499999996 76 64
20490.4035 20714.150500000003 76 71
21390.704500000007 21616.200500000006 76 67
22069.075 22301.08510416667 76 49
22511.3995 22736.556866666666 76 56
22950.326500000003 23184.219808333335 76 49
23390.0785 23622.926358333334 76 58
23830.7305 24060.206020833335 76 51
24271.323500000002 24502.302733333334 76 59
24712.037500000002 24937.841412499998 76 53
25152.6305 25385.383270833332 76 61
34171.553833333346 34395.30083333335 76 83
42217.03000000002 42432.64000000002 76 74
42654.25500000002 42869.86500000002 76 74
44613.651000000005 44835.266 76 73
45053.416 45271.56599999999 76 74
45484.725 45704.60199999999 76 72
45920.21199999999 46141.82699999999 76 70
49229.33099999998 49446.29799999997 76 69
49667.43899999998 49884.40599999997 76 69
52745.99633333331 52962.963333333304 76 71
53184.97183333331 53627.3758333333 76 71
54221.25649999997 54365.3488333333 76 68
55099.1438333333 55243.23616666663 76 68
55968.381499999974 56114.26716666664 76 68
59680.295999999995 60240.58424999999 76 55
66761.53683333332 67321.82508333333 76 55
73980.0580833333 74427.5520833333 76 67
85657.31816666687 85805.32383333355 76 60
85953.32950000023 86101.3351666669 76 57
87429.96216666694 87577.96783333362 76 60
87725.9735000003 87873.97916666698 76 58
88321.473166667 88471.21850000034 76 60
88620.96383333366 88770.70916666699 76 58
94437.77650000036 94739.03916666703 76 65
94889.07716666702 95188.56783333368 76 67
119875.40900000038 120099.15600000038 76 80
121945.5010000004 122175.5095000004 76 66
123549.0785000004 123771.08700000038 76 64
123997.48500000036 124221.23200000037 76 71
124897.78600000039 125123.28200000037 76 67
125576.15650000036 125805.42337291704 76 49
126018.48100000036 126246.40262916703 76 56
126457.40800000037 126692.21218750038 76 49
126897.16000000038 127127.28553333372 76 58
127337.8120000004 127564.53381458374 76 51
127778.4050000004 128013.90437916706 76 59
128219.11900000037 128454.1019333337 76 53
128659.71200000038 128892.46477083373 76 61
137662.89733333385 137886.64433333385 76 83
145702.87650000042 145918.48650000046 76 74
146140.10150000043 146355.71150000047 76 74
148099.49750000046 148321.11250000045 76 73
148539.26250000042 148757.4125000004 76 74
148970.57150000043 149190.44850000044 76 72
149406.05850000045 149627.67350000044 76 70
152718.17450000043 153156.28250000044 76 69
153156.28250000044 153597.86750000043 76 69
156233.3358333338 156672.31133333378 76 78
156672.31133333378 157114.71533333376 76 78
157708.59600000043 157852.68833333376 76 74
158586.48333333377 158730.5756666671 76 74
79447.80483333343 79595.81050000011 77 57
10099.005000000005 10333.747000000007 78 87
10568.489000000007 11037.973000000007 78 84
18213.936000000012 18438.41950000001 78 72
20264.005499999996 20490.4035 78 66
21846.209000000003 22291.941000000003 78 54
22291.941000000003 22729.1855 78 60
22729.1855 23171.467500000002 78 54
23171.467500000002 23612.9445 78 60
23612.9445 24051.027000000002 78 55
24051.027000000002 24495.0705 78 63
24495.0705 24932.334000000003 78 56
24932.334000000003 25376.3775 78 63
35081.97883333335 35316.72083333335 78 94
35551.462833333346 36020.94683333335 78 94
41997.15300000003 42217.03000000002 78 69
42432.64000000002 42654.25500000002 78 72
43960.816000000006 44176.42600000001 78 77
44398.041000000005 44613.651000000005 78 77
44835.266 45053.416 78 81
45271.56599999999 45484.725 78 79
49884.40599999997 50109.023999999976 78 64
53402.7578333333 53851.993833333305 78 65
54365.3488333333 54508.767166666636 78 69
55243.23616666663 55386.65449999997 78 69
56114.26716666664 56261.69833333331 78 69
73534.32608333332 74203.8050833333 78 67
77518.51216666665 77967.74816666667 78 70
79299.79916666677 79447.80483333343 78 60
79595.81050000011 79743.81616666679 78 57
86693.3578333336 86841.36350000028 78 57
95338.31316666701 95637.80383333366 78 68
95786.38116666698 96082.96416666696 78 69
96230.96983333363 96525.8245000003 78 71
96672.68883333364 96966.4175000003 78 73
97113.28183333363 97407.0105000003 78 73
97556.17516666696 97854.5045000003 78 73
97854.5045000003 98073.11550000029 78 78
98145.98583333362 98337.05323541694 78 73
98291.72650000028 98513.73500000028 78 80
98587.73783333362 98747.76896041694 78 78
98735.74350000029 98957.75200000028 78 84
99031.75483333362 99190.01557083362 78 82
99179.76050000028 99403.5075000003 78 88
99478.08983333364 99634.74176666698 78 85
99627.2545000003 99815.32450000031 78 92
99929.57291666698 100159.66990833366 78 89
100083.86133333365 100233.60666666698 78 79
100233.60666666698 100381.61350000031 78 71
100381.61350000031 100533.7395000003 78 71
100533.7395000003 100762.10113333365 78 79
100982.9755000003 101132.72083333363 78 79
101132.72083333363 101280.14816666696 78 71
101280.14816666696 101431.67483333363 78 71
101431.67483333363 101880.91083333365 78 79
101880.91083333365 102028.33816666697 78 79
102028.33816666697 102175.7655000003 78 71
102175.7655000003 102327.29216666697 78 71
102327.29216666697 102556.09913333361 78 79
102776.97350000028 102924.97916666696 78 79
102924.97916666696 103072.98483333363 78 71
103072.98483333363 103223.91683333361 78 71
103223.91683333361 103673.15283333363 78 79
113609.00316666701 113843.74516666702 78 87
114078.48716666704 114547.97116666702 78 84
121721.0175000004 121945.5010000004 78 72
123771.08700000038 123997.48500000036 78 66
125353.29050000037 125799.02250000036 78 54
125799.02250000036 126236.26700000037 78 60
126236.26700000037 126678.54900000038 78 54
126678.54900000038 127120.02600000038 78 60
127120.02600000038 127558.1085000004 78 55
127558.1085000004 128002.1520000004 78 63
128002.1520000004 128439.41550000037 78 56
128439.41550000037 128883.45900000038 78 63
138573.32233333384 138808.0643333338 78 94
139042.8063333338 139512.2903333338 78 94
145482.99950000044 145702.87650000042 78 69
145918.48650000046 146140.10150000043 78 72
147446.66250000044 147662.27250000046 78 77
147883.88750000045 148099.49750000046 78 77
148321.11250000045 148539.26250000042 78 81
148757.4125000004 148970.57150000043 78 79
153373.24950000044 153822.48550000042 78 64
156890.09733333378 157117.52305833378 78 71
157852.68833333376 157996.1066666671 78 75
158730.5756666671 158873.99400000044 78 75
7882.588666666669 8894.27566666667 79 83
8754.903000000004 9981.634000000005 79 78
9864.263000000004 10099.005000000005 79 76
10333.747000000007 10568.489000000007 79 79
22069.075 22301.08510416667 79 55
22950.326500000003 23184.219808333335 79 55
23830.7305 24060.206020833335 79 57
24712.037500000002 24937.841412499998 79 59
25808.6545 26253.568999999996 79 61
26684.231999999996 27124.884000000002 79 62
27553.915000000005 27987.85750000001 79 63
28422.607000000007 28867.61600000001 79 64
28867.61600000001 29581.675750000006 79 92
29476.04200000001 29616.887000000006 79 86
29616.887000000006 29766.051666666674 79 86
29766.051666666674 30451.50066666667 79 93
30345.11766666667 30486.961666666673 79 86
30486.961666666673 30628.805666666674 79 85
30628.805666666674 31402.570666666677 79 92
31289.822666666678 31515.318666666677 79 82
31736.45966666668 31961.523000000016 79 85
34847.23683333336 35081.97883333335 79 85
35316.72083333335 35551.462833333346 79 89
36020.94683333335 36772.21583333335 79 92
36630.37183333335 37358.60250000001 79 86
36921.380500000014 37641.28783333334 79 93
37499.94516666668 37782.630500000014 79 86
37641.28783333334 38230.12450000001 79 85
37782.630500000014 38671.709500000004 79 92
38447.09150000001 38679.907412500004 79 82
39559.015000000014 40888.690000000024 79 87
41107.30100000002 41331.048000000024 79 81
41331.048000000024 42107.091500000024 79 82
43740.93900000001 43960.816000000006 79 72
44176.42600000001 44398.041000000005 79 74
44613.651000000005 44835.266 79 73
45053.416 45271.56599999999 79 74
50109.023999999976 50558.25999999997 79 69
50701.62933333331 51001.450366666635 79 67
50994.1633333333 51715.0733333333 79 68
51573.2293333333 51856.9173333333 79 67
51715.0733333333 51866.24012499997 79 66
51856.9173333333 52485.21716666664 79 67
52521.378333333305 52745.99633333331 79 74
52745.99633333331 52962.963333333304 79 71
53627.3758333333 54076.6118333333 79 71
54508.767166666636 54954.49916666664 79 70
55386.65449999997 55823.87649999997 79 70
56261.69833333331 56707.43033333332 79 70
73090.3090833333 73608.61475 79 67
86545.35216666693 86693.3578333336 79 60
86841.36350000028 86989.36916666696 79 57
111072.15350000036 111223.08550000036 79 75
111223.08550000036 111374.01750000037 79 75
111374.01750000037 112071.98608333369 79 83
111960.98183333369 112108.98750000035 79 75
112108.98750000035 112256.99316666702 79 75
112256.99316666702 113491.632166667 79 78
113374.261166667 113609.00316666701 79 76
113843.74516666702 114078.48716666704 79 79
125576.15650000036 125805.42337291704 79 55
126457.40800000037 126692.21218750038 79 55
127337.8120000004 127564.53381458374 79 57
128219.11900000037 128454.1019333337 79 59
129315.73600000041 129760.6505000004 79 61
130191.31350000041 130631.9655000004 79 62
131060.99650000042 131494.93900000042 79 63
131929.68850000043 132374.69750000042 79 64
132374.69750000042 133087.89275000044 79 92
132982.62950000042 133122.98050000044 79 86
133122.98050000044 133272.14516666712 79 86
133272.14516666712 133954.1221666671 79 93
133849.22716666711 133989.0871666671 79 86
133989.0871666671 134128.94716666712 79 85
134128.94716666712 135015.46016666712 79 92
134789.9641666671 135230.51416666713 79 82
135230.51416666713 135676.71850000045 79 85
138338.58033333384 138573.32233333384 79 85
138808.0643333338 139042.8063333338 79 89
139512.2903333338 140228.09833333376 79 92
140121.7153333338 140263.55933333377 79 86
140263.55933333377 140412.72400000045 79 86
140412.72400000045 141098.17300000042 79 93
140991.79000000044 141133.63400000043 79 86
141133.63400000043 141275.4780000004 79 85
141275.4780000004 142161.1130000004 79 92
141936.4950000004 142376.1670000004 79 82
143044.8615000004 144374.5365000004 79 87
144593.1475000004 144816.8945000004 79 81
144816.8945000004 145592.93800000043 79 82
147226.78550000043 147446.66250000044 79 72
147662.27250000046 147883.88750000045 79 74
148099.49750000046 148321.11250000045 79 73
148539.26250000042 148757.4125000004 79 74
153597.86750000043 154047.1035000004 79 69
154190.47283333377 154333.8421666671 79 67
154333.8421666671 154483.00683333378 79 67
154483.00683333378 155167.57850000044 79 68
155061.57150000043 155202.91416666712 79 67
155202.91416666712 155344.25683333378 79 66
155344.25683333378 156008.7178333338 79 67
156008.7178333338 156243.28015416715 79 81
156233.3358333338 156672.31133333378 79 78
157114.71533333376 157563.95133333377 79 78
157996.1066666671 158284.90385833377 79 77
158873.99400000044 159127.9940000004 79 77
159353.9940000004 159668.54783333375 79 79
20041.996999999996 20264.005499999996 80 72
38890.32050000001 39224.66775000001 80 85
72646.29208333326 73164.31191666663 80 68
77074.49516666662 77743.13016666665 80 66
123549.0785000004 123771.08700000038 80 72
142376.1670000004 142710.5142500004 80 85
21846.209000000003 22291.941000000003 81 61
22729.1855 23171.467500000002 81 61
23612.9445 24051.027000000002 81 62
24495.0705 24932.334000000003 81 63
25592.516 25814.161912499996 81 56
26028.950999999997 26257.15785833333 81 63
26468.900499999996 26693.306416666666 81 57
26902.018 27133.822145833336 81 66
27339.399500000003 27563.934670833336 81 58
27772.526000000005 27991.459808333344 81 68
28203.996000000006 28429.89403333334 81 61
28641.218000000008 29025.42458750001 81 70
31515.318666666677 31736.45966666668 81 87
31961.523000000016 32182.664000000015 81 87
32182.664000000015 32409.954000000012 81 81
34619.04783333335 34847.23683333336 81 91
35081.97883333335 35316.72083333335 81 94
35551.462833333346 36020.94683333335 81 94
38671.709500000004 39114.93850000001 81 87
39114.93850000001 39250.271241666676 81 87
39334.39700000001 39559.015000000014 81 81
40664.94300000002 40997.99550000003 81 85
43091.48000000002 43309.63000000001 81 81
43527.780000000006 43740.93900000001 81 79
43960.816000000006 44176.42600000001 81 77
44398.041000000005 44613.651000000005 81 77
76632.21316666664 77148.49799999996 81 70
79003.78783333341 79151.79350000009 81 56
82292.60450000015 82451.05089166682 81 66
84138.52350000016 84297.92067916684 81 66
125353.29050000037 125799.02250000036 81 61
126236.26700000037 126678.54900000038 81 61
127120.02600000038 127558.1085000004 81 62
128002.1520000004 128439.41550000037 81 63
129099.59750000041 129323.99711875041 81 56
129536.03250000041 129768.72543125041 81 63
129975.98200000041 130197.66559166706 81 57
130409.09950000039 130640.00983125041 81 66
130846.4810000004 131070.10529166709 81 58
131279.60750000042 131501.24303958376 81 68
131711.07750000042 131936.97553333375 81 61
132148.29950000043 132380.5422625004 81 70
135015.46016666712 135268.39583333378 81 87
135455.57750000045 135904.00850000046 81 87
135676.71850000045 135907.82704166713 81 81
138110.39133333386 138338.58033333384 81 91
138573.32233333384 138808.0643333338 81 94
139042.8063333338 139512.2903333338 81 94
142161.1130000004 142600.7850000004 81 87
142600.7850000004 142820.24350000036 81 87
142820.24350000036 143044.8615000004 81 81
144150.7895000004 144483.8420000004 81 85
146577.32650000046 146795.47650000043 81 81
147013.62650000042 147226.78550000043 81 79
147446.66250000044 147662.27250000046 81 77
147883.88750000045 148099.49750000046 81 77
76193.29616666661 76705.9268333333 82 70
78855.78216666673 79003.78783333341 82 60
79151.79350000009 79299.79916666677 82 56
82139.86283333348 82445.34616666683 82 71
82445.34616666683 82749.59816666682 82 71
82749.59816666682 82921.12658333349 82 67
82901.72416666683 83212.1628333335 82 71
83212.1628333335 83379.02361666683 82 67
83985.78183333349 84291.26516666684 82 71
84291.26516666684 84595.51716666683 82 71
84595.51716666683 84761.2248583335 82 67
84747.64316666684 85058.0818333335 82 71
85058.0818333335 85214.2262020835 82 67
86249.34083333358 86397.34650000025 82 56
89538.15750000032 89700.40704166699 82 66
91384.07650000033 91542.522891667 82 66
25376.3775 25808.6545 83 62
25808.6545 26253.568999999996 83 68
26253.568999999996 26684.231999999996 83 63
26684.231999999996 27124.884000000002 83 69
27124.884000000002 27553.915000000005 83 64
27553.915000000005 27987.85750000001 83 71
27987.85750000001 28422.607000000007 83 65
28422.607000000007 28867.61600000001 83 72
31289.822666666678 31515.318666666677 83 82
31736.45966666668 31961.523000000016 83 85
32409.954000000012 33114.65775000001 83 101
33009.02400000001 33149.86900000001 83 94
33149.86900000001 33298.44633333335 83 94
33298.44633333335 33946.93583333335 83 102
33876.51333333335 34021.808500000014 83 94
34021.808500000014 34171.553833333346 83 93
34395.30083333335 34619.04783333335 83 86
34847.23683333336 35081.97883333335 83 85
35316.72083333335 35551.462833333346 83 89
38447.09150000001 38679.907412500004 83 82
38890.32050000001 39224.66775000001 83 85
40445.48450000002 40888.690000000024 83 87
40888.690000000024 41055.380887500025 83 87
41107.30100000002 41331.048000000024 83 81
42869.86500000002 43091.48000000002 83 76
43309.63000000001 43527.780000000006 83 74
43740.93900000001 43960.816000000006 83 72
44176.42600000001 44398.041000000005 83 74
50701.62933333331 51001.450366666635 83 74
50994.1633333333 51715.0733333333 83 77
51573.2293333333 51866.24012499997 83 74
51856.9173333333 52485.21716666664 83 75
53627.3758333333 54076.6118333333 83 71
86101.3351666669 86249.34083333358 83 60
86397.34650000025 86545.35216666693 83 56
89385.41583333365 89690.89916666699 83 71
89690.89916666699 89995.15116666698 83 71
89995.15116666698 90159.88873750031 83 67
90147.27716666699 90457.71583333366 83 71
90457.71583333366 90620.69613333365 83 67
91231.33483333366 91536.818166667 83 71
91536.818166667 91841.070166667 83 71
91841.070166667 92007.747979167 83 67
91993.19616666701 92303.63483333368 83 71
92303.63483333368 92467.48014166701 83 67
100083.86133333365 100233.60666666698 83 94
100233.60666666698 100381.61350000031 83 84
100381.61350000031 100533.7395000003 83 84
100533.7395000003 100762.10113333365 83 94
100982.9755000003 101132.72083333363 83 94
101132.72083333363 101280.14816666696 83 84
101280.14816666696 101431.67483333363 83 84
101431.67483333363 101880.91083333365 83 94
101880.91083333365 102028.33816666697 83 94
102028.33816666697 102175.7655000003 83 84
102175.7655000003 102327.29216666697 83 84
102327.29216666697 102556.09913333361 83 94
102776.97350000028 102924.97916666696 83 94
102924.97916666696 103072.98483333363 83 84
103072.98483333363 103223.91683333361 83 84
103223.91683333361 103673.15283333363 83 94
128883.45900000038 129315.73600000041 83 62
129315.73600000041 129760.6505000004 83 68
129760.6505000004 130191.31350000041 83 63
130191.31350000041 130631.9655000004 83 69
130631.9655000004 131060.99650000042 83 64
131060.99650000042 131494.93900000042 83 71
131494.93900000042 131929.68850000043 83 65
131929.68850000043 132374.69750000042 83 72
134789.9641666671 135230.51416666713 83 82
135230.51416666713 135676.71850000045 83 85
135904.00850000046 136606.98850000044 83 101
136502.09350000045 136641.95350000047 83 94
136641.95350000047 136790.53083333382 83 94
136790.53083333382 137438.2793333338 83 102
137368.1038333338 137513.1520000005 83 94
137513.1520000005 137662.89733333385 83 93
137886.64433333385 138110.39133333386 83 86
138338.58033333384 138573.32233333384 83 85
138808.0643333338 139042.8063333338 83 89
141936.4950000004 142376.1670000004 83 82
142376.1670000004 142710.5142500004 83 85
143931.33100000038 144374.5365000004 83 87
144374.5365000004 144593.1475000004 83 87
144593.1475000004 144816.8945000004 83 81
146355.71150000047 146577.32650000046 83 76
146795.47650000043 147013.62650000042 83 74
147226.78550000043 147446.66250000044 83 72
147662.27250000046 147883.88750000045 83 74
154190.47283333377 154333.8421666671 83 74
154333.8421666671 154483.00683333378 83 74
154483.00683333378 155167.57850000044 83 77
155061.57150000043 155202.91416666712 83 74
155202.91416666712 155344.25683333378 83 74
155344.25683333378 156008.7178333338 83 75
157114.71533333376 157563.95133333377 83 78
25592.516 25814.161912499996 84 63
26468.900499999996 26693.306416666666 84 64
27339.399500000003 27563.934670833336 84 65
28203.996000000006 28429.89403333334 84 68
31515.318666666677 31736.45966666668 84 87
31961.523000000016 32182.664000000015 84 87
34171.553833333346 34395.30083333335 84 93
34619.04783333335 34847.23683333336 84 91
38671.709500000004 39114.93850000001 84 87
39114.93850000001 39250.271241666676 84 87
40223.47600000002 40466.515939583354 84 82
40664.94300000002 40997.99550000003 84 85
41331.048000000024 42107.091500000024 84 87
41997.15300000003 42217.03000000002 84 69
42217.03000000002 42432.64000000002 84 82
42654.25500000002 42869.86500000002 84 82
43091.48000000002 43309.63000000001 84 81
43527.780000000006 43740.93900000001 84 79
53184.97183333331 53627.3758333333 84 78
53402.7578333333 53851.993833333305 84 65
92458.854166667 92688.880166667 84 60
92765.55550000034 92925.561679167 84 56
92918.906166667 93147.095166667 84 62
93223.15816666701 93381.939679167 84 58
129099.59750000041 129323.99711875041 84 63
129975.98200000041 130197.66559166706 84 64
130846.4810000004 131070.10529166709 84 65
131711.07750000042 131936.97553333375 84 68
135015.46016666712 135268.39583333378 84 87
135455.57750000045 135904.00850000046 84 87
137662.89733333385 137886.64433333385 84 93
138110.39133333386 138338.58033333384 84 91
142161.1130000004 142600.7850000004 84 87
142600.7850000004 142820.24350000036 84 87
143709.32250000042 144150.7895000004 84 82
144150.7895000004 144483.8420000004 84 85
144816.8945000004 145592.93800000043 84 87
145482.99950000044 145702.87650000042 84 69
145702.87650000042 145918.48650000046 84 82
146140.10150000043 146355.71150000047 84 82
146577.32650000046 146795.47650000043 84 81
147013.62650000042 147226.78550000043 84 79
156672.31133333378 157114.71533333376 84 85
156890.09733333378 157117.52305833378 84 71
52745.99633333331 52962.963333333304 85 78
156233.3358333338 156672.31133333378 85 85
10099.005000000005 10333.747000000007 86 97
10333.747000000007 10568.489000000007 86 88
10568.489000000007 11037.973000000007 86 94
25376.3775 25808.6545 86 69
26253.568999999996 26684.231999999996 86 71
27124.884000000002 27553.915000000005 86 72
27987.85750000001 28422.607000000007 86 73
32409.954000000012 33114.65775000001 86 101
33009.02400000001 33149.86900000001 86 94
33149.86900000001 33298.44633333335 86 94
33298.44633333335 33946.93583333335 86 102
33876.51333333335 34021.808500000014 86 94
34021.808500000014 34171.553833333346 86 93
34395.30083333335 34619.04783333335 86 86
39559.015000000014 40445.48450000002 86 96
40888.690000000024 41055.380887500025 86 87
42432.64000000002 42654.25500000002 86 80
42869.86500000002 43091.48000000002 86 76
43309.63000000001 43527.780000000006 86 74
52521.378333333305 52745.99633333331 86 74
52962.963333333304 53184.97183333331 86 77
53402.7578333333 53851.993833333305 86 73
53627.3758333333 54076.6118333333 86 71
54076.6118333333 54221.25649999997 86 76
54954.49916666664 55099.1438333333 86 76
55823.87649999997 55968.381499999974 86 76
93375.284166667 93603.47316666701 86 64
93679.53616666702 93837.72251250035 86 62
93831.06700000034 94059.25600000036 86 67
94135.16916666702 94293.32512500037 86 63
103673.15283333363 103970.5995000003 86 94
103822.02216666697 104346.74416666698 86 84
104122.12616666697 104571.362166667 86 94
104571.362166667 104868.51683333365 86 94
104719.93950000031 105245.26083333364 86 84
105020.64283333364 105469.87883333366 86 94
113609.00316666701 113843.74516666702 86 97
113843.74516666702 114078.48716666704 86 88
114078.48716666704 114547.97116666702 86 94
128883.45900000038 129315.73600000041 86 69
129760.6505000004 130191.31350000041 86 71
130631.9655000004 131060.99650000042 86 72
131494.93900000042 131929.68850000043 86 73
135904.00850000046 136606.98850000044 86 101
136502.09350000045 136641.95350000047 86 94
136641.95350000047 136790.53083333382 86 94
136790.53083333382 137438.2793333338 86 102
137368.1038333338 137513.1520000005 86 94
137513.1520000005 137662.89733333385 86 93
137886.64433333385 138110.39133333386 86 86
143044.8615000004 143931.33100000038 86 96
144374.5365000004 144593.1475000004 86 87
145918.48650000046 146140.10150000043 86 80
146355.71150000047 146577.32650000046 86 76
146795.47650000043 147013.62650000042 86 74
156008.7178333338 156243.28015416715 86 81
156450.30283333382 156679.5708666671 86 84
156890.09733333378 157117.52305833378 86 80
157114.71533333376 157563.95133333377 86 78
157563.95133333377 157708.59600000043 86 83
158441.8386666671 158586.48333333377 86 83
34171.553833333346 34395.30083333335 88 93
42217.03000000002 42432.64000000002 88 82
42654.25500000002 42869.86500000002 88 82
52745.99633333331 52962.963333333304 88 78
53184.97183333331 53627.3758333333 88 78
54221.25649999997 54365.3488333333 88 76
55099.1438333333 55243.23616666663 88 76
55968.381499999974 56114.26716666664 88 76
94286.6958333337 94513.24250000036 88 69
94588.70850000037 94744.67656666703 88 67
94739.03916666703 94963.94983333368 88 71
95038.82250000034 95194.18328333367 88 66
137662.89733333385 137886.64433333385 88 93
145702.87650000042 145918.48650000046 88 82
146140.10150000043 146355.71150000047 88 82
156233.3358333338 156672.31133333378 88 85
156672.31133333378 157114.71533333376 88 85
157708.59600000043 157852.68833333376 88 83
158586.48333333377 158730.5756666671 88 83
41997.15300000003 42217.03000000002 90 77
42432.64000000002 42654.25500000002 90 80
53402.7578333333 53851.993833333305 90 73
54365.3488333333 54508.767166666636 90 77
55243.23616666663 55386.65449999997 90 77
56114.26716666664 56261.69833333331 90 77
95188.56783333368 95413.18583333367 90 72
95488.05850000033 95648.01852500033 90 68
95637.80383333366 95860.66983333364 90 76
95934.9585000003 96089.43941458364 90 72
96082.96416666696 96304.68350000029 90 78
96378.39716666695 96597.4208625003 90 73
96525.8245000003 96746.1210000003 90 80
96819.55316666697 96974.6786187503 90 76
96966.4175000003 97186.7140000003 90 80
97260.14616666695 97413.53645416696 90 76
97407.0105000003 97630.7575000003 90 80
97705.33983333364 97863.61329166696 90 76
145482.99950000044 145702.87650000042 90 77
145918.48650000046 146140.10150000043 90 80
156890.09733333378 157117.52305833378 90 80
157852.68833333376 157996.1066666671 90 84
158730.5756666671 158873.99400000044 90 84
41331.048000000024 42107.091500000024 91 96
53627.3758333333 54076.6118333333 91 78
54508.767166666636 54954.49916666664 91 78
55386.65449999997 55823.87649999997 91 78
56261.69833333331 56707.43033333332 91 78
144816.8945000004 145592.93800000043 91 96
157114.71533333376 157563.95133333377 91 85
157996.1066666671 158284.90385833377 91 85
158873.99400000044 159127.9940000004 91 85
