71685.58050000003 73264.52800000002 29 32
73264.52800000002 74666.39700000003 29 23
74666.39700000003 76068.26600000003 29 23
76068.26600000003 80090.99337500003 29 23
138782.5436250001 143414.03800000012 29 29
143326.53800000012 146778.34525000013 29 31
235774.34750000006 238633.32178750006 29 21
217122.784 218653.39600000004 31 32
218653.39600000004 220184.00800000006 31 21
220184.00800000006 221928.19400000008 31 21
240430.21800000005 243644.65700000006 31 21
221928.19400000008 226543.5785000001 32 21
228082.0400000001 229620.50150000007 33 18
229620.50150000007 231158.96300000005 33 17
231158.96300000005 235774.34750000006 33 17
62911.71750000002 65757.00900000002 34 38
129925.40062500013 132853.97212500012 34 38
216364.72487500004 217122.784 35 31
45056.87312500001 46556.87312500002 36 44
46556.87312500002 47952.22212500002 36 44
47952.22212500002 49531.16962500002 36 44
49531.16962500002 55531.16962500002 36 31
67257.00900000002 70104.33050000003 36 35
104458.4357500001 105870.39600000011 36 26
134353.97212500012 137201.29362500008 36 35
40556.873125000006 45163.12312500001 37 42
36050.427125 40625.623125000006 38 38
55531.16962500002 56876.46112500002 38 28
56876.46112500002 58411.71750000002 38 35
58411.71750000002 62911.71750000002 38 24
215995.26675000004 216734.18300000002 38 30
216734.18300000002 217231.20235 38 28
28621.855625 30050.427125 39 26
30050.427125 31550.427125 39 23
31550.427125 34625.427125 39 20
167699.91700000004 169270.59750000006 39 26
169270.59750000006 170841.27800000008 39 23
170841.27800000008 173836.9585000001 39 23
10583.33325 12011.90475 40 26
12011.90475 13511.90475 40 21
13511.90475 16586.904749999998 40 20
18011.904749999998 27215.605625 40 31
82477.35725000004 83159.17550000004 40 39
88633.30750000004 91303.76231250007 40 40
96884.8105000001 98900.6210000001 40 41
103094.79925000011 104807.2730000001 40 50
147892.16912500013 149392.1691250001 40 41
149392.1691250001 150915.0116250001 40 26
150915.0116250001 152437.8541250001 40 21
152437.8541250001 156992.95447500006 40 20
157073.59962500006 161685.25500000006 40 27
161604.00500000006 166233.94853333337 40 31
71685.58050000003 73264.52800000002 41 38
73264.52800000002 74666.39700000003 41 27
74666.39700000003 76068.26600000003 41 27
76068.26600000003 80090.99337500003 41 27
80431.90250000004 83102.35731250004 41 41
83159.17550000004 83840.99375000005 41 42
88292.39837500005 89315.12575000005 41 35
105156.11025000011 107859.03256250013 41 29
138782.5436250001 143414.03800000012 41 35
143326.53800000012 147138.92212500013 41 38
235774.34750000006 238633.32178750006 41 25
93421.89150000007 94103.70975000008 42 51
98900.6210000001 99582.43925000011 42 42
83840.99375000005 84522.81200000006 43 45
87951.48925000006 88633.30750000004 43 40
94103.70975000008 94785.52800000008 43 55
96149.1645000001 96884.8105000001 43 50
97536.98450000011 99525.62106250011 43 40
99582.43925000011 100264.25750000011 43 46
196223.42825000003 199629.33362500006 43 82
208547.3393750001 209232.2708750001 43 55
209928.5102500001 210613.44175000011 43 53
211314.7591250001 212009.20362500008 43 51
212720.50350000005 213431.40400000004 43 45
214158.14137500004 214882.77912500003 43 42
215625.80862500003 216364.72487500004 43 37
218653.39600000004 220184.00800000006 43 25
220184.00800000006 221928.19400000008 43 25
240430.21800000005 243644.65700000006 43 25
84522.81200000006 86587.85275000005 44 48
109915.85100000014 110582.51775000014 44 41
192127.71062500007 195544.34762500005 44 70
200308.06662500006 203712.24675000008 44 92
204385.10900000008 204778.94461250008 44 90
205774.8251250001 206459.7566250001 44 71
207162.7992500001 207847.7307500001 44 57
221928.19400000008 226543.5785000001 44 25
85254.51925000006 87951.48925000006 45 50
94785.52800000008 95467.34625000009 45 51
100264.25750000011 100961.9320000001 45 49
110582.51775000014 111249.18450000015 45 50
113249.18475000017 114777.59399375017 45 56
146778.34525000013 147499.49900000013 45 39
147499.49900000013 147967.1691250001 45 38
228082.0400000001 229620.50150000007 45 22
229620.50150000007 231158.96300000005 45 21
231158.96300000005 235774.34750000006 45 20
62911.71750000002 65757.00900000002 46 45
86587.85275000005 88292.39837500005 46 50
95467.34625000009 96149.1645000001 46 57
100961.9320000001 103094.79925000011 46 52
101731.1627500001 104458.4357500001 46 55
112582.51800000016 113249.18475000017 46 51
129925.40062500013 132853.97212500012 46 45
28621.855625 30050.427125 47 26
30050.427125 31550.427125 47 23
31550.427125 34625.427125 47 20
111249.18450000015 111915.85125000015 47 51
167699.91700000004 169270.59750000006 47 26
169270.59750000006 170841.27800000008 47 23
170841.27800000008 173836.9585000001 47 23
188023.17537500005 191445.89237500008 47 62
211661.9813750001 212356.42587500007 47 42
212356.42587500007 212809.36606250005 47 40
213075.95375000004 213786.85425000003 47 37
213786.85425000003 214520.46025000003 47 35
214520.46025000003 215233.0207041667 47 33
215245.09800000003 215995.26675000004 47 32
216734.18300000002 217231.20235 47 32
218653.39600000004 220184.00800000006 47 25
220184.00800000006 221928.19400000008 47 23
221928.19400000008 226543.5785000001 47 23
241968.67950000006 243697.1780104167 47 21
1500.0 4541.666625 48 41
45056.87312500001 46556.87312500002 48 52
46556.87312500002 47952.22212500002 48 52
47952.22212500002 49531.16962500002 48 52
49531.16962500002 55531.16962500002 48 36
67257.00900000002 70104.33050000003 48 42
79068.26600000003 80431.90250000004 48 53
80431.90250000004 83102.35731250004 48 49
82477.35725000004 83159.17550000004 48 48
83159.17550000004 83840.99375000005 48 50
83840.99375000005 84522.81200000006 48 53
84522.81200000006 86587.85275000005 48 58
85254.51925000006 87951.48925000006 48 60
86587.85275000005 88292.39837500005 48 61
87951.48925000006 91303.76231250007 48 40
95467.34625000009 96819.02102083343 48 57
96687.4420625001 97536.98450000011 48 53
97536.98450000011 99525.62106250011 48 46
98900.6210000001 99582.43925000011 48 52
99582.43925000011 100264.25750000011 48 55
100264.25750000011 100961.9320000001 48 58
100961.9320000001 104458.4357500001 48 63
103094.79925000011 104807.2730000001 48 50
104458.4357500001 105870.39600000011 48 26
105156.11025000011 107859.03256250013 48 38
111915.85125000015 112582.51800000016 48 56
118644.44225000015 120462.62425000015 48 46
127068.25762500013 128580.16246250011 48 46
134353.97212500012 137201.29362500008 48 42
140282.5436250001 143326.53800000012 48 41
147138.92212500013 147892.16912500013 48 44
183895.23987500006 187338.24387500004 48 56
228082.0400000001 229620.50150000007 48 24
229620.50150000007 231158.96300000005 48 22
231158.96300000005 235774.34750000006 48 21
40556.873125000006 45163.12312500001 49 50
179746.93100000007 183205.58100000006 49 52
36050.427125 40625.623125000006 50 45
55531.16962500002 56876.46112500002 50 34
56876.46112500002 58411.71750000002 50 42
58411.71750000002 62911.71750000002 50 29
128496.82912500012 131038.49591875012 50 45
172411.9585000001 173911.9585000001 50 45
173911.9585000001 175542.3935000001 50 49
175542.3935000001 179055.68675000005 50 30
210270.9760000001 210955.90750000012 50 45
210955.90750000012 211661.9813750001 50 44
212009.20362500008 212720.50350000005 50 44
213431.40400000004 214158.14137500004 50 39
214882.77912500003 215245.09800000003 50 36
215245.09800000003 215995.26675000004 50 38
218653.39600000004 220184.00800000006 50 25
220184.00800000006 221928.19400000008 50 23
221928.19400000008 226543.5785000001 50 23
237312.80900000004 239528.90213541672 50 20
241968.67950000006 243697.1780104167 50 25
28621.855625 30050.427125 51 31
30050.427125 31550.427125 51 27
31550.427125 34625.427125 51 24
166129.23650000006 167699.91700000004 51 46
167699.91700000004 169270.59750000006 51 31
169270.59750000006 170841.27800000008 51 27
170841.27800000008 173836.9585000001 51 27
10583.33325 12011.90475 52 31
12011.90475 13511.90475 52 25
13511.90475 16586.904749999998 52 24
18011.904749999998 27215.605625 52 38
104458.4357500001 105870.39600000011 52 37
117280.80575000016 119621.71507500016 52 46
125639.68612500012 127532.54336250013 52 46
149392.1691250001 150915.0116250001 52 31
150915.0116250001 152437.8541250001 52 25
152437.8541250001 156992.95447500006 52 23
157073.59962500006 161685.25500000006 52 34
161604.00500000006 165736.56637500005 52 38
165736.56637500005 166233.94853333337 52 38
228082.0400000001 229620.50150000007 52 28
229620.50150000007 231158.96300000005 52 26
231158.96300000005 235774.34750000006 52 25
105156.11025000011 106495.39606250012 53 44
120121.71512500015 122880.70062500013 53 45
128496.82912500012 131038.49591875012 53 53
172411.9585000001 173911.9585000001 53 55
173911.9585000001 175542.3935000001 53 60
175542.3935000001 178720.86537500008 53 37
178720.86537500008 179401.30887500008 53 40
179401.30887500008 179821.81579375005 53 41
182870.75962500006 183551.20312500006 53 46
183551.20312500006 183992.7169541667 53 46
187006.38550000006 187680.70962500005 53 51
187680.70962500005 188103.08405000006 53 50
191116.94500000007 191786.8015000001 53 58
191786.8015000001 192195.8924500001 53 56
195212.48925000007 195876.20600000006 53 68
195876.20600000006 196325.23820000002 53 68
199298.93712500003 199968.70012500006 53 76
199968.70012500006 200370.28381666672 53 76
203381.85025000008 204042.64325000008 53 75
204042.64325000008 204453.60215000008 53 74
204727.5747500001 205412.5062500001 53 72
205412.5062500001 206117.2908750001 53 64
206117.2908750001 206802.2223750001 53 52
206802.2223750001 207505.2650000001 53 51
207505.2650000001 208190.1965000001 53 49
208190.1965000001 208615.8325250001 53 48
208889.8051250001 209574.7366250001 53 47
209574.7366250001 210270.9760000001 53 46
210613.44175000011 211314.7591250001 53 48
213786.85425000003 214520.46025000003 53 42
218653.39600000004 220184.00800000006 53 30
220184.00800000006 221928.19400000008 53 28
221928.19400000008 226543.5785000001 53 28
237312.80900000004 239528.90213541672 53 25
90678.76225000006 91360.58050000007 54 35
68685.58050000003 71685.58050000003 55 34
82477.35725000004 83159.17550000004 55 58
88633.30750000004 89940.12581250006 55 45
91360.58050000007 92058.25500000006 55 38
103094.79925000011 104807.2730000001 55 61
118644.44225000015 120462.62425000015 55 55
127068.25762500013 128580.16246250011 55 55
135782.5436250001 138782.5436250001 55 38
153960.69662500007 155460.69662500004 55 58
155460.69662500004 157073.59962500006 55 63
157073.59962500006 161685.25500000006 55 46
165359.68200000006 166129.23650000006 55 42
241968.67950000006 243697.1780104167 55 30
10583.33325 12011.90475 56 36
12011.90475 13511.90475 56 25
13511.90475 16586.904749999998 56 24
107234.03250000013 107915.85075000013 56 35
149392.1691250001 150915.0116250001 56 36
150915.0116250001 152437.8541250001 56 25
152437.8541250001 153960.69662500007 56 24
179055.68675000005 179746.93100000007 56 45
183205.58100000006 183895.23987500006 56 50
187338.24387500004 188023.17537500005 56 55
191445.89237500008 192127.71062500007 56 62
3041.666625 4654.166624999999 57 47
6041.666625 9083.33325 57 40
73264.52800000002 74666.39700000003 57 27
74666.39700000003 76068.26600000003 57 27
76068.26600000003 80090.99337500003 57 27
80431.90250000004 83102.35731250004 57 61
83159.17550000004 83840.99375000005 57 61
88292.39837500005 89315.12575000005 57 43
92058.25500000006 92740.07325000006 57 40
98900.6210000001 99582.43925000011 57 63
105156.11025000011 106495.39606250012 57 44
107915.85075000013 108582.51750000013 57 38
114612.82125000017 116025.37080000016 57 45
120121.71512500015 122880.70062500013 57 53
122880.70062500013 124349.91326875013 57 45
141826.53800000012 143414.03800000012 57 47
144826.53800000015 146778.34525000013 57 40
237312.80900000004 239528.90213541672 57 30
64257.00900000003 65844.50900000003 58 36
68685.58050000003 71685.58050000003 58 34
83840.99375000005 84522.81200000006 58 64
87951.48925000006 88633.30750000004 58 48
92740.07325000006 93421.89150000007 58 51
96884.8105000001 99525.62106250011 58 69
99582.43925000011 100264.25750000011 58 66
104807.2730000001 105870.39600000011 58 50
115976.45775000016 118644.44225000015 58 51
124276.04962500013 127068.25762500013 58 51
131353.97212500012 133272.72212500012 58 40
135782.5436250001 138782.5436250001 58 38
12011.90475 13511.90475 59 30
13511.90475 16586.904749999998 59 28
19511.904749999998 22542.310125 59 41
28621.855625 30050.427125 59 36
30050.427125 31550.427125 59 27
31550.427125 34625.427125 59 24
84522.81200000006 86587.85275000005 59 68
108582.51750000013 109249.18425000014 59 40
149392.1691250001 150915.0116250001 59 36
150915.0116250001 152437.8541250001 59 30
152437.8541250001 153960.69662500007 59 28
158573.59962500006 161604.00500000006 59 41
167699.91700000004 169270.59750000006 59 36
169270.59750000006 170841.27800000008 59 27
170841.27800000008 172411.9585000001 59 27
195544.34762500005 196223.42825000003 59 73
199629.33362500006 200308.06662500006 59 80
203712.24675000008 204385.10900000008 59 82
205070.0405000001 205774.8251250001 59 81
206459.7566250001 207162.7992500001 59 54
207847.7307500001 208547.3393750001 59 52
209232.2708750001 209928.5102500001 59 50
212356.42587500007 212809.36606250005 59 47
217122.784 218653.39600000004 59 40
73264.52800000002 74666.39700000003 60 27
74666.39700000003 76068.26600000003 60 27
76068.26600000003 80090.99337500003 60 27
85254.51925000006 87951.48925000006 60 73
90678.76225000006 91360.58050000007 60 29
91360.58050000007 92058.25500000006 60 32
92058.25500000006 92740.07325000006 60 34
92740.07325000006 93421.89150000007 60 51
100264.25750000011 100961.9320000001 60 68
103094.79925000011 104807.2730000001 60 74
109249.18425000014 109915.85100000014 60 47
114612.82125000017 116025.37080000016 60 54
115976.45775000016 119621.71507500016 60 60
122880.70062500013 124349.91326875013 60 54
124276.04962500013 127532.54336250013 60 60
24042.310125 27121.855625 61 40
100961.9320000001 103094.79925000011 61 71
163104.00500000006 165000.83037500005 61 40
64257.00900000003 65844.50900000003 62 36
86587.85275000005 88292.39837500005 62 71
101731.1627500001 104458.4357500001 62 69
104458.4357500001 105156.11025000011 62 55
131353.97212500012 133272.72212500012 62 40
210955.90750000012 211661.9813750001 62 52
215625.80862500003 216364.72487500004 62 42
7583.333249999999 9145.83325 63 46
146403.34525000013 147967.1691250001 63 50
10583.33325 12011.90475 64 36
12011.90475 13511.90475 64 30
13511.90475 16586.904749999998 64 28
49531.16962500002 55531.16962500002 64 32
68685.58050000003 71685.58050000003 64 40
118644.44225000015 120462.62425000015 64 53
127068.25762500013 128580.16246250011 64 49
135782.5436250001 138782.5436250001 64 45
147892.16912500013 149392.1691250001 64 47
149392.1691250001 150915.0116250001 64 36
150915.0116250001 152437.8541250001 64 30
152437.8541250001 153960.69662500007 64 28
37550.427125 39056.873125000006 65 46
38649.264375 40556.873125000006 65 54
55531.16962500002 56876.46112500002 65 35
58411.71750000002 62911.71750000002 65 30
73264.52800000002 74666.39700000003 65 33
76068.26600000003 80090.99337500003 65 33
113249.18475000017 116025.37080000016 65 68
120121.71512500015 122880.70062500013 65 43
121485.35162500014 124349.91326875013 65 52
128496.82912500012 131038.49591875012 65 49
176977.80000000008 178375.24325000006 65 46
178014.6663750001 178720.86537500008 65 48
209574.7366250001 210270.9760000001 65 63
214158.14137500004 214882.77912500003 65 48
28621.855625 30050.427125 66 32
30050.427125 31550.427125 66 32
31550.427125 34625.427125 66 28
89315.12575000005 89996.94400000006 66 48
167699.91700000004 169270.59750000006 66 32
169270.59750000006 170841.27800000008 66 32
170841.27800000008 172411.9585000001 66 32
21042.310125 22654.810125 67 47
64257.00900000003 65844.50900000003 67 43
89996.94400000006 90678.76225000006 67 48
115976.45775000016 119621.71507500016 67 58
124276.04962500013 127532.54336250013 67 58
131353.97212500012 133272.72212500012 67 48
160104.00500000006 161685.25500000006 67 47
105870.39600000011 106552.21425000012 68 48
120462.62425000015 121144.44250000014 68 51
55531.16962500002 56876.46112500002 69 42
56876.46112500002 58411.71750000002 69 40
58411.71750000002 62911.71750000002 69 36
74666.39700000003 76068.26600000003 69 33
90678.76225000006 91360.58050000007 69 49
106552.21425000012 107234.03250000013 69 48
120121.71512500015 120803.53337500014 69 52
120803.53337500014 121485.35162500014 69 51
128496.82912500012 131038.49591875012 69 58
25621.855625 27215.605625 70 46
49531.16962500002 55531.16962500002 70 39
91360.58050000007 92058.25500000006 70 53
118644.44225000015 119667.16962500016 70 63
119667.16962500016 119894.44237500016 70 59
119894.44237500016 120121.71512500015 70 56
127068.25762500013 128496.82912500012 70 58
128139.68625000013 128580.16246250011 70 49
164625.83037500005 166233.94853333337 70 46
28621.855625 30050.427125 71 36
30050.427125 31550.427125 71 32
31550.427125 34625.427125 71 28
39056.873125000006 40625.623125000006 71 60
42056.87312500001 45056.87312500001 71 60
107234.03250000013 107915.85075000013 71 49
166129.23650000006 167699.91700000004 71 47
167699.91700000004 169270.59750000006 71 36
169270.59750000006 170841.27800000008 71 32
170841.27800000008 172411.9585000001 71 32
178375.24325000006 182166.28587500006 71 54
181129.41950000008 182525.13750000007 71 50
182166.28587500006 182870.75962500006 71 54
208190.1965000001 208615.8325250001 71 64
212720.50350000005 213431.40400000004 71 55
107915.85075000013 108582.51750000013 72 49
111915.85125000015 114612.82125000017 72 61
121144.44250000014 122880.70062500013 72 47
206802.2223750001 207505.2650000001 74 74
211314.7591250001 212009.20362500008 74 60
235774.34750000006 238633.32178750006 74 40
238851.27050000004 241968.67950000006 74 40
46556.87312500002 49452.22225000002 76 65
115976.45775000016 118644.44225000015 76 69
124276.04962500013 127068.25762500013 76 69
226543.5785000001 229543.57842500007 76 40
234235.88600000006 236434.60389375006 76 40
43556.87312500001 47882.45467500002 77 70
56876.46112500002 58411.71750000002 77 48
114612.82125000017 115976.45775000016 77 68
115635.54862500017 116025.37080000016 77 59
122880.70062500013 124276.04962500013 77 62
123927.21237500012 124349.91326875013 77 54
182525.13750000007 186303.49712500005 77 58
185271.38687500008 186662.34875000006 77 51
186303.49712500005 187006.38550000006 77 53
189393.03837500006 191116.94500000007 77 61
193491.3471250001 195212.48925000007 77 70
197580.89425000004 198959.57062500002 77 73
198598.99375000002 199298.93712500003 77 66
201665.53262500005 203042.48375000007 77 72
202683.63212500006 203381.85025000008 77 74
205412.5062500001 206117.2908750001 77 79
209928.5102500001 210613.44175000011 77 72
225005.11700000006 227146.1425875001 77 40
92058.25500000006 92740.07325000006 78 54
47952.22212500002 51618.66962500002 79 68
92740.07325000006 93421.89150000007 79 55
117280.80575000016 119621.71507500016 79 66
125639.68612500012 127532.54336250013 79 60
240430.21800000005 243644.65700000006 79 40
108582.51750000013 109249.18425000014 80 54
186662.34875000006 190420.43562500007 80 66
93421.89150000007 94103.70975000008 81 56
109249.18425000014 109915.85100000014 81 55
94103.70975000008 94785.52800000008 82 57
109915.85100000014 110582.51775000014 83 56
208547.3393750001 209232.2708750001 83 75
110582.51775000014 111249.18450000015 84 57
190777.57850000006 194514.07450000008 86 75
207162.7992500001 207847.7307500001 86 89
194874.65137500007 198598.99375000002 89 82
198959.57062500002 202683.63212500006 89 88
203042.48375000007 205774.8251250001 89 90
205774.8251250001 206459.7566250001 89 93
